Car -1 -1 -4.5213 428.2082 181.6927 476.9813 213.4680 1.4876 1.6925 4.0902 -8.0393 1.9657 36.9898 -4.7342 2.0563
Car -1 -1 -4.6499 495.0278 178.8264 517.4586 198.3266 1.5331 1.6111 3.7628 -8.6027 2.0443 59.8559 -4.7924 0.1760
Cyclist -1 -1 -7.8604 1051.4834 164.1208 1075.1808 252.7084 1.6337 0.3594 1.5995 8.7824 1.4723 14.0840 -7.3128 -1.0793
Car -1 -1 -5.9496 625.8751 176.5159 688.2393 200.0831 1.5182 1.6065 3.8647 3.1258 1.7713 48.4331 -5.8860 -1.5260
Car -1 -1 -4.5824 51.4998 194.8982 95.4302 223.7938 1.5296 1.6267 3.8670 -32.2911 2.9209 43.4629 -5.2187 -1.5685
Car -1 -1 -4.7267 144.4504 191.5906 171.9600 216.1484 1.5518 1.5887 3.8479 -31.8399 2.9229 50.7645 -5.2848 -1.7275
Car -1 -1 -4.7666 414.1802 179.9749 438.4500 201.2765 1.5437 1.6103 3.7914 -14.2364 2.1134 55.7083 -5.0160 -1.7877
Pedestrian -1 -1 -7.1129 217.1527 182.9646 241.0505 220.3929 1.6820 0.6225 0.7564 -17.5168 2.1520 33.1116 -7.5965 -1.7939
Car -1 -1 -7.5215 450.0012 175.6919 491.6319 200.7418 1.6948 1.6626 4.1127 -9.9016 1.9053 51.4582 -7.7110 -1.8826
Car -1 -1 -7.9682 649.7001 178.6593 702.5358 217.9097 1.5000 1.7175 4.2317 2.6606 1.7611 30.3466 -7.8823 -2.1171
Car -1 -1 -4.7316 633.4302 177.4865 663.1712 205.4893 1.5497 1.6653 4.1590 2.1888 1.8373 42.7317 -4.6813 -2.1339
Car -1 -1 -7.4925 614.4283 177.1367 656.8340 200.6210 1.5457 1.6467 4.0345 1.8066 1.8579 50.4644 -7.4574 -2.1458
