Car -1 -1 -7.8742 421.9270 177.8261 455.2160 209.8966 1.5793 1.6336 3.8574 -9.1637 1.8568 38.2466 -8.1082 -0.0222
Car -1 -1 -5.5401 979.9782 180.2713 1053.3661 205.5652 1.5504 1.7009 4.1752 26.8180 2.0645 47.7950 -5.0319 -1.5218
Car -1 -1 -3.7332 1148.3684 181.0149 1241.0000 214.4675 1.5051 1.6078 3.8267 27.8218 1.8994 33.9122 -3.0509 -1.6769
Car -1 -1 -4.8409 916.3491 182.8236 961.7262 214.3715 1.5419 1.6862 4.1207 17.6228 2.1094 38.8816 -4.4187 -1.6956
Car -1 -1 -5.4889 977.0818 178.2660 1062.5054 212.8329 1.5688 1.5506 3.5888 19.9102 1.8477 35.2872 -4.9792 -1.7983
Car -1 -1 -7.3318 190.2007 191.3075 258.4465 221.8515 1.5047 1.6423 3.7876 -21.2176 2.5712 39.7888 -7.8193 -1.8076
Cyclist -1 -1 -2.5736 0.0000 181.1737 50.2920 231.8927 1.8572 0.6829 1.6769 -22.1194 2.1732 26.9979 -3.2553 -1.8649
Car -1 -1 -7.6924 908.8472 166.7248 951.0279 197.6900 1.7624 1.6841 4.1109 19.1788 1.4133 43.2501 -7.2779 -1.9465
Car -1 -1 -4.6031 714.0043 179.9424 738.8863 199.4659 1.6059 1.7051 4.2782 10.2236 2.2499 63.2983 -4.4442 -2.0274
Car -1 -1 -4.9406 601.5535 177.6269 633.7599 198.9228 1.5468 1.6349 3.8532 0.5214 1.9265 55.3889 -4.9317 -2.0800
Pedestrian -1 -1 -4.2641 785.8760 173.2766 802.5366 206.3922 1.8078 0.6758 0.6551 10.1408 1.8311 39.8681 -4.0173 -2.1035
