Car -1 -1 -4.4672 372.3043 184.4965 432.4668 220.5138 1.5136 1.7010 4.3782 -9.7231 2.0971 33.9685 -4.7443 1.6582
Car -1 -1 -4.2737 112.5468 182.8876 292.3619 271.6235 1.6333 1.7224 4.3912 -8.8268 1.8870 16.0293 -4.7704 1.4274
Car -1 -1 -4.4939 434.2667 183.1546 471.6494 208.5488 1.5187 1.6091 3.5864 -10.0880 2.2066 46.4073 -4.7072 0.7343
Car -1 -1 -4.7131 507.5610 177.2354 528.7451 198.8736 1.6399 1.6194 3.8349 -7.3478 2.0009 57.4987 -4.8400 -0.7142
Car -1 -1 -7.9687 589.6080 179.3682 611.7817 196.5234 1.5482 1.6605 4.0016 -0.9362 2.1879 68.7958 -7.9827 -1.0518
Car -1 -1 -3.9699 87.4767 188.4901 178.5583 225.5488 1.5303 1.5374 3.4869 -21.8867 2.2894 33.1973 -4.5493 -1.5303
Car -1 -1 -6.7749 792.9782 178.2354 922.9141 224.3759 1.4904 1.6179 3.9071 8.3960 1.6826 24.6931 -6.4514 -1.5444
Car -1 -1 -4.5840 474.0484 183.0774 512.7126 211.6553 1.5019 1.6693 4.2506 -6.7042 2.1216 41.6087 -4.7433 -1.7117
Cyclist -1 -1 -3.9927 60.9473 199.0295 115.9822 250.8043 1.6588 0.5955 1.6440 -17.9581 2.5897 24.8214 -4.6142 -1.7162
Cyclist -1 -1 -5.6077 914.1068 167.9275 953.4190 206.8543 1.7773 0.6435 1.6342 15.1166 1.5520 33.8163 -5.1910 -1.7238
Car -1 -1 -5.1662 642.7641 176.3150 681.5549 196.8000 1.6435 1.6541 4.0287 4.3283 1.9452 60.8002 -5.0959 -1.7557
Car -1 -1 -4.8666 506.2874 182.2544 545.1508 211.5302 1.5647 1.6264 4.1901 -5.0185 2.1439 42.2378 -4.9846 -1.7638
Cyclist -1 -1 -8.0037 796.6514 176.1687 816.8716 227.0675 1.6481 0.4020 1.6741 6.5750 1.7635 24.3283 -7.7435 -1.8421
Car -1 -1 -8.0850 767.9711 177.4151 798.5511 197.8419 1.7475 1.7303 4.2578 15.4946 2.1703 64.8086 -7.8518 -1.9282
Car -1 -1 -4.8924 689.9958 178.0878 730.1320 204.2405 1.5439 1.7575 4.3063 6.2396 1.8907 45.6630 -4.7580 -1.9416
Car -1 -1 -4.8331 1216.1670 173.2821 1241.0000 308.4242 1.5268 1.6326 3.8600 9.7621 1.5338 10.2062 -4.0848 -1.9726
Car -1 -1 -7.7119 433.2188 184.0925 487.1210 224.3823 1.4996 1.6526 3.8779 -6.1886 1.9967 29.9482 -7.9145 -2.0410
Car -1 -1 -7.8638 642.3975 175.1927 660.4529 193.3418 1.6068 1.6097 3.9178 3.7664 1.8282 66.3889 -7.8078 -2.0736
Car -1 -1 -6.2947 0.0000 144.7776 1241.0000 374.0000 1.6862 1.6432 3.8566 0.1648 1.6216 2.5532 -6.2422 -2.1266
Car -1 -1 -4.5728 904.6088 178.6569 946.2258 210.7327 1.6515 1.5902 3.9844 17.4986 1.9902 40.0306 -4.1639 -2.1657
