Car -1 -1 -4.3542 270.5736 187.3032 368.2915 237.4648 1.4844 1.6978 4.2729 -9.8654 2.0227 24.7428 -4.7304 1.8976
Car -1 -1 -4.5139 383.5730 184.1539 428.4073 215.4462 1.4793 1.5873 3.3336 -10.4688 2.0866 37.0754 -4.7876 1.1538
Car -1 -1 -4.8345 484.9398 177.0672 514.5059 200.3365 1.6049 1.6517 4.0272 -8.1211 1.9250 52.7100 -4.9870 -0.3552
Car -1 -1 -4.0096 270.5400 179.2198 322.7899 202.0610 1.7967 1.6955 4.1882 -26.1305 2.3479 60.2606 -4.4175 -0.6826
Car -1 -1 -4.6950 261.4531 184.5512 289.7119 210.6384 1.5386 1.5796 3.7968 -21.5244 2.3247 46.4548 -5.1270 -1.5058
Car -1 -1 -4.5304 926.7637 179.7030 957.1321 198.8303 1.5323 1.6309 4.1967 28.3200 2.1370 61.5538 -4.1014 -1.6315
Car -1 -1 -6.6703 824.5888 175.0008 985.2217 232.9274 1.5193 1.6219 3.7474 7.9619 1.5805 19.8179 -6.2941 -1.6723
Car -1 -1 -3.2179 567.7997 180.7764 614.0643 197.0067 1.4846 1.6373 4.2468 -1.8378 2.2427 68.0406 -3.2452 -1.6938
Cyclist -1 -1 -6.7471 126.6369 183.4108 170.3152 222.0160 1.8254 0.6746 1.6872 -22.7343 2.3577 35.5051 -7.3135 -1.7269
Car -1 -1 -5.0826 843.7574 179.0310 887.8348 203.2904 1.7336 1.7025 4.3007 19.3512 2.2215 54.8485 -4.7456 -1.8913
Car -1 -1 -4.6736 861.2903 182.8032 883.5549 201.8322 1.5313 1.6675 4.0726 22.7552 2.4241 62.5652 -4.3268 -1.9080
Car -1 -1 -2.9195 778.7382 176.7004 833.8674 197.7145 1.6337 1.6714 4.0373 15.8518 1.9536 58.3913 -2.6561 -1.9533
Pedestrian -1 -1 -5.0433 1135.0640 169.7056 1189.8895 278.7703 1.6661 0.5143 0.5955 8.6474 1.6177 11.3836 -4.4067 -2.1495
Car -1 -1 -7.8765 318.3447 176.6469 340.5443 197.5507 1.7396 1.7163 4.2342 -24.6071 2.0833 63.1600 -8.2469 -2.1594
