Car -1 -1 -7.8107 243.1017 185.6318 319.1548 260.3656 1.5819 1.5335 2.9568 -7.9389 1.9208 17.4964 -8.2314 -0.9958
Pedestrian -1 -1 -4.4184 1193.6683 152.6385 1241.0000 238.9031 1.8573 0.6681 0.9722 13.5539 1.4217 16.0817 -3.7275 -1.3783
Pedestrian -1 -1 -3.9688 100.9174 187.9029 128.9110 231.4793 1.7125 0.6363 0.6788 -19.9385 2.3251 29.0017 -4.5671 -1.5907
Car -1 -1 -4.6274 463.4030 175.1500 494.5321 208.5030 2.2499 1.7941 4.6304 -9.3118 2.4207 51.3902 -4.8062 -1.6269
Car -1 -1 -4.4616 67.3331 190.8054 137.7345 228.6139 1.5562 1.6961 4.3214 -23.9977 2.4651 34.2233 -5.0697 -1.6768
Pedestrian -1 -1 -8.7604 1158.3728 180.8422 1188.8020 235.9644 1.7653 0.5502 0.5639 18.3409 2.0295 23.5478 -8.1054 -1.7360
Pedestrian -1 -1 -7.1769 825.7542 173.3766 843.0624 209.8126 1.7711 0.6269 0.5175 10.9956 1.7968 35.4888 -6.8794 -1.7992
Car -1 -1 -4.7583 613.7499 181.1105 641.4797 205.9279 1.5131 1.6249 4.0984 1.0859 2.0793 47.4368 -4.7361 -1.8071
Car -1 -1 -6.7106 113.9944 180.8590 198.6797 209.5683 1.5702 1.6359 3.9190 -26.8207 2.0669 42.7104 -7.2687 -1.8796
Cyclist -1 -1 -8.0588 1222.5704 180.3394 1241.0000 240.5598 1.6991 0.4048 1.6325 18.5696 1.9289 21.3722 -7.3508 -1.9813
Pedestrian -1 -1 -7.6568 1165.9683 183.8982 1195.7423 245.3063 1.7480 0.5609 0.7119 16.6791 2.0781 21.1434 -6.9963 -2.1196
