Car -1 -1 -7.6952 342.6229 181.4019 410.4515 231.4871 1.6021 1.6892 4.0251 -8.3331 1.9339 25.9184 -8.0038 -0.2969
Cyclist -1 -1 -3.4343 1132.2355 164.6589 1189.2836 212.1007 1.8990 0.6957 1.7253 22.4530 1.5706 29.5053 -2.7890 -1.1265
Car -1 -1 -3.6042 195.4155 187.4583 276.6315 215.4442 1.5400 1.6475 4.1011 -22.8161 2.4752 44.0793 -4.0797 -1.3494
Pedestrian -1 -1 -7.2817 1000.8696 168.2330 1019.7808 210.2235 1.8369 0.5857 0.4421 17.6688 1.6344 31.9263 -6.7806 -1.3900
Pedestrian -1 -1 -8.0066 1163.6213 176.5255 1190.6929 231.0158 1.7344 0.6137 0.5246 18.3350 1.8551 23.3957 -7.3486 -1.4989
Car -1 -1 -4.0839 20.1996 196.4029 109.3435 230.8856 1.5041 1.5887 3.8429 -27.1577 2.7433 36.0444 -4.7262 -1.6375
Cyclist -1 -1 -7.9902 1216.6277 149.5878 1241.0000 223.1667 1.7331 0.4324 1.7884 15.4041 1.1848 17.8662 -7.2870 -1.6488
Car -1 -1 -8.6452 1063.0647 173.3965 1182.7830 211.4728 1.5493 1.6601 4.3641 22.3417 1.5746 31.7215 -8.0363 -1.7184
Car -1 -1 -4.7990 1172.8560 160.8706 1220.3009 193.9937 1.6694 1.6027 3.9562 31.1538 1.0651 38.4537 -4.1220 -1.8758
Car -1 -1 -4.9969 1087.6254 177.4713 1149.2999 210.1084 1.5603 1.6130 3.6261 25.9697 1.8096 37.0285 -4.3894 -1.8818
Car -1 -1 -4.5636 461.1064 176.3657 491.7941 203.2679 2.0427 1.7542 4.5719 -10.6583 2.3345 57.7047 -4.7458 -1.8973
Pedestrian -1 -1 -7.9397 812.4965 177.8220 826.0200 209.8871 1.7979 0.6627 0.8932 11.8823 2.0842 41.1149 -7.6608 -1.9279
Pedestrian -1 -1 -4.4111 312.5667 188.7692 324.5450 214.6607 1.7319 0.5341 0.8350 -19.9178 2.8274 49.2407 -4.7940 -1.9458
Car -1 -1 -5.5743 190.4413 188.6752 275.0847 217.5257 1.5367 1.6659 4.2093 -21.5237 2.4666 41.1347 -6.0540 -2.0568
Car -1 -1 -7.2879 55.1458 196.4066 149.5617 233.2715 1.4543 1.6334 4.0149 -23.2036 2.6014 33.1102 -7.8956 -2.1104
Car -1 -1 -4.0482 142.4419 184.9405 209.6595 212.5686 1.5199 1.5506 3.6119 -25.9604 2.2755 43.2367 -4.5864 -2.1118
Cyclist -1 -1 -7.6121 803.6749 178.3224 819.5872 210.9025 1.6881 0.4103 1.7817 10.7436 1.9867 38.5577 -7.3429 -2.1284
Pedestrian -1 -1 -8.6603 964.5117 177.9592 992.1663 224.0590 1.7507 0.6671 0.6811 14.2090 1.9511 27.9302 -8.1946 -2.1623
Car -1 -1 -4.8309 595.3035 178.2418 624.3666 200.7455 1.5961 1.6928 4.2508 -0.0818 2.0189 54.4474 -4.8329 -2.1704
Car -1 -1 -8.9629 1118.1451 176.0858 1213.6506 204.3408 1.5230 1.6510 4.0433 31.8927 1.7186 41.5679 -8.3122 -2.1912
