Car -1 -1 -7.7377 400.8240 180.0367 445.0425 215.2215 1.5741 1.6353 3.9508 -9.1011 1.9447 35.1915 -7.9894 0.6264
Car -1 -1 -3.9358 74.1497 191.5300 159.1595 221.7796 1.5594 1.6428 4.1628 -28.7107 2.7056 42.1009 -4.5316 -1.3294
Car -1 -1 -7.5864 842.1776 181.8362 885.3217 209.5931 1.5347 1.5664 3.4944 15.1144 2.0930 42.9953 -7.2510 -1.3514
Pedestrian -1 -1 -7.0069 27.4970 192.4973 58.3112 239.3364 1.7173 0.6460 0.6463 -21.3772 2.4664 27.1480 -7.6693 -1.3659
Car -1 -1 -5.0563 1068.4037 183.0849 1129.3248 211.6335 1.4966 1.6129 4.0419 28.0077 2.1157 41.5266 -4.4667 -1.5525
Car -1 -1 -4.4561 467.1901 175.2856 495.7492 198.7762 2.0879 1.6585 3.9046 -11.8412 2.3187 66.5618 -4.6318 -1.5554
Pedestrian -1 -1 -8.1557 905.9363 175.8895 926.9305 216.6512 1.7788 0.6975 0.6239 13.4921 1.9140 31.8812 -7.7593 -1.7252
Cyclist -1 -1 -8.1471 636.2822 174.9244 649.6508 202.7233 1.6119 0.3480 1.5744 1.9111 1.7366 42.7643 -8.1033 -1.7377
Pedestrian -1 -1 -7.8416 369.1847 164.4073 391.4388 224.5840 2.0244 0.7166 0.7563 -7.9154 1.7399 24.7387 -8.1486 -1.7381
Pedestrian -1 -1 -5.4428 1193.3705 186.0536 1223.5380 226.0719 1.6800 0.6255 0.7934 25.6375 2.2538 30.9721 -4.7566 -1.8276
Pedestrian -1 -1 -8.0533 1210.0585 176.0374 1237.2699 222.2478 1.8080 0.7179 0.5966 24.3767 1.9363 28.7238 -7.3552 -1.8441
Car -1 -1 -5.7217 1149.2581 190.1360 1241.0000 227.7603 1.4393 1.5919 3.6958 25.9258 2.2403 31.4497 -5.0374 -1.9057
Cyclist -1 -1 -7.9830 1020.0282 176.1404 1042.2084 216.5039 1.7779 0.6483 1.7014 19.1104 1.9313 32.8395 -7.4604 -1.9244
Car -1 -1 -4.4901 97.0075 194.7565 156.3558 230.1842 1.4590 1.5677 3.5771 -22.7876 2.5524 34.0773 -5.0762 -1.9448
Car -1 -1 -7.7683 968.5237 171.2182 1003.3849 199.0648 1.7189 1.6658 4.1676 24.3545 1.6176 46.7451 -7.2909 -2.0884
Pedestrian -1 -1 -3.4845 38.8710 187.8357 65.5021 227.6618 1.7739 0.6274 0.8012 -25.5710 2.4699 33.0260 -4.1396 -2.1557
