Car -1 -1 -7.2232 119.1158 188.2566 221.1103 229.6719 1.5016 1.6376 3.7947 -17.9515 2.1747 29.5838 -7.7649 -0.7106
Car -1 -1 -4.1680 247.7151 187.3588 320.1732 217.7727 1.4906 1.7084 4.1627 -17.8364 2.3301 39.6045 -4.5890 -1.2524
Car -1 -1 -4.7491 612.2791 183.5801 642.8042 212.2927 1.5164 1.6025 3.8026 0.9309 2.1607 41.4496 -4.7274 -1.3935
Car -1 -1 -7.4976 292.3565 177.0392 385.3887 236.9162 1.8764 1.7114 3.9621 -9.2656 2.0319 24.8724 -7.8512 -1.5642
Car -1 -1 -4.7980 635.4204 184.1724 672.9014 215.1797 1.4959 1.6307 4.0781 2.2576 2.1299 38.3744 -4.7404 -1.6712
Car -1 -1 -4.8173 643.0716 185.8281 689.0643 222.8348 1.4441 1.5935 3.7232 2.3357 2.0417 31.3647 -4.7444 -1.6873
Cyclist -1 -1 -7.2045 81.3656 190.1141 120.1819 232.7178 1.6455 0.3703 1.6414 -20.7467 2.3674 29.3650 -7.8155 -1.7744
Car -1 -1 -4.8365 1212.4835 133.3076 1241.0000 228.4267 1.5305 1.6314 3.9705 12.6667 0.8939 13.7036 -4.1010 -1.8581
Car -1 -1 -4.2448 184.3597 190.4558 264.5490 225.7337 1.4438 1.6460 4.0171 -17.8683 2.3118 33.5725 -4.7310 -2.1309
Car -1 -1 -4.5430 620.5251 183.3898 653.8940 208.6895 1.5550 1.6005 3.8571 1.8212 2.2871 48.1071 -4.5060 -2.1364
