Pedestrian -1 -1 -3.4971 72.4202 184.1867 106.9324 255.9194 1.7917 0.7262 0.5012 -13.4371 2.0894 18.5630 -4.1170 -0.4150
Car -1 -1 -5.1739 608.1740 181.6191 659.3511 207.1982 1.5055 1.6406 4.0227 1.4324 2.0919 46.1244 -5.1437 -0.8463
Car -1 -1 -4.1655 91.0497 197.2413 197.4953 238.8952 1.4107 1.6647 4.1397 -18.5860 2.4598 28.9642 -4.7321 -1.6951
Car -1 -1 -5.1679 236.7051 186.3837 284.6535 207.5169 1.5756 1.7484 4.3814 -28.3448 2.7095 58.4471 -5.6180 -1.7130
Car -1 -1 -4.7542 631.4566 183.1440 664.8864 213.7483 1.4842 1.5947 3.8202 1.9375 2.0559 38.1961 -4.7045 -1.8501
Cyclist -1 -1 -8.1632 1176.2131 167.7911 1225.7396 242.7690 1.6333 0.3785 1.6440 13.4772 1.5227 16.5532 -7.4890 -1.8636
Car -1 -1 -4.8087 641.0957 180.0271 687.5983 216.0360 1.5180 1.7212 4.3328 2.4108 1.8723 33.4776 -4.7381 -1.8762
Pedestrian -1 -1 -7.1754 1205.4531 166.0148 1240.2047 220.7712 1.7534 0.6198 0.6045 19.8783 1.5341 23.4677 -6.4792 -1.9393
Pedestrian -1 -1 -7.5192 966.9554 150.0552 991.0391 206.0934 1.8940 0.5941 0.5406 12.6292 1.1231 24.7879 -7.0531 -2.0746
Pedestrian -1 -1 -8.3006 1035.6071 152.3801 1070.9866 221.9447 1.8368 0.6242 0.5637 11.8377 1.2959 19.3622 -7.7589 -2.1764
