Car -1 -1 -4.6291 204.5273 190.2551 242.3239 220.3201 1.5364 1.5932 3.7096 -22.0730 2.5791 41.2286 -5.1183 -1.1186
Car -1 -1 -7.2514 139.5049 191.2082 237.7390 230.7243 1.4424 1.6425 3.8508 -17.5337 2.2599 30.1647 -7.7743 -1.1284
Car -1 -1 -6.0818 137.6633 190.0995 222.1187 218.8692 1.5306 1.6294 3.9235 -24.6857 2.5556 41.4887 -6.6160 -1.1310
Car -1 -1 -7.9868 643.9590 181.6332 691.2387 218.8259 1.5828 1.6577 4.1136 2.5908 2.0193 33.7985 -7.9116 -1.5223
Cyclist -1 -1 -2.2659 0.0000 171.4939 34.3379 223.7992 1.8315 0.6097 1.6864 -21.5662 1.7836 25.7179 -2.9588 -1.5660
Cyclist -1 -1 -7.9944 807.7395 185.8822 830.1988 241.5647 1.6923 0.4320 1.8296 6.6862 2.1296 23.3023 -7.7192 -1.6926
Car -1 -1 -4.2578 206.4988 180.0798 336.7112 254.9341 1.7708 1.6592 3.7429 -8.9474 1.9830 19.3264 -4.6866 -1.7547
Car -1 -1 -4.5728 429.0376 186.9594 453.8244 206.1525 1.6570 1.6909 4.2405 -15.7986 3.0229 67.6955 -4.8016 -1.9993
Car -1 -1 -4.5257 128.6047 186.8070 172.3849 214.9818 1.6191 1.6110 4.0576 -29.1414 2.5469 45.8096 -5.0899 -2.0994
Cyclist -1 -1 -7.7076 0.0000 182.7402 22.8578 234.1185 1.6567 0.4164 1.7287 -20.3560 2.0029 24.4400 -8.3969 -2.1951
