Car -1 -1 -4.2107 23.4531 196.2716 253.7982 298.3159 1.4083 1.5849 4.2566 -8.2788 1.9041 13.1190 -4.7649 2.1799
Car -1 -1 -4.4295 352.7939 180.6202 428.6010 227.3728 1.6554 1.7157 4.2818 -8.5668 1.9840 28.4097 -4.7203 1.0291
Car -1 -1 -4.4085 446.4837 184.1311 491.3195 209.7039 1.4811 1.6173 4.1855 -8.9429 2.2317 45.8729 -4.6004 0.7796
Car -1 -1 -4.6280 481.1662 182.5330 505.5044 202.9152 1.5517 1.6443 3.7697 -9.4873 2.3651 58.7160 -4.7879 -0.4317
Car -1 -1 -4.6455 476.7704 181.9268 516.5299 214.7949 1.5004 1.6963 4.2326 -5.6863 1.9843 36.3252 -4.8002 -0.8246
Cyclist -1 -1 -7.6927 1064.9612 127.5693 1097.1456 206.4572 1.8174 0.3917 1.7398 11.3206 0.7739 17.4016 -7.1237 -0.8971
Pedestrian -1 -1 -4.8353 0.0000 184.4035 18.7931 241.7312 1.7501 0.6123 0.5666 -19.0160 2.1184 22.6122 -5.5288 -0.9109
Pedestrian -1 -1 -4.1507 101.0242 196.8847 134.4822 259.9836 1.3713 0.4560 0.4304 -11.0119 1.9136 16.0721 -4.7440 -0.9600
Car -1 -1 -7.1446 1170.5913 190.0195 1241.0000 374.0000 1.4880 1.6202 4.0486 5.9361 1.6108 4.2521 -6.2284 -0.9814
Car -1 -1 -7.8395 608.9803 179.6011 627.1000 196.4270 1.5030 1.6563 4.0313 0.7636 2.1588 68.1222 -7.8287 -1.2873
Car -1 -1 -4.6405 495.6719 180.2939 529.7307 210.9207 1.6122 1.6322 4.0970 -5.5293 2.0573 41.0952 -4.7739 -1.2901
Car -1 -1 -4.9176 812.8837 174.9334 844.9147 195.7667 1.6679 1.7124 4.3028 18.2577 1.8482 60.4268 -4.6259 -1.4600
Car -1 -1 -4.8757 523.2756 177.2707 548.5951 196.1390 1.5854 1.6031 3.9203 -6.5926 1.9879 63.7117 -4.9788 -1.7230
Car -1 -1 -7.9038 669.3223 173.7260 690.6289 195.4916 1.8998 1.7015 4.2294 6.2791 1.9810 65.3025 -7.8087 -1.9091
Car -1 -1 -4.4764 838.5195 172.8268 916.4665 230.7166 1.7271 1.5867 3.6387 8.7154 1.7260 23.4811 -4.1257 -1.9677
Car -1 -1 -4.9507 753.5468 177.6689 814.7339 215.1945 1.5271 1.6944 4.0660 7.5767 1.7535 31.9261 -4.7204 -2.0238
