Car -1 -1 -4.3558 309.2774 183.4825 408.2944 236.4192 1.5016 1.6624 4.1789 -8.0626 1.8775 23.4269 -4.6842 2.0939
Car -1 -1 -4.6387 512.3907 177.3957 533.1287 194.2634 1.5218 1.6624 3.9224 -8.2343 1.9632 68.1710 -4.7588 -1.4697
Car -1 -1 -4.2929 298.5114 186.6000 350.0070 212.9168 1.5057 1.6035 3.7566 -17.8653 2.4027 45.1912 -4.6677 -1.6510
Car -1 -1 -4.4944 292.8328 192.1461 326.8756 214.7622 1.4970 1.5574 3.6193 -22.0099 2.9636 52.9478 -4.8869 -1.6839
Cyclist -1 -1 -2.8704 360.0204 172.2200 403.9782 215.3952 1.8919 0.6807 1.7395 -10.1387 1.8638 31.9858 -3.1754 -1.8429
Car -1 -1 -7.7034 360.2599 176.6795 409.6216 215.2390 1.6813 1.6496 3.8320 -10.5400 1.8714 33.8794 -8.0032 -1.8439
Car -1 -1 -7.3995 255.1344 181.6669 338.4280 216.9412 1.5007 1.8010 4.5229 -14.7382 1.9456 34.1505 -7.8045 -1.8607
Pedestrian -1 -1 -5.0336 190.4132 180.4539 214.2211 222.3890 1.7226 0.6615 0.7754 -17.1802 2.0471 30.3287 -5.5455 -1.8933
Car -1 -1 -7.4108 265.2949 169.0383 310.2057 196.5600 2.1409 1.7363 4.0437 -25.9440 1.8437 58.1700 -7.8289 -1.9074
Car -1 -1 -4.6967 641.6002 175.0485 679.6037 213.5582 1.6321 1.6222 3.8510 2.2814 1.7375 32.7921 -4.6285 -1.9181
Car -1 -1 -5.1509 229.3391 184.8421 281.1424 208.9716 1.5799 1.6764 4.1943 -25.2103 2.4624 51.1638 -5.6069 -1.9521
Cyclist -1 -1 -7.5123 15.2968 181.4815 36.7993 212.3096 1.6494 0.4083 1.6007 -32.3070 2.1358 39.8873 -8.1900 -2.0967
Car -1 -1 -3.8713 615.2250 179.0208 663.8420 198.1703 1.5539 1.6325 4.1187 2.5254 2.0978 61.7373 -3.8311 -2.1602
