Car -1 -1 -4.2824 149.5201 194.9370 314.8559 276.0180 1.4479 1.6361 4.1965 -8.2756 2.0076 16.1700 -4.7492 2.4521
Car -1 -1 -4.4393 381.5643 181.4643 448.2464 223.6467 1.6600 1.6993 4.2942 -8.4431 2.0605 31.4320 -4.7001 1.6828
Cyclist -1 -1 -4.7061 993.6887 173.0220 1021.7438 245.6956 1.6492 0.5622 1.4813 9.4021 1.6531 17.1629 -4.2128 0.0666
Car -1 -1 -4.6103 458.8726 184.4152 490.0531 208.5854 1.4881 1.6539 4.0733 -9.1028 2.2989 48.5274 -4.7952 -0.2324
Car -1 -1 -4.6789 490.6105 183.0563 510.8665 202.4079 1.5545 1.5983 3.5203 -9.3482 2.4532 61.7424 -4.8290 -0.4508
Car -1 -1 -4.5545 483.5522 182.9623 527.7748 214.4907 1.4997 1.6586 4.1251 -5.4316 2.0570 37.7261 -4.6970 -1.0182
Pedestrian -1 -1 -7.1523 384.7742 177.9092 405.7890 212.9821 1.7773 0.6566 0.8332 -11.1132 2.0414 37.2244 -7.4409 -1.1654
Car -1 -1 -4.8102 531.0397 177.8858 552.8253 196.6852 1.6198 1.5975 3.7488 -6.2011 2.0882 65.2275 -4.9050 -1.4143
Car -1 -1 -7.8094 528.2034 176.6244 552.1518 201.8641 1.8940 1.6961 4.2349 -5.5023 2.2025 56.9469 -7.9057 -1.4940
Cyclist -1 -1 -7.8563 1208.9247 155.4806 1241.0000 275.8674 1.6606 0.4022 1.5359 9.0706 1.4206 10.6736 -7.1658 -1.5119
Car -1 -1 -7.8993 611.7943 178.8938 631.1707 195.9223 1.5231 1.6416 3.8985 1.0342 2.1078 67.9121 -7.8846 -1.8433
Car -1 -1 -8.1363 751.4350 178.2713 816.4248 215.8053 1.5661 1.7227 4.3205 7.8042 1.8297 32.9442 -7.9063 -2.0372
