Car -1 -1 -7.8702 369.9250 181.2894 415.7676 225.0361 1.5782 1.6478 3.8076 -8.7650 1.9398 28.8906 -8.1626 0.9590
Cyclist -1 -1 -8.2479 794.5078 183.0992 813.7023 214.7346 1.6697 0.3907 1.6880 10.5781 2.2425 39.5030 -7.9888 -0.7306
Car -1 -1 -4.7229 468.1237 176.0324 488.3193 199.2998 1.8630 1.6109 3.9449 -11.0832 2.1381 60.4328 -4.9039 -0.9772
Pedestrian -1 -1 -7.9233 1060.8562 172.3191 1082.7819 218.4613 1.8342 0.6960 0.6808 18.6038 1.8126 29.1465 -7.3603 -1.3748
Pedestrian -1 -1 -7.7068 736.6220 171.7566 749.3121 201.2102 1.8474 0.6974 0.6966 8.3890 1.7783 45.6980 -7.5269 -1.5426
Cyclist -1 -1 -8.0176 897.8318 174.0555 915.3079 214.4413 1.6770 0.4073 1.7224 12.6460 1.7296 30.8984 -7.6330 -1.6493
Car -1 -1 -4.9800 951.8820 179.9291 1008.2546 210.6461 1.5496 1.6896 4.1668 20.2008 1.9596 39.6287 -4.5121 -1.8253
Pedestrian -1 -1 -8.7849 1013.0824 175.8153 1037.8877 216.6754 1.7822 0.7313 0.6446 18.3688 1.9150 31.9780 -8.2681 -2.0080
Pedestrian -1 -1 -5.1509 930.0750 163.9213 954.9399 211.8309 1.8215 0.5593 0.8525 12.7870 1.4815 27.8615 -4.7250 -2.1160
Car -1 -1 -6.4100 965.9300 183.9508 1044.7709 211.8495 1.4908 1.6183 3.7588 22.4204 2.1451 41.1290 -5.9145 -2.1681
