Car -1 -1 -4.3446 213.6723 189.3629 310.6671 244.3979 1.4546 1.5303 3.3342 -10.4525 1.9929 21.8211 -4.7869 1.6744
Car -1 -1 -4.0263 0.0000 196.9188 65.3814 337.3962 1.4108 1.5978 3.9271 -9.7420 1.8099 9.9558 -4.7875 0.5883
Car -1 -1 -4.8937 446.0237 179.4976 484.8185 206.8159 1.5694 1.6574 3.9866 -9.0251 2.0002 44.6594 -5.0924 -0.7408
Pedestrian -1 -1 -6.2018 1128.0939 169.2961 1169.7739 235.4766 1.7997 0.5742 0.8925 14.9838 1.7026 20.1304 -5.5695 -1.1078
Car -1 -1 -3.3328 885.4716 181.8106 968.0739 208.7695 1.5465 1.6761 4.3173 19.0006 2.1024 43.5277 -2.9242 -1.1791
Car -1 -1 -6.8939 941.7031 177.7373 1232.8678 277.3956 1.4883 1.6085 3.7296 7.5808 1.5736 11.7599 -6.3333 -1.4045
Car -1 -1 -4.6955 972.5218 182.4543 997.4688 204.7950 1.5505 1.6024 3.8615 28.0299 2.2957 53.9452 -4.2191 -1.4304
Car -1 -1 -4.3483 722.6680 175.4402 755.7758 195.2249 1.6153 1.5646 3.6980 11.0016 1.8422 61.4158 -4.1723 -1.7383
Cyclist -1 -1 -8.0519 765.7474 171.2175 776.7118 198.2709 1.7087 0.3700 1.6291 10.3261 1.6051 46.3909 -7.8346 -2.1054
Car -1 -1 -4.5539 834.1110 176.8472 868.9513 200.1669 1.5956 1.7484 4.3553 17.5821 1.8987 52.5034 -4.2329 -2.1758
