Car -1 -1 -4.4227 315.6445 181.8676 403.2324 234.3124 1.6261 1.7602 4.1546 -8.6723 1.9671 25.2075 -4.7513 1.5536
Car -1 -1 -4.0930 0.0000 199.9649 154.2900 340.7666 1.3586 1.6181 4.1626 -8.3303 1.8108 9.9130 -4.7788 1.3386
Car -1 -1 -4.1760 425.2903 183.6938 486.9898 211.1588 1.4763 1.7026 4.1321 -9.0855 2.1521 42.7752 -4.3845 0.0448
Car -1 -1 -4.6733 470.3759 181.7789 494.1253 203.2084 1.5450 1.6567 3.9144 -9.8701 2.2600 55.7791 -4.8480 -0.5091
Pedestrian -1 -1 -4.0502 40.2164 187.3814 88.2706 271.9181 1.6511 0.5584 0.5324 -10.9807 1.9474 14.4584 -4.6911 -0.6644
Car -1 -1 -4.5842 468.0867 183.3684 510.5256 217.7300 1.4992 1.5545 3.5237 -5.7367 2.0257 34.3640 -4.7489 -1.3734
Car -1 -1 -4.7312 524.7265 176.5657 544.1320 195.5077 1.5617 1.5890 3.8558 -6.5723 1.8922 62.2882 -4.8362 -1.5375
Car -1 -1 -4.1979 88.7134 196.1567 198.3789 240.5511 1.4746 1.7046 4.3394 -18.3004 2.4661 28.4987 -4.7648 -1.6453
Cyclist -1 -1 -3.2621 479.0760 177.8048 517.5150 218.6967 1.8191 0.6746 1.6563 -5.1197 2.0475 32.7805 -3.4164 -1.9534
Pedestrian -1 -1 -6.7660 0.0000 178.2193 16.8307 236.6589 1.8240 0.5847 0.5140 -19.3736 1.9968 22.9338 -7.4619 -2.0018
