Car -1 -1 -7.8765 414.3291 179.6185 448.8991 213.3151 1.5791 1.6160 3.7958 -9.1462 1.9418 36.6769 -8.1196 -0.1311
Car -1 -1 -4.5156 470.8900 174.7834 496.5146 195.3056 1.8720 1.6382 3.9895 -11.9247 2.0594 68.2089 -4.6884 -0.4810
Car -1 -1 -5.0356 1152.7064 182.3128 1220.1262 216.9695 1.5255 1.5177 3.3584 27.5144 2.0029 34.6003 -4.3684 -1.3120
Car -1 -1 -4.3949 346.2401 185.7338 381.4400 205.2169 1.5408 1.6285 4.2006 -21.1103 2.6841 61.9574 -4.7223 -1.8663
Car -1 -1 -7.2559 907.5233 175.3470 975.8214 202.7690 1.5010 1.6149 3.9892 19.0708 1.6501 41.5323 -6.8285 -1.8692
Car -1 -1 -4.5520 854.9756 179.1948 888.4307 202.3144 1.5094 1.5890 4.0002 18.2851 1.9709 50.4128 -4.2064 -1.8692
Car -1 -1 -4.9184 1100.6885 180.6266 1156.7988 211.8665 1.5261 1.6233 3.9897 27.5373 1.9635 38.4728 -4.3012 -1.9243
Pedestrian -1 -1 -2.3280 0.0000 179.3247 14.6483 232.1121 1.8023 0.5593 0.4727 -21.1608 2.0291 25.0151 -3.0250 -1.9309
Pedestrian -1 -1 -7.9908 887.3521 173.0324 903.4604 212.0113 1.7952 0.6303 0.5125 13.2283 1.8033 33.5570 -7.6188 -1.9405
Pedestrian -1 -1 -7.5970 380.9586 164.9037 405.9408 221.0276 2.0162 0.7102 0.7280 -7.9316 1.7303 26.2958 -7.8876 -2.0214
Car -1 -1 -4.9586 989.5495 182.7362 1035.2971 207.6576 1.5060 1.6390 4.2178 26.4623 2.1889 47.6335 -4.4546 -2.0427
Car -1 -1 -4.6239 169.6358 189.4770 205.7936 216.8519 1.6218 1.6866 4.3265 -27.9955 2.7779 47.8774 -5.1508 -2.1043
Pedestrian -1 -1 -8.1120 1186.3010 174.0580 1210.8271 215.6007 1.8135 0.7212 0.5526 25.9886 1.8671 31.9208 -7.4336 -2.1848
