Car -1 -1 -4.2998 238.8400 187.1932 371.6670 249.0154 1.3846 1.6615 4.2994 -8.0204 1.8116 19.3344 -4.6886 2.2889
Car -1 -1 -4.4948 442.3635 179.1554 488.2962 206.5691 1.4630 1.7213 4.2336 -8.3154 1.8448 41.6227 -4.6911 1.8534
Pedestrian -1 -1 -7.1461 79.0246 181.7480 109.9846 234.1720 1.7343 0.6057 0.5975 -17.4066 2.0376 24.3058 -7.7626 -1.4210
Car -1 -1 -4.6744 395.5218 176.9893 421.9862 201.3950 1.6327 1.6494 4.2510 -14.2961 1.9394 51.2944 -4.9452 -1.8426
Car -1 -1 -4.2290 164.2435 182.2428 269.9669 225.4107 1.4655 1.7338 4.2963 -14.9101 1.8523 27.5886 -4.7207 -1.8712
Cyclist -1 -1 -4.0029 10.4584 180.1620 66.6929 237.8658 1.6942 0.5263 1.4557 -17.5313 1.9253 22.1105 -4.6675 -2.0077
Car -1 -1 -3.7935 578.8059 175.4070 637.0824 198.5332 1.5682 1.6327 3.9566 -0.1542 1.7556 51.1901 -3.7969 -2.0150
Car -1 -1 -5.9910 631.1669 177.3934 707.7208 206.0764 1.5071 1.6173 3.9138 3.2467 1.7667 39.8419 -5.9108 -2.0787
Car -1 -1 -7.5694 305.0454 166.7182 338.1747 192.5833 2.3195 1.7459 4.1765 -26.6979 1.7690 66.8675 -7.9482 -2.0803
Cyclist -1 -1 -5.9445 622.9175 172.6529 658.0461 210.3059 1.8219 0.6495 1.6027 1.4598 1.8118 35.5103 -5.9044 -2.1446
Car -1 -1 -4.6411 7.1657 199.6937 55.5700 233.3763 1.4806 1.6503 4.1650 -29.9440 2.9520 37.3816 -5.3131 -2.1452
Car -1 -1 -4.3590 669.5327 185.7699 702.3379 204.4767 1.5073 1.6056 3.9120 6.6552 2.6753 63.1591 -4.2550 -2.1928
