Car -1 -1 -4.3327 204.3642 181.4355 340.2834 253.4277 1.6329 1.7307 4.3612 -8.7863 1.8863 19.1129 -4.7587 1.5299
Car -1 -1 -4.4377 393.9022 186.0412 451.9468 218.2759 1.4659 1.7372 4.3861 -9.5028 2.1793 36.8355 -4.6889 0.9667
Car -1 -1 -4.5972 448.4399 182.4631 479.8463 206.4538 1.5286 1.6795 3.8856 -10.0118 2.2153 49.5856 -4.7959 0.6450
Car -1 -1 -4.6982 514.7505 177.3455 535.3542 198.0015 1.6081 1.6207 3.9189 -6.9544 1.9883 59.0894 -4.8152 -0.1805
Pedestrian -1 -1 -7.7981 913.2045 161.7006 928.7680 199.1412 1.7981 0.6605 0.6983 15.0939 1.2621 35.1106 -7.3955 -1.0912
Car -1 -1 -4.0387 980.0942 170.1203 1211.7061 267.1014 1.6094 1.6241 3.6989 8.8897 1.5638 13.3263 -3.4612 -1.4601
Cyclist -1 -1 -5.8505 307.0897 180.7261 354.3158 224.6308 1.8387 0.6830 1.7531 -11.9399 2.1783 30.7574 -6.2183 -1.4968
Car -1 -1 -7.6397 299.5463 183.6810 357.6309 223.6368 1.6324 1.6552 3.8509 -12.6780 2.1518 32.6074 -8.0082 -1.5007
Car -1 -1 -4.1696 152.4908 188.7665 239.8917 226.5216 1.5268 1.6538 3.9170 -18.7521 2.2942 32.8281 -4.6854 -1.7148
Pedestrian -1 -1 -7.9223 907.7917 178.0437 921.7653 210.3106 1.7614 0.6666 0.6527 16.8283 2.0514 39.9386 -7.5267 -1.7843
Car -1 -1 -7.8354 597.6924 179.1156 615.9803 196.4097 1.5623 1.6703 4.1287 -0.2956 2.1767 68.7598 -7.8402 -1.8772
Car -1 -1 -4.7123 132.5302 174.5676 1042.1573 374.0000 1.5958 1.6026 3.5343 -0.1723 1.6070 3.0357 -4.7687 -1.9554
Car -1 -1 -4.5929 482.2748 181.0745 519.5170 208.5821 1.5200 1.7060 4.3580 -6.5400 2.0392 43.3909 -4.7421 -2.0005
Car -1 -1 -6.1865 782.8523 177.6212 902.2698 223.1924 1.5154 1.6528 3.9373 8.2830 1.6959 25.8455 -5.8803 -2.0068
Pedestrian -1 -1 -7.8870 925.2948 152.0483 942.1703 192.6484 1.8148 0.6718 0.6869 14.6229 0.8845 32.6973 -7.4700 -2.1089
