Pedestrian -1 -1 -5.7812 1136.5017 163.0317 1188.0542 236.3345 1.8350 0.6425 0.8516 14.1640 1.5889 18.5833 -5.1381 -0.6899
Car -1 -1 -4.3920 0.0000 201.6013 63.5477 239.5920 1.5099 1.5829 3.6851 -27.1905 2.9326 33.7112 -5.0670 -0.7195
Car -1 -1 -7.7488 311.3051 183.6527 379.1669 241.3559 1.5927 1.6132 3.5437 -8.2310 1.9584 22.5446 -8.0956 -1.0532
Car -1 -1 -4.6488 460.7267 174.8448 487.4453 202.7379 2.0044 1.7144 4.1989 -10.2262 2.1601 54.3498 -4.8343 -1.1439
Pedestrian -1 -1 -3.9696 1045.0414 166.5196 1083.3860 230.2152 1.8229 0.5946 0.7531 13.1892 1.6413 21.0377 -3.4164 -1.2186
Car -1 -1 -4.8686 604.6249 180.6574 639.3245 206.0305 1.5824 1.6729 4.3411 0.7263 2.1329 48.6604 -4.8544 -1.3507
Car -1 -1 -4.2445 282.2200 190.5785 336.1799 216.9453 1.5746 1.6774 4.0049 -19.9376 2.8021 47.9194 -4.6372 -1.4285
Pedestrian -1 -1 -6.6500 1046.4473 177.9086 1059.5721 217.6717 1.7758 0.4988 0.3469 19.9525 2.0056 32.5699 -6.1049 -1.7120
Pedestrian -1 -1 -4.7453 153.4444 157.6601 199.6591 282.4081 2.0117 0.6438 1.0419 -7.4209 1.7664 12.2480 -5.2808 -1.9406
Cyclist -1 -1 -5.4020 1188.7526 166.0235 1241.0000 238.7571 1.7611 0.5364 1.5223 15.4505 1.5954 18.2332 -4.7074 -2.0312
Pedestrian -1 -1 -8.1520 893.8390 171.8224 912.6673 212.8713 1.8038 0.6566 0.4894 12.9501 1.7581 31.9769 -7.7709 -2.1776
