Car -1 -1 -4.4592 459.8960 178.7543 494.4310 204.5081 1.8804 1.6584 4.0613 -10.2400 2.3529 55.7240 -4.6405 -0.3448
Car -1 -1 -2.5382 0.0000 191.7720 72.4352 230.6199 1.5847 1.6973 4.0395 -26.1699 2.4356 31.4468 -3.2283 -0.5416
Pedestrian -1 -1 -8.2298 761.6507 174.4695 777.1678 205.6246 1.7431 0.6745 0.6194 8.9663 1.8348 40.7654 -8.0153 -0.8793
Pedestrian -1 -1 -7.9108 1096.3882 179.8402 1123.8723 245.4156 1.7968 0.5941 0.6321 14.0022 1.9970 20.2844 -7.3141 -0.9963
Car -1 -1 -5.5472 183.1280 195.1468 266.1421 223.5695 1.4282 1.5969 3.9658 -21.1142 2.6870 39.4930 -6.0357 -1.1739
Cyclist -1 -1 -8.0839 669.6299 180.8851 686.8870 218.0964 1.5600 0.3983 1.5539 2.9176 1.9179 31.3892 -7.9927 -1.3146
Car -1 -1 -7.7632 328.8948 185.0855 393.5898 237.8517 1.5475 1.6897 3.9693 -8.3208 1.9947 24.2743 -8.0906 -1.4112
Pedestrian -1 -1 -7.0821 0.0000 184.5449 20.6138 232.4814 1.7609 0.6025 0.6239 -22.6625 2.2036 27.0032 -7.7756 -1.4464
Cyclist -1 -1 -4.8280 1145.6415 180.9143 1164.4325 217.2329 1.6500 0.5188 1.5677 25.5914 2.0380 33.9475 -4.1867 -1.4576
Car -1 -1 -4.7913 770.3915 191.7956 797.7511 214.8167 1.4703 1.5840 3.8185 12.3306 2.8720 51.3964 -4.5579 -1.5158
Pedestrian -1 -1 -2.8871 403.7213 188.0874 417.0833 211.7327 1.8545 0.4618 0.9338 -15.8304 3.0655 57.1357 -3.1566 -1.6255
Pedestrian -1 -1 -3.7472 1210.6580 165.8777 1237.5813 225.7394 1.7783 0.5117 0.3936 18.4212 1.5707 21.7068 -3.0506 -1.6500
Pedestrian -1 -1 -8.1237 1193.9354 173.2153 1221.7396 220.3637 1.7703 0.6557 0.6816 22.7670 1.7840 27.5429 -7.4386 -1.7198
Car -1 -1 -4.6585 589.9481 181.5891 614.0886 203.8060 1.5191 1.5741 3.5228 -0.5824 2.1765 52.5385 -4.6701 -1.7443
Pedestrian -1 -1 -4.5494 197.9135 160.0253 245.3651 270.3954 2.0406 0.6731 0.8252 -7.4860 1.8031 13.8390 -5.0377 -1.9259
Car -1 -1 -4.7893 37.8563 194.8150 90.3224 231.6816 1.5292 1.6929 4.3206 -26.3378 2.6515 34.7059 -5.4350 -1.9585
Pedestrian -1 -1 -7.9511 1023.0471 173.1121 1043.5753 216.9794 1.8179 0.6703 0.7635 17.7810 1.8287 30.3939 -7.4265 -2.0816
Car -1 -1 -4.6819 235.6877 190.0172 268.9122 218.7438 1.5352 1.6588 4.0331 -21.4721 2.6177 43.3418 -5.1398 -2.0903
Cyclist -1 -1 -5.1211 1209.9498 175.6902 1241.0000 220.3710 1.7519 0.6480 1.6050 25.0819 1.8701 29.2630 -4.4179 -2.1090
Pedestrian -1 -1 -8.1677 1011.3842 169.1221 1040.5641 227.7009 1.8145 0.6273 0.6344 13.0444 1.6986 22.7234 -7.6527 -2.1531
