Cyclist -1 -1 -8.0730 683.7047 179.2508 700.9642 221.9684 1.6131 0.3362 1.5533 3.1725 1.8705 28.2743 -7.9631 -0.7214
Pedestrian -1 -1 -5.3469 1191.3623 180.4944 1241.0000 258.7683 1.7805 0.6189 0.8445 14.2345 1.9642 16.9375 -4.6572 -0.7433
Car -1 -1 -7.7982 297.1476 181.9071 367.1390 244.6065 1.5927 1.6689 4.0865 -8.0926 1.8856 21.1639 -8.1597 -0.9529
Pedestrian -1 -1 -8.8857 802.0511 168.3984 823.7919 206.0779 1.8144 0.6034 0.8309 9.8725 1.5996 35.2536 -8.6153 -1.1403
Car -1 -1 -4.5318 460.8982 172.6103 496.8192 205.1059 2.3455 1.8586 4.6507 -9.8598 2.3276 54.4073 -4.7106 -1.5235
Car -1 -1 -7.6973 297.7336 184.2005 345.4931 219.4483 1.5849 1.6178 3.8072 -14.2771 2.1794 35.7886 -8.0747 -1.7531
Cyclist -1 -1 -4.4341 291.9469 191.2769 308.3340 219.3175 1.6528 0.4882 1.6693 -19.1423 2.8110 44.5160 -4.8384 -1.8532
Car -1 -1 -2.0093 130.6653 189.1301 200.3387 222.8690 1.5309 1.5898 3.5888 -22.2232 2.3796 35.9836 -2.5595 -1.9206
Cyclist -1 -1 -6.4000 1193.4185 166.6561 1241.0000 227.8480 1.8828 0.6404 1.7332 19.6549 1.6918 22.9466 -5.6985 -2.0619
Car -1 -1 -4.2885 271.3582 192.7256 323.5865 219.6569 1.5351 1.6296 3.7808 -19.8225 2.8498 45.8423 -4.6949 -2.1791
Pedestrian -1 -1 -6.5764 1090.0366 164.6597 1121.8412 232.4186 1.7819 0.5814 0.5538 13.2311 1.5661 19.3347 -5.9838 -2.1826
