Car -1 -1 -7.8292 383.0380 181.4351 426.9390 221.8813 1.5390 1.6739 4.0684 -8.6631 1.9280 30.5570 -8.1036 -0.0442
Car -1 -1 -7.7672 467.4236 171.7381 492.9448 202.1499 2.5818 1.8291 4.5193 -11.4223 2.4867 63.5868 -7.9447 -1.1595
Pedestrian -1 -1 -6.3371 916.0331 173.9719 930.2678 218.3428 1.7761 0.4862 0.5003 12.6307 1.8215 29.2119 -5.9332 -1.4459
Cyclist -1 -1 -6.1600 978.2740 173.1355 1019.2427 212.8451 1.8197 0.6596 1.6235 18.1702 1.8329 33.8115 -5.6710 -1.4985
Cyclist -1 -1 -6.7012 1000.6578 173.2235 1050.5355 216.5930 1.8179 0.7083 1.6966 17.6174 1.8336 30.6881 -6.1847 -1.5944
Car -1 -1 -3.5815 818.7851 184.7311 902.9615 213.9517 1.4944 1.6444 3.9487 13.4087 2.1495 38.7762 -3.2515 -1.8157
Car -1 -1 -5.2596 716.6349 181.0621 761.9430 202.9071 1.5787 1.6245 3.9562 9.9382 2.2386 55.8906 -5.0850 -1.8220
Car -1 -1 -4.7116 1025.4398 169.4003 1064.5442 201.5206 1.6422 1.7323 4.1776 23.5271 1.4653 39.1269 -4.1739 -1.8415
Pedestrian -1 -1 -9.0384 970.8132 166.4406 991.2505 216.5451 1.8445 0.6545 0.4697 13.8153 1.6081 26.9542 -8.5697 -2.0171
Cyclist -1 -1 -8.0977 645.6646 176.2449 661.7383 208.2391 1.6238 0.4310 1.7215 2.2349 1.8048 37.6934 -8.0395 -2.0366
Car -1 -1 -7.7631 268.3389 177.7887 300.8301 205.9454 1.8733 1.7131 4.2521 -23.0235 2.2381 51.0952 -8.1848 -2.0610
Pedestrian -1 -1 -4.7827 318.4097 161.1471 346.4217 235.9398 2.0272 0.6662 0.9350 -7.7963 1.7096 20.1214 -5.1483 -2.0828
