Cyclist -1 -1 -8.0815 733.9497 176.4461 759.8895 235.9407 1.5684 0.3549 1.5368 3.7108 1.6710 19.8906 -7.9005 -0.8093
Car -1 -1 -7.6300 95.2693 185.0687 249.9589 291.1753 1.5686 1.5922 3.5465 -7.7528 1.8218 13.0414 -8.1578 -1.2494
Pedestrian -1 -1 -8.9132 1202.7101 154.3259 1241.0000 255.6986 1.8225 0.6068 0.6324 11.4833 1.4891 13.3747 -8.2150 -1.6867
Car -1 -1 -7.5075 624.8840 177.5302 665.1917 199.9762 1.6092 1.7592 4.1638 2.6831 1.9796 54.9314 -7.4595 -1.7488
Car -1 -1 -2.2322 10.7077 191.3467 126.7715 232.1498 1.5047 1.6288 4.0224 -21.8726 2.2847 29.1253 -2.8721 -1.7673
Car -1 -1 -5.0415 617.2969 178.9047 666.8726 207.6779 1.5870 1.6549 4.2518 1.8154 1.9666 43.0272 -5.0002 -1.8426
Car -1 -1 -7.4596 219.1059 193.8704 288.8373 225.1919 1.4529 1.7632 4.4981 -19.0975 2.6511 38.8507 -7.9141 -1.9283
Car -1 -1 -4.5101 813.8569 178.2620 860.6899 209.8584 1.5771 1.6495 3.9973 12.2575 1.8844 38.8975 -4.2075 -2.1342
Pedestrian -1 -1 -7.7436 850.5207 168.8099 868.4320 214.0040 1.7974 0.6256 0.5745 10.0150 1.6363 29.0892 -7.4157 -2.1388
Pedestrian -1 -1 -8.1201 964.6782 173.8177 992.1355 225.1781 1.7507 0.7069 0.6135 12.7003 1.7843 24.9797 -7.6551 -2.1875
