Car -1 -1 -4.2597 56.0939 193.2163 211.3082 271.3725 1.4297 1.5243 3.2960 -10.3128 1.9247 15.8243 -4.8299 2.1747
Car -1 -1 -4.9800 1044.7650 181.2428 1104.0521 211.7327 1.5553 1.6958 4.2662 25.8412 2.0508 40.3530 -4.4142 -0.2838
Car -1 -1 -7.9378 437.0621 179.6736 471.0316 208.8804 1.5579 1.5977 3.6949 -9.0257 1.9680 41.4212 -8.1515 -0.5426
Car -1 -1 -5.3990 1018.4628 184.8728 1093.2677 211.0129 1.4780 1.6708 4.2015 27.6791 2.2641 45.0137 -4.8511 -1.1916
Car -1 -1 -4.9794 622.5856 175.2405 661.9515 199.2724 1.6232 1.7093 4.3483 2.2200 1.8009 51.5034 -4.9370 -1.2062
Pedestrian -1 -1 -3.2118 1068.5721 175.2487 1114.1921 307.3424 1.5869 0.4377 0.4337 5.9214 1.6173 8.9745 -2.6444 -1.2970
Car -1 -1 -5.8409 873.0078 178.2863 944.7630 206.6503 1.6693 1.6504 3.8095 18.6375 2.0239 45.1782 -5.4524 -1.6120
Car -1 -1 -8.1030 815.4417 185.6376 857.3655 210.3744 1.5112 1.6901 4.1707 15.0929 2.4060 48.4010 -7.8031 -1.8357
Pedestrian -1 -1 -7.5592 139.8155 171.0488 162.6948 214.4236 1.8981 0.6903 0.6700 -20.3745 1.8188 31.9894 -8.1227 -1.8930
Car -1 -1 -4.8742 749.6694 185.8097 780.6910 207.5016 1.4666 1.6202 3.8435 11.3440 2.4546 53.0801 -4.6653 -1.9118
Car -1 -1 -3.1849 924.2460 179.7823 998.7772 210.2066 1.5300 1.5962 3.4855 18.5714 1.9116 38.3510 -2.7375 -1.9298
Pedestrian -1 -1 -5.9981 0.0000 193.0676 17.9186 243.1968 1.7801 0.6372 0.6992 -22.2581 2.5315 26.4016 -6.6937 -1.9542
Car -1 -1 -4.6956 999.3910 188.7209 1031.1659 216.5495 1.4549 1.5502 3.7051 23.5640 2.4217 41.9856 -4.1878 -2.0268
Car -1 -1 -4.9594 881.5385 184.2444 926.2754 212.2987 1.5073 1.5897 3.5187 17.0629 2.2011 42.1194 -4.5775 -2.0409
Pedestrian -1 -1 -3.0300 772.1045 169.3803 784.5131 200.3889 1.8349 0.6303 0.6575 10.0199 1.6290 43.1018 -2.8035 -2.0477
Car -1 -1 -7.6814 904.8057 177.9308 939.1194 203.6466 1.6725 1.5801 3.6120 21.4552 2.0351 49.6380 -7.2760 -2.1087
Car -1 -1 -4.7690 384.4768 188.0875 409.0099 209.4093 1.5017 1.6026 3.9567 -16.6055 2.7286 55.9973 -5.0564 -2.1661
Car -1 -1 -7.5557 134.1512 188.7235 206.8102 225.7446 1.5252 1.6896 4.4293 -20.6924 2.3266 34.0963 -8.0980 -2.1880
