Car -1 -1 -4.1561 0.0000 196.1047 133.5319 294.5815 1.4074 1.5028 3.2560 -10.2100 1.8747 12.8128 -4.8189 1.5459
Car -1 -1 -7.8688 429.8271 180.9566 460.7356 211.1454 1.5349 1.5866 3.8521 -9.1630 2.0053 39.8513 -8.0938 0.0227
Pedestrian -1 -1 -6.0520 775.5137 167.8406 793.3828 199.8138 1.8168 0.6106 0.8831 9.9905 1.5316 41.4704 -5.8176 -0.8500
Car -1 -1 -4.5333 203.7079 184.9770 239.4031 209.8201 1.6226 1.5844 3.7136 -27.4906 2.5146 51.0988 -5.0250 -1.1193
Car -1 -1 -8.1151 883.1386 178.6247 933.0748 209.7667 1.7075 1.6994 4.0872 17.4432 2.0640 42.4858 -7.7285 -1.3582
Cyclist -1 -1 -4.4380 283.8047 187.5976 304.2462 226.2322 1.6699 0.4461 1.5293 -14.2965 2.3513 32.5755 -4.8490 -1.5336
Car -1 -1 -4.7506 997.2487 181.9330 1026.0746 205.7357 1.5250 1.5800 3.7044 27.6335 2.1762 49.7695 -4.2467 -1.5677
Car -1 -1 -4.7612 1031.4347 183.2002 1065.0663 208.9466 1.5115 1.6294 3.9491 27.9729 2.2040 46.1921 -4.2200 -1.8225
Car -1 -1 -7.8197 828.5974 177.2243 862.7947 208.9454 1.5370 1.5780 3.4812 12.2073 1.7747 37.3914 -7.5069 -1.9038
Car -1 -1 -3.8580 837.1263 179.7683 891.8880 201.7489 1.5395 1.6040 3.6227 18.6075 2.0592 52.8454 -3.5216 -1.9531
Cyclist -1 -1 -3.9498 98.7216 186.9746 131.9874 220.5638 1.6861 0.5060 1.5435 -25.8654 2.4392 37.6968 -4.5480 -1.9767
Pedestrian -1 -1 -7.5978 401.3906 165.1213 423.4582 215.8475 2.0441 0.7009 0.7538 -8.1042 1.7322 29.4563 -7.8644 -1.9899
Car -1 -1 -6.0815 610.4354 177.1732 663.3275 197.4029 1.5088 1.6089 3.8275 2.0544 1.8486 55.5748 -6.0452 -2.0445
Pedestrian -1 -1 -7.5281 114.0567 187.5300 136.6465 228.0997 1.7605 0.6754 0.5937 -21.5007 2.4177 31.9552 -8.1167 -2.1373
Car -1 -1 -5.9586 38.3240 190.8504 149.9588 227.3130 1.4975 1.6213 3.7357 -22.9924 2.3342 32.2424 -6.5744 -2.1433
Car -1 -1 -4.7821 959.0925 178.4476 1000.7092 210.9538 1.5226 1.5871 3.9075 18.6791 1.8227 36.6321 -4.3143 -2.1646
