Car -1 -1 -4.4003 343.1644 186.0224 416.3785 225.6894 1.4968 1.7496 4.2225 -9.7482 2.0963 30.7496 -4.7053 1.8655
Car -1 -1 -4.1891 0.0000 185.7096 227.5271 296.0666 1.5489 1.6915 4.4019 -8.7864 1.8186 12.9030 -4.7776 1.5622
Car -1 -1 -4.5780 421.6029 183.1103 458.9218 210.5442 1.5158 1.6637 4.0270 -10.2170 2.1636 43.5092 -4.8078 0.9307
Car -1 -1 -4.7414 502.2060 177.4328 524.9191 198.9820 1.5811 1.6265 3.7946 -7.5127 1.9475 55.7944 -4.8750 -0.4707
Cyclist -1 -1 -7.9571 1100.1793 175.6573 1145.3041 281.6913 1.5883 0.4050 1.5907 8.1957 1.6363 11.6457 -7.3564 -1.1566
Car -1 -1 -4.5748 464.8790 182.3539 505.5552 211.4252 1.4752 1.6718 4.1489 -6.9112 2.0304 40.0872 -4.7449 -1.6114
Car -1 -1 -7.8973 587.3840 178.4145 606.5823 195.1450 1.5208 1.6584 3.9696 -1.2900 2.0676 68.9699 -7.9163 -1.7046
Car -1 -1 -4.7376 918.5261 187.5955 941.9386 207.7892 1.4926 1.6237 4.0558 25.9929 2.7363 58.7055 -4.3232 -1.7119
Pedestrian -1 -1 -7.6662 36.1239 190.2329 62.5974 244.4854 1.7144 0.5947 0.4925 -18.2092 2.2858 23.3818 -8.3225 -1.9224
Car -1 -1 -4.8305 291.1039 184.7838 323.9427 209.1529 1.5443 1.6314 4.0787 -21.0377 2.4073 50.0340 -5.2269 -1.9398
Car -1 -1 -4.9423 845.3414 185.4452 874.9553 203.5581 1.5238 1.6554 4.0577 22.7218 2.7072 65.7275 -4.6113 -1.9721
Car -1 -1 -7.6765 483.7987 173.7283 520.5217 204.3109 1.9150 1.6892 4.0836 -7.0611 1.9746 47.3656 -7.8241 -2.0636
Car -1 -1 -6.9167 886.9553 177.8428 949.9344 199.7787 1.5239 1.6506 3.9656 22.1666 1.8916 51.9602 -6.5159 -2.1235
Car -1 -1 -4.9396 690.8824 176.0889 735.3297 203.2964 1.5426 1.7212 4.3017 6.1393 1.7480 43.6568 -4.8013 -2.1647
Car -1 -1 -4.6059 906.5425 185.5771 936.3228 207.6392 1.5259 1.6528 4.1282 23.5885 2.5281 54.6506 -4.2009 -2.1842
