Car -1 -1 -4.3440 215.8734 188.6580 333.7588 246.9715 1.4744 1.6974 4.4705 -9.9705 2.0006 21.7589 -4.7695 1.8197
Car -1 -1 -4.4402 361.2399 185.0191 415.1396 219.0852 1.4683 1.5538 3.4739 -10.4610 2.0727 34.1079 -4.7361 1.5282
Cyclist -1 -1 -7.6926 0.0000 182.5629 15.5599 232.9480 1.7242 0.4303 1.8285 -21.8692 2.0849 25.9334 -8.3883 -0.7551
Car -1 -1 -7.8913 482.5300 175.8958 507.8721 201.0985 1.6966 1.6254 3.8567 -8.1944 1.9205 51.1181 -8.0498 -0.9919
Car -1 -1 -4.9802 849.4507 179.3172 888.0595 202.3692 1.5961 1.6298 4.1426 19.0191 2.0921 53.2760 -4.6395 -1.2880
Pedestrian -1 -1 -8.0316 1215.1772 165.5436 1241.0000 296.2384 1.7240 0.5296 0.4302 8.5830 1.6272 9.8364 -7.3296 -1.3978
Car -1 -1 -8.3124 888.1895 171.8269 941.8745 198.5124 1.6117 1.6004 3.7729 19.1375 1.5494 45.5114 -7.9170 -1.4789
Car -1 -1 -4.8375 245.2461 187.9653 275.1643 209.1228 1.5523 1.6742 4.1135 -28.2843 2.8173 58.2341 -5.2881 -1.8153
Car -1 -1 -5.1414 919.9075 181.7048 961.9596 201.7787 1.5708 1.6562 4.0222 27.5499 2.3343 60.2503 -4.7149 -1.8441
Pedestrian -1 -1 -8.6720 1013.4706 175.0746 1043.7697 224.5562 1.7677 0.6287 0.7169 15.1786 1.8495 26.2505 -8.1532 -2.0430
Car -1 -1 -5.3172 822.8436 175.0225 877.7102 200.4078 1.6012 1.5841 3.7658 15.8543 1.7509 47.8888 -4.9997 -2.0559
Pedestrian -1 -1 -7.8790 977.4373 166.5617 998.3210 214.6809 1.8121 0.6893 0.5649 14.3907 1.5748 27.5759 -7.4028 -2.0661
Cyclist -1 -1 -7.5306 238.8740 183.0794 253.3392 208.0505 1.6493 0.3843 1.6191 -24.8191 2.3575 49.1648 -7.9962 -2.1369
Car -1 -1 -4.7651 184.3285 195.4250 219.3825 224.1802 1.5005 1.6186 3.8285 -24.3422 2.9069 42.9190 -5.2787 -2.1626
