Car -1 -1 -4.2305 37.4963 193.3006 243.7124 279.5341 1.4538 1.7275 4.6681 -9.9182 1.9659 15.6904 -4.7869 2.1970
Car -1 -1 -4.4137 303.5702 187.2980 369.1808 229.0435 1.4552 1.5163 3.0968 -10.5322 2.0442 27.8447 -4.7726 1.5408
Car -1 -1 -7.8667 468.6132 180.3796 493.8917 204.7130 1.5045 1.5875 3.8278 -8.6040 2.0250 47.8974 -8.0439 0.3061
Car -1 -1 -4.9032 857.4905 181.1021 892.8925 205.8755 1.6029 1.5947 3.8110 18.3067 2.1975 50.0292 -4.5548 -1.2448
Pedestrian -1 -1 -5.0413 1067.1064 183.1428 1094.4581 238.3432 1.7304 0.5448 0.6666 15.0504 2.0657 23.1517 -4.4714 -1.5588
Cyclist -1 -1 -7.9185 1214.8190 166.4646 1241.0000 310.6488 1.6688 0.4136 1.6059 7.9245 1.5945 9.1203 -7.2197 -1.5977
Car -1 -1 -7.3592 128.8227 181.5900 261.8549 245.8909 1.6866 1.6865 4.0695 -12.2337 1.9717 21.5307 -7.8709 -1.7220
Cyclist -1 -1 -5.3901 117.9771 179.6705 181.8760 248.5340 1.8253 0.6355 1.5729 -12.6670 2.0172 19.7904 -5.9536 -1.8529
Pedestrian -1 -1 -5.1699 1008.4747 170.8729 1032.4681 213.7148 1.7721 0.6428 0.6651 17.1276 1.6898 30.1944 -4.6586 -1.9198
Car -1 -1 -3.0397 385.1396 174.0965 479.3138 209.5496 1.7984 1.7831 4.6427 -9.2952 1.8654 37.8869 -3.2791 -1.9707
Car -1 -1 -5.8850 1.2879 182.6353 117.9873 217.9398 1.5214 1.6119 3.9358 -25.1567 1.9864 33.0601 -6.5318 -1.9730
Car -1 -1 -6.8846 785.0681 177.4460 847.8403 203.4727 1.5514 1.5883 3.4543 12.7680 1.8444 44.7751 -6.6090 -1.9861
Pedestrian -1 -1 -7.3359 1202.3916 183.8787 1241.0000 245.7035 1.7551 0.6611 0.7556 17.8752 2.0837 21.0825 -6.6402 -2.0119
Car -1 -1 -4.4779 232.5143 198.1348 275.5244 224.5329 1.4444 1.5919 3.7326 -22.3225 3.1010 45.2961 -4.9338 -2.0676
Car -1 -1 -2.9417 162.4585 189.3639 248.7232 218.4906 1.5099 1.6540 3.9587 -22.5781 2.4650 40.3644 -3.4491 -2.1081
Cyclist -1 -1 -6.4530 981.9551 171.7114 1031.5432 216.9571 1.8087 0.6503 1.6833 16.1141 1.7628 29.4220 -5.9567 -2.1127
Car -1 -1 -6.5477 1218.8033 172.7760 1241.0000 342.4112 1.5157 1.6257 3.9232 9.5400 1.5147 8.1999 -5.7050 -2.1303
