Car -1 -1 -4.4366 384.6419 180.9817 449.6605 220.2400 1.5081 1.6265 3.9936 -8.1225 1.8747 30.5615 -4.6947 1.7529
Car -1 -1 -4.0229 0.0000 198.5498 137.1519 362.2505 1.4069 1.6287 4.1395 -8.0472 1.7999 8.9499 -4.7406 1.1584
Car -1 -1 -7.8827 397.1891 175.1740 433.7674 211.1686 1.7519 1.7212 3.7130 -10.1620 1.8783 37.4042 -8.1466 -1.4538
Car -1 -1 -4.6428 246.8526 178.0690 269.8638 195.6680 1.4979 1.5854 3.9116 -31.5561 1.9810 64.7729 -5.0948 -1.7731
Car -1 -1 -5.2075 246.0983 184.0733 296.9612 206.1086 1.5423 1.6582 4.2392 -25.5658 2.4177 54.3937 -5.6453 -1.8776
Cyclist -1 -1 -7.6163 172.1765 184.7791 186.7516 212.1145 1.6857 0.4084 1.7045 -27.5522 2.4623 46.1328 -8.1524 -1.9007
Car -1 -1 -7.8748 68.7087 181.4431 102.5759 208.7346 1.5696 1.6276 3.9927 -32.6849 2.1285 44.8924 -8.5015 -1.9969
Car -1 -1 -7.4735 268.7576 182.2453 340.9435 215.8401 1.4750 1.7155 4.3960 -14.7861 1.9607 35.1276 -7.8696 -2.1014
Car -1 -1 -4.6168 630.6909 176.0847 665.7665 205.4867 1.5643 1.6249 3.9009 2.1732 1.7563 40.8886 -4.5646 -2.1150
Car -1 -1 -6.6321 960.8330 175.2312 1176.0393 247.6808 1.5372 1.6436 3.8362 10.3001 1.5954 16.5714 -6.0845 -2.1689
