Car -1 -1 -4.5455 460.6470 181.7502 499.2086 209.3672 1.5517 1.6377 4.2031 -7.9124 2.1200 44.0089 -4.7228 1.0788
Car -1 -1 -4.5601 504.8830 181.1443 528.4180 197.9358 1.4712 1.5857 4.0179 -8.6887 2.2668 67.2466 -4.6885 -0.5714
Car -1 -1 -5.9955 83.0340 198.7365 155.3253 224.6240 1.5273 1.5943 3.5413 -31.5686 3.2398 46.4535 -6.5900 -1.0432
Car -1 -1 -4.2352 123.4926 197.8751 191.5631 228.5945 1.5328 1.6487 4.0016 -25.9131 3.0403 41.4186 -4.7917 -1.2238
Car -1 -1 -4.7873 647.5390 182.6363 691.6804 218.5406 1.4736 1.6753 4.1255 2.6048 1.9460 32.8040 -4.7094 -1.2455
Car -1 -1 -4.2622 612.9631 178.8452 656.4238 200.9606 1.5494 1.6390 4.0750 1.8589 2.0150 53.9203 -4.2284 -1.2890
Car -1 -1 -3.2705 638.4413 182.6660 714.3427 212.4578 1.4699 1.5953 3.7017 3.3313 1.9853 37.0469 -3.1822 -1.7291
Car -1 -1 -4.3519 363.1407 182.0195 410.0359 207.0118 1.5589 1.6768 4.1045 -15.0300 2.2032 48.6462 -4.6504 -1.9906
Car -1 -1 -7.4869 307.4945 183.1902 369.0990 214.1338 1.5537 1.7345 4.3420 -14.9568 2.1557 39.8640 -7.8440 -2.0696
Car -1 -1 -5.2398 0.0000 191.7583 46.3638 216.0778 1.5316 1.6477 4.1194 -40.7598 2.8604 49.2409 -5.9288 -2.0746
Car -1 -1 -7.2800 626.1492 179.2935 675.4506 201.4663 1.5295 1.6421 4.1481 3.0185 2.0231 53.1859 -7.2241 -2.1106
