Car -1 -1 -4.2891 144.1171 189.8056 291.4056 258.3277 1.4539 1.6751 4.3088 -9.9380 1.9424 18.6013 -4.7742 2.0734
Car -1 -1 -4.4586 335.5189 186.1237 393.1101 223.6277 1.4572 1.5564 3.2814 -10.5054 2.0567 30.9238 -4.7839 1.6052
Car -1 -1 -7.9568 472.4159 179.0927 502.3969 203.6919 1.5782 1.6220 3.9940 -8.4810 2.0246 49.5192 -8.1259 -0.3038
Car -1 -1 -4.4416 846.2782 176.1667 890.9715 204.3136 1.7145 1.6687 4.1993 16.7315 1.9386 46.6661 -4.0998 -0.7729
Cyclist -1 -1 -2.7143 117.8103 179.0426 192.5555 242.7714 1.8090 0.6917 1.7104 -13.2783 1.9929 21.0242 -3.2721 -1.5463
Car -1 -1 -2.7604 836.3688 169.9828 892.4612 194.5690 1.7555 1.6395 3.5532 18.7445 1.5502 53.3051 -2.4243 -1.6554
Car -1 -1 -4.2257 267.0330 188.8063 318.3814 213.0769 1.5004 1.6150 3.7801 -21.5617 2.6288 49.1068 -4.6378 -1.8047
Car -1 -1 -4.6358 886.7496 182.3637 909.4200 200.4934 1.5263 1.6122 3.9389 25.9910 2.4120 65.0975 -4.2580 -1.9143
Car -1 -1 -7.1950 864.4512 177.7028 1028.2865 249.4029 1.5113 1.6223 3.6429 7.8819 1.6357 16.9865 -6.7678 -2.0976
Pedestrian -1 -1 -5.7093 636.9692 175.5808 648.0870 198.1156 1.7563 0.7789 0.5387 2.5354 1.9725 56.8222 -5.6654 -2.1046
Car -1 -1 -3.4535 868.1230 178.7346 935.6126 201.2680 1.5281 1.6240 4.0638 20.3024 1.9462 50.3778 -3.0728 -2.1441
Pedestrian -1 -1 -6.4744 864.9691 171.7541 894.2109 246.8093 1.7068 0.5339 0.5385 6.1868 1.6815 16.7142 -6.1265 -2.1445
Pedestrian -1 -1 -7.9432 465.4969 169.6781 479.8537 206.6575 1.9807 0.7005 0.7415 -7.4823 1.8103 39.0988 -8.1315 -2.1923
