Pedestrian -1 -1 -7.8330 69.0353 176.4214 88.4863 220.3281 1.8338 0.6510 0.6157 -22.6010 1.9872 30.6461 -8.4645 -0.7009
Car -1 -1 -4.8951 247.5563 193.1001 283.6731 217.2682 1.4188 1.5276 3.5185 -22.6661 2.8002 47.3680 -5.3396 -0.8180
Car -1 -1 -4.1814 154.3702 194.2687 246.3338 231.3168 1.3988 1.6593 4.0846 -17.9001 2.3998 31.6805 -4.6924 -1.3647
Car -1 -1 -4.7519 279.6516 187.3024 309.5216 213.1861 1.6756 1.7895 4.5185 -22.7254 2.7619 51.8390 -5.1636 -1.3760
Cyclist -1 -1 -7.3407 100.0925 179.3046 134.1111 220.5902 1.6726 0.3875 1.7134 -20.7717 1.9516 30.3732 -7.9366 -1.7757
Car -1 -1 -4.4927 96.0251 190.3940 148.2366 220.3471 1.5208 1.6370 3.9854 -27.8912 2.5771 41.3105 -5.0838 -1.7845
Cyclist -1 -1 -7.9806 1212.4755 167.9482 1241.0000 263.7247 1.7139 0.3845 1.7724 11.8274 1.6258 13.7606 -7.2817 -1.7920
Car -1 -1 -4.8560 623.9990 183.4542 661.3224 212.0798 1.5859 1.6578 4.2552 1.8949 2.2615 43.8053 -4.8136 -1.8694
Cyclist -1 -1 -7.2298 118.0337 179.9852 152.5804 220.4396 1.6318 0.3521 1.5720 -19.8787 1.9376 30.1777 -7.8085 -2.0323
Car -1 -1 -4.7878 629.9812 184.4453 666.1615 214.9407 1.5288 1.6733 4.1314 2.0133 2.2021 39.8444 -4.7383 -2.0886
