Car -1 -1 -4.1687 0.0000 194.5626 161.5414 304.2439 1.4301 1.6425 4.4319 -9.8857 1.8781 12.6090 -4.8236 1.8462
Car -1 -1 -4.3670 263.5258 188.0301 344.8432 236.7254 1.4942 1.5645 3.2276 -10.4737 2.0506 24.8201 -4.7629 1.7657
Car -1 -1 -7.8820 460.6926 180.3298 489.1096 206.5642 1.5639 1.6779 3.9362 -8.7398 2.0653 46.3130 -8.0679 -0.0047
Car -1 -1 -5.1719 969.4177 183.2238 1020.5197 205.7270 1.5203 1.6203 4.1233 28.0397 2.3080 52.7484 -4.6861 -0.9963
Cyclist -1 -1 -7.9338 637.2020 176.2948 643.3871 198.7094 1.6468 0.3370 1.5551 2.2363 1.9080 54.0364 -7.8931 -1.1926
Car -1 -1 -7.0266 909.9133 177.8354 1143.3529 266.7741 1.4890 1.6072 3.6606 7.6405 1.5897 13.4245 -6.5193 -1.1961
Cyclist -1 -1 -7.7123 765.6980 172.4085 773.7249 197.4510 1.6411 0.3086 1.5639 10.6111 1.6116 48.0697 -7.4967 -1.4934
Car -1 -1 -5.0689 853.1032 178.5190 901.2736 204.3583 1.6388 1.6504 4.2819 17.9856 2.0389 48.8496 -4.7186 -1.5358
Car -1 -1 -3.1523 879.3181 183.8166 957.3626 212.6626 1.5039 1.6484 3.9291 17.1163 2.1383 40.2695 -2.7535 -1.7375
Car -1 -1 -4.8108 997.5551 180.6054 1037.1124 208.8885 1.5251 1.6385 3.5964 23.6004 1.9968 41.9656 -4.3020 -1.9023
Pedestrian -1 -1 -7.1377 147.4588 187.1929 172.2009 225.8295 1.7571 0.6586 0.7293 -20.9578 2.4314 33.5331 -7.6929 -1.9606
Car -1 -1 -8.1968 932.1837 184.6610 982.3175 210.1825 1.4560 1.6216 3.7759 21.5242 2.2231 44.9378 -7.7532 -1.9764
Car -1 -1 -4.8008 225.6497 195.7677 261.0446 222.6612 1.4550 1.6210 3.8128 -22.7125 2.9351 44.5699 -5.2700 -2.0057
Car -1 -1 -4.6414 189.4885 188.8928 229.4520 219.4924 1.5060 1.6415 4.1284 -22.2111 2.4454 40.0551 -5.1452 -2.0456
Pedestrian -1 -1 -3.9243 160.0097 185.2890 180.5778 223.5957 1.7934 0.6072 0.5762 -20.9783 2.3914 34.3617 -4.4692 -2.1804
