Car -1 -1 -7.7639 353.7693 181.9115 409.3098 228.1749 1.5722 1.6652 3.7278 -8.6127 1.9397 27.3004 -8.0672 0.1866
Cyclist -1 -1 -8.0634 656.7626 177.2452 672.4210 212.0509 1.6317 0.4229 1.6157 2.5886 1.8486 34.8639 -7.9905 -1.1298
Car -1 -1 -1.9150 0.0000 195.9162 59.7313 235.0293 1.6409 1.6322 3.7197 -27.6997 2.7770 33.8928 -2.5965 -1.2115
Car -1 -1 -7.3690 230.4511 193.1811 292.4141 220.6341 1.4294 1.6685 3.8590 -20.4529 2.6797 42.4311 -7.8160 -1.2697
Pedestrian -1 -1 -6.0339 759.3871 172.3890 776.8910 203.0761 1.7622 0.5802 0.8777 9.1451 1.7352 41.8895 -5.8209 -1.3506
Car -1 -1 -4.5703 1041.6882 186.6760 1083.3241 214.7240 1.5052 1.5765 3.7922 26.7148 2.3587 42.6118 -4.0140 -1.3896
Car -1 -1 -6.9809 231.7870 186.6682 302.8575 214.6375 1.6537 1.6607 4.0648 -22.2912 2.5956 47.0208 -7.4217 -1.4055
Pedestrian -1 -1 -4.5635 263.5731 159.9491 303.4710 248.9480 2.0112 0.6948 1.0963 -7.6937 1.7193 16.9269 -4.9846 -1.4067
Car -1 -1 -4.6068 464.3965 173.2158 492.6425 204.4607 2.5223 1.8595 4.6251 -11.0354 2.5536 60.6776 -4.7863 -1.4194
Car -1 -1 -2.8130 778.3839 180.7211 846.5394 207.8055 1.5333 1.6139 3.6322 12.1588 2.0259 43.5189 -2.5429 -1.5318
Car -1 -1 -7.0403 1114.3923 179.7628 1220.5638 214.1547 1.5280 1.6607 3.8085 25.7919 1.8582 33.4956 -6.3888 -1.6131
Car -1 -1 -4.2171 52.4983 193.4944 128.2190 226.5627 1.5259 1.6080 3.7621 -27.0975 2.6607 37.7146 -4.8370 -1.6751
Cyclist -1 -1 -3.6144 1057.6626 170.7264 1115.3879 219.6610 1.8337 0.6760 1.7144 18.0744 1.7536 27.4621 -3.0377 -1.7031
Pedestrian -1 -1 -3.2917 953.7209 171.3051 981.0498 222.0237 1.7964 0.5257 0.8074 12.7885 1.7412 25.9269 -2.8385 -1.7126
Pedestrian -1 -1 -6.8335 1018.0363 165.8649 1048.5278 220.7992 1.7865 0.7462 0.5584 13.9336 1.5589 23.8459 -6.3106 -1.7396
Car -1 -1 -3.8003 65.2829 192.3396 169.9775 228.1920 1.4900 1.6048 3.9738 -23.4294 2.4777 34.4481 -4.3942 -1.8188
Car -1 -1 -4.8647 202.9844 190.0813 245.0769 219.6248 1.5163 1.5869 3.6628 -22.1260 2.5470 41.2395 -5.3547 -1.8201
Cyclist -1 -1 -4.7907 1127.2904 167.2686 1152.3506 219.5310 1.7424 0.5606 1.5978 18.2104 1.5559 24.8834 -4.1650 -1.9171
Cyclist -1 -1 -5.0325 1052.3719 179.1110 1080.5865 217.8101 1.7402 0.6137 1.6499 21.1998 2.0389 33.6024 -4.4741 -1.9316
Cyclist -1 -1 -2.6220 96.5336 181.2394 146.2552 223.8796 1.8581 0.6069 1.7548 -21.6672 2.2334 31.9522 -3.2142 -2.0721
Car -1 -1 -4.6673 586.6927 182.1131 609.4402 202.5596 1.5513 1.6690 4.2181 -0.9660 2.3329 58.8047 -4.6841 -2.1477
