Car -1 -1 -7.8730 398.8384 180.2432 439.4170 217.6098 1.5852 1.7262 4.2026 -9.0094 1.9537 33.7594 -8.1322 -0.8925
Car -1 -1 -7.0647 960.0872 174.5420 1037.5665 201.7779 1.5144 1.6189 3.9466 22.3846 1.6146 41.6275 -6.5747 -0.9691
Car -1 -1 -7.7669 469.8419 172.2893 493.6171 201.1627 2.5817 1.7953 4.3433 -11.8523 2.5309 66.7579 -7.9423 -1.2287
Car -1 -1 -4.8919 583.5504 178.3086 612.9822 199.4574 1.6234 1.6737 4.1448 -1.0192 2.0835 58.7139 -4.9096 -1.4684
Car -1 -1 -7.8382 419.1172 182.0914 437.3032 200.1146 1.5981 1.6035 3.6696 -17.1196 2.4931 67.9654 -8.0844 -1.4689
Car -1 -1 -5.3812 1183.0022 184.6184 1241.0000 222.8777 1.5196 1.6490 4.1043 27.7851 2.0754 32.0235 -4.6717 -1.5744
Car -1 -1 -9.0611 1054.7557 179.6032 1145.4496 209.5922 1.5256 1.6302 3.7885 26.8132 1.9148 39.6301 -8.4701 -1.7560
Pedestrian -1 -1 -8.2254 1047.7770 173.2189 1072.4629 216.2738 1.8142 0.7141 0.6220 19.1516 1.8296 30.7794 -7.6736 -1.8068
Car -1 -1 -7.9684 637.1530 174.6309 671.7195 203.0649 1.5972 1.6107 3.7596 2.5493 1.7068 42.6927 -7.9096 -1.9041
Pedestrian -1 -1 -6.4973 912.2711 178.1689 925.9155 211.3136 1.7839 0.5265 0.5816 16.7712 2.0749 39.2462 -6.0967 -2.0428
Car -1 -1 -7.6231 26.3882 178.8634 81.8346 208.0962 1.5570 1.6377 4.0241 -31.9206 1.9203 41.4930 -8.2759 -2.1511
