Car -1 -1 -4.5384 448.3473 181.4998 488.1462 210.7153 1.5106 1.5507 3.7793 -7.9099 2.0165 40.3382 -4.7312 0.9921
Car -1 -1 -4.5005 499.3219 180.8105 526.8419 198.7555 1.4836 1.6004 3.9811 -8.5182 2.2062 63.5151 -4.6336 -0.4265
Pedestrian -1 -1 -6.0185 678.3817 173.6160 693.6882 200.8819 1.7836 0.5948 0.8813 4.9904 1.8341 47.6588 -5.9152 -1.3313
Pedestrian -1 -1 -4.3716 242.8698 183.7622 260.1973 219.0064 1.6841 0.5994 0.5601 -17.4178 2.2174 34.9848 -4.8308 -1.6068
Pedestrian -1 -1 -6.9875 1182.8400 186.6274 1241.0000 374.0000 1.6745 0.5621 0.5803 5.0699 1.7906 5.8122 -6.2962 -1.6819
Car -1 -1 -4.8703 642.3662 181.5695 691.0932 217.8760 1.4361 1.5517 3.5216 2.3556 1.8351 31.2343 -4.7963 -1.8300
Cyclist -1 -1 -4.2531 983.4160 160.5697 1048.2708 245.5550 1.7771 0.5473 1.7176 8.8486 1.5199 15.8037 -3.7512 -1.8412
Car -1 -1 -7.4781 614.0403 178.6708 655.4195 201.2876 1.5349 1.6471 3.9910 1.8032 1.9731 52.2363 -7.4443 -1.8545
Car -1 -1 -6.2618 12.2728 198.6831 96.7826 227.7738 1.5474 1.6436 3.9759 -33.4127 3.1692 43.4780 -6.9143 -1.9237
Car -1 -1 -6.4977 626.6431 178.9740 689.0259 201.2100 1.5130 1.6692 4.1242 3.3179 1.9536 50.8528 -6.4334 -1.9510
Car -1 -1 -4.6815 100.6452 190.6428 129.2049 213.5692 1.5165 1.6041 3.8195 -36.3105 2.8716 52.9354 -5.2806 -2.0470
