Car -1 -1 -4.2835 147.5112 190.1581 266.6695 254.6287 1.4506 1.4913 3.2007 -10.3956 1.9400 18.7696 -4.7836 1.9385
Car -1 -1 -8.0253 441.1159 179.1063 478.6507 208.1986 1.6184 1.5793 3.6940 -9.0211 2.0081 43.0091 -8.2313 -0.1639
Cyclist -1 -1 -7.9903 771.8361 171.7735 780.9110 199.5778 1.7063 0.3366 1.5740 10.3548 1.6397 45.0792 -7.7664 -0.8991
Car -1 -1 -4.6110 1035.4012 180.8549 1074.9075 209.4771 1.5419 1.5948 3.7947 25.8898 2.0292 41.9776 -4.0620 -1.1297
Car -1 -1 -5.2247 842.8547 174.2216 898.3619 201.1453 1.7433 1.6817 4.2389 17.6546 1.8404 49.1760 -4.8823 -1.1417
Car -1 -1 -4.8288 176.9732 178.3807 215.2584 207.1392 1.7795 1.7146 4.2857 -27.4488 2.1620 47.7386 -5.3484 -1.1975
Car -1 -1 -4.7606 891.2774 180.4777 923.6999 207.3182 1.5603 1.6677 4.2504 18.6835 2.0651 45.5231 -4.3739 -1.3593
Car -1 -1 -4.6633 998.8738 182.8670 1030.1283 208.2744 1.5467 1.6225 4.0197 26.7593 2.2386 47.7421 -4.1555 -1.6293
Car -1 -1 -5.0428 918.6750 181.0354 960.8272 202.2940 1.5375 1.6587 4.3053 25.5525 2.1987 56.1151 -4.6179 -1.9323
Car -1 -1 -6.4466 895.9831 183.3950 974.7586 210.7701 1.5071 1.6384 3.9607 18.8367 2.1394 42.0095 -6.0282 -1.9602
Pedestrian -1 -1 -7.9069 1070.8674 177.0997 1085.9012 211.2112 1.7848 0.6265 0.7722 24.8607 2.0131 38.3650 -7.3359 -2.0505
Pedestrian -1 -1 -7.8465 85.1098 186.0660 104.2178 230.0022 1.7433 0.6260 0.6938 -21.0160 2.2893 29.3718 -8.4635 -2.0924
