Car -1 -1 -7.8063 387.7430 181.4814 432.4236 220.4595 1.5626 1.7126 4.2677 -8.8938 1.9744 32.1998 -8.0742 -0.5596
Cyclist -1 -1 -3.0816 867.6733 175.7995 907.6590 214.6116 1.8250 0.6488 1.7605 13.3048 1.9690 34.6849 -2.7187 -1.2404
Pedestrian -1 -1 -7.5575 334.5298 160.3584 368.5663 230.9953 2.0706 0.6817 1.0632 -7.8078 1.7040 21.6969 -7.8994 -1.5718
Car -1 -1 -5.4942 988.4667 180.6798 1066.1227 207.1272 1.5147 1.6962 4.2142 25.8436 2.0260 44.9147 -4.9753 -1.7041
Car -1 -1 -2.2496 0.0000 169.8791 21.4178 206.9028 1.5363 1.6541 3.9078 -27.8596 1.4125 31.0766 -2.9763 -1.7244
Car -1 -1 -7.6957 468.3540 173.7081 496.1709 202.6440 2.5181 1.7999 4.4163 -11.5126 2.5976 65.1454 -7.8704 -1.7453
Car -1 -1 -4.3299 725.1561 183.2431 762.3989 204.0307 1.5395 1.5988 3.8673 10.6754 2.3976 57.5562 -4.1480 -1.9837
Car -1 -1 -4.9080 648.0922 176.6033 697.9658 207.9532 1.5040 1.7400 4.3819 3.1588 1.7100 37.4334 -4.8251 -2.1126
Car -1 -1 -5.3576 894.9503 190.0365 956.9703 215.7372 1.4871 1.6341 3.9158 20.3195 2.6476 46.6471 -4.9498 -2.1287
Car -1 -1 -5.3330 1137.8024 182.4406 1227.8682 213.8728 1.5271 1.6781 4.0755 30.3106 2.0644 38.3907 -4.6688 -2.1760
Car -1 -1 -5.2182 971.6381 176.1422 1026.0665 200.5238 1.6012 1.6322 3.8573 26.7611 1.8369 49.8497 -4.7283 -2.1884
