Car -1 -1 -4.4157 312.0587 187.2511 391.5217 230.5380 1.4522 1.7278 4.1224 -9.8410 2.0463 27.6957 -4.7545 1.3174
Car -1 -1 -4.0851 0.0000 179.9190 143.5810 325.8783 1.5699 1.7329 4.3355 -8.7953 1.6913 10.2002 -4.7839 1.1095
Car -1 -1 -4.5369 403.0833 182.7680 446.0246 211.6922 1.4840 1.6747 3.8639 -10.3548 2.0658 40.3728 -4.7868 0.8422
Car -1 -1 -4.7726 494.5684 176.7765 519.6205 198.9322 1.5798 1.6267 3.9401 -7.8018 1.8860 54.2852 -4.9150 -0.2203
Car -1 -1 -4.6660 285.9938 185.7473 314.9243 210.3713 1.5060 1.6021 3.8201 -20.7403 2.4070 48.3662 -5.0694 -1.4556
Car -1 -1 -4.5541 455.6533 181.0473 500.7101 211.7163 1.5028 1.7072 4.3834 -7.0478 1.9675 38.7443 -4.7334 -1.6799
Car -1 -1 -3.1470 573.8053 179.5495 619.6096 195.5073 1.4692 1.6371 4.2663 -1.2778 2.1083 68.0328 -3.1661 -1.7041
Car -1 -1 -4.8919 688.6018 175.9037 730.4007 203.3020 1.5280 1.7112 4.2634 5.8185 1.7182 42.8926 -4.7585 -1.7277
Car -1 -1 -7.9785 263.4382 175.9390 292.5134 197.7883 1.6929 1.6562 4.0758 -27.0573 1.9528 58.6856 -8.4091 -1.7622
Car -1 -1 -7.5354 641.1297 172.8290 675.0925 192.6046 1.6737 1.6911 4.3932 4.2458 1.6713 63.4200 -7.4692 -1.7628
Car -1 -1 -4.6426 896.6279 177.3479 924.9852 201.3225 1.5994 1.5987 3.7973 21.2410 1.9293 50.9614 -4.2502 -1.8704
Car -1 -1 -5.0741 841.6345 178.8403 883.0803 201.5564 1.6634 1.6611 4.1571 19.5141 2.1455 56.0431 -4.7412 -1.9159
Car -1 -1 -4.7070 836.6988 176.3076 861.6494 199.8797 1.5905 1.6258 3.7733 16.9840 1.8456 51.3305 -4.3896 -1.9786
Car -1 -1 -7.8434 403.1515 178.0271 428.6835 202.8424 1.5756 1.6011 3.7234 -13.0941 1.9385 48.6502 -8.1053 -2.0332
Car -1 -1 -5.0668 910.7033 186.4223 952.5135 207.1017 1.5069 1.6611 4.2523 25.5853 2.6307 57.6031 -4.6513 -2.1076
Pedestrian -1 -1 -4.7372 948.0040 177.3060 965.8856 220.4989 1.7977 0.6615 0.6951 14.6532 1.9889 30.5762 -4.2947 -2.1894
