Car -1 -1 -4.3885 267.3107 182.0597 374.2871 241.4168 1.5848 1.7192 4.3919 -8.7785 1.8962 22.1939 -4.7616 1.3349
Car -1 -1 -4.5313 414.7607 184.6475 459.2314 214.3975 1.4836 1.6676 4.0908 -9.4977 2.1666 39.7218 -4.7650 0.6756
Car -1 -1 -4.5985 459.0691 181.7237 489.1776 206.3196 1.6730 1.7120 4.0240 -9.8995 2.3452 52.6384 -4.7839 0.5238
Car -1 -1 -4.8786 514.3151 177.6131 541.7707 196.7886 1.5245 1.6336 4.0896 -6.9465 1.9387 60.6437 -4.9925 -0.7122
Car -1 -1 -7.7993 601.2447 178.3316 620.5355 195.5056 1.5526 1.6280 3.7759 0.0886 2.0861 68.3906 -7.7984 -1.0596
Car -1 -1 -4.3932 507.5613 178.7620 551.6224 206.3876 1.6486 1.6142 4.0353 -5.1180 2.0434 46.1155 -4.5036 -1.4734
Car -1 -1 -4.7317 878.6592 174.9610 901.4987 196.1710 1.5954 1.5870 3.8326 21.9706 1.7668 56.7558 -4.3645 -1.5191
Pedestrian -1 -1 -4.6521 906.4120 157.6695 920.5353 192.1259 1.7256 0.6187 0.7649 15.3617 0.9648 36.6136 -4.2579 -1.5225
Car -1 -1 -7.3243 818.7324 179.4278 858.8684 198.3496 1.6751 1.6721 4.2205 21.3506 2.3068 67.3271 -7.0189 -1.8267
Car -1 -1 -7.6453 836.2457 178.7503 865.4843 197.9948 1.5672 1.6115 3.9635 20.7568 2.0922 62.1725 -7.3249 -1.9920
Car -1 -1 -4.1142 93.9357 197.3996 199.9917 239.3748 1.4412 1.6767 3.9033 -18.5568 2.4971 29.0674 -4.6785 -2.1151
Pedestrian -1 -1 -3.9060 907.6525 144.6661 930.3281 182.8534 1.8106 0.6907 0.7248 14.7998 0.4738 34.6627 -3.5055 -2.1561
