Car -1 -1 -4.1450 227.5300 190.0227 300.5707 221.8148 1.4458 1.6203 3.7042 -17.6170 2.3683 36.8439 -4.5886 -1.0273
Car -1 -1 -4.8247 259.7422 183.2797 292.5059 209.4909 1.6207 1.5712 3.8378 -22.4071 2.3478 48.2926 -5.2573 -1.0373
Car -1 -1 -3.9272 75.5442 186.2901 198.3596 232.7774 1.5684 1.6603 3.8872 -18.0042 2.1210 27.6166 -4.5007 -1.2517
Car -1 -1 -4.6846 234.3719 187.7632 264.9774 214.7186 1.5017 1.5790 3.8427 -22.2471 2.4651 44.5672 -5.1456 -1.4772
Cyclist -1 -1 -4.2776 0.6369 173.7388 43.8400 225.0377 1.8771 0.5852 1.7427 -22.2970 1.9114 27.3497 -4.9569 -1.5734
Cyclist -1 -1 -7.4737 54.4898 184.9242 85.9945 230.0940 1.6436 0.3700 1.6579 -20.6412 2.1185 27.5569 -8.1121 -1.6014
Car -1 -1 -4.8259 637.6660 182.2171 677.6768 215.6324 1.5465 1.5927 3.6233 2.3080 2.0410 36.2809 -4.7636 -1.6763
Pedestrian -1 -1 -5.9025 92.7692 180.4834 119.5123 225.8404 1.7870 0.6686 0.6796 -20.2628 2.0972 28.9638 -6.5089 -1.8910
Car -1 -1 -6.7472 104.4144 182.0436 188.8997 209.6214 1.5937 1.6912 4.1549 -29.1036 2.1997 45.3907 -7.3149 -1.9543
Car -1 -1 -4.6954 613.6996 184.2513 641.0327 210.6295 1.4804 1.5965 3.7018 1.0517 2.2048 44.0010 -4.6723 -2.0099
Car -1 -1 -4.1950 149.2147 191.5756 243.3452 229.3800 1.4167 1.6862 4.1409 -17.7775 2.2788 31.1644 -4.7100 -2.0687
Cyclist -1 -1 -8.0219 782.3827 178.6763 803.0469 226.9930 1.7019 0.4266 1.8344 6.6690 1.9235 26.5700 -7.7793 -2.1080
Car -1 -1 -7.6635 290.2614 177.5026 367.4789 238.8830 1.8375 1.6577 3.9546 -9.2899 2.0053 24.0084 -8.0294 -2.1224
Pedestrian -1 -1 -6.0833 185.2303 183.0136 210.4043 242.6294 1.7907 0.7418 0.5360 -12.7557 2.1099 22.2574 -6.5989 -2.1509
