Car -1 -1 -7.8793 575.3259 171.6778 601.6298 194.9325 1.4986 1.6611 3.8342 -1.5120 1.4225 48.4589 -7.9107 0.1498
Car -1 -1 -7.8606 548.2006 170.4167 569.1559 190.1175 1.5468 1.6431 3.6889 -4.2049 1.3551 58.5535 -7.9323 -0.1137
Pedestrian -1 -1 -5.9932 472.3373 169.3209 489.1742 202.7261 1.7726 0.7993 0.6901 -6.9705 1.5848 38.7226 -6.1705 -1.1989
Car -1 -1 -3.3126 316.4798 174.9981 368.3998 195.8384 1.5855 1.6017 3.6150 -21.0905 1.7588 56.8220 -3.6667 -1.4410
Car -1 -1 -7.5259 314.1707 174.6978 371.4969 205.3715 1.5058 1.6210 3.9178 -13.8959 1.6067 37.6351 -7.8776 -1.4703
Pedestrian -1 -1 -5.2019 151.9803 175.9362 175.1048 221.7054 1.6684 0.5492 0.5195 -16.5771 1.7838 26.7196 -5.7530 -1.4918
Pedestrian -1 -1 -6.3901 1074.5708 170.2443 1088.9761 197.1926 1.8339 0.6183 0.7640 32.3624 1.6560 49.5511 -5.8146 -1.5245
Car -1 -1 -7.8567 662.4360 165.8883 684.7088 190.0061 1.8154 1.6721 4.0143 4.9291 1.2908 56.3818 -7.7703 -1.6146
Car -1 -1 -4.6032 256.3791 171.1396 287.8485 196.3391 1.7606 1.6377 4.0773 -24.6164 1.6405 52.6049 -5.0391 -1.7785
Cyclist -1 -1 -8.1119 303.1840 175.1135 323.4425 208.3327 1.8089 0.6319 1.7093 -16.6076 1.9375 40.2813 -8.5010 -1.8771
Cyclist -1 -1 -7.9438 315.9305 177.1689 326.6105 207.8753 1.6817 0.4116 1.6580 -16.2822 1.9291 40.5840 -8.3234 -1.9885
Pedestrian -1 -1 -7.2547 1028.6412 180.5518 1039.5869 203.2145 1.8174 0.5724 0.5183 34.3481 2.4450 58.4827 -6.7263 -2.0767
