Car -1 -1 -7.8794 574.3972 170.5710 600.3464 193.6941 1.4705 1.6145 3.8767 -1.5681 1.3250 47.8683 -7.9123 -0.1177
Pedestrian -1 -1 -7.9495 124.9867 182.2832 145.3006 230.1640 1.6255 0.5258 0.7284 -16.5808 1.9593 25.1205 -8.5283 -0.3125
Car -1 -1 -4.8103 143.3906 183.0668 189.0350 216.6229 1.5317 1.5902 3.7721 -22.2919 2.0708 36.1257 -5.3601 -1.3631
Car -1 -1 -7.8890 664.5020 167.0010 688.7310 190.7086 1.7334 1.6808 4.1180 5.0009 1.3052 54.8588 -7.7989 -1.4077
Car -1 -1 -7.8568 545.5325 169.8845 566.9198 191.0290 1.6352 1.6514 3.6260 -4.3312 1.4052 57.6709 -7.9317 -1.4237
Car -1 -1 -7.5399 370.4690 175.2539 413.2747 200.4587 1.5370 1.5586 3.6870 -13.9504 1.6966 46.2130 -7.8318 -1.4625
Car -1 -1 -7.5813 388.7365 172.4510 428.1784 196.7667 1.6490 1.6705 3.9709 -14.1994 1.6213 50.9180 -7.8522 -1.6337
Car -1 -1 -8.0109 547.2882 172.0541 578.7844 194.1839 1.4893 1.6028 3.9450 -3.3666 1.4351 50.6585 -8.0772 -1.6677
Pedestrian -1 -1 -5.6440 1031.9738 177.6005 1048.6355 204.8808 1.8346 0.6763 0.7120 29.2733 2.1606 49.1435 -5.1099 -1.7201
Car -1 -1 -4.8124 1026.5347 181.9551 1055.6239 202.8319 1.5774 1.6294 3.8670 34.8473 2.3407 58.4422 -4.2774 -1.8151
Car -1 -1 -3.2313 494.4011 175.2557 554.2902 197.8906 1.4855 1.5924 3.8928 -5.8394 1.6515 48.7860 -3.3501 -2.0361
Car -1 -1 -4.3347 298.9942 175.4042 357.7791 206.6402 1.4515 1.5336 3.4318 -13.8395 1.5829 35.5336 -4.7039 -2.0454
Car -1 -1 -2.8538 203.6798 182.3861 293.2744 212.9420 1.5410 1.6598 3.9391 -19.1413 2.0616 38.2688 -3.3151 -2.1657
