Car -1 -1 -7.8946 580.1976 170.6226 602.0493 190.1983 1.6248 1.7006 4.2522 -1.6793 1.4393 62.0671 -7.9219 -0.7456
Car -1 -1 -4.1903 618.5208 176.5509 662.6433 198.2567 1.4546 1.5291 3.5877 2.1616 1.7251 50.9336 -4.1485 -1.0140
Pedestrian -1 -1 -6.4972 219.0349 176.3399 237.9143 215.2339 1.6645 0.6336 0.6064 -16.6438 1.8179 31.3941 -6.9815 -1.5692
Car -1 -1 -3.1312 583.2463 175.7473 663.8772 207.1582 1.5019 1.6129 3.8785 0.6306 1.6475 35.5187 -3.1141 -1.7065
Car -1 -1 -4.6341 743.5305 179.8794 770.9634 202.8839 1.4911 1.5767 3.8745 10.2273 1.9990 50.1170 -4.4344 -1.7139
Pedestrian -1 -1 -4.9707 0.0000 178.8112 12.9713 231.1518 1.7592 0.5543 0.5146 -20.9288 1.9660 24.7115 -5.6682 -1.7178
Pedestrian -1 -1 -8.2792 1165.8934 181.4435 1183.6334 210.0365 1.8170 0.7165 0.5944 36.3178 2.3741 46.4483 -7.6192 -1.8820
Car -1 -1 -4.2750 649.2960 178.8314 697.4459 204.4707 1.4951 1.5890 3.6719 3.9564 1.8840 44.9898 -4.1883 -1.8933
Car -1 -1 -4.3916 331.1549 175.6103 387.9321 205.2315 1.5638 1.7385 4.3333 -14.0698 1.7272 40.6726 -4.7229 -1.9613
Car -1 -1 -5.3446 1119.5278 182.5891 1191.0730 207.7952 1.5603 1.6558 4.1935 36.4374 2.2414 48.3949 -4.7026 -2.0249
Car -1 -1 -5.1344 630.5370 172.4872 674.2384 195.2804 1.6275 1.6741 4.1873 3.0795 1.6010 53.7733 -5.0779 -2.0331
Pedestrian -1 -1 -5.8658 280.9079 174.5242 291.0308 195.9789 1.8366 0.6419 0.5853 -27.9274 1.9809 62.1387 -6.2868 -2.0385
