Car -1 -1 -7.7845 526.7850 176.6839 563.4666 206.6116 1.4247 1.6137 3.4950 -3.2825 1.6279 36.5634 -7.8739 2.5045
Car -1 -1 -7.8806 582.4031 176.5347 624.3678 215.3190 1.4839 1.6213 3.5091 -0.3666 1.6444 29.7309 -7.8935 2.0980
Car -1 -1 -4.6848 435.5510 175.9776 458.7253 196.9679 1.4913 1.5817 3.9835 -12.1830 1.7338 53.9956 -4.9060 -0.4807
Pedestrian -1 -1 -8.5531 1014.7944 171.2303 1108.9620 343.8752 1.6829 0.5951 0.5549 4.5345 1.6668 7.3560 -8.0195 -0.6499
Car -1 -1 -3.2115 252.8575 179.9692 335.0021 210.5362 1.5201 1.6478 3.8876 -16.7934 1.9132 38.2701 -3.6228 -1.1722
Pedestrian -1 -1 -7.6868 58.9481 183.9701 80.7981 219.2917 1.7540 0.7329 1.0128 -27.6047 2.3307 36.8358 -8.3267 -1.2167
Car -1 -1 -4.7423 185.6836 178.1063 218.9324 208.9837 1.6573 1.5553 3.5216 -23.3900 1.9714 41.2854 -5.2553 -1.5061
Car -1 -1 -4.4273 65.1629 189.5570 121.1294 218.0907 1.5346 1.6555 4.0895 -31.1733 2.5943 43.5882 -5.0455 -1.6176
Car -1 -1 -4.7623 0.0000 182.1142 56.8795 226.4418 1.5689 1.6467 3.9262 -23.0258 1.9588 28.3932 -5.4392 -1.8375
Pedestrian -1 -1 -4.7948 0.0000 174.7991 13.5388 215.5982 1.8378 0.6264 0.7352 -27.7923 1.9278 33.0294 -5.4905 -1.9262
Car -1 -1 -7.8087 522.9692 172.8863 546.6407 193.8353 1.5540 1.6370 3.9424 -5.7838 1.5562 55.5446 -7.9123 -1.9287
Pedestrian -1 -1 -2.7643 406.1948 171.1611 417.6423 190.9386 1.8451 0.4742 0.9248 -18.5779 1.6869 67.6018 -3.0317 -2.0578
