Car -1 -1 -7.8968 582.2900 169.1188 604.4510 190.1099 1.7295 1.7070 4.1646 -1.4749 1.4214 61.5830 -7.9210 -0.3648
Car -1 -1 -5.0217 638.3740 178.1200 685.4362 206.8463 1.4644 1.5137 3.6561 2.7483 1.7664 39.4563 -4.9533 -1.2713
Car -1 -1 -3.0292 642.7827 176.4095 705.4052 200.4456 1.4943 1.6073 3.8550 4.1030 1.7282 46.3721 -2.9420 -1.5983
Car -1 -1 -4.7600 324.1397 180.9364 354.4087 205.8739 1.4695 1.6200 4.0360 -17.3634 2.0099 46.1006 -5.1186 -1.7529
Car -1 -1 -4.4050 652.5366 175.0759 696.3041 202.5270 1.5672 1.5720 3.7620 3.8973 1.7074 43.5628 -4.3169 -1.9275
Car -1 -1 -5.4391 1100.4604 186.6774 1167.2969 210.5426 1.5076 1.5817 3.8312 36.0931 2.5009 49.8710 -4.8160 -1.9393
Car -1 -1 -7.5042 320.3225 175.8250 380.4313 206.6589 1.5568 1.7155 4.1805 -13.9596 1.7254 38.9306 -7.8467 -1.9984
Car -1 -1 -4.8130 651.8150 174.3503 674.3949 191.9318 1.4882 1.5812 3.9627 4.6136 1.6236 63.4197 -4.7410 -2.0006
Pedestrian -1 -1 -8.8238 1137.6873 154.0960 1183.7068 222.8521 1.5922 0.6310 0.6208 12.9965 1.1575 17.1042 -8.1825 -2.1023
Car -1 -1 -4.7360 225.6467 184.4491 264.7639 219.3240 1.5605 1.6451 4.1114 -18.2539 2.1732 35.9490 -5.2031 -2.1952
