Car -1 -1 -4.4003 339.7613 181.1824 425.6238 227.7735 1.4288 1.6850 3.8936 -7.7392 1.7371 24.7829 -4.7005 2.1002
Pedestrian -1 -1 -6.1985 47.8919 177.2235 78.1785 235.6192 1.7660 0.6261 0.6947 -16.9727 1.9037 22.3383 -6.8427 -0.6782
Car -1 -1 -4.6473 620.4162 176.0217 650.0496 202.3088 1.5219 1.5749 3.8240 1.5491 1.7245 44.2315 -4.6130 -0.8992
Car -1 -1 -4.7391 500.9164 175.8669 521.8309 194.8348 1.4891 1.5958 3.9534 -8.1697 1.7454 59.3856 -4.8756 -1.0327
Car -1 -1 -4.3335 418.8419 175.2421 456.5392 194.9158 1.5208 1.6120 3.9654 -13.9145 1.7205 58.3572 -4.5668 -1.6024
Car -1 -1 -7.9978 350.9687 172.4745 405.7396 216.8145 1.7315 1.6526 3.8196 -9.8085 1.7164 30.2558 -8.3091 -1.7036
Car -1 -1 -4.7694 329.4353 186.8763 350.9436 205.3670 1.5496 1.6163 3.9294 -24.6532 2.8695 65.8111 -5.1268 -1.8853
Car -1 -1 -4.5991 256.3105 191.4911 283.5889 212.9531 1.6227 1.6349 3.8197 -28.3684 3.2315 60.2228 -5.0380 -1.9047
Pedestrian -1 -1 -8.0337 506.2115 175.0968 517.2799 196.7591 1.7164 0.7955 0.5196 -7.8740 1.8964 57.6179 -8.1693 -1.9207
Pedestrian -1 -1 -2.2444 277.2630 176.2444 293.5119 209.8125 1.7099 0.5813 0.4968 -16.7740 1.8861 37.2007 -2.6656 -2.0225
Car -1 -1 -4.5302 290.1105 182.4996 321.9409 205.3345 1.6263 1.5827 3.7480 -23.1880 2.3891 55.0778 -4.9272 -2.0615
Car -1 -1 -2.8083 165.9924 181.9887 245.2011 208.4225 1.5411 1.6324 3.8939 -24.6315 2.1122 43.9964 -3.3164 -2.0718
Car -1 -1 -4.6786 619.7059 175.5948 650.1297 204.5226 1.5254 1.5778 3.8770 1.3977 1.6861 40.4107 -4.6448 -2.1013
