Car -1 -1 -7.9186 578.8187 175.9180 613.5098 206.2970 1.4633 1.5469 3.3725 -0.7851 1.6269 36.8548 -7.9403 1.2254
Car -1 -1 -7.7583 540.5257 175.4910 571.4963 200.3383 1.4644 1.5639 3.8203 -3.3508 1.6351 44.8598 -7.8328 1.1806
Car -1 -1 -4.5170 769.2020 176.9492 812.1804 205.6410 1.5161 1.6203 4.0381 10.2544 1.7604 40.9198 -4.2736 -0.9396
Pedestrian -1 -1 -7.9303 138.1894 184.3957 158.3088 230.4020 1.7315 0.6029 0.7229 -17.8772 2.1844 27.8623 -8.4966 -1.4244
Pedestrian -1 -1 -5.0155 203.8879 179.3311 221.8744 217.2899 1.8342 0.6567 0.4933 -19.5299 2.1555 35.4123 -5.5165 -1.4869
Car -1 -1 -5.5375 972.8950 178.3449 1041.5844 202.4611 1.5535 1.6588 4.0967 27.2459 1.9482 49.6913 -5.0389 -1.5651
Car -1 -1 -5.3031 22.1439 193.7497 127.1746 237.1184 1.5011 1.5734 3.4553 -20.4944 2.3378 27.5767 -5.9378 -1.6458
Car -1 -1 -2.6678 729.6873 177.5499 792.7865 200.9689 1.5850 1.6812 4.0944 10.7470 1.9328 51.5503 -2.4639 -1.6643
Car -1 -1 -7.3758 572.9401 175.2593 628.6437 203.5129 1.4641 1.6049 3.5633 -0.4967 1.6025 39.6738 -7.3887 -1.8209
Car -1 -1 -4.9460 1187.2075 183.8403 1241.0000 216.4569 1.5089 1.6216 4.0516 31.1411 2.1054 37.0205 -4.2510 -1.8816
Car -1 -1 -6.4383 224.2777 186.1398 302.4154 215.0347 1.4990 1.6016 3.7782 -19.5935 2.2809 40.7510 -6.8842 -1.9776
Pedestrian -1 -1 -6.8732 226.3390 178.3988 247.0499 210.1629 1.7929 0.5750 0.8867 -21.4718 2.1151 41.4371 -7.3490 -2.1353
Car -1 -1 -3.0065 0.0000 182.9106 22.3536 223.5769 1.5717 1.6837 4.2672 -27.8976 2.0260 30.7219 -3.7396 -2.1642
Car -1 -1 -4.6318 186.2475 191.6633 226.6325 222.7080 1.4369 1.5483 3.6493 -21.1130 2.4730 37.7778 -5.1388 -2.1772
