Car -1 -1 -4.0336 0.0000 193.2654 102.0919 374.0000 1.4748 1.5876 3.7553 -6.9389 1.7259 6.9456 -4.7993 0.8630
Car -1 -1 -7.3668 653.2897 180.7687 732.0611 219.2092 1.4494 1.6429 3.8886 3.4705 1.8023 30.1267 -7.2539 -1.0458
Car -1 -1 -7.2616 0.0000 184.1642 169.2979 249.1038 1.4946 1.7130 4.4474 -14.2084 1.8373 19.6354 -7.8817 -1.4610
Car -1 -1 -4.6843 642.8387 175.7864 666.5976 198.1566 1.5855 1.6597 4.0492 3.3356 1.8122 53.7776 -4.6231 -1.5079
Pedestrian -1 -1 -6.8584 107.9623 181.3521 136.7365 231.6247 1.6871 0.6130 0.5775 -16.7588 1.9827 24.7314 -7.4492 -1.7184
Pedestrian -1 -1 -4.3088 0.0000 179.3641 22.0108 229.3648 1.7920 0.6165 0.5339 -21.9718 2.0320 26.2926 -5.0001 -2.0077
Car -1 -1 -4.3587 639.3180 175.0605 675.3338 195.8598 1.5932 1.6173 3.9496 3.8048 1.7764 57.8559 -4.2937 -2.0346
Pedestrian -1 -1 -4.9469 143.0763 178.3776 166.0664 220.9191 1.7775 0.6804 0.7266 -19.4675 2.0165 30.7734 -5.5073 -2.0555
Car -1 -1 -7.7906 234.9535 179.7683 268.6642 207.4860 1.6343 1.6643 3.8716 -22.6731 2.0922 45.7028 -8.2491 -2.0615
Car -1 -1 -7.8566 581.5194 175.5613 600.0710 192.5140 1.4499 1.6029 3.8936 -1.7419 1.6982 64.3077 -7.8839 -2.1063
Car -1 -1 -5.1176 1017.9813 184.2198 1060.1129 204.2463 1.5603 1.6232 3.8931 35.9249 2.5459 60.5578 -4.5848 -2.1251
Cyclist -1 -1 -5.1975 641.5967 177.5551 670.9508 219.2902 1.6426 0.5264 1.5515 1.8289 1.8391 29.3970 -5.1367 -2.1278
Car -1 -1 -4.8250 736.6155 183.4048 760.7053 202.5321 1.5936 1.6649 3.9788 12.3226 2.5652 64.4185 -4.6373 -2.1599
Pedestrian -1 -1 -8.4558 729.0199 178.4538 748.6880 215.7487 1.7585 0.6180 0.7395 6.1398 2.0306 34.6265 -8.2825 -2.1620
