Car -1 -1 -7.7977 540.0668 174.8047 571.3113 202.2681 1.5818 1.6800 3.7857 -3.2863 1.7049 43.7370 -7.8727 1.6263
Car -1 -1 -7.8841 580.8862 176.5858 615.7850 207.4796 1.4482 1.6270 3.5359 -0.6649 1.6438 36.0663 -7.9030 1.4569
Car -1 -1 -5.1587 975.6397 174.3184 1026.8176 199.4908 1.6357 1.5994 3.7024 26.4643 1.7386 48.9906 -4.6663 -0.9727
Car -1 -1 -5.2097 935.1791 182.5298 994.3351 207.6853 1.5219 1.6707 4.2029 23.2040 2.1863 47.4338 -4.7577 -1.2225
Pedestrian -1 -1 -6.6011 756.4293 172.3796 770.8646 198.8563 1.7656 0.5803 0.8060 10.2819 1.7337 48.4489 -6.3937 -1.2324
Car -1 -1 -4.9319 775.6711 181.5662 821.1571 211.1676 1.4493 1.5642 3.6210 9.8890 1.9329 38.2404 -4.6812 -1.5300
Pedestrian -1 -1 -4.7730 1215.1521 145.3539 1238.6782 192.4727 1.9470 0.6996 0.8066 25.8945 0.8104 30.3472 -4.0714 -1.8644
Car -1 -1 -4.7057 389.4682 176.8941 415.4691 200.9647 1.5800 1.6737 4.0677 -14.4736 1.8734 50.2777 -4.9849 -1.8704
Car -1 -1 -4.7722 1021.7819 183.2547 1057.3179 210.5897 1.4695 1.5524 3.6924 25.1009 2.1079 42.3070 -4.2402 -1.9473
Car -1 -1 -2.7258 222.4044 185.6913 314.1518 217.1703 1.5341 1.6384 3.8926 -17.3824 2.2028 36.7347 -3.1653 -2.0144
Pedestrian -1 -1 -7.4415 1227.4591 179.1539 1241.0000 215.6072 1.7908 0.5509 0.7763 31.3106 2.1085 36.0065 -6.7303 -2.0654
Pedestrian -1 -1 -8.0734 275.0137 177.1262 291.7393 212.9949 1.7534 0.6090 0.7530 -16.2799 1.9684 35.8717 -8.4969 -2.0832
