Car -1 -1 -7.8433 582.3212 172.2831 602.1408 191.7051 1.6278 1.6611 4.0455 -1.5436 1.5797 62.5093 -7.8683 -1.2754
Car -1 -1 -7.9672 667.1784 179.6241 720.9149 220.3328 1.4487 1.6408 3.8583 3.1741 1.7316 28.2513 -7.8571 -1.5748
Car -1 -1 -4.6166 739.0323 179.1611 767.4089 201.4390 1.4937 1.6459 3.7405 10.2328 1.9617 51.5527 -4.4222 -1.6261
Pedestrian -1 -1 -2.8475 87.8444 178.4420 124.3632 267.2672 1.6595 0.4849 0.4502 -9.6956 1.7685 13.8172 -3.4505 -1.6666
Pedestrian -1 -1 -4.5661 674.7699 189.1495 690.1378 227.8372 1.1643 0.4087 0.4703 2.1850 1.6721 22.2246 -4.4701 -1.6868
Car -1 -1 -8.0161 373.6719 177.3077 400.7291 197.3064 1.6894 1.6602 4.0780 -19.8510 2.0984 64.1246 -8.3154 -2.0035
Car -1 -1 -7.5971 182.3659 183.9281 236.8362 214.6471 1.5186 1.6388 3.9353 -21.7658 2.1538 39.2977 -8.1003 -2.0382
Car -1 -1 -4.5175 634.2675 174.3536 669.8525 201.0204 1.6601 1.6245 3.7884 2.7573 1.7621 47.1838 -4.4600 -2.0668
Cyclist -1 -1 -7.6707 231.2167 187.6582 243.8510 216.6969 1.6364 0.3723 1.5940 -21.8704 2.5210 42.3107 -8.1455 -2.1035
Pedestrian -1 -1 -4.7265 235.1240 173.3485 249.9130 212.0504 1.7333 0.5895 0.8122 -16.7618 1.7558 32.8241 -5.1956 -2.1193
Car -1 -1 -5.1548 630.5612 173.3405 671.7580 195.3895 1.6181 1.6144 3.9199 3.0752 1.6564 55.1643 -5.0998 -2.1366
Pedestrian -1 -1 -8.5422 1046.8279 144.7480 1083.5621 203.7517 1.6597 0.6195 0.6452 12.9752 0.8688 20.6569 -7.9879 -2.1795
Car -1 -1 -4.7450 1017.9619 184.7248 1042.3934 203.6078 1.4681 1.6379 4.0732 35.4741 2.5077 61.0230 -4.2210 -2.1894
