Car -1 -1 -4.5099 423.9347 179.3872 473.5482 212.4442 1.4780 1.6058 3.8177 -7.7841 1.8115 34.9420 -4.7279 2.2108
Car -1 -1 -7.7378 66.5676 181.5128 113.7195 213.0623 1.5584 1.6195 3.7822 -27.9339 2.0484 38.8105 -8.3586 -0.5330
Car -1 -1 -4.7619 744.2025 188.0663 769.7610 210.6833 1.4459 1.5678 3.4965 10.2141 2.5483 50.4557 -4.5639 -1.4417
Car -1 -1 -6.0736 79.5211 176.7931 184.6752 208.9774 1.5675 1.6536 4.2500 -24.4726 1.7779 37.0586 -6.6541 -1.4727
Pedestrian -1 -1 -5.6825 465.6353 175.1821 478.8155 199.4541 1.7757 0.5542 0.7792 -10.2012 1.9486 53.2742 -5.8712 -1.5219
Pedestrian -1 -1 -2.5450 113.4835 178.9487 154.6629 262.2533 1.6904 0.5027 0.5181 -9.8972 1.8184 14.9350 -3.1223 -1.5825
Car -1 -1 -8.0423 658.9130 175.1787 736.6633 228.2984 1.6168 1.7756 4.4529 2.8115 1.7027 24.4493 -7.9299 -1.7030
Car -1 -1 -4.7306 643.7919 173.3742 674.9509 204.3352 1.6228 1.6332 3.9781 2.6496 1.6528 39.9135 -4.6653 -1.8138
Pedestrian -1 -1 -5.1851 320.4570 178.4465 335.3422 208.2178 1.7341 0.6521 0.5232 -16.6915 2.0672 42.6018 -5.5568 -1.9104
Car -1 -1 -4.6298 0.0000 194.9560 29.0213 220.2893 1.5354 1.6634 4.0537 -41.2157 3.1200 49.6013 -5.3206 -1.9246
Car -1 -1 -7.3756 239.3158 182.5275 326.0222 219.1339 1.4504 1.6869 4.3153 -14.4129 1.9081 31.9554 -7.7965 -1.9856
Cyclist -1 -1 -2.0455 0.0000 172.2638 24.0037 219.1364 1.8506 0.6308 1.7596 -24.5850 1.8270 29.1193 -2.7423 -1.9991
Pedestrian -1 -1 -7.6218 0.0000 179.6482 12.0656 214.5267 1.7827 0.6480 0.6779 -31.6250 2.1397 37.5010 -8.3190 -2.0100
Pedestrian -1 -1 -5.7035 159.0561 179.0926 180.2967 224.1723 1.7089 0.5693 0.4596 -16.9614 1.9509 27.7265 -6.2485 -2.0923
