Car -1 -1 -7.8546 576.3475 172.0519 601.4521 195.1057 1.5070 1.6412 4.0912 -1.4759 1.4542 49.2348 -7.8848 0.5512
Pedestrian -1 -1 -5.3646 178.6374 172.4820 196.6860 218.2377 1.7760 0.5178 0.3290 -16.6129 1.7613 28.3091 -5.8914 -0.3100
Car -1 -1 -7.8736 548.6143 170.3182 569.8336 189.6754 1.5387 1.6591 4.0389 -4.2374 1.3368 59.4417 -7.9447 -0.3306
Car -1 -1 -4.3224 323.3611 169.3660 381.4812 205.6761 1.8763 1.6292 3.8537 -13.9741 1.6958 39.2503 -4.6626 -1.1640
Car -1 -1 -4.9498 331.1403 174.2351 364.0682 195.2879 1.7047 1.6848 4.1435 -22.2023 1.8252 60.9044 -5.2982 -1.6683
Car -1 -1 -6.2797 233.7945 183.5112 307.0470 211.6783 1.5019 1.5807 3.7108 -19.3375 2.1308 41.1036 -6.7173 -1.6898
Car -1 -1 -8.0175 465.8429 173.9539 503.7263 201.9465 1.5510 1.6182 3.5289 -7.3728 1.6178 42.0633 -8.1903 -1.8232
Pedestrian -1 -1 -5.6699 1004.7654 176.1330 1020.2220 201.4955 1.8206 0.5533 0.8090 29.1999 2.0607 52.4045 -5.1644 -1.8398
Car -1 -1 -4.7522 266.5588 179.3394 293.2561 201.8771 1.5455 1.6202 4.1360 -24.2869 2.0411 52.9629 -5.1805 -1.8586
Pedestrian -1 -1 -3.3047 1228.9648 183.8686 1241.0000 220.8724 1.8060 0.6047 0.6162 31.2069 2.3599 35.8835 -2.5935 -2.0533
Car -1 -1 -6.5421 703.4771 181.2467 802.7939 217.0646 1.4411 1.5819 3.8206 5.9380 1.8049 30.3813 -6.3515 -2.0750
