Car -1 -1 -7.8325 576.7497 161.4072 605.6432 191.2713 1.6871 1.6299 3.5949 -1.1093 1.0402 42.5633 -7.8587 0.1738
Pedestrian -1 -1 -8.6550 1176.5266 176.4762 1204.0604 212.4862 1.8069 0.6171 0.9239 29.5504 1.9938 36.8022 -7.9828 -0.6365
Car -1 -1 -7.9766 1153.4889 179.9098 1203.6313 212.4987 1.5970 1.6217 3.7239 30.0284 1.9904 38.2460 -7.3151 -0.9593
Car -1 -1 -4.6124 542.7149 160.2894 571.2086 183.4774 1.6010 1.6569 3.9382 -3.8005 0.7332 51.8095 -4.6855 -1.4479
Car -1 -1 -4.4951 0.0000 177.1999 77.8061 221.9942 1.5588 1.6293 3.9886 -21.9139 1.7381 27.6760 -5.1603 -1.6988
Car -1 -1 -2.9455 387.7541 174.3758 461.2593 199.4872 1.4816 1.6020 4.0667 -11.1957 1.5751 43.5914 -3.1957 -1.7011
Car -1 -1 -6.2374 392.5610 176.2526 476.8894 205.6873 1.4897 1.6142 4.2294 -9.2040 1.6739 37.9861 -6.4739 -1.7466
Cyclist -1 -1 -4.8033 720.6467 175.8776 736.9036 213.4783 1.7165 0.6102 1.5283 5.5214 1.8613 33.8471 -4.6436 -2.0200
Car -1 -1 -4.5912 193.5717 172.9259 240.0768 204.2167 1.5251 1.6205 4.1057 -20.3394 1.5287 37.3842 -5.0867 -2.0619
Car -1 -1 -4.1184 209.4883 172.5029 265.4467 196.0571 1.5752 1.5978 3.8137 -25.9026 1.5515 50.2433 -4.5925 -2.0953
Car -1 -1 -4.6992 972.2000 176.7725 997.9142 199.1323 1.5742 1.6424 4.0895 27.9292 1.8777 53.7562 -4.2227 -2.1317
Car -1 -1 -7.7763 0.0000 178.7877 22.0728 227.8680 1.5063 1.6414 3.9832 -21.4015 1.7267 24.7429 -8.4842 -2.1791
