Car -1 -1 -7.8299 582.8884 176.5372 616.9545 208.6277 1.4842 1.5973 3.8853 -0.4953 1.6764 35.7686 -7.8442 2.1280
Car -1 -1 -7.8884 539.0807 176.0172 568.5107 202.7894 1.5140 1.6220 3.7101 -3.4362 1.7115 43.1950 -7.9677 1.9801
Car -1 -1 -3.7510 789.8076 181.8582 870.4830 213.6304 1.5100 1.6033 3.6279 11.0461 1.9801 36.3709 -3.4590 -0.4527
Car -1 -1 -4.1244 356.5666 179.4299 410.9430 204.4498 1.5044 1.5799 3.6402 -14.5217 1.9448 46.3875 -4.4265 -1.5657
Car -1 -1 -5.5746 1182.0212 191.1699 1241.0000 223.8385 1.4619 1.6166 3.6728 31.2455 2.4350 36.4044 -4.8699 -1.7765
Pedestrian -1 -1 -4.1777 263.4887 175.3420 284.3750 212.4218 1.7562 0.6192 0.7372 -16.1638 1.8767 34.6261 -4.6118 -1.7847
Pedestrian -1 -1 -4.5491 71.7309 187.0487 98.1948 239.4076 1.6858 0.5958 0.7397 -17.4646 2.1658 23.9473 -5.1741 -1.7865
Car -1 -1 -4.4317 390.9218 178.1071 428.3495 201.6645 1.5536 1.5656 3.6229 -13.9293 1.9321 50.2163 -4.7012 -1.9577
Pedestrian -1 -1 -6.8908 965.1425 165.4369 1047.0115 304.0237 1.7365 0.5638 0.7417 5.0721 1.6432 9.3668 -6.4086 -2.0129
Car -1 -1 -7.0007 178.9227 184.7898 263.2629 217.2427 1.5080 1.5724 3.6762 -19.8954 2.1527 36.9945 -7.4914 -2.1675
