Car -1 -1 -4.1560 0.0000 185.4951 235.3034 305.4109 1.4526 1.6046 4.1600 -7.7420 1.6870 11.2904 -4.7464 1.9856
Car -1 -1 -4.6009 474.6868 177.8292 505.7174 202.5568 1.4941 1.5565 3.7435 -7.6761 1.8261 46.2759 -4.7648 0.6084
Pedestrian -1 -1 -7.7428 203.3714 178.5436 222.0933 219.2934 1.6787 0.6221 0.6143 -16.6874 1.9200 30.2386 -8.2436 -1.4076
Car -1 -1 -7.4474 224.6182 177.1315 312.0069 219.0750 1.6116 1.7164 4.3858 -14.3026 1.8046 30.3941 -7.8841 -1.4800
Car -1 -1 -4.9126 782.0305 191.9221 826.5582 223.1487 1.4839 1.5774 3.6520 10.2546 2.5489 38.4395 -4.6545 -1.5414
Car -1 -1 -4.5328 241.4481 190.2757 283.2742 218.2950 1.5408 1.6180 4.0800 -21.4459 2.6693 44.5705 -4.9793 -1.7041
Car -1 -1 -4.9982 775.1983 188.1908 813.7824 212.1851 1.5207 1.5885 3.7474 12.7202 2.6250 50.0644 -4.7514 -1.7220
Car -1 -1 -4.5227 301.0278 181.1753 335.0700 204.2878 1.6182 1.6295 4.0684 -21.9177 2.2681 54.2219 -4.9054 -1.9003
Cyclist -1 -1 -8.0809 627.4308 174.8457 637.1600 198.6156 1.6292 0.3352 1.5539 1.5205 1.7702 50.3831 -8.0514 -2.0631
Car -1 -1 -4.0600 165.5237 191.4767 227.5711 216.1918 1.5385 1.6460 4.0041 -28.6964 2.8870 50.1652 -4.5776 -2.0999
