Car -1 -1 -8.2980 658.3083 174.4245 708.1129 198.5975 1.5252 1.7027 4.0728 4.7830 1.6342 48.0165 -8.1997 -1.1408
Car -1 -1 -7.8732 561.5624 171.2208 579.5087 187.5956 1.5025 1.6153 3.7925 -3.7711 1.3523 68.1559 -7.9285 -1.2629
Car -1 -1 -4.3353 21.1174 193.2319 115.3164 237.6387 1.5168 1.6336 3.9734 -21.4786 2.3881 28.7306 -4.9730 -1.3385
Car -1 -1 -7.7048 673.9815 175.2715 710.3646 202.1151 1.5369 1.6374 3.9048 4.9935 1.6904 43.7869 -7.5924 -1.4055
Car -1 -1 -3.1258 579.1524 173.2650 634.0458 193.2796 1.5286 1.6621 4.1971 -0.2807 1.5606 55.9937 -3.1312 -1.7244
Car -1 -1 -7.9249 196.8616 175.1648 240.9286 211.1212 1.6280 1.6181 3.7513 -19.0173 1.7460 34.9445 -8.4203 -1.7753
Pedestrian -1 -1 -3.1000 0.0000 193.2369 24.7443 253.0963 1.7373 0.6608 0.7297 -18.1772 2.3652 21.7539 -3.7902 -1.7910
Car -1 -1 -7.3409 199.0112 182.8865 299.4926 224.7665 1.4007 1.5878 4.0497 -13.5010 1.8071 27.1877 -7.7982 -1.7941
Car -1 -1 -4.3184 321.6891 183.9831 366.2828 205.6343 1.4903 1.6294 4.2314 -19.8818 2.3564 54.0225 -4.6697 -1.8723
Car -1 -1 -4.7380 337.6376 177.0471 359.1451 195.9612 1.5206 1.6105 4.0462 -22.2197 1.8883 61.1498 -5.0854 -2.0618
Car -1 -1 -7.9581 666.0876 175.2710 708.3620 208.6541 1.5650 1.6720 4.0973 3.7715 1.6928 36.1729 -7.8556 -2.0621
Car -1 -1 -4.7580 1076.4874 186.0246 1103.9767 206.4048 1.5131 1.6567 4.0647 38.8978 2.6211 58.5448 -4.1743 -2.1384
Car -1 -1 -4.8497 377.3370 174.0726 404.8207 195.6961 1.7582 1.6740 4.1620 -18.6104 1.8649 61.1592 -5.1442 -2.1533
Car -1 -1 -4.4532 372.6037 176.6188 401.5980 193.8051 1.5041 1.5959 3.8575 -20.3599 1.8582 65.9628 -4.7517 -2.1736
Car -1 -1 -7.5420 396.0124 175.7442 436.3381 199.0161 1.5398 1.6176 3.7971 -13.4537 1.7482 50.1587 -7.8030 -2.1911
