Car -1 -1 -4.5847 466.4546 176.8539 502.1823 205.7321 1.6165 1.6116 3.8772 -7.4608 1.8649 42.9064 -4.7563 1.7166
Car -1 -1 -3.9796 0.0000 195.4507 108.0399 374.0000 1.4267 1.5954 3.8922 -7.7284 1.7377 7.9767 -4.7326 0.9536
Pedestrian -1 -1 -4.7141 182.0481 178.8283 199.2351 222.3114 1.6815 0.5806 0.8071 -16.6257 1.9215 28.5322 -5.2379 -1.1163
Car -1 -1 -4.7872 624.6952 172.8642 653.8951 198.4296 1.6847 1.6956 4.0735 1.9420 1.6852 49.6163 -4.7488 -1.5134
Pedestrian -1 -1 -5.6932 391.1358 177.2212 402.3331 199.9713 1.8345 0.7383 0.5587 -17.3993 2.1926 58.7850 -5.9800 -1.5886
Car -1 -1 -7.4068 229.4044 181.8845 318.0827 219.2114 1.4408 1.7256 4.3859 -14.4144 1.8576 31.1250 -7.8375 -1.6122
Cyclist -1 -1 -7.5828 631.2247 174.3955 642.4003 199.6998 1.6707 0.3521 1.5473 1.7761 1.7758 48.5273 -7.5469 -1.6436
Cyclist -1 -1 -7.7235 799.5756 183.8608 808.3736 209.7147 1.6396 0.3572 1.5919 12.6728 2.3724 47.2484 -7.4636 -1.7396
Car -1 -1 -7.9092 656.0968 178.2287 701.6452 217.8114 1.5026 1.6429 3.9940 2.7524 1.7406 29.9647 -7.8191 -1.7690
Car -1 -1 -4.6384 778.9036 183.6398 808.8789 209.4233 1.5872 1.6707 3.8848 12.3064 2.3402 48.2864 -4.3909 -2.0019
Car -1 -1 -4.1410 148.9410 185.4680 216.5103 211.8527 1.5765 1.7069 4.4078 -28.0514 2.4454 47.4859 -4.6724 -2.0164
Car -1 -1 -4.7349 235.7230 182.0652 262.7439 207.5217 1.5936 1.5476 3.6225 -24.3326 2.2382 48.5539 -5.1975 -2.0242
Car -1 -1 -7.7214 346.3310 176.2972 372.7479 197.8247 1.8019 1.6919 3.8021 -21.8808 2.1122 63.0742 -8.0543 -2.0867
Car -1 -1 -4.6884 403.7403 175.8327 427.7643 198.7966 1.6495 1.6561 3.9696 -14.6662 1.8829 54.5022 -4.9504 -2.1552
