Car -1 -1 -7.8606 579.0587 168.3386 610.2178 197.6369 1.5366 1.6349 3.6413 -0.8983 1.2995 39.6854 -7.8835 1.3953
Car -1 -1 -7.8448 541.9298 169.6815 567.1186 192.9854 1.4887 1.6064 4.0397 -3.7178 1.2857 48.1617 -7.9217 0.3926
Pedestrian -1 -1 -7.3604 754.1907 172.6043 768.3638 198.6200 1.6847 0.7494 0.5214 9.8551 1.6683 47.1665 -7.1561 -0.6827
Car -1 -1 -7.4278 164.0770 180.2246 237.9173 213.9248 1.5425 1.7461 3.8613 -20.2865 1.9293 35.8976 -7.9392 -0.9567
Car -1 -1 -4.2415 193.9783 180.9097 282.2936 222.1173 1.3795 1.5199 3.3411 -13.5906 1.6935 26.4792 -4.7119 -1.1492
Car -1 -1 -2.7528 204.0669 179.3447 284.3250 205.6930 1.5356 1.6641 3.9856 -22.0459 1.9357 43.5226 -3.2194 -1.2984
Pedestrian -1 -1 -7.4249 236.9888 179.5571 256.0834 214.7715 1.7058 0.6319 0.6293 -17.8687 2.0374 35.4005 -7.8896 -1.4742
Cyclist -1 -1 -7.9212 1232.1542 175.3001 1241.0000 212.2990 1.6892 0.4383 1.7928 29.5583 1.8067 33.9015 -7.2089 -1.8117
Car -1 -1 -4.2980 739.3233 173.4780 785.6312 197.3818 1.5360 1.6134 3.9159 10.2597 1.5794 48.5333 -4.0913 -2.0493
Car -1 -1 -5.9442 1140.6554 177.7967 1241.0000 208.6952 1.5252 1.6520 3.9259 30.8394 1.8023 38.3906 -5.2716 -2.0595
Car -1 -1 -4.8697 603.9884 172.6070 637.2174 195.3504 1.4807 1.6286 4.1079 0.6456 1.4644 49.1269 -4.8571 -2.0616
