Car -1 -1 -7.8958 577.4043 165.9542 606.8843 195.1804 1.6148 1.5529 3.3109 -1.0982 1.2333 41.5711 -7.9224 -0.2821
Car -1 -1 -7.9752 1195.2222 175.7271 1241.0000 210.5740 1.6032 1.6606 4.1431 30.2935 1.7539 35.7451 -7.2766 -0.4910
Car -1 -1 -7.8665 542.4716 165.2825 566.7717 189.0022 1.5954 1.6324 3.7357 -3.9298 1.0858 50.4654 -7.9441 -1.3269
Pedestrian -1 -1 -8.1061 1224.8687 171.7219 1241.0000 210.2650 1.7886 0.6926 0.7143 29.4522 1.7358 33.9572 -7.3963 -1.5951
Car -1 -1 -4.5458 335.9109 172.5690 381.2139 203.8281 1.5062 1.5774 3.7130 -12.7768 1.4921 36.7275 -4.8786 -1.6193
Car -1 -1 -5.0608 598.0975 170.0482 639.0660 192.1488 1.4817 1.6256 3.8968 0.5246 1.2933 50.4825 -5.0508 -1.6594
Car -1 -1 -4.7782 729.6036 170.7853 755.1879 193.2431 1.6146 1.6142 3.9218 9.8274 1.4656 53.9146 -4.5992 -1.8108
Car -1 -1 -4.8294 1104.2333 172.0203 1147.8488 201.4801 1.7143 1.6720 4.2183 31.5373 1.6655 44.2403 -4.2136 -1.8609
Car -1 -1 -4.7895 216.9386 177.8589 253.9803 205.9295 1.4902 1.5821 3.8729 -21.4046 1.7893 41.1029 -5.2672 -1.8996
Car -1 -1 -4.4291 400.7695 174.6909 446.2779 201.0358 1.4834 1.5842 3.9158 -11.0591 1.5974 42.8876 -4.6803 -2.0234
Car -1 -1 -7.4251 269.5575 176.3541 341.5060 211.3648 1.4807 1.5779 3.7770 -13.7953 1.6489 32.8125 -7.8204 -2.0912
Car -1 -1 -3.9110 272.2057 174.3559 359.3346 207.8014 1.5257 1.6181 3.9100 -14.3147 1.6031 35.2201 -4.2947 -2.1651
