Car -1 -1 -7.8229 576.9331 160.1000 606.7397 190.2441 1.6846 1.6288 3.8184 -1.0603 0.9715 42.2359 -7.8481 0.9421
Car -1 -1 -7.7524 541.4075 160.7770 571.3236 184.6369 1.6253 1.7054 4.1791 -3.7986 0.8023 51.2631 -7.8262 -0.5335
Cyclist -1 -1 -8.1726 1179.6786 175.8843 1197.2335 204.0618 1.6595 0.3357 1.5947 34.8071 1.8451 43.4733 -7.5012 -1.3614
Car -1 -1 -5.9847 378.0865 176.1094 459.1693 204.1453 1.5078 1.5972 4.0422 -10.5775 1.6915 39.8897 -6.2427 -1.6190
Car -1 -1 -4.4815 245.1384 175.4538 292.6568 203.2200 1.5009 1.6208 3.8551 -19.5598 1.6573 41.4401 -4.9203 -1.7435
Car -1 -1 -6.0645 372.9124 177.9316 460.6270 207.7168 1.4339 1.5674 3.9695 -9.6008 1.6923 35.8963 -6.3244 -1.8627
Cyclist -1 -1 -4.5512 161.8532 180.3192 178.7256 211.4135 1.6666 0.5519 1.5540 -24.3393 2.0876 39.8930 -5.0962 -1.9877
Car -1 -1 -4.4637 652.1182 164.0058 695.2673 192.8029 1.6421 1.6450 4.0220 3.8364 1.1372 43.3139 -4.3763 -2.0136
Car -1 -1 -8.1274 507.3411 167.9937 543.3220 190.6793 1.6726 1.6794 4.1618 -6.5743 1.3140 55.4440 -8.2451 -2.0154
Car -1 -1 -7.7494 231.8921 171.7371 263.6700 194.6072 1.5729 1.6252 3.9838 -25.9737 1.4957 51.7730 -8.2126 -2.0294
Car -1 -1 -7.9184 1154.3633 176.8812 1193.7295 203.6808 1.5729 1.6558 4.1805 35.2423 1.8372 45.2033 -7.2597 -2.1318
