Car -1 -1 -7.7219 581.5009 170.0238 606.9256 190.0996 1.6366 1.6448 3.9201 -1.3238 1.4056 60.8604 -7.7439 -0.5958
Car -1 -1 -7.5792 650.0035 173.5644 688.8467 196.9571 1.5555 1.6436 4.1391 4.1589 1.6069 50.3386 -7.4976 -0.7251
Car -1 -1 -4.3653 333.1420 177.7592 385.2962 206.1492 1.4860 1.5734 3.7217 -13.9726 1.7723 40.2858 -4.6974 -1.4813
Car -1 -1 -6.2304 50.3349 180.7229 160.8723 218.1969 1.5479 1.6280 3.9644 -22.4633 1.9183 32.2627 -6.8349 -1.5316
Car -1 -1 -4.4346 142.1017 182.8861 192.8160 210.7618 1.5014 1.5674 3.7173 -25.9114 2.1171 42.3023 -4.9816 -1.6944
Car -1 -1 -6.4857 138.2790 185.5187 239.2338 220.4145 1.4977 1.6290 3.8941 -19.9900 2.1320 34.2519 -7.0108 -1.7940
Car -1 -1 -8.1762 655.8610 178.0616 720.9749 216.0416 1.4526 1.5981 3.6849 3.1552 1.6838 30.1087 -8.0735 -1.8948
Car -1 -1 -2.7853 583.8945 175.6417 672.0806 208.5837 1.4856 1.6333 3.8593 0.8156 1.6234 34.2621 -2.7623 -1.9031
Car -1 -1 -5.9580 94.6881 183.1954 209.0526 222.8262 1.4577 1.5687 3.4688 -17.9314 1.8800 28.3164 -6.5184 -1.9058
Car -1 -1 -4.4714 673.2480 175.5817 718.3195 204.4644 1.5573 1.6389 4.1560 4.9561 1.7226 41.5599 -4.3540 -1.9063
Car -1 -1 -4.8701 434.7448 174.3294 459.5713 191.5990 1.5308 1.6173 4.0269 -15.0562 1.6709 66.4975 -5.0922 -1.9128
Car -1 -1 -3.4810 598.4747 173.9875 669.2472 197.8941 1.5492 1.6971 4.4298 1.5604 1.6272 48.3762 -3.4494 -2.0059
Car -1 -1 -3.1396 427.5899 177.9149 497.1416 202.6554 1.5050 1.6327 4.2323 -9.3450 1.8332 45.6111 -3.3409 -2.0167
Pedestrian -1 -1 -9.2431 1202.1996 204.2479 1241.0000 292.0174 1.7737 0.6056 0.6479 13.0231 2.4602 15.3409 -8.5498 -2.0273
