Car -1 -1 -4.4141 375.3116 180.5053 447.4900 222.3266 1.4769 1.6206 3.9570 -7.7145 1.7971 28.2189 -4.6791 2.1505
Pedestrian -1 -1 -7.4183 86.1641 182.2586 115.9792 234.4083 1.6943 0.5454 0.7459 -16.9711 2.0123 24.0058 -8.0287 -0.5694
Car -1 -1 -4.3097 506.8048 176.2091 540.8979 194.1147 1.4845 1.5530 3.8584 -7.4673 1.7852 62.6656 -4.4281 -0.7445
Car -1 -1 -4.5800 757.6664 183.3418 783.7997 203.4200 1.5195 1.6031 3.7596 13.0946 2.4033 58.7792 -4.3624 -1.5734
Pedestrian -1 -1 -3.6755 1133.1616 152.9756 1200.3513 312.3567 1.7634 0.4920 0.4097 6.2952 1.5432 8.2484 -3.0413 -1.6043
Car -1 -1 -7.2888 199.6752 169.4445 246.7451 191.6128 1.9699 1.7433 4.3691 -35.5264 1.6666 66.3609 -7.7789 -1.6527
Car -1 -1 -2.8052 633.7747 177.3888 712.7899 208.0097 1.5235 1.6107 3.8132 3.2793 1.7707 37.8638 -2.7200 -1.7471
Car -1 -1 -6.6846 0.0000 179.1756 47.9891 216.8938 1.4872 1.5514 3.5978 -26.7177 1.7762 31.0614 -7.3908 -1.8773
Car -1 -1 -4.6223 616.6208 175.7866 647.5022 201.3558 1.5621 1.6427 4.0597 1.4346 1.7601 46.6781 -4.5923 -2.0483
Car -1 -1 -1.7510 0.0000 187.9225 20.1295 303.2404 1.5090 1.6549 4.0796 -11.3980 1.7944 11.8067 -2.5075 -2.0837
Car -1 -1 -4.8066 646.6177 178.5465 690.5499 213.0484 1.4763 1.6447 4.0611 2.6245 1.7572 33.5932 -4.7299 -2.0861
Car -1 -1 -4.6141 266.5995 188.7359 292.1353 209.4300 1.6252 1.6223 3.8111 -28.3540 3.0330 61.9033 -5.0423 -2.1929
