Car -1 -1 -7.7746 542.4940 165.7941 569.3740 189.5153 1.6651 1.6410 4.0757 -3.9402 1.1692 52.6889 -7.8492 1.2321
Car -1 -1 -7.9396 571.4220 170.6676 604.0824 196.2752 1.4690 1.6160 4.0741 -1.4208 1.3433 43.5111 -7.9724 0.9541
Car -1 -1 -3.9957 331.3098 175.5984 382.7461 196.4706 1.5677 1.6108 3.9766 -19.9230 1.7920 56.9042 -4.3313 -1.4636
Car -1 -1 -4.9745 257.0169 172.6612 302.5266 199.2835 1.6444 1.6810 4.0704 -21.4270 1.6322 46.6725 -5.4029 -1.6065
Car -1 -1 -8.3112 1115.3844 184.4804 1174.1423 209.7514 1.5368 1.6419 3.6896 35.1957 2.3357 47.6407 -7.6784 -1.8790
Car -1 -1 -4.6068 699.5273 176.3172 733.7957 203.9646 1.5013 1.5775 3.7820 6.1688 1.7109 41.7160 -4.4615 -2.0371
Car -1 -1 -4.8199 737.5445 178.5107 769.8804 203.7873 1.5012 1.5889 3.8782 9.0326 1.8752 45.7466 -4.6267 -2.0984
Car -1 -1 -5.0023 1191.4880 179.2444 1241.0000 211.5066 1.5978 1.6051 3.7623 32.6982 1.9573 38.5888 -4.3036 -2.1068
Car -1 -1 -6.0370 346.0500 177.1264 421.1935 204.7255 1.5245 1.6395 3.7957 -12.8738 1.7729 41.0680 -6.3393 -2.1560
Cyclist -1 -1 -7.8825 1164.1550 183.8411 1173.2317 215.2629 1.6287 0.3309 1.5877 29.8905 2.2284 38.6586 -7.2286 -2.1821
