Car -1 -1 -5.2872 626.4735 174.2887 669.9109 194.7986 1.5892 1.5975 3.9719 3.0208 1.7091 58.3229 -5.2361 -0.8605
Car -1 -1 -7.7339 222.8438 182.2393 262.7100 211.1069 1.5785 1.6351 4.0941 -21.9057 2.1674 43.0906 -8.2020 -1.4309
Car -1 -1 -7.9305 391.8980 172.9355 413.6049 190.0727 1.5532 1.6453 4.1024 -19.4701 1.5608 67.6269 -8.2100 -1.7191
Pedestrian -1 -1 -5.5437 19.8396 183.0800 55.3861 242.8944 1.7345 0.5413 0.6202 -16.9528 2.0405 21.3161 -6.2096 -1.7801
Car -1 -1 -4.2843 222.4243 180.8833 311.8424 219.4622 1.4297 1.6996 4.2659 -14.0586 1.7845 29.7719 -4.7223 -1.7839
Car -1 -1 -7.8001 580.1521 174.1637 601.5444 191.8167 1.4961 1.6722 3.9693 -1.6786 1.6146 63.4554 -7.8267 -1.8521
Car -1 -1 -4.7359 650.6442 177.0951 682.5571 206.1886 1.4547 1.5978 3.9841 2.9523 1.6938 38.6991 -4.6609 -1.8807
Car -1 -1 -4.2726 649.8032 176.8666 682.6563 192.6870 1.4569 1.6049 4.0262 5.4414 1.8560 69.6799 -4.1954 -2.0940
Car -1 -1 -4.3717 285.2563 178.8122 353.9792 211.5748 1.4617 1.7435 4.3579 -14.1038 1.7703 35.2054 -4.7504 -2.1253
Cyclist -1 -1 -2.5182 62.7403 172.4610 119.4153 222.8342 1.8912 0.6835 1.6655 -19.7623 1.8761 27.4339 -3.1381 -2.1890
