Car -1 -1 -7.9449 572.1696 172.2644 601.2596 194.5928 1.5018 1.6653 4.1338 -1.7061 1.4618 50.6834 -7.9787 0.7090
Car -1 -1 -7.7783 547.4375 170.4190 571.0653 189.9481 1.5995 1.6941 4.1023 -4.2923 1.3997 61.1506 -7.8484 -0.0618
Car -1 -1 -4.6869 239.3736 181.6383 270.8413 209.6902 1.5425 1.5808 3.9581 -21.2071 2.0933 43.1380 -5.1416 -0.5213
Car -1 -1 -4.4532 211.3034 179.0999 257.0195 204.8234 1.5508 1.6332 4.0529 -24.2920 1.9735 46.7024 -4.9307 -1.1362
Pedestrian -1 -1 -6.9866 220.8376 178.3293 243.1291 217.3008 1.6792 0.5819 0.6411 -16.6010 1.9219 31.6108 -7.4670 -1.1838
Car -1 -1 -5.2821 117.8526 183.3252 188.3643 212.9337 1.5198 1.6029 3.5629 -25.0950 2.1153 39.5685 -5.8444 -1.6178
Cyclist -1 -1 -6.6226 682.4605 173.3838 716.1520 207.6966 1.7599 0.6811 1.6034 4.6022 1.7875 37.5301 -6.5020 -1.8681
Car -1 -1 -4.6581 513.8503 175.1373 538.7167 195.9430 1.4723 1.6171 4.0846 -6.2128 1.6482 53.6036 -4.7733 -2.0035
Car -1 -1 -6.0245 1115.1014 189.3310 1199.9619 216.6970 1.4425 1.6154 3.6760 32.0188 2.4528 42.3152 -5.3806 -2.0485
Pedestrian -1 -1 -5.9988 983.4078 175.5321 994.6153 199.4462 1.8264 0.6584 0.6064 29.2066 2.0344 55.6548 -5.5182 -2.1506
