Car -1 -1 -7.8358 575.2725 168.5057 601.7315 195.0421 1.6427 1.6379 3.6251 -1.3873 1.3733 46.4891 -7.8658 -0.7707
Car -1 -1 -7.7843 545.0344 166.3745 569.7290 187.1814 1.5665 1.6530 3.9422 -4.0995 1.0784 56.2973 -7.8569 -1.3062
Pedestrian -1 -1 -7.6107 57.7319 167.7959 83.5762 227.2573 1.7958 0.5515 0.4046 -16.5515 1.6428 22.0845 -8.2482 -1.3247
Pedestrian -1 -1 -7.3857 0.0000 180.6639 28.7325 237.7655 1.7497 0.6164 0.5256 -18.6957 1.9967 22.5213 -8.0728 -1.5621
Pedestrian -1 -1 -6.7173 1065.6117 179.7680 1081.0269 208.9511 1.8375 0.7151 0.5780 29.5065 2.2819 46.0107 -6.1504 -1.8850
Car -1 -1 -4.3774 299.7345 174.1043 362.4576 206.3196 1.5144 1.6271 4.2306 -13.9488 1.5805 36.2231 -4.7428 -1.9067
Car -1 -1 -4.2652 128.0767 180.3970 204.7052 214.7137 1.4741 1.5587 3.8023 -20.7350 1.8480 33.8284 -4.8118 -1.9165
Car -1 -1 -7.7938 1046.4073 178.8435 1080.7427 206.6246 1.7180 1.6945 4.0605 29.9744 2.1314 47.6911 -7.2359 -1.9571
Car -1 -1 -7.4077 336.9330 168.2331 382.7791 192.2618 1.7308 1.6682 4.0269 -18.7136 1.3977 54.0696 -7.7396 -2.0095
Car -1 -1 -7.8854 1062.0187 175.7883 1087.0382 195.4155 1.6010 1.6576 3.9812 39.6149 1.8600 61.6282 -7.3167 -2.0718
Car -1 -1 -4.3246 264.6144 173.0268 332.4890 207.7584 1.4575 1.5380 3.5391 -13.8050 1.4653 32.0778 -4.7282 -2.0909
