Car -1 -1 -7.8628 576.1846 175.1799 602.2728 199.0033 1.4187 1.5674 3.7044 -1.3559 1.5702 45.2163 -7.8931 1.2656
Car -1 -1 -7.8336 544.3052 174.2891 566.7225 194.4376 1.4647 1.6187 3.9058 -4.1308 1.5773 54.7321 -7.9089 -0.4893
Car -1 -1 -7.4972 274.7065 179.0939 339.4864 213.1200 1.4396 1.5407 3.6835 -13.8463 1.7416 33.0828 -7.8910 -1.0832
Car -1 -1 -6.0463 106.5696 181.5268 229.2537 218.2009 1.5079 1.6575 4.3407 -19.4021 1.9072 31.7973 -6.5907 -1.3651
Car -1 -1 -4.7247 1029.1890 170.2918 1053.7213 191.8441 1.6540 1.6133 4.0169 34.3287 1.4570 57.5153 -4.1891 -1.6236
Car -1 -1 -7.4443 114.4109 179.5405 189.1144 214.7397 1.5193 1.5916 3.7370 -21.4427 1.8510 33.8586 -8.0055 -1.6774
Car -1 -1 -4.5426 251.8860 179.8817 292.5023 207.2124 1.5304 1.5849 3.8497 -20.3575 1.9742 43.5309 -4.9779 -1.7990
Pedestrian -1 -1 -6.7315 1099.7870 183.8677 1118.4105 213.9662 1.7575 0.6506 0.6929 29.5503 2.4159 42.7794 -6.1307 -1.9087
Car -1 -1 -7.4930 287.0133 176.4638 333.9906 202.0224 1.6655 1.6721 4.0050 -20.5614 1.9236 49.6178 -7.8842 -2.0921
Cyclist -1 -1 -6.9652 125.5014 178.9256 168.8638 218.7475 1.7175 0.5678 1.6390 -20.7085 1.9959 32.2508 -7.5325 -2.1154
Car -1 -1 -4.4242 370.6647 175.0346 414.0561 200.3339 1.5483 1.6356 3.8764 -13.9813 1.6942 46.4334 -4.7154 -2.1345
