Car -1 -1 -7.8663 577.9977 171.4611 607.6957 199.8787 1.5466 1.6173 3.7240 -1.0425 1.4705 41.1602 -7.8919 1.4567
Car -1 -1 -7.7961 542.0862 170.5879 569.1550 193.6262 1.5314 1.6368 4.1479 -3.7644 1.3805 50.0492 -7.8711 0.5418
Pedestrian -1 -1 -2.4891 0.0000 166.9575 28.3407 219.9200 1.8818 0.5767 1.0458 -21.7222 1.6720 25.9460 -3.1811 -0.8351
Car -1 -1 -7.8505 1151.0739 177.2176 1187.1838 206.0855 1.5680 1.5929 3.8054 32.3274 1.8324 41.7850 -7.1958 -1.5201
Pedestrian -1 -1 -5.2515 79.4938 174.6139 109.0692 230.5513 1.7216 0.5573 0.5377 -16.1943 1.7773 22.5939 -5.8680 -1.6248
Cyclist -1 -1 -7.9361 229.2719 180.6164 238.6193 210.2023 1.6082 0.3381 1.5687 -21.0816 2.0503 40.3703 -8.4149 -1.6356
Pedestrian -1 -1 -6.1011 364.9150 172.3633 375.3725 198.8681 1.8212 0.7579 0.5595 -16.6473 1.7872 49.9923 -6.4212 -1.8155
Car -1 -1 -4.1969 143.9988 185.3309 225.4269 221.0687 1.5095 1.5857 3.8375 -19.8263 2.1262 33.7512 -4.7248 -1.8334
Cyclist -1 -1 -7.8536 1026.3223 175.5811 1032.0369 199.2881 1.6641 0.3478 1.5943 29.9461 1.8618 51.6046 -7.3307 -1.9476
Cyclist -1 -1 -8.1111 1225.7832 180.2749 1241.0000 210.4143 1.6504 0.3373 1.5558 35.1405 2.0763 40.6651 -7.4024 -1.9809
Car -1 -1 -4.2902 249.2405 175.7049 323.1429 212.5208 1.4603 1.5707 3.4665 -13.6985 1.5878 30.6247 -4.7079 -2.0213
Cyclist -1 -1 -7.8746 320.9056 171.7177 347.0743 243.5485 1.7136 0.5800 1.7307 -6.9965 1.6862 18.1237 -8.2386 -2.0967
Car -1 -1 -4.2359 184.0068 179.7361 279.8844 223.3422 1.4334 1.5443 3.6865 -13.6215 1.7000 26.1430 -4.7123 -2.1064
Car -1 -1 -4.7639 510.4031 174.2734 536.9709 196.1118 1.4700 1.6453 4.2304 -6.1773 1.5745 51.0817 -4.8840 -2.1631
Car -1 -1 -4.4052 287.2233 174.6271 326.3968 196.9017 1.5964 1.6216 3.8135 -22.6654 1.7337 53.9976 -4.8011 -2.1948
