Car -1 -1 -4.5155 422.1142 178.0304 476.0359 214.5476 1.5461 1.6557 4.0365 -7.3619 1.7983 33.1614 -4.7328 2.0301
Pedestrian -1 -1 -5.1704 86.2483 183.4041 114.1661 235.0175 1.6382 0.5150 0.6332 -16.6035 1.9861 23.4341 -5.7817 -0.1338
Car -1 -1 -4.2007 238.9620 189.0621 291.5739 212.7765 1.5859 1.6736 4.1750 -25.4297 2.8314 53.3179 -4.6441 -1.1275
Car -1 -1 -7.7590 579.0098 175.0427 600.6434 191.9947 1.5309 1.6621 3.9887 -1.8856 1.7423 67.7346 -7.7871 -1.7881
Pedestrian -1 -1 -3.0644 128.7519 173.7822 156.5163 260.1324 1.7413 0.5282 0.4392 -9.6940 1.7606 14.8941 -3.6335 -1.8002
Car -1 -1 -5.1522 784.0923 189.6578 837.7211 217.8823 1.5092 1.5961 3.8018 11.8683 2.5568 42.9845 -4.8853 -1.8726
Car -1 -1 -7.5375 353.4785 177.8952 400.0754 203.5389 1.4825 1.5948 3.8890 -14.3334 1.8063 44.4295 -7.8481 -1.9712
Car -1 -1 -5.0264 625.3308 176.5118 654.7815 193.6941 1.5327 1.5786 4.0204 2.7526 1.8852 67.4280 -4.9861 -1.9799
Car -1 -1 -4.7737 631.1620 176.6351 661.3285 203.2878 1.5419 1.5995 3.9138 2.1479 1.7839 44.2673 -4.7261 -2.1357
Car -1 -1 -5.6126 0.0000 185.2880 165.9755 239.0257 1.5300 1.6741 4.3442 -16.1864 1.9229 21.8932 -6.2436 -2.1742
Car -1 -1 -3.8936 312.4610 186.4584 370.9094 209.5755 1.5295 1.6344 3.9115 -19.4386 2.5560 52.3425 -4.2478 -2.1922
