Car -1 -1 -7.8075 582.3386 177.5429 619.6674 212.0629 1.5302 1.6131 3.5756 -0.4233 1.7645 34.2906 -7.8204 2.2116
Car -1 -1 -7.7349 537.5409 178.5097 573.7114 205.1091 1.4308 1.6628 3.5256 -3.1115 1.7689 41.3733 -7.8100 2.1187
Car -1 -1 -7.0620 807.4240 182.3492 898.8504 218.6303 1.5235 1.6358 3.9184 10.9977 1.9751 32.7370 -6.7413 -1.3349
Cyclist -1 -1 -6.9585 140.0169 177.7033 180.6627 215.5556 1.7218 0.4089 1.7498 -21.1730 1.9556 33.9425 -7.5129 -1.4419
Car -1 -1 -4.6892 278.7832 184.4863 308.2357 210.8336 1.4548 1.5393 3.6159 -19.0940 2.1881 43.5410 -5.1006 -1.7351
Pedestrian -1 -1 -6.0276 207.2411 179.4375 224.6640 205.9247 1.8270 0.5541 0.9579 -27.5215 2.2896 50.3455 -6.5259 -1.7400
Car -1 -1 -4.0539 413.5587 177.0769 462.3511 197.6961 1.6170 1.6815 4.2541 -14.2320 1.9801 59.8055 -4.2868 -1.8018
Pedestrian -1 -1 -6.8318 227.5104 176.4525 252.3165 216.2148 1.6783 0.5152 0.7974 -15.9482 1.8351 31.0159 -7.3035 -1.8051
Pedestrian -1 -1 -3.5782 339.1837 174.0742 364.9363 237.2593 1.7642 0.4999 0.5283 -7.3866 1.7993 20.5240 -3.9201 -1.9202
Car -1 -1 -7.6662 203.4758 180.0475 262.0212 217.2795 1.5284 1.6185 3.9615 -16.9862 1.8741 32.5726 -8.1438 -1.9681
Car -1 -1 -4.4232 327.2104 181.4668 382.5789 210.7059 1.4577 1.6827 4.3315 -13.9099 1.9549 39.4742 -4.7602 -2.1043
