Car -1 -1 -7.7333 546.1786 170.2961 571.7643 189.7681 1.5726 1.6780 3.8835 -4.2531 1.3658 60.2558 -7.8038 -0.2522
Car -1 -1 -7.8256 576.0741 172.1398 601.5236 194.7718 1.5019 1.6504 3.8556 -1.4614 1.4542 49.8125 -7.8551 -0.3506
Car -1 -1 -4.2206 328.3772 172.8395 388.2494 202.8970 1.6313 1.6047 3.8274 -14.3273 1.6303 41.1773 -4.5538 -0.7710
Car -1 -1 -3.9266 210.1499 192.7748 284.8142 221.1271 1.4271 1.5579 3.8354 -20.6988 2.6236 41.2860 -4.3891 -1.0381
Car -1 -1 -7.9040 723.0912 181.5442 781.2039 233.4800 1.4334 1.5619 3.6746 4.3037 1.7271 22.4850 -7.7181 -1.1799
Pedestrian -1 -1 -8.2242 993.8718 175.0038 1007.2185 199.9539 1.8544 0.6911 0.6453 29.2245 2.0162 54.0528 -7.7313 -1.3476
Cyclist -1 -1 -7.5917 614.9517 170.0204 645.9007 222.2752 1.7285 0.6422 1.7230 0.6704 1.6345 24.7848 -7.5657 -1.4403
Car -1 -1 -7.7480 657.5521 169.3029 683.2776 190.8829 1.7213 1.6993 4.1349 5.0099 1.4377 59.7418 -7.6650 -1.4915
Car -1 -1 -4.9280 202.8943 179.7927 248.5772 207.5802 1.6270 1.7029 4.1015 -24.2544 2.0838 45.4179 -5.4163 -1.5270
Pedestrian -1 -1 -6.0029 199.2443 175.0527 222.1854 217.4864 1.7365 0.5268 0.7134 -16.5830 1.8283 29.8971 -6.5058 -1.6151
Car -1 -1 -7.9690 720.5966 177.9895 775.5592 222.2348 1.5040 1.5732 3.6505 5.0181 1.7080 26.8349 -7.7868 -2.0012
Car -1 -1 -2.1821 255.7850 180.2428 325.1017 207.4964 1.5511 1.7008 4.2955 -19.4966 2.0192 43.9008 -2.5981 -2.0194
Car -1 -1 -4.8638 507.1588 175.9906 536.0236 196.9942 1.4759 1.5573 3.8043 -6.5993 1.7164 53.3537 -4.9866 -2.1041
