Car -1 -1 -7.7640 527.9946 177.5551 565.6589 207.3693 1.4274 1.6059 3.5580 -3.2229 1.6790 36.8877 -7.8510 2.3965
Car -1 -1 -7.8504 582.5922 178.1400 623.8491 215.0038 1.4199 1.6194 3.6570 -0.3249 1.6539 30.1517 -7.8617 1.9407
Cyclist -1 -1 -4.3987 0.0000 183.2249 28.4727 232.9144 1.6615 0.5645 1.4869 -21.0306 2.0357 25.2541 -5.0880 0.9099
Car -1 -1 -4.8902 434.1443 175.3937 463.6415 196.7153 1.5863 1.5908 3.8187 -12.6152 1.7912 56.2411 -5.1102 -1.3805
Car -1 -1 -5.2223 925.6873 185.0183 980.8209 209.8995 1.4517 1.5969 3.5841 21.6615 2.2537 45.7445 -4.7831 -1.6710
Car -1 -1 -6.6370 559.1864 176.9681 645.2679 206.5152 1.5063 1.6443 4.3210 -0.4556 1.7357 38.7533 -6.6493 -1.9019
Pedestrian -1 -1 -5.9281 5.2104 178.9387 31.3220 218.1317 1.7759 0.4992 0.8047 -27.2415 2.0585 33.1742 -6.6118 -1.9474
Car -1 -1 -2.0850 202.5445 178.3294 260.4496 203.3483 1.5745 1.6568 4.0046 -25.2143 1.9518 47.9731 -2.5669 -1.9898
Car -1 -1 -7.8391 524.5493 171.3285 546.5308 193.1085 1.6554 1.6644 4.1540 -5.8767 1.5392 56.9844 -7.9418 -2.0877
Car -1 -1 -4.6586 95.2893 185.3541 132.3533 212.5772 1.5396 1.6701 4.4362 -31.1096 2.3641 45.2761 -5.2581 -2.1081
