Car -1 -1 -7.8831 577.8367 168.7223 609.6326 197.6183 1.5316 1.6517 3.6368 -0.9808 1.3123 40.1049 -7.9078 1.0816
Car -1 -1 -4.3950 277.1933 174.8727 343.4459 208.5755 1.4411 1.6063 4.0977 -13.7368 1.5396 33.2055 -4.7847 -0.3430
Car -1 -1 -7.7575 539.6943 167.5229 569.6754 191.2879 1.5378 1.6528 3.8517 -3.7210 1.1925 48.6313 -7.8338 -0.6499
Car -1 -1 -4.8430 732.6819 172.4100 764.5323 196.2241 1.5805 1.6553 3.9025 9.5066 1.5507 49.8820 -4.6561 -1.3031
Car -1 -1 -7.7692 255.4079 175.5131 296.4522 207.6720 1.6050 1.6516 3.9325 -17.8002 1.7544 38.4929 -8.2000 -1.4515
Cyclist -1 -1 -2.1989 8.3384 172.0411 51.2820 211.9580 1.8482 0.6933 1.7321 -27.3557 1.8103 33.9726 -2.8731 -1.7058
Car -1 -1 -6.9108 1179.8093 174.9484 1241.0000 205.9505 1.5819 1.6682 3.8315 32.5329 1.6945 37.9278 -6.2060 -1.7299
Pedestrian -1 -1 -8.1168 756.7726 175.6408 775.8450 219.6637 1.6079 0.5693 0.5281 5.7280 1.7117 26.6682 -7.9081 -1.7485
Car -1 -1 -4.0884 182.9443 180.0341 263.0798 212.5568 1.5419 1.6421 3.9351 -19.8777 1.9321 37.1786 -4.5766 -1.7851
Car -1 -1 -4.2155 206.1867 176.0715 297.8562 217.6783 1.4817 1.6029 3.6693 -13.7483 1.6139 27.8502 -4.6706 -1.9397
Car -1 -1 -5.1025 902.8793 170.6295 942.4930 191.4059 1.6920 1.6497 4.0068 26.2579 1.5105 60.7767 -4.6968 -2.0222
