Car -1 -1 -7.8446 579.0244 180.1659 624.5559 219.5705 1.4184 1.6785 3.3549 -0.3548 1.7217 28.2770 -7.8577 2.6060
Car -1 -1 -7.7368 520.1203 178.8939 561.9069 210.4204 1.4317 1.6395 3.4132 -3.3527 1.7401 35.1524 -7.8317 2.4764
Car -1 -1 -4.5489 391.1059 179.3975 429.0895 205.4041 1.4768 1.6223 3.8558 -12.1682 1.8935 43.9832 -4.8176 0.9610
Pedestrian -1 -1 -5.1462 292.0821 174.8018 309.5366 207.4445 1.7798 0.6638 0.6774 -17.1230 1.8884 39.8710 -5.5497 -1.5726
Car -1 -1 -5.1997 794.1299 185.5141 849.5292 212.1754 1.5105 1.6275 3.9785 13.1083 2.3369 45.0006 -4.9186 -1.9101
Car -1 -1 -4.8571 683.7337 177.9928 717.3352 202.3376 1.5245 1.6453 4.0215 5.9521 1.8810 48.0682 -4.7351 -2.0254
Pedestrian -1 -1 -2.8628 293.6709 176.3094 317.0971 252.7672 1.7222 0.4631 0.3809 -7.0254 1.8022 16.5273 -3.2595 -2.0716
Car -1 -1 -4.3625 36.8663 189.2427 117.1091 227.2760 1.4616 1.5959 3.8204 -23.2401 2.2248 31.5569 -4.9935 -2.1475
Pedestrian -1 -1 -6.8120 894.4792 175.9225 913.5734 227.0282 1.7714 0.5330 0.4055 10.2755 1.8801 25.3381 -6.4315 -2.1708
Car -1 -1 -4.7254 371.6911 178.7547 390.1097 196.3314 1.5582 1.5902 3.8699 -21.4582 2.1265 67.4518 -5.0326 -2.1849
