Car -1 -1 -7.7686 530.6510 178.3932 568.5394 209.5450 1.5210 1.6730 3.5734 -3.1446 1.8235 37.6546 -7.8518 2.5132
Car -1 -1 -7.8757 583.6937 180.3822 624.9533 217.5477 1.4621 1.6661 3.4740 -0.3301 1.8022 30.8629 -7.8870 2.1419
Car -1 -1 -4.7873 454.7385 177.5361 477.3578 196.5686 1.5362 1.5948 3.9169 -12.2953 1.9478 61.3731 -4.9846 -0.9730
Car -1 -1 -8.0849 520.7244 173.8258 551.9870 194.1265 1.6021 1.6598 4.0962 -6.1207 1.6847 59.3611 -8.1876 -1.0758
Car -1 -1 -4.6300 255.8272 182.3251 284.6215 204.7360 1.5146 1.5895 3.7337 -24.7145 2.2301 52.5050 -5.0683 -1.7809
Car -1 -1 -4.3374 73.1812 185.2304 134.0264 214.6758 1.5457 1.5857 3.7890 -29.1515 2.2938 41.6058 -4.9458 -1.8863
Car -1 -1 -4.6352 629.0832 178.4899 651.0062 196.8196 1.5028 1.6058 3.8592 2.6021 2.0056 62.4029 -4.5941 -1.9443
Car -1 -1 -3.0582 980.3173 182.9023 1086.1667 217.3929 1.5491 1.7094 4.3713 20.7387 2.0702 35.4925 -2.5336 -1.9691
Cyclist -1 -1 -7.5316 272.3271 177.5737 290.6856 211.8585 1.6381 0.3419 1.5651 -16.1876 1.8751 35.4895 -7.9570 -2.1044
Pedestrian -1 -1 -5.4626 490.4092 174.6587 508.4379 206.9071 1.7565 0.6319 0.7651 -6.1431 1.8570 39.8395 -5.6151 -2.1853
