Car -1 -1 -7.3104 193.9747 185.1379 264.3770 214.4619 1.4999 1.6419 4.0639 -21.4359 2.2283 40.7261 -7.7925 -0.8596
Pedestrian -1 -1 -3.2248 255.7781 177.2200 273.4103 213.4450 1.7163 0.6596 0.7148 -16.6836 1.9292 34.7632 -3.6695 -1.3379
Car -1 -1 -4.4219 0.0000 200.9223 69.7210 238.9234 1.4919 1.6248 4.1304 -27.0179 2.8937 33.8243 -5.0922 -1.4871
Car -1 -1 -5.0975 651.4025 176.5491 687.6745 195.0010 1.5037 1.6242 4.2351 5.0445 1.8323 61.9691 -5.0171 -1.5383
Cyclist -1 -1 -7.5769 176.5380 182.0703 194.0956 215.5185 1.6248 0.3372 1.5883 -21.4000 2.0986 36.3075 -8.1065 -1.6854
Car -1 -1 -7.7895 580.4879 174.1127 602.3992 192.0412 1.5054 1.6603 3.9540 -1.6113 1.6183 62.8759 -7.8153 -1.6939
Car -1 -1 -4.7617 648.9922 175.6188 667.9241 191.7520 1.4749 1.5902 4.1344 4.5702 1.7460 68.7562 -4.6960 -1.7653
Car -1 -1 -6.0795 238.7392 189.3501 317.0300 215.6741 1.4846 1.6605 4.0376 -20.0044 2.5084 43.5317 -6.5082 -1.9228
Pedestrian -1 -1 -7.7794 55.1987 177.8200 79.7216 228.8337 1.7937 0.6645 0.5083 -19.4686 1.9739 25.8390 -8.4203 -1.9681
Car -1 -1 -4.4882 652.1235 174.4753 690.7700 199.8402 1.6229 1.6950 4.2939 4.1683 1.7374 48.7636 -4.4039 -1.9921
Car -1 -1 -7.5084 231.9158 173.8348 272.8861 197.4295 1.9001 1.7203 4.2983 -29.9584 1.9851 60.5250 -7.9665 -2.0571
Pedestrian -1 -1 -4.9640 1016.1890 199.9182 1039.5115 251.1022 1.5528 0.5141 0.5191 13.0018 2.4100 22.5437 -4.4474 -2.1830
