Car -1 -1 -4.2556 160.2559 185.8439 326.5586 266.8860 1.5127 1.6381 4.1098 -8.0379 1.8407 16.1832 -4.7105 2.3393
Car -1 -1 -4.5920 503.1747 177.3331 528.2568 196.4189 1.5646 1.6579 4.1615 -8.1181 1.9635 62.2190 -4.7216 -0.1835
Pedestrian -1 -1 -4.4616 654.0125 183.4842 667.2308 219.9103 1.3622 0.3910 0.5014 1.8825 1.7708 27.4567 -4.3946 -1.3134
Car -1 -1 -4.3593 289.8661 182.2767 357.7657 214.1235 1.4751 1.7919 4.4682 -14.6113 1.9875 37.0059 -4.7332 -1.6235
Car -1 -1 -7.7847 242.5755 170.3245 271.9798 197.1543 1.9445 1.7046 4.2122 -26.6569 1.7609 54.5657 -8.2374 -1.7348
Car -1 -1 -4.5495 632.5947 175.6758 677.8492 208.9623 1.5867 1.6504 4.2863 2.3425 1.7402 37.0528 -4.4874 -1.9537
Car -1 -1 -4.6456 663.2670 184.2019 684.7452 203.2415 1.6223 1.6922 4.2894 5.8990 2.7018 66.4089 -4.5579 -2.0543
Cyclist -1 -1 -5.0897 710.3646 173.6045 740.1081 220.4614 1.6854 0.5126 1.6533 4.2260 1.7139 26.8438 -4.9359 -2.0916
Car -1 -1 -7.2060 78.1136 181.0325 220.1079 236.4673 1.5782 1.7315 4.0767 -14.7204 1.8656 23.2711 -7.7651 -2.1132
Car -1 -1 -3.9853 215.9687 175.9311 264.6271 195.4810 1.4978 1.5738 3.4416 -29.5582 1.7517 57.7319 -4.4568 -2.1809
Car -1 -1 -6.8438 630.5170 180.4912 695.4341 206.8246 1.5141 1.5975 3.6556 3.1990 1.9956 43.9576 -6.7722 -2.1961
