Car -1 -1 -4.5571 452.8666 178.4370 494.2945 207.3189 1.4798 1.6460 3.9738 -7.4970 1.8027 39.7576 -4.7427 1.0902
Pedestrian -1 -1 -1.8156 149.4383 179.2711 172.1841 226.4696 1.7065 0.5326 0.8234 -16.6667 1.9479 26.6958 -2.3695 -0.3145
Car -1 -1 -7.7428 579.6874 175.6565 600.5579 191.7803 1.4682 1.5822 3.6319 -1.8749 1.7402 68.2281 -7.7705 -1.3645
Car -1 -1 -7.9821 654.6090 180.0958 708.8500 220.4758 1.4397 1.6199 3.8643 2.7056 1.7439 28.3865 -7.8888 -1.7234
Car -1 -1 -7.3343 629.8832 176.2258 680.7544 200.8610 1.5329 1.6301 3.8930 2.9942 1.7644 47.5380 -7.2722 -1.8317
Car -1 -1 -4.8553 645.9442 177.7304 694.6981 212.8457 1.5013 1.6713 4.0986 2.6941 1.7418 33.5299 -4.7764 -1.8328
Car -1 -1 -6.1793 679.6377 182.7101 734.1631 204.3652 1.5017 1.6152 3.7782 7.0172 2.2336 52.3793 -6.0474 -1.8597
Car -1 -1 -3.1276 584.4756 177.5273 651.3517 205.9093 1.4916 1.6031 3.5441 0.3975 1.7496 39.0395 -3.1180 -2.0375
Car -1 -1 -4.4914 602.3009 179.1653 632.9509 199.3350 1.4868 1.6046 3.8233 0.6053 1.9988 56.5141 -4.4812 -2.1116
Car -1 -1 -4.3024 225.5661 182.5154 311.3643 220.5178 1.4339 1.7090 4.2448 -14.3345 1.8702 30.4608 -4.7392 -2.1513
Car -1 -1 -4.6145 249.8598 189.8987 282.2582 213.8422 1.5157 1.6663 4.1747 -24.3482 2.7761 51.1197 -5.0573 -2.1708
