Car -1 -1 -7.8463 579.0356 178.5664 611.2014 208.5665 1.4893 1.6276 3.5752 -0.8179 1.8065 38.3044 -7.8680 2.2297
Car -1 -1 -7.7857 541.3573 179.3184 570.6602 203.5217 1.4649 1.6441 3.5209 -3.4686 1.8960 46.3807 -7.8604 2.1241
Car -1 -1 -4.6554 754.4207 181.9715 785.3890 208.0464 1.4851 1.6563 4.1420 9.9457 2.0797 44.8634 -4.4392 -0.1461
Pedestrian -1 -1 -7.5497 192.3312 188.8146 213.7437 228.3434 1.6856 0.6295 0.7119 -17.8121 2.3916 31.5153 -8.0608 -0.8843
Car -1 -1 -4.4874 119.6396 188.6236 185.7388 228.0142 1.5459 1.6550 3.8274 -20.2679 2.2918 32.0614 -5.0476 -0.9870
Car -1 -1 -5.8119 732.8093 180.4728 785.3860 201.9855 1.5445 1.5973 3.5715 11.2711 2.1408 54.7700 -5.6104 -1.0461
Car -1 -1 -2.7468 276.8559 180.8696 345.4734 207.9150 1.5579 1.5953 3.4140 -17.7429 2.0425 42.8441 -3.1375 -1.6431
Car -1 -1 -5.1204 10.3551 187.1667 89.0856 223.5200 1.5125 1.5714 3.4991 -25.4914 2.1925 32.7627 -5.7778 -1.8011
Pedestrian -1 -1 -4.9109 122.6309 180.6379 147.6409 229.6470 1.7626 0.6514 0.6709 -17.5299 2.0539 26.5659 -5.4898 -1.9093
Cyclist -1 -1 -7.3254 325.5312 180.7653 345.0140 209.3281 1.6418 0.3360 1.5608 -16.2889 2.1185 42.7123 -7.6880 -2.0160
Pedestrian -1 -1 -2.7896 337.5410 175.9736 362.5376 236.8650 1.7737 0.5585 0.5352 -7.7284 1.8668 21.3276 -3.1338 -2.0303
Car -1 -1 -4.7542 88.4040 173.1107 121.6825 198.6074 1.6165 1.6498 3.9546 -33.5520 1.6340 47.8603 -5.3632 -2.1071
Pedestrian -1 -1 -7.9366 1103.3243 165.5315 1120.0999 202.1148 1.8528 0.6495 0.6723 25.6795 1.4816 36.9955 -7.3339 -2.1908
