Car -1 -1 -4.3220 225.6678 182.5020 361.4399 249.7091 1.4308 1.6268 4.1183 -7.7612 1.6992 18.0237 -4.7238 2.2013
Car -1 -1 -8.2743 746.0167 186.8627 787.9583 209.9297 1.5685 1.6431 3.7444 11.5618 2.6457 53.4970 -8.0632 -1.0227
Car -1 -1 -4.8712 769.0095 188.4735 806.2297 216.1239 1.4566 1.5403 3.5585 10.2348 2.4034 41.9173 -4.6340 -1.0479
Car -1 -1 -4.5516 487.0450 175.3994 517.7767 197.2969 1.5284 1.6104 3.9693 -7.8639 1.7214 52.8195 -4.6990 -1.1746
Car -1 -1 -7.8693 312.1029 173.9389 362.8109 222.2908 1.6540 1.6493 3.8078 -10.2076 1.6972 26.8494 -8.2297 -1.6432
Cyclist -1 -1 -5.7475 303.0851 166.3591 358.9014 223.1393 1.9293 0.6784 1.6952 -9.7038 1.7083 24.9928 -6.1146 -1.6709
Pedestrian -1 -1 -7.8512 246.6973 175.6482 260.7561 213.9634 1.7690 0.5854 0.6243 -16.7195 1.9011 33.7823 -8.3079 -1.7860
Car -1 -1 -4.9492 262.4323 178.4134 298.9565 201.1076 1.6017 1.6272 3.8494 -24.6677 2.0324 53.9289 -5.3766 -1.7980
Car -1 -1 -4.8528 620.0096 172.2796 649.5187 195.9680 1.7387 1.6797 4.1439 1.8227 1.6962 55.1100 -4.8203 -2.1331
Car -1 -1 -2.5981 573.6562 176.9261 630.6650 199.1300 1.5341 1.6183 3.8333 -0.6076 1.8375 52.1337 -2.6102 -2.1531
Car -1 -1 -6.4524 646.1371 178.2502 740.8741 213.3665 1.4541 1.6068 3.8319 3.5077 1.6931 31.0732 -6.3417 -2.1702
