Car -1 -1 -7.8536 579.6375 180.9254 612.4435 210.6636 1.4444 1.6387 3.6040 -0.7741 1.8878 37.8500 -7.8745 1.7928
Car -1 -1 -7.7964 541.1918 179.5108 569.9740 204.9346 1.5156 1.6188 3.5976 -3.4503 1.9543 45.7750 -7.8717 1.3805
Car -1 -1 -4.4091 757.2033 181.7023 803.9694 209.2466 1.5199 1.6247 3.9817 10.2454 2.0768 43.3083 -4.1789 -0.1612
Pedestrian -1 -1 -7.7747 91.1135 177.2219 115.7880 227.0072 1.8374 0.7153 0.5674 -19.0849 2.0040 27.1302 -8.3833 -0.9719
Cyclist -1 -1 -7.1950 247.4281 184.2170 270.1581 212.4048 1.6687 0.3474 1.5940 -21.5320 2.3771 44.1882 -7.6463 -1.3461
Car -1 -1 -7.4291 158.2822 189.2931 237.4869 228.0393 1.5246 1.6086 3.8268 -18.2379 2.2995 32.0466 -7.9432 -1.6079
Car -1 -1 -3.5575 1.0662 185.9666 97.6835 217.4017 1.5155 1.5907 3.7492 -29.8699 2.2517 38.5027 -4.2141 -1.7066
Pedestrian -1 -1 -3.2227 326.6453 176.2483 347.7468 242.2264 1.7850 0.5051 0.5055 -7.5725 1.8798 19.8915 -3.5825 -1.7384
Pedestrian -1 -1 -6.1314 200.8340 179.6164 221.2150 239.5822 1.7357 0.5981 0.4403 -11.8337 1.9385 21.3211 -6.6331 -1.8084
Car -1 -1 -4.9856 820.8990 185.3379 863.7030 211.4505 1.4902 1.5855 3.6624 14.3366 2.2973 44.8094 -4.6784 -1.8555
Pedestrian -1 -1 -4.9137 317.3712 180.2197 331.8703 211.8202 1.7701 0.6677 0.5647 -16.2657 2.1929 41.0300 -5.2892 -1.9373
Car -1 -1 -4.3947 396.1988 178.4250 437.5157 203.1351 1.6656 1.6505 4.1263 -13.8100 2.0806 51.6920 -4.6548 -1.9409
Pedestrian -1 -1 -7.6007 76.8269 182.4744 96.1621 218.8956 1.7961 0.6454 0.6380 -26.3108 2.2842 36.2161 -8.2257 -1.9969
Car -1 -1 -6.9257 1125.3457 185.3783 1210.8826 212.3651 1.5079 1.6359 3.6917 32.3472 2.2499 41.9304 -6.2725 -2.0241
Car -1 -1 -8.5900 863.8229 174.9320 919.5131 198.0738 1.7015 1.6851 4.0877 21.6371 1.8678 55.6577 -8.2214 -2.0244
Pedestrian -1 -1 -7.0562 1119.9764 167.0909 1144.3650 205.5420 1.8743 0.6800 0.6966 25.6889 1.5931 35.5596 -6.4349 -2.0708
