Car -1 -1 -7.8805 578.1262 171.1828 610.4645 199.9218 1.4889 1.6510 3.7522 -0.9345 1.4020 39.2965 -7.9046 1.7105
Car -1 -1 -7.7507 540.3171 171.2703 572.5115 195.2952 1.5178 1.6993 4.2097 -3.5300 1.4174 47.7122 -7.8245 0.5996
Car -1 -1 -7.3860 224.3335 178.8815 317.2380 218.1458 1.4531 1.7028 4.2176 -13.7766 1.7170 29.4947 -7.8198 -1.4893
Car -1 -1 -4.4309 745.7543 174.0146 787.4396 198.4890 1.5248 1.6178 4.0497 10.2783 1.6041 47.3254 -4.2188 -1.5389
Car -1 -1 -4.4199 155.7018 175.6777 219.8223 210.5167 1.6495 1.7001 4.0745 -21.4153 1.8013 36.6928 -4.9453 -1.5940
Car -1 -1 -5.0744 1168.4585 183.4034 1241.0000 214.9681 1.4613 1.6075 3.8760 30.2894 2.0311 36.8960 -4.3914 -1.7111
Car -1 -1 -5.3091 1000.9914 175.3281 1069.9681 201.8974 1.6280 1.7369 4.2757 27.4718 1.7957 46.8123 -4.7815 -1.7307
Car -1 -1 -4.3254 619.9922 173.5558 661.6688 195.6298 1.4998 1.5880 3.9541 2.2030 1.5515 51.2883 -4.2831 -1.7558
Car -1 -1 -8.3767 1032.2133 179.1022 1093.3700 204.5439 1.5434 1.6480 3.8207 29.1644 1.9639 46.6589 -7.8213 -1.8623
Pedestrian -1 -1 -7.0403 222.5657 175.8654 245.0282 213.2510 1.7359 0.6926 0.6366 -17.7572 1.8791 33.9836 -7.5189 -1.8787
Cyclist -1 -1 -7.9868 1002.0695 174.6755 1011.2771 200.1110 1.6859 0.3315 1.5871 26.7574 1.8107 48.7393 -7.4877 -1.9591
Pedestrian -1 -1 -7.0550 335.2452 178.0350 351.3189 206.1747 1.7225 0.7165 0.6079 -16.5770 2.0467 44.7542 -7.4082 -2.1337
