Car -1 -1 -7.6685 548.6233 169.9418 575.4921 189.4588 1.6207 1.6288 3.8006 -4.1041 1.3786 61.9017 -7.7347 -0.1747
Car -1 -1 -7.9248 574.2186 172.6490 602.2741 194.7331 1.5068 1.6915 4.2823 -1.6215 1.4925 51.4463 -7.9566 -0.2081
Car -1 -1 -4.6724 254.7707 183.8926 284.7057 209.9896 1.4941 1.5374 3.6448 -21.1967 2.2120 44.9618 -5.1110 -0.3031
Car -1 -1 -4.1058 234.8759 177.4260 293.6407 201.8925 1.5624 1.6150 3.9719 -23.4119 1.8855 48.9470 -4.5501 -1.4925
Pedestrian -1 -1 -5.1012 241.6055 179.6897 259.8951 216.8018 1.6877 0.5836 0.5747 -16.6570 2.0074 33.3717 -5.5613 -1.5726
Car -1 -1 -7.9072 357.0272 174.9349 379.4886 193.3097 1.6125 1.7287 4.2292 -22.2009 1.8095 66.1224 -8.2301 -1.6665
Car -1 -1 -7.5209 331.3793 173.3032 388.9798 204.8586 1.6821 1.7702 4.2402 -14.0255 1.7084 40.6450 -7.8515 -1.8033
Car -1 -1 -7.6629 695.2550 179.2017 749.0795 217.9124 1.4640 1.5350 3.7366 4.6706 1.7451 29.9668 -7.5105 -1.9844
Car -1 -1 -4.8200 293.0275 176.0283 320.2004 195.9500 1.5156 1.5906 3.9239 -24.2990 1.7783 57.6661 -5.2174 -2.1508
Car -1 -1 -4.5141 106.7121 183.1214 159.7870 213.4135 1.5112 1.6366 4.1854 -26.2299 2.1087 39.7654 -5.0944 -2.1789
