Car -1 -1 -4.4980 438.3286 177.2437 487.5461 209.7812 1.5288 1.6388 3.8877 -7.3900 1.7617 36.3851 -4.6974 1.8620
Car -1 -1 -4.9895 799.5038 189.6500 842.6462 216.5809 1.5192 1.6047 3.7169 13.0401 2.6071 44.8853 -4.7092 -0.9676
Pedestrian -1 -1 -1.9099 121.8212 183.9757 147.8491 232.7190 1.6579 0.5744 0.6549 -16.6172 2.0520 25.1629 -2.4889 -1.2628
Car -1 -1 -7.9492 653.8976 175.3377 705.3990 215.2897 1.5322 1.7075 4.3734 2.7872 1.6432 30.1350 -7.8584 -1.6405
Car -1 -1 -4.8450 645.6961 178.0935 692.0638 213.0940 1.5020 1.6289 3.9059 2.6355 1.7599 33.5573 -4.7680 -1.6554
Car -1 -1 -4.7748 117.8273 198.7048 159.0359 232.1789 1.5113 1.5725 3.6916 -24.6015 2.9257 37.5381 -5.3520 -1.8251
Car -1 -1 -4.4727 301.7804 191.1244 335.5025 212.8459 1.4783 1.5545 3.4925 -21.8071 2.8929 54.0387 -4.8549 -2.0022
Car -1 -1 -7.7211 621.2411 175.2301 654.9637 200.9812 1.5729 1.6642 3.9962 1.8229 1.7329 46.5727 -7.6826 -2.1116
Car -1 -1 -6.1129 41.6551 191.3149 122.5624 219.9935 1.5157 1.5853 3.5408 -30.3520 2.6167 41.5502 -6.7410 -2.1396
Pedestrian -1 -1 -4.9261 176.7749 175.2956 207.3030 251.0142 1.7135 0.5171 0.5102 -9.7341 1.7710 16.7140 -5.4469 -2.1432
Car -1 -1 -7.8227 578.6671 174.5591 597.0804 190.8336 1.4824 1.6204 3.7833 -2.0821 1.6473 68.0127 -7.8536 -2.1451
Car -1 -1 -2.7450 241.3013 188.3011 311.8348 211.5878 1.5320 1.6635 4.0731 -22.8934 2.6122 49.5670 -3.1760 -2.1535
Cyclist -1 -1 -7.6904 381.5432 176.2586 391.6133 203.6738 1.6600 0.3460 1.5608 -13.8656 1.8743 44.6842 -7.9899 -2.1619
