Car -1 -1 -7.7530 517.5885 177.5948 559.5469 210.9592 1.4998 1.6571 3.5937 -3.4286 1.7396 34.7456 -7.8511 2.6129
Car -1 -1 -7.8652 578.6160 180.3368 623.9138 221.3024 1.4348 1.6290 3.5318 -0.4064 1.7404 27.7115 -7.8804 2.4968
Car -1 -1 -4.4603 362.1611 179.4357 412.5589 208.9745 1.4847 1.6593 4.0329 -12.0720 1.8610 39.2317 -4.7573 1.4068
Pedestrian -1 -1 -7.9906 983.1882 168.4590 1000.3082 205.0004 1.8415 0.6789 0.7059 19.4300 1.6197 36.8094 -7.5086 -1.4211
Pedestrian -1 -1 -6.3641 271.8623 174.8336 288.9883 210.1729 1.8112 0.6161 0.7627 -17.1622 1.9150 37.4851 -6.7911 -1.5289
Car -1 -1 -4.6634 449.6333 177.1352 470.3560 195.0166 1.5207 1.6201 3.9635 -13.3902 1.9151 64.4422 -4.8678 -1.5520
Car -1 -1 -7.7251 506.6255 172.7600 538.7212 199.2038 1.6953 1.6368 3.9478 -5.8272 1.6890 48.2385 -7.8450 -1.5943
Car -1 -1 -4.4182 134.1377 182.1482 186.8882 210.5612 1.5336 1.6081 3.7075 -26.2842 2.1033 42.2515 -4.9721 -1.8828
Car -1 -1 -4.6917 318.8150 175.3942 339.5408 193.7401 1.5474 1.6172 4.0778 -24.7669 1.7789 63.6567 -5.0616 -2.1159
Cyclist -1 -1 -7.7861 113.7355 184.1807 126.0957 219.5109 1.6870 0.3961 1.5922 -24.3138 2.2603 35.7471 -8.3801 -2.1365
Pedestrian -1 -1 -6.0598 239.9100 180.6465 265.6613 263.9993 1.6032 0.4352 0.3650 -7.0686 1.7587 14.1789 -6.5153 -2.1744
