Car -1 -1 -4.4299 342.5199 183.2510 427.7576 233.1018 1.4194 1.6166 3.7818 -7.1782 1.7814 23.2403 -4.7268 2.0712
Car -1 -1 -8.0244 346.0750 173.8484 401.8111 216.6129 1.6973 1.6323 3.8305 -10.1732 1.7423 30.8085 -8.3412 -0.4464
Car -1 -1 -7.6944 190.8434 180.6555 235.4787 212.0763 1.5860 1.5691 3.6315 -21.6326 2.0328 39.3744 -8.1942 -0.4653
Car -1 -1 -7.8147 579.8931 174.9695 599.3596 192.2064 1.5329 1.6457 3.9897 -1.8770 1.7339 66.6635 -7.8431 -1.2454
Car -1 -1 -4.7480 165.1236 182.3580 196.6649 210.7834 1.7015 1.6183 3.9771 -27.8401 2.3442 46.7110 -5.2832 -1.5051
Car -1 -1 -4.4040 412.9106 175.2647 449.6797 197.3717 1.6507 1.6294 4.0738 -13.9501 1.8458 56.4165 -4.6456 -1.6258
Cyclist -1 -1 -7.6864 31.5308 181.9738 45.7886 210.6843 1.5883 0.3719 1.6106 -32.6665 2.1190 41.2172 -8.3536 -1.7208
Car -1 -1 -7.3371 639.5190 178.5857 703.8257 208.1734 1.4718 1.6330 4.1228 3.3409 1.7976 38.8906 -7.2526 -1.8086
Pedestrian -1 -1 -6.7654 354.8989 171.1962 379.9173 218.2000 1.8585 0.6724 0.7251 -9.8020 1.7926 29.0232 -7.0887 -1.8440
Cyclist -1 -1 -7.2771 189.7708 177.6434 219.8230 216.4815 1.6579 0.3519 1.5721 -17.8811 1.8739 31.7931 -7.7861 -1.9835
Car -1 -1 -7.4410 13.0981 175.0620 76.9207 201.4851 1.5686 1.6517 4.0831 -35.4731 1.7139 45.3812 -8.1017 -1.9870
Cyclist -1 -1 -7.8885 259.3814 175.7258 269.5411 211.5318 1.6334 0.3759 1.6337 -16.2602 1.7711 33.8577 -8.3334 -2.0248
Car -1 -1 -7.6811 621.9019 176.9905 663.6968 206.7130 1.5216 1.6384 3.9778 1.8154 1.7607 39.6465 -7.6362 -2.1254
Pedestrian -1 -1 -1.9472 0.0000 179.6396 24.3994 244.6900 1.7148 0.5943 0.5843 -16.3769 1.9017 19.5051 -2.6391 -2.1400
Pedestrian -1 -1 -8.7105 700.8329 180.7553 717.2162 210.0745 1.7261 0.5978 0.7684 5.8958 2.2045 43.2272 -8.5765 -2.1469
Car -1 -1 -7.4449 638.6520 174.0167 682.5717 197.7204 1.6862 1.6973 4.3162 3.7952 1.7764 53.8614 -7.3754 -2.1703
