Car -1 -1 -7.7664 555.3007 169.6852 577.8473 188.4345 1.6402 1.6806 4.1382 -3.9152 1.3627 65.2117 -7.8264 -0.7804
Car -1 -1 -4.8122 677.6892 180.1052 710.6863 206.1836 1.4000 1.5201 3.6425 4.7733 1.8360 41.5839 -4.6993 -0.8212
Car -1 -1 -7.6108 291.7473 178.1376 335.6601 206.7967 1.5484 1.5340 3.5004 -17.0247 1.8655 41.5053 -7.9981 -1.2460
Car -1 -1 -4.8124 299.7623 176.1897 329.2265 197.7325 1.5371 1.6515 4.1256 -22.3279 1.7984 54.3759 -5.2006 -1.3581
Car -1 -1 -7.9259 648.6823 166.5839 669.6304 186.0350 1.8211 1.7124 4.1995 4.6955 1.2337 69.6564 -7.8592 -1.4893
Car -1 -1 -7.8111 580.8170 173.1046 605.5040 193.9011 1.4999 1.6826 4.0384 -1.2580 1.5191 54.1237 -7.8346 -1.5423
Car -1 -1 -2.0276 114.2785 180.4056 207.6253 220.6964 1.4485 1.5928 3.8097 -17.6529 1.7616 28.2578 -2.5819 -1.6451
Car -1 -1 -4.1891 182.2192 175.6039 287.8135 219.0017 1.4708 1.6377 4.0940 -13.8296 1.5806 26.8045 -4.6616 -1.6840
Pedestrian -1 -1 -4.2973 145.9042 181.7919 166.7628 221.6201 1.4006 0.4773 0.4792 -16.2427 1.7228 25.7657 -4.8554 -1.9942
Car -1 -1 -4.4765 366.2029 177.8055 410.2139 205.0951 1.5927 1.6708 4.2770 -13.8274 1.9168 45.0879 -4.7728 -2.0932
