Car -1 -1 -7.9752 581.2925 174.1274 607.3591 193.5266 1.5068 1.6490 3.8263 -1.3255 1.6129 58.3184 -7.9982 -0.9496
Car -1 -1 -6.3464 673.8935 178.3014 790.4556 219.7707 1.5079 1.6611 4.2655 4.5422 1.7233 27.5429 -6.1853 -1.4705
Car -1 -1 -4.9306 1195.6523 190.1811 1241.0000 217.8149 1.4898 1.6151 3.8032 36.8170 2.5845 43.5411 -4.2325 -1.5245
Pedestrian -1 -1 -6.4832 46.2262 178.5222 78.0012 237.3724 1.7047 0.5326 0.6599 -16.3017 1.8759 21.4059 -7.1283 -1.6160
Car -1 -1 -2.6941 62.3216 194.3182 174.7533 231.9709 1.4880 1.5925 3.6323 -20.9160 2.4341 30.7643 -3.2874 -1.7512
Car -1 -1 -2.2478 189.0092 176.7043 270.9641 209.8113 1.6349 1.6757 3.9445 -19.8161 1.8433 37.5485 -2.7307 -1.9339
Car -1 -1 -4.3565 296.7257 180.6382 365.1409 212.9617 1.4423 1.7147 4.3502 -13.6405 1.8478 35.4308 -4.7218 -1.9617
Car -1 -1 -8.2914 418.7831 175.9464 459.3424 196.4278 1.5361 1.6452 3.8022 -13.4926 1.7875 56.7210 -8.5242 -1.9900
Car -1 -1 -4.7692 668.3138 180.1876 708.1904 215.1383 1.4525 1.5717 3.5728 3.4399 1.8018 32.5719 -4.6656 -2.0054
Car -1 -1 -4.1437 372.0180 177.2663 410.3801 194.9048 1.5686 1.5812 3.8821 -20.3830 1.9925 67.2922 -4.4370 -2.0102
Car -1 -1 -6.8486 662.5810 176.1833 737.9354 203.9650 1.5675 1.6643 4.1935 5.3200 1.7720 42.7555 -6.7261 -2.0119
Car -1 -1 -4.6548 71.5454 196.8874 130.4087 243.1565 1.4445 1.5432 3.6225 -18.6581 2.3915 26.4951 -5.2638 -2.0640
Car -1 -1 -7.9914 332.0892 181.2429 364.9857 205.7640 1.6457 1.6912 4.0782 -18.9513 2.2770 52.1260 -8.3388 -2.1541
Car -1 -1 -4.6020 47.0666 191.9590 114.8780 237.2140 1.5117 1.6599 4.3136 -20.6993 2.3217 28.3168 -5.2289 -2.1797
