Car -1 -1 -7.8706 583.4217 168.9338 604.8795 190.3616 1.7276 1.7163 4.1824 -1.3804 1.4113 60.2979 -7.8937 -0.7353
Car -1 -1 -7.6794 655.7711 175.5164 692.1121 202.2093 1.5467 1.6078 3.6771 3.9202 1.7167 44.1882 -7.5920 -0.9662
Car -1 -1 -6.3144 425.3151 178.3141 484.5068 202.4816 1.4689 1.5421 3.5972 -9.8368 1.8224 45.5708 -6.5262 -1.0619
Car -1 -1 -4.3591 367.6920 174.0019 419.3395 200.4839 1.6126 1.7547 4.4214 -13.8774 1.6897 46.3968 -4.6485 -1.5944
Car -1 -1 -4.8626 1128.1234 187.2465 1168.1958 211.3926 1.4909 1.6159 3.7982 36.5013 2.5102 49.0589 -4.2263 -1.6186
Car -1 -1 -4.6131 660.3179 179.8569 699.9187 212.3049 1.4298 1.5482 3.5269 3.3536 1.7825 34.4861 -4.5175 -1.8410
Car -1 -1 -6.0759 279.6870 175.6400 357.6727 202.8292 1.5755 1.6306 4.0812 -17.4166 1.7465 43.2035 -6.4572 -1.9704
Car -1 -1 -4.8302 546.2318 175.3212 570.5104 193.5290 1.5266 1.6428 4.1378 -4.5827 1.7501 63.2753 -4.9026 -2.0427
Car -1 -1 -4.1543 610.2899 173.9070 656.6119 194.0257 1.4779 1.6021 4.1511 1.8133 1.5616 55.4000 -4.1222 -2.0710
Car -1 -1 -4.3959 440.5174 172.7839 471.5678 189.9931 1.5334 1.6310 3.9922 -14.1414 1.5269 66.3651 -4.6053 -2.0798
Car -1 -1 -6.4490 540.8644 174.6588 594.3843 195.7331 1.5040 1.5769 3.7048 -3.1486 1.6390 52.8795 -6.5086 -2.1407
Car -1 -1 -7.9655 667.8884 177.8039 717.0670 216.1231 1.4333 1.5632 3.6898 3.2437 1.6468 29.3137 -7.8570 -2.1415
