Car -1 -1 -7.7567 537.4206 178.5176 571.9355 205.6876 1.4442 1.6198 3.4719 -3.1272 1.7782 40.8368 -7.8331 2.4226
Car -1 -1 -7.8254 584.5129 178.4842 620.0271 212.1343 1.4696 1.5710 3.5040 -0.3615 1.7473 33.8669 -7.8365 1.7240
Cyclist -1 -1 -7.1138 207.8136 177.3348 244.6860 218.7490 1.6549 0.3881 1.5670 -15.8822 1.8447 29.8136 -7.5998 -0.6558
Car -1 -1 -6.7722 822.1824 184.3795 912.9241 220.8363 1.4881 1.5793 3.3378 11.0383 2.0016 31.1376 -6.4352 -1.1030
Car -1 -1 -4.9972 1050.8850 179.0168 1101.7340 208.5309 1.6074 1.5249 3.5819 27.0623 1.9826 42.0364 -4.4288 -1.7473
Pedestrian -1 -1 -6.7034 196.4933 182.8080 210.0717 208.8838 1.7611 0.7177 0.5691 -27.9397 2.4499 49.5101 -7.2151 -1.7629
Car -1 -1 -4.9904 530.2706 172.2826 559.5820 189.1172 1.5342 1.6746 4.1393 -6.1856 1.4818 67.9898 -5.0811 -1.8364
Car -1 -1 -4.7563 199.8830 184.5110 226.8701 207.2721 1.6180 1.6507 4.0688 -30.6591 2.5523 55.6792 -5.2579 -1.9624
Car -1 -1 -7.7667 198.8540 177.8520 251.0597 217.5574 1.5738 1.6462 3.9270 -16.6498 1.8048 31.2638 -8.2527 -2.0608
Car -1 -1 -4.4197 192.8570 180.2663 246.9849 208.7997 1.5372 1.6344 4.2076 -22.7947 1.9938 42.2508 -4.9120 -2.1520
