Car -1 -1 -7.9036 564.5443 188.1081 605.2168 223.9681 1.4291 1.6245 3.5406 -1.2095 2.1472 32.1492 -7.9416 2.5278
Car -1 -1 -7.8443 520.9282 186.5840 548.9086 212.0648 1.4146 1.6220 3.4172 -4.5714 2.2806 43.7486 -7.9484 1.9797
Car -1 -1 -4.2943 212.5399 187.8135 278.9065 218.8289 1.5384 1.7058 4.2308 -20.1418 2.4124 40.0171 -4.7582 -0.6063
Cyclist -1 -1 -6.8942 908.8251 165.8993 948.1283 203.1342 1.8240 0.5354 1.8055 15.7536 1.4831 35.7878 -6.4829 -0.9890
Car -1 -1 -4.1450 867.3187 187.2390 922.7062 213.5258 1.4892 1.5477 3.4743 17.4912 2.4056 44.3308 -3.7721 -1.5731
Car -1 -1 -4.4210 4.6415 197.8822 74.3425 233.6634 1.4997 1.6078 3.9077 -27.8575 2.7975 35.3099 -5.0854 -1.6991
Pedestrian -1 -1 -7.6340 951.4046 176.8685 969.5183 219.5937 1.7811 0.5825 0.5684 14.7999 1.9531 30.5589 -7.1874 -1.7185
Car -1 -1 -2.4623 0.0000 196.7055 33.4744 248.5910 1.4708 1.6571 4.1765 -20.6554 2.2390 22.2901 -3.2038 -1.7258
Car -1 -1 -4.4045 597.6568 187.7393 642.5161 213.8143 1.4799 1.6507 4.2120 0.6599 2.4708 45.7878 -4.3908 -1.9022
Car -1 -1 -4.7380 225.5267 176.7946 255.3065 209.1387 1.9999 1.6380 3.9571 -24.2699 2.2694 47.2628 -5.2103 -2.0439
Car -1 -1 -7.8397 575.5000 174.1765 599.1854 201.7893 2.0451 1.7603 3.8989 -1.7476 2.1503 55.5931 -7.8714 -2.1051
Car -1 -1 -7.3441 95.4147 192.0991 197.4280 232.1397 1.4787 1.7837 4.3280 -19.7915 2.3637 30.9803 -7.9089 -2.1971
