Car -1 -1 -7.9378 551.8206 179.1584 599.6786 217.7383 1.4453 1.6478 3.5934 -1.5017 1.7196 29.5391 -7.9888 2.2446
Car -1 -1 -7.7780 507.7256 178.1913 540.8294 205.1031 1.4537 1.6287 3.5085 -4.9227 1.7733 41.4697 -7.8959 2.1481
Car -1 -1 -3.8633 924.9902 191.3322 1053.0446 239.7635 1.4713 1.5495 3.6804 12.5510 2.1172 24.0349 -3.3878 1.8612
Car -1 -1 -4.1606 1077.3690 195.6526 1199.4358 244.2712 1.5564 1.6807 4.1097 19.0912 2.4312 26.1307 -3.5358 1.0466
Pedestrian -1 -1 -5.4818 27.4380 176.6263 58.0089 220.1110 1.7358 0.5270 0.8543 -22.9799 1.8897 29.1779 -6.1446 -1.0281
Pedestrian -1 -1 -7.6628 1189.5151 182.9656 1230.0573 254.6930 1.7599 0.6993 0.5668 15.1422 2.0221 18.2802 -6.9796 -1.4834
Pedestrian -1 -1 -6.2193 959.5853 168.0045 973.2856 195.4782 1.8401 0.6272 0.7942 24.0728 1.5150 48.7949 -5.7637 -1.7392
Car -1 -1 -5.1063 809.3292 185.0609 852.3301 208.9788 1.4965 1.5443 3.5023 14.8605 2.3530 48.8229 -4.8131 -1.8851
Car -1 -1 -8.2775 771.9659 179.3552 823.6972 205.1749 1.5446 1.6588 4.1237 11.9856 1.9822 46.4315 -8.0269 -1.9998
Car -1 -1 -2.4226 0.0000 182.5773 30.9903 232.2452 1.4514 1.6136 4.0187 -20.5901 1.7626 22.2671 -3.1630 -2.0843
Car -1 -1 -4.9339 874.2800 168.9103 906.2174 188.2517 1.5457 1.6169 3.9841 23.1353 1.2302 59.7500 -4.5663 -2.0999
Car -1 -1 -4.9852 933.0891 169.7750 968.2831 189.8478 1.5239 1.5643 3.6453 26.6991 1.2898 56.7038 -4.5474 -2.1256
Cyclist -1 -1 -8.9079 981.5505 171.6407 1017.4828 205.0146 1.8208 0.6390 1.6630 21.6717 1.7543 40.2386 -8.4174 -2.1283
