Car -1 -1 -7.8468 566.0686 177.2248 603.0061 211.7000 1.4927 1.6231 3.5853 -1.2143 1.7064 33.5169 -7.8833 1.8337
Car -1 -1 -7.8725 521.8377 177.0067 549.4550 202.0506 1.4609 1.6253 3.7032 -4.6711 1.7288 44.6680 -7.9765 0.4700
Car -1 -1 -4.5232 885.3104 185.0933 920.5764 209.2915 1.5097 1.5611 3.6995 19.8866 2.3740 48.9933 -4.1402 -0.9331
Car -1 -1 -4.8417 1013.5395 167.9251 1074.1715 208.6568 1.6342 1.6963 4.1160 18.6083 1.4361 31.1744 -4.3081 -1.2244
Pedestrian -1 -1 -7.8040 939.2433 166.5044 952.1063 195.8135 1.9663 0.7637 0.5679 22.6881 1.5400 48.8366 -7.3718 -1.3775
Car -1 -1 -4.7275 608.9487 176.1237 632.5341 199.4513 1.6288 1.6618 4.3377 0.7263 1.8792 53.1593 -4.7144 -1.6343
Cyclist -1 -1 -7.9253 1180.5117 136.3209 1205.1653 203.2363 1.7562 0.3860 1.7360 15.8995 0.7971 19.7626 -7.2551 -1.9585
Car -1 -1 -5.0863 789.5573 184.5455 839.0187 210.8484 1.4670 1.6025 3.8172 12.3554 2.2115 43.9834 -4.8147 -2.0046
Car -1 -1 -8.9984 1037.1151 168.7751 1148.3180 205.6691 1.5162 1.5947 3.7271 21.0449 1.3482 31.6534 -8.4162 -2.0529
Car -1 -1 -5.1874 902.3271 184.6068 966.9515 214.9398 1.4716 1.5853 3.7368 17.1564 2.1279 38.3987 -4.7706 -2.0639
Car -1 -1 -5.5100 1139.2083 172.6712 1241.0000 206.9220 1.5745 1.6678 4.0613 28.3245 1.5658 35.2871 -4.8380 -2.1673
