Car -1 -1 -7.7188 505.7163 179.7625 551.3959 213.5648 1.4530 1.6513 3.4982 -3.7691 1.7905 33.5072 -7.8305 2.4260
Car -1 -1 -7.8498 561.0879 179.5918 616.0571 228.3743 1.4448 1.6650 3.3695 -0.7440 1.6803 23.5483 -7.8818 2.3135
Car -1 -1 -4.3526 211.8466 180.4581 299.4675 225.3623 1.6300 1.7523 4.3265 -14.2396 1.9608 29.1816 -4.8033 2.1413
Car -1 -1 -4.4567 338.1010 181.1662 379.8314 207.0946 1.5417 1.6052 3.8046 -16.0221 2.0952 46.1168 -4.7896 0.2995
Car -1 -1 -4.0668 829.5892 181.3358 872.8218 199.0725 1.5386 1.6617 4.0522 22.1156 2.3378 66.1793 -3.7460 -0.7103
Car -1 -1 -4.7045 610.7948 177.9948 630.1248 195.9523 1.4933 1.6399 4.1496 0.9075 1.9589 63.2925 -4.6907 -1.6261
Pedestrian -1 -1 -6.6166 486.2017 175.2188 501.4279 203.5166 1.7948 0.5317 0.8359 -7.4847 1.9476 46.2686 -6.7765 -1.7292
Car -1 -1 -7.7192 578.7484 178.2955 608.9509 200.9420 1.4600 1.5815 3.7468 -1.1007 1.8470 49.4057 -7.7418 -1.7884
Cyclist -1 -1 -7.4327 0.0000 183.1462 19.1789 225.4511 1.7304 0.3730 1.7074 -25.9335 2.1820 30.8096 -8.1282 -1.8459
Car -1 -1 -4.7607 148.5326 191.9253 172.5666 210.5342 1.5339 1.6751 4.1047 -41.2014 3.3373 66.0763 -5.3167 -1.9800
Pedestrian -1 -1 -6.5927 759.7433 178.2435 768.9258 198.8076 1.8231 0.6955 0.6196 13.7804 2.3077 64.5413 -6.3837 -2.1920
