Car -1 -1 -7.7831 490.4699 181.2670 528.3646 211.7847 1.4032 1.6288 3.4409 -5.0014 1.8424 35.9232 -7.9209 2.3963
Car -1 -1 -7.8836 543.8401 185.2845 594.5142 229.1880 1.3610 1.6474 3.5320 -1.5330 1.8270 25.2379 -7.9444 2.2996
Car -1 -1 -4.1375 0.0000 190.1176 93.4554 258.9472 1.4654 1.5460 3.3852 -14.7979 1.9383 18.0116 -4.8182 1.5557
Car -1 -1 -4.0090 844.2680 187.2874 902.9343 210.2399 1.5258 1.6737 4.1690 18.9583 2.5997 51.9421 -3.6615 0.4196
Car -1 -1 -4.9214 731.5777 182.7309 769.2090 207.3447 1.5490 1.6903 4.0785 9.4715 2.2492 49.1141 -4.7326 -0.6615
Pedestrian -1 -1 -8.0057 989.4327 159.2729 1016.4715 214.1958 1.8555 0.7238 0.6381 13.4497 1.3964 24.7972 -7.5141 -1.0178
Car -1 -1 -7.5395 825.5668 180.3914 873.5355 207.7195 1.5450 1.6201 4.0382 14.6319 2.0270 44.0629 -7.2214 -1.6263
Cyclist -1 -1 -7.5578 621.7288 177.8836 635.9583 208.5668 1.6661 0.3480 1.5891 1.0206 1.9520 40.2533 -7.5333 -1.8006
Car -1 -1 -4.0734 78.7353 193.9876 156.0698 222.8914 1.5877 1.7305 4.3499 -30.6954 2.9725 45.0783 -4.6687 -1.8515
Pedestrian -1 -1 -8.3252 1223.9617 180.4538 1241.0000 259.5502 1.7310 0.5741 0.5040 14.1871 1.9042 16.1637 -7.6146 -1.8520
Car -1 -1 -4.1925 26.2688 187.5584 145.0267 232.3371 1.4453 1.6978 4.2024 -19.4105 2.0374 26.8933 -4.8131 -1.8714
Pedestrian -1 -1 -2.5194 607.2964 176.2627 615.8249 195.8555 1.8245 0.6852 0.4946 0.1266 2.1463 67.7588 -2.5179 -1.9276
Car -1 -1 -4.6681 761.4661 182.0255 788.8581 206.4804 1.5656 1.6820 4.0385 11.4440 2.2283 49.9903 -4.4449 -2.0382
Car -1 -1 -7.5989 412.2021 178.1933 467.1484 214.3642 1.6205 1.6362 3.9612 -8.2087 1.8934 34.9172 -7.8285 -2.0847
Pedestrian -1 -1 -6.0062 977.4141 174.6221 998.0625 217.3905 1.8113 0.7341 0.6136 16.2264 1.8884 31.0758 -5.5294 -2.1362
