Car -1 -1 -7.8884 568.0844 184.8008 605.8257 218.5429 1.4722 1.6764 3.6826 -1.1963 2.0781 34.7181 -7.9233 2.4307
Car -1 -1 -7.8154 524.0295 184.8044 552.6216 210.4207 1.4759 1.6442 3.7800 -4.4976 2.2583 45.3158 -7.9143 0.4246
Pedestrian -1 -1 -2.1094 95.1046 190.3504 116.3128 229.7004 1.7218 0.5208 0.6459 -22.5959 2.5130 32.2715 -2.7166 -1.3968
Car -1 -1 -4.6867 836.2549 182.8055 859.9679 204.8357 1.5631 1.6343 4.0468 18.2624 2.3562 55.3443 -4.3701 -1.4528
Pedestrian -1 -1 -2.3038 246.6469 182.6837 261.9758 211.1018 1.8087 0.6862 0.5664 -23.0225 2.4495 46.6389 -2.7603 -1.6035
Pedestrian -1 -1 -7.9900 1035.3230 159.4777 1059.8920 211.3974 1.8629 0.6820 0.6367 15.9068 1.3827 26.3155 -7.4517 -1.6387
Car -1 -1 -3.1675 83.7800 181.9595 189.0751 218.8709 1.6358 1.6695 4.1595 -22.7940 2.0977 34.7635 -3.7445 -1.8957
Car -1 -1 -4.8752 336.0506 184.0560 365.2459 204.7173 1.5541 1.6144 3.9582 -21.1510 2.4980 58.6953 -5.2199 -2.0716
Car -1 -1 -4.0670 0.0000 198.6435 54.0214 254.8842 1.4193 1.6163 4.1374 -19.5062 2.2907 22.2708 -4.7805 -2.0856
Car -1 -1 -4.4163 779.0282 174.1035 812.1826 193.1516 1.6048 1.6798 4.1695 16.2898 1.7179 63.2977 -4.1659 -2.1831
Car -1 -1 -6.8352 932.0356 180.4478 1016.1434 207.7171 1.5234 1.6460 4.1072 21.0543 1.9743 41.8706 -6.3726 -2.1892
