Car -1 -1 -7.7104 507.3023 178.7079 554.3593 213.1447 1.4408 1.6190 3.5783 -3.5643 1.7199 32.6225 -7.8189 2.4700
Car -1 -1 -7.7632 565.5164 181.3302 624.6317 227.8530 1.3886 1.6588 3.4319 -0.4753 1.6904 23.9508 -7.7836 2.3210
Car -1 -1 -4.3600 225.0905 183.2412 309.9905 225.5935 1.3904 1.5688 3.9085 -12.5948 1.8033 26.6893 -4.7974 1.8732
Car -1 -1 -4.4081 410.6462 174.3234 444.8577 193.7900 1.5894 1.6524 4.1469 -15.4726 1.7184 61.3495 -4.6544 -0.0654
Car -1 -1 -3.8640 131.4494 181.1787 223.2497 212.7165 1.6005 1.6974 4.3407 -24.0108 2.0905 40.1719 -4.4001 -1.3839
Car -1 -1 -7.7178 221.7593 179.1769 259.5483 206.3331 1.6072 1.6186 3.8513 -23.4024 2.0261 45.7576 -8.1884 -1.8082
Cyclist -1 -1 -3.4718 0.0000 177.7319 42.9711 221.0297 1.7461 0.4855 1.9066 -25.0585 1.9566 30.2479 -4.1595 -1.8916
Car -1 -1 -4.1477 196.8306 184.8637 257.1109 212.2688 1.5024 1.5675 3.4305 -22.7304 2.2453 42.8806 -4.6328 -2.1197
Car -1 -1 -4.0107 744.6194 178.6990 788.7005 197.7197 1.5586 1.6242 3.8225 13.4636 2.0756 62.0481 -3.7984 -2.1198
Car -1 -1 -4.4178 267.2216 182.1536 324.0362 211.1973 1.4302 1.6696 4.1877 -16.9875 1.9618 39.0979 -4.8255 -2.1330
