Car -1 -1 -7.7905 529.7365 179.5673 558.8000 203.2362 1.4151 1.6208 3.6259 -4.1890 1.8600 46.0143 -7.8812 2.2773
Car -1 -1 -7.9070 574.6032 180.5776 610.2267 211.4331 1.4318 1.5927 3.4688 -0.9627 1.8379 36.1712 -7.9340 1.7556
Car -1 -1 -8.7469 876.3159 185.1855 942.8876 211.7527 1.4967 1.5939 3.5667 18.3480 2.2886 44.4032 -8.3580 -1.1561
Car -1 -1 -8.1679 988.6520 184.5295 1050.7639 218.2460 1.5261 1.5997 3.7315 20.3271 2.1408 36.0193 -7.6582 -1.4377
Cyclist -1 -1 -8.4631 1173.0331 188.9150 1226.6412 240.6777 1.6434 0.4614 1.7688 19.8355 2.2054 24.3631 -7.7864 -1.5841
Car -1 -1 -4.6143 714.3002 182.3266 743.9850 206.1272 1.4504 1.5786 3.7653 7.8605 2.1016 47.6032 -4.4522 -1.7803
Pedestrian -1 -1 -3.8956 154.5492 175.6728 177.8718 211.6036 1.7812 0.6317 0.7781 -22.3622 1.9245 36.3004 -4.4446 -1.8709
Car -1 -1 -7.9050 507.8951 169.9845 531.6061 199.0990 2.4090 1.7944 4.4034 -7.8156 2.1713 62.0267 -8.0302 -1.9018
Car -1 -1 -4.1598 918.8181 184.3436 977.7875 209.0945 1.5120 1.6415 4.0584 22.2800 2.2976 47.5522 -3.7245 -2.0140
Car -1 -1 -4.4414 819.2200 172.7533 852.6480 194.0720 1.6640 1.6149 3.8556 18.2800 1.6558 58.3759 -4.1397 -2.1310
