Car -1 -1 -7.8646 557.8286 181.9215 599.3803 218.5138 1.4027 1.6450 3.4748 -1.3854 1.8059 30.3229 -7.9105 2.7176
Car -1 -1 -7.7952 511.1036 179.1583 542.9861 206.5780 1.5057 1.6511 3.5540 -4.8568 1.8907 42.2777 -7.9094 2.2667
Car -1 -1 -4.0175 1016.4514 195.8014 1173.9968 259.0074 1.4812 1.5644 3.5547 12.7633 2.1284 19.0921 -3.4362 1.7980
Car -1 -1 -4.0890 1187.4901 197.4543 1241.0000 251.7846 1.4212 1.5456 3.3054 18.8577 2.1753 21.0081 -3.3651 -0.0332
Car -1 -1 -4.8465 1074.0603 177.6349 1118.4926 205.8954 1.5819 1.6541 4.1326 29.1172 1.8836 43.3586 -4.2587 -1.3847
Cyclist -1 -1 -7.0589 0.0000 178.1617 42.6213 227.2941 1.7374 0.5638 1.6237 -21.8899 1.9385 26.5339 -7.7439 -1.5325
Car -1 -1 -5.1115 905.5757 167.9851 949.3641 188.6847 1.5072 1.5910 3.9901 23.9077 1.1524 54.5407 -4.7006 -1.7014
Car -1 -1 -8.0696 806.0770 181.9472 850.7968 209.4757 1.5284 1.6878 4.3290 13.1398 2.1074 43.7476 -7.7802 -1.7127
Pedestrian -1 -1 -5.2351 813.9742 184.9507 826.4756 209.7013 1.7974 0.6158 0.7023 15.4733 2.6962 53.2175 -4.9543 -1.7666
Pedestrian -1 -1 -4.1768 870.6572 179.0476 887.6990 212.5965 1.8105 0.7056 0.5260 14.7117 2.1534 39.5405 -3.8236 -1.7812
Pedestrian -1 -1 -2.6121 672.1926 174.3896 689.7527 208.1990 1.8061 0.5460 0.7761 3.8012 1.8899 39.0346 -2.5163 -2.0458
Car -1 -1 -3.4772 0.0000 181.8356 31.1920 230.1926 1.5172 1.6210 3.8255 -23.1425 1.8597 25.4723 -4.2096 -2.1438
