Car -1 -1 -7.8485 553.9075 182.6297 598.6588 223.1774 1.4643 1.6689 3.4342 -1.3768 1.8759 28.6524 -7.8967 2.7205
Car -1 -1 -7.8069 505.4580 182.0918 537.8807 210.3826 1.4684 1.6401 3.6405 -4.9596 2.0113 40.5519 -7.9283 2.1860
Car -1 -1 -3.8211 871.9008 192.2490 969.7839 233.6310 1.5133 1.5399 3.3628 12.3084 2.3173 28.7178 -3.4207 1.5938
Car -1 -1 -4.1050 1003.9269 198.7736 1103.8064 239.7399 1.5559 1.6486 4.0521 19.0154 2.7249 30.9735 -3.5595 0.9109
Pedestrian -1 -1 -3.9579 257.1544 179.5510 307.9237 265.6674 1.6640 0.5057 0.8160 -6.6156 1.8025 14.4830 -4.3800 -0.8218
Car -1 -1 -4.3919 299.1110 180.0858 341.0685 202.6480 1.5953 1.6709 4.3090 -21.9142 2.1646 54.6282 -4.7720 -1.4335
Car -1 -1 -4.6600 907.0001 174.4863 929.5601 193.0673 1.5236 1.5810 3.8515 26.3183 1.6673 61.6055 -4.2583 -1.6374
Car -1 -1 -4.3302 135.9837 190.7823 191.9753 217.2220 1.5380 1.6445 4.2458 -29.1405 2.7666 47.2274 -4.8808 -1.8869
Cyclist -1 -1 -7.7586 103.2502 182.5541 116.5237 218.9968 1.6449 0.3557 1.6060 -23.4451 2.1093 33.7759 -8.3619 -1.9357
Car -1 -1 -7.7153 1060.0463 187.0608 1133.7157 238.4778 1.5099 1.5715 3.6829 16.2833 2.0222 24.1367 -7.1281 -2.0779
Car -1 -1 -8.0327 641.0594 180.0097 669.5574 200.7088 1.6275 1.6749 4.0489 3.7234 2.2461 60.2994 -7.9718 -2.1445
