Car -1 -1 -7.8226 489.3206 181.3505 524.3879 212.1657 1.4264 1.6339 3.3890 -5.1649 1.8727 36.1513 -7.9640 2.5183
Car -1 -1 -7.8692 544.0075 184.5442 593.5436 228.1389 1.3752 1.6313 3.5113 -1.5372 1.8181 25.5449 -7.9294 2.2919
Car -1 -1 -3.9808 849.7657 187.0608 906.6307 210.0005 1.4969 1.6042 3.8243 18.8108 2.5259 50.6715 -3.6278 0.3521
Car -1 -1 -4.0232 0.0000 190.9788 38.6995 272.8224 1.4451 1.5950 3.8701 -14.6496 1.8861 15.5926 -4.7690 -0.1455
Pedestrian -1 -1 -8.6247 1004.8151 163.3096 1038.6707 220.4845 1.8499 0.6610 0.7091 13.5124 1.5408 23.7733 -8.1137 -0.2034
Pedestrian -1 -1 -6.1609 622.6013 175.9438 634.5270 209.3518 1.7743 0.7534 0.5551 0.9628 1.9420 38.8111 -6.1369 -0.3709
Car -1 -1 -7.8793 415.5021 176.9820 454.5835 215.6388 1.6718 1.6727 3.9967 -8.2864 1.8773 33.8115 -8.1183 -1.4648
Cyclist -1 -1 -8.0222 990.7334 171.5698 1010.0464 213.8087 1.7141 0.4021 1.8126 16.2857 1.6617 30.2037 -7.5322 -1.6092
Car -1 -1 -4.4535 271.9394 180.6548 310.6343 204.1772 1.5337 1.5664 3.7053 -22.1935 2.0982 50.2913 -4.8674 -1.8482
Pedestrian -1 -1 -7.6453 424.0865 175.5980 440.8024 216.2278 1.7728 0.5746 0.7540 -7.8932 1.8953 31.9204 -7.8862 -1.9490
Car -1 -1 -4.2685 752.7736 182.3193 802.7394 206.9312 1.5568 1.6977 4.2191 11.5149 2.2344 49.4966 -4.0417 -1.9972
Car -1 -1 -4.3519 709.2311 180.3157 756.8942 206.0732 1.5064 1.6521 4.0566 7.7909 2.0003 45.6219 -4.1843 -2.1285
