Car -1 -1 -7.8866 549.9197 185.5818 595.9948 225.5693 1.3607 1.6264 3.4720 -1.5101 1.8772 27.4994 -7.9417 2.4558
Car -1 -1 -7.8177 499.4364 182.2444 532.1142 212.3561 1.5049 1.6269 3.5388 -5.0954 2.0367 39.0441 -7.9471 2.3176
Car -1 -1 -3.7709 804.7002 188.5738 884.3264 221.1322 1.5050 1.5412 3.5406 11.6127 2.3145 35.8831 -3.4610 1.7406
Car -1 -1 -4.0364 922.7900 191.5780 1002.1092 224.1705 1.5827 1.6712 4.0116 18.7802 2.6238 38.5138 -3.5864 0.4528
Car -1 -1 -5.3672 75.4460 182.3415 147.8603 212.7975 1.5670 1.5554 3.2902 -27.0663 2.0979 39.1497 -5.9691 -0.7096
Pedestrian -1 -1 -7.3753 353.7422 181.2121 385.4604 241.6678 1.7287 0.6605 0.6375 -7.0734 1.9770 21.0997 -7.6955 -1.0032
Cyclist -1 -1 -8.0582 648.5068 179.0024 665.5944 222.8911 1.6554 0.3448 1.5992 1.7888 1.9029 28.2604 -7.9964 -1.5441
Car -1 -1 -7.2353 0.0000 191.3183 67.5901 246.0598 1.4434 1.6958 4.1608 -19.3312 2.0766 22.6142 -7.9369 -1.5795
Car -1 -1 -4.4823 857.7977 187.5452 912.7478 221.6501 1.5599 1.7117 4.3809 14.2326 2.3653 37.2756 -4.1209 -1.7132
Pedestrian -1 -1 -4.4217 1214.1434 140.9966 1241.0000 211.1506 1.8441 0.6055 0.5863 16.6661 1.0064 19.3803 -3.7191 -1.8899
Pedestrian -1 -1 -4.9860 31.9510 183.4435 54.9504 227.5341 1.7316 0.5765 0.6390 -22.7840 2.1625 28.9611 -5.6482 -1.9417
Pedestrian -1 -1 -7.7583 944.0519 180.5502 965.4376 224.0649 1.7907 0.7623 0.5647 14.4266 2.1181 30.2843 -7.3182 -2.0545
Pedestrian -1 -1 -6.1456 173.9513 184.8727 187.1499 216.9001 1.7544 0.6426 0.5487 -23.9773 2.4309 40.2284 -6.6805 -2.1000
Car -1 -1 -8.1149 634.6673 178.9813 698.3082 221.9744 1.6083 1.6501 3.8360 2.1979 1.8768 29.6114 -8.0422 -2.1221
Car -1 -1 -4.7844 917.8508 180.5569 941.3890 198.9099 1.5168 1.6181 3.6263 27.9719 2.2131 63.2723 -4.3703 -2.1322
Car -1 -1 -8.1157 733.6650 171.4160 764.6002 193.4133 1.8977 1.7113 4.0392 12.3388 1.7734 64.3243 -7.9274 -2.1375
Car -1 -1 -4.9600 953.1664 176.2100 984.5666 195.0937 1.6538 1.6257 4.0247 32.8012 1.9708 66.0876 -4.5014 -2.1485
