Car -1 -1 -7.8070 489.6970 179.5234 524.7582 209.7959 1.4312 1.6044 3.5100 -5.2284 1.7874 36.7389 -7.9479 2.6715
Car -1 -1 -7.8737 541.5267 180.0742 591.7990 224.4073 1.4450 1.6808 3.3862 -1.6364 1.7209 25.8469 -7.9370 2.5869
Car -1 -1 -3.9587 858.5723 185.6559 920.2550 210.5285 1.5531 1.6303 3.8935 18.6625 2.4372 48.2645 -3.5924 1.0421
Car -1 -1 -3.5172 750.4634 180.9681 812.9070 206.6177 1.5348 1.5868 3.4329 10.6164 2.0506 44.8612 -3.2868 -0.3636
Pedestrian -1 -1 -7.7310 412.0600 173.4508 429.2773 217.2791 1.7799 0.5914 0.8158 -7.8473 1.8046 29.7583 -7.9871 -1.1992
Car -1 -1 -4.7454 602.3922 181.1509 629.3746 205.7036 1.4734 1.6037 4.0444 0.3100 2.0339 46.7238 -4.7394 -1.4760
Cyclist -1 -1 -8.1295 804.5953 181.8372 816.2900 206.6075 1.6287 0.3428 1.5703 13.5178 2.2458 48.7997 -7.8614 -1.7051
Pedestrian -1 -1 -4.7680 144.7194 177.2760 158.6512 210.8897 1.7003 0.5631 0.7939 -23.6141 1.9304 37.1118 -5.3317 -1.7204
Car -1 -1 -4.3666 262.3440 183.5094 310.1977 206.8861 1.4806 1.6800 4.2172 -22.3210 2.2483 49.8390 -4.7859 -1.7305
Car -1 -1 -7.2249 844.7347 178.4634 914.6333 208.2681 1.5641 1.6673 3.9407 15.0533 1.8912 40.3240 -6.8705 -1.7319
Car -1 -1 -5.2757 802.8601 181.8959 861.1850 207.5791 1.5371 1.6912 4.0868 14.3345 2.1523 46.9229 -4.9815 -1.8006
Car -1 -1 -4.7937 549.0162 178.1574 576.9287 200.5809 1.4747 1.6136 4.1854 -3.3719 1.8630 50.6763 -4.8602 -1.8559
Cyclist -1 -1 -7.8390 1033.5972 174.1265 1044.8165 218.5558 1.6679 0.3594 1.6305 16.5692 1.7182 27.9223 -7.3085 -1.9250
Cyclist -1 -1 -5.9898 730.5739 166.0318 752.2501 189.9354 2.0459 0.6290 1.7376 11.3447 1.4617 62.4312 -5.8112 -2.1210
