Car -1 -1 -7.8854 560.0768 183.0745 601.7244 219.9385 1.4242 1.6486 3.6767 -1.3375 1.8873 30.8212 -7.9291 2.3391
Car -1 -1 -7.8158 512.9952 180.5300 542.9995 208.0328 1.5173 1.6289 3.6661 -4.8554 1.9919 42.7507 -7.9287 2.2202
Car -1 -1 -4.0964 1083.9912 196.7168 1241.0000 268.9277 1.4589 1.5039 3.2827 12.7850 2.0476 16.5938 -3.4494 1.9891
Pedestrian -1 -1 -3.1390 685.4513 177.3785 697.0078 212.6971 1.7754 0.6061 0.5791 4.0902 2.0072 36.6889 -3.0295 -1.0034
Cyclist -1 -1 -5.4842 842.7471 157.4719 877.5574 196.8054 1.9119 0.6160 1.7126 12.4173 1.1639 35.9772 -5.1546 -1.7130
Car -1 -1 -4.7744 1140.1799 175.6015 1183.8759 205.1971 1.5271 1.6354 4.1720 30.3660 1.6867 39.8266 -4.1269 -1.7878
Pedestrian -1 -1 -6.2262 1207.2917 175.0624 1233.6631 216.2775 1.7842 0.6148 0.8571 26.8680 1.8828 31.8079 -5.5298 -1.8376
Cyclist -1 -1 -7.9586 1171.4681 176.4689 1191.6804 215.4583 1.7246 0.5250 1.8331 26.0872 1.8942 33.0010 -7.2944 -1.8857
Cyclist -1 -1 -4.9153 1222.3657 179.7313 1241.0000 220.2635 1.7190 0.5083 1.7737 27.5066 2.0304 31.8047 -4.2073 -1.9049
Car -1 -1 -4.7528 1110.7972 170.3597 1152.1028 201.0238 1.6296 1.6926 4.0944 29.1852 1.4968 40.5220 -4.1323 -2.0122
Car -1 -1 -4.5069 77.2081 194.7546 128.6314 225.4527 1.4783 1.5710 3.7566 -27.8559 2.7443 39.6861 -5.1160 -2.0150
Car -1 -1 -4.2703 0.0000 193.5253 55.5042 229.7598 1.5182 1.6113 3.7874 -28.5037 2.5669 34.5833 -4.9560 -2.0899
Car -1 -1 -8.2293 945.6907 164.3727 995.5170 189.9812 1.6325 1.6441 3.8734 23.8843 1.0915 47.9942 -7.7702 -2.1185
