Car -1 -1 -7.7165 513.1660 177.9715 557.6340 210.5383 1.4289 1.6237 3.4569 -3.5008 1.6819 33.9656 -7.8189 2.6377
Car -1 -1 -7.8495 575.3397 180.3657 622.0085 221.9046 1.4031 1.6183 3.5233 -0.4629 1.7001 26.7851 -7.8673 2.3803
Car -1 -1 -4.3692 301.6298 178.8903 372.8250 214.6038 1.4363 1.6137 4.1812 -11.9723 1.7199 31.8304 -4.7266 1.4782
Cyclist -1 -1 -4.2968 31.9901 183.0506 67.0557 227.3785 1.7147 0.5679 1.4660 -22.5899 2.1359 29.0486 -4.9535 -1.2514
Cyclist -1 -1 -8.0735 1009.8813 165.7593 1025.6594 199.1952 1.6578 0.3553 1.5701 20.6234 1.3058 36.5785 -7.5638 -1.5364
Car -1 -1 -7.7379 492.7743 174.7011 526.3171 202.1149 1.6106 1.6262 3.7648 -6.1926 1.7292 44.5459 -7.8756 -1.5889
Car -1 -1 -7.7489 55.9240 182.3747 127.8006 230.5113 1.4993 1.6337 3.9116 -18.1903 1.8621 25.4122 -8.3654 -1.5951
Cyclist -1 -1 -4.4820 190.9121 177.4285 210.1273 208.3435 1.7228 0.6011 1.6193 -23.4785 1.9900 41.3262 -4.9961 -1.7070
Pedestrian -1 -1 -7.2185 976.5342 179.5603 1006.5106 245.8094 1.7371 0.5539 0.4457 10.1710 1.9198 19.3365 -6.7413 -1.8004
Pedestrian -1 -1 -5.9584 0.0000 169.4201 15.7629 222.1711 1.9063 0.5199 0.4469 -22.1674 1.7819 26.3982 -6.6521 -1.8004
Car -1 -1 -4.8802 428.2188 177.3292 456.6643 196.9329 1.4810 1.5725 3.9443 -13.4332 1.8511 57.6011 -5.1087 -1.8282
Car -1 -1 -4.6547 64.3836 190.2724 119.7608 230.7149 1.4541 1.6195 4.0007 -21.4234 2.2269 29.8979 -5.2725 -1.8604
Car -1 -1 -4.5971 80.5376 179.8513 130.1797 212.9186 1.5802 1.6437 4.1392 -26.2816 1.9663 37.6303 -5.2036 -2.0637
Car -1 -1 -4.2667 476.2432 176.5237 520.2928 198.3170 1.5450 1.6497 4.1183 -8.3546 1.8311 54.1053 -4.4195 -2.0854
Pedestrian -1 -1 -8.0877 230.9795 177.9530 249.7193 215.0930 1.7100 0.6389 0.6960 -17.3700 1.9521 33.8228 -8.5593 -2.1655
Car -1 -1 -4.4415 344.5299 178.5634 388.1066 203.3245 1.5020 1.6410 4.0835 -15.7798 1.8886 46.8106 -4.7652 -2.1665
