Car -1 -1 -7.9298 551.0971 183.7045 599.5223 224.7488 1.4597 1.6365 3.4160 -1.4641 1.9137 28.4104 -7.9815 2.4824
Car -1 -1 -7.8102 504.3065 182.6072 536.3192 210.9157 1.4598 1.6224 3.4638 -4.9988 2.0275 40.2324 -7.9336 2.3582
Car -1 -1 -3.8052 854.2311 193.5166 952.6796 233.7380 1.5336 1.5347 3.6259 12.1549 2.4289 30.0325 -3.4249 1.8579
Car -1 -1 -4.0904 988.3085 198.8186 1084.6058 239.6698 1.6224 1.5659 4.1950 19.0132 2.8383 32.2250 -3.5623 1.1418
Car -1 -1 -4.8475 895.3472 176.5717 921.4397 194.5902 1.4973 1.5972 3.7413 25.9115 1.8310 62.8015 -4.4582 -1.0957
Car -1 -1 -4.4107 877.5366 178.5989 920.2385 203.1413 1.5481 1.5945 3.8682 19.3988 1.9496 48.4585 -4.0325 -1.1186
Pedestrian -1 -1 -4.5301 114.6984 182.0762 131.6526 218.7985 1.7332 0.5380 0.8100 -23.4974 2.1835 34.7740 -5.1210 -1.3244
Car -1 -1 -3.1085 1041.4540 189.0417 1187.6179 241.9537 1.5377 1.6152 3.8519 16.5394 2.1128 23.8548 -2.5087 -1.5269
Cyclist -1 -1 -4.6144 816.6995 181.5904 825.2706 205.1124 1.7230 0.4749 1.5351 15.8378 2.3893 54.2494 -4.3323 -2.0012
Pedestrian -1 -1 -6.0823 245.5725 178.5653 261.2716 206.3573 1.8788 0.4728 0.8843 -24.3720 2.2711 49.2594 -6.5399 -2.0700
