Car -1 -1 -7.8875 552.9769 180.5194 598.2568 221.6267 1.4599 1.6314 3.5403 -1.4392 1.7780 28.1414 -7.9388 2.5618
Car -1 -1 -7.8632 502.9764 180.0520 533.1143 208.5972 1.4657 1.5793 3.6011 -5.1393 1.8823 39.8941 -7.9909 2.2956
Car -1 -1 -3.8011 835.5922 187.4618 922.0142 223.2555 1.4921 1.5388 3.4063 11.9952 2.1719 32.3468 -3.4497 1.8033
Car -1 -1 -4.0590 958.2186 192.5096 1050.0548 229.0980 1.5922 1.6541 4.2484 18.9596 2.5834 34.7703 -3.5641 0.9256
Pedestrian -1 -1 -7.4605 315.4908 178.2272 352.1618 247.3331 1.6717 0.6554 0.6272 -6.8674 1.8066 17.8281 -7.8237 -0.5517
Car -1 -1 -8.0928 631.1935 175.9652 661.1048 196.8877 1.7718 1.6918 4.2160 3.1435 2.0571 63.9958 -8.0444 -1.5564
Pedestrian -1 -1 -5.2584 141.7194 177.2606 160.3944 211.1729 1.7165 0.5369 0.6746 -23.5813 1.9447 37.0136 -5.8226 -1.7201
Cyclist -1 -1 -7.7989 996.7596 176.2110 1003.5900 201.2666 1.6623 0.3274 1.5505 26.3691 1.8926 48.8184 -7.3065 -1.7999
Cyclist -1 -1 -8.1139 658.1140 177.1196 680.1456 227.2137 1.6467 0.3414 1.6119 1.9640 1.7972 24.6823 -8.0362 -1.8766
Car -1 -1 -4.4791 756.3592 181.6179 784.5136 199.2499 1.5469 1.6777 4.1278 15.0696 2.3963 67.7358 -4.2616 -1.9172
Car -1 -1 -4.8037 880.2441 171.7098 903.7108 188.8837 1.5032 1.6063 4.0179 25.4649 1.4028 65.3074 -4.4337 -1.9849
Pedestrian -1 -1 -7.5311 995.8881 179.8323 1021.0745 229.4609 1.7979 0.6675 0.5840 14.7025 2.0601 26.7066 -7.0332 -2.0643
