Car -1 -1 -7.7148 508.1016 177.1357 554.7087 211.0057 1.4266 1.6093 3.6442 -3.5466 1.6313 32.7046 -7.8224 2.5882
Car -1 -1 -7.8402 566.8781 179.6935 621.2161 226.7882 1.3886 1.6405 3.4606 -0.5475 1.6277 23.5176 -7.8639 2.3516
Car -1 -1 -3.9866 0.0000 191.6201 54.5898 290.4339 1.3726 1.6022 3.9527 -12.1756 1.7565 12.7767 -4.7375 0.1779
Pedestrian -1 -1 -4.1001 176.4861 174.7191 200.8009 213.7338 1.8118 0.5747 0.9037 -19.9057 1.9007 34.0283 -4.6262 -0.6059
Car -1 -1 -4.7289 589.0447 175.1709 613.8034 197.8101 1.4900 1.6383 3.9638 -0.6584 1.6564 49.9044 -4.7424 -1.3604
Car -1 -1 -4.0932 104.9562 184.4514 187.8174 217.7852 1.5136 1.5836 3.7607 -23.0773 2.1230 36.0175 -4.6599 -1.4666
Car -1 -1 -4.6944 413.2900 174.7326 432.7764 192.0537 1.4879 1.6157 4.0022 -16.7280 1.6613 64.5799 -4.9471 -1.5452
Car -1 -1 -4.4004 286.8227 176.0422 337.4465 205.0708 1.6465 1.6492 4.0493 -17.9059 1.8475 43.4653 -4.7893 -1.6431
Car -1 -1 -4.2796 367.5625 173.8852 417.0014 199.9317 1.6453 1.6378 3.9237 -14.3931 1.7162 47.7983 -4.5709 -1.7404
Cyclist -1 -1 -4.3633 193.8261 179.1840 211.4176 204.7583 1.6789 0.4498 1.7843 -27.5386 2.1142 48.7381 -4.8755 -1.8589
Car -1 -1 -2.2774 126.5510 184.4489 209.2135 214.7402 1.5079 1.6329 3.8642 -23.5282 2.1461 38.3512 -2.8249 -1.8887
Car -1 -1 -7.9153 796.3383 172.2625 826.0051 203.0708 2.0421 1.7146 4.1428 13.8721 2.0026 50.0305 -7.6468 -2.1670
