Car -1 -1 -7.7110 508.2176 183.2418 553.8175 217.8504 1.4491 1.5942 3.4976 -3.6057 1.9502 33.0528 -7.8193 2.5343
Car -1 -1 -7.8284 570.1934 184.8281 620.7104 230.1484 1.4199 1.6460 3.3877 -0.5141 1.8660 25.2008 -7.8494 2.4123
Car -1 -1 -4.1976 6.6399 189.2262 186.7681 265.2757 1.4543 1.5701 4.0857 -11.7464 1.8832 16.8081 -4.8003 2.0053
Car -1 -1 -4.4047 368.5819 184.9400 414.3805 210.0909 1.3719 1.5484 3.7539 -13.0180 2.1245 43.0618 -4.6970 -0.3739
Car -1 -1 -7.3540 95.8105 188.5531 212.7796 238.2347 1.4421 1.6129 3.9310 -15.1806 2.0124 24.2187 -7.9092 -0.4846
Car -1 -1 -4.4866 329.6306 184.9117 372.0250 210.2412 1.4769 1.6750 4.1078 -16.5817 2.2851 46.2440 -4.8294 -0.9833
Pedestrian -1 -1 -6.0105 366.5536 174.1577 376.5829 195.3351 1.8585 0.5886 0.7080 -21.0608 1.9738 63.6699 -6.3290 -1.1054
Car -1 -1 -4.3299 62.8158 172.8498 127.5855 204.8092 1.6454 1.5807 3.7079 -27.8696 1.6448 39.1330 -4.9457 -1.1888
Pedestrian -1 -1 -7.5859 467.1949 179.2603 486.5957 214.9024 1.7395 0.8367 0.5099 -6.6063 2.0579 35.6085 -7.7686 -1.3241
Pedestrian -1 -1 -4.5924 1192.3870 189.4325 1241.0000 297.0575 1.7286 0.6355 0.4576 10.1507 2.0152 12.0961 -3.9072 -1.8858
Pedestrian -1 -1 -6.8378 314.5987 180.2000 332.4164 207.0313 1.7989 0.7113 0.8895 -19.5877 2.3059 49.2557 -7.2148 -2.0974
