Car -1 -1 -7.7784 581.8492 177.7652 618.2625 209.1581 1.5042 1.6042 3.5695 -0.5055 1.7681 36.9767 -7.7925 2.1839
Car -1 -1 -7.7894 533.0831 179.0338 562.3539 203.4717 1.4701 1.6362 3.6519 -3.9829 1.8812 46.1816 -7.8754 1.9526
Car -1 -1 -7.6588 381.8921 179.0805 412.9980 200.1308 1.5540 1.6230 3.8079 -16.6000 2.0574 56.4002 -7.9441 -0.9376
Car -1 -1 -4.8793 802.6907 180.3766 837.0956 204.1236 1.5260 1.6220 3.9902 14.3920 2.0660 49.7537 -4.5998 -1.0902
Car -1 -1 -5.6752 925.4828 188.3569 1002.5139 219.2099 1.4210 1.5322 3.2259 17.9620 2.2498 36.8041 -5.2249 -1.1434
Pedestrian -1 -1 -2.7072 63.8036 177.8373 93.4148 221.4061 1.7696 0.5367 0.8339 -21.9317 1.9770 29.7294 -3.3387 -1.2708
Car -1 -1 -7.8268 505.3960 170.4561 529.1763 198.5627 2.0660 1.6942 4.0359 -7.0779 1.8894 55.1297 -7.9542 -1.6584
Car -1 -1 -4.2913 300.1158 179.1537 351.5446 204.9713 1.6865 1.7092 4.3540 -19.8167 2.1458 50.4301 -4.6643 -1.8815
Car -1 -1 -4.0671 0.0000 188.3157 80.3674 238.5863 1.3923 1.6550 4.0975 -19.4511 1.9370 23.3483 -4.7562 -2.0131
Pedestrian -1 -1 -8.4117 1020.9004 170.3405 1047.3750 216.4572 1.7884 0.6695 0.6154 16.5847 1.6906 28.2992 -7.8866 -2.1117
