Car -1 -1 -7.8086 488.8224 179.4561 525.0208 211.5767 1.5056 1.6496 3.5415 -5.1967 1.8554 36.4202 -7.9498 2.4051
Car -1 -1 -7.8626 543.5408 182.5858 592.0314 226.4187 1.4071 1.6083 3.2793 -1.5620 1.7749 25.6048 -7.9236 2.2788
Car -1 -1 -3.9255 853.3721 185.6925 917.6550 210.1080 1.5631 1.6698 4.1614 18.8752 2.4724 49.5050 -3.5638 0.9612
Pedestrian -1 -1 -8.5519 1023.9040 161.6855 1061.0736 221.5263 1.8421 0.6464 0.7840 13.5205 1.4980 22.6517 -8.0199 -0.1733
Car -1 -1 -3.5792 743.1661 181.4191 804.6174 206.3627 1.5245 1.5703 3.4850 10.4033 2.0840 46.0242 -3.3588 -0.5569
Pedestrian -1 -1 -4.3582 803.0230 172.5732 827.6397 222.1039 1.8553 0.7180 0.6665 7.7834 1.8444 27.5070 -4.0860 -1.3714
Car -1 -1 -7.3064 0.0000 188.3891 46.9296 246.7872 1.4433 1.6290 4.1611 -18.7386 1.9463 21.1859 -8.0244 -1.6488
Pedestrian -1 -1 -8.1364 1007.2393 174.7190 1032.6979 220.7139 1.8058 0.7135 0.6975 16.3021 1.8810 28.7830 -7.6261 -1.6890
Pedestrian -1 -1 -7.4185 415.1197 175.7361 436.4612 217.7391 1.7686 0.6720 0.6495 -7.9065 1.8929 30.8146 -7.6681 -1.9790
Car -1 -1 -7.7322 404.3953 177.2995 453.4367 216.1639 1.6284 1.6800 4.0289 -8.2064 1.8433 32.8154 -7.9758 -2.0480
Car -1 -1 -5.7878 839.7537 178.0931 926.3904 208.2434 1.5452 1.6752 4.1758 14.9783 1.8496 39.8388 -5.4311 -2.0980
Car -1 -1 -4.6511 164.0055 190.7280 194.4959 214.3846 1.5492 1.6600 4.1338 -31.5170 2.9124 52.8218 -5.1871 -2.1500
