Car -1 -1 -7.7616 495.7775 179.4251 536.9493 211.3201 1.4354 1.6609 3.5484 -4.5337 1.7704 35.0176 -7.8899 2.4102
Car -1 -1 -7.8351 549.9695 181.0650 601.9211 227.4379 1.4237 1.6381 3.3244 -1.1707 1.7206 24.4341 -7.8832 2.2651
Car -1 -1 -4.3125 161.9463 186.6740 248.1949 230.2789 1.4659 1.5633 3.5761 -15.2532 2.0241 27.2965 -4.8182 2.1652
Car -1 -1 -4.0671 837.1968 183.9652 888.3033 205.0188 1.5376 1.6266 4.1227 19.7611 2.4346 56.4442 -3.7325 -1.1533
Car -1 -1 -8.3016 597.2850 176.3332 646.5891 203.1281 1.6144 1.6414 3.8396 0.6809 1.8465 46.1019 -8.2874 -1.2598
Pedestrian -1 -1 -5.8058 631.8395 175.3846 641.9941 197.9357 1.8061 0.7494 0.5370 2.1515 2.0121 58.3488 -5.7696 -1.5170
Car -1 -1 -4.3620 562.8188 178.0694 603.7061 200.8446 1.4733 1.5616 3.9413 -1.8294 1.8479 49.7592 -4.3990 -1.5940
Car -1 -1 -7.7417 932.5812 187.6792 977.9759 221.7177 1.5371 1.6592 3.9178 17.4730 2.3303 36.5163 -7.2992 -1.6560
Car -1 -1 -4.6463 15.2233 191.5109 49.5096 216.1431 1.5788 1.6439 4.0042 -41.2598 2.9665 51.5632 -5.3188 -1.8837
Car -1 -1 -6.5622 525.4365 179.3029 611.8608 210.6673 1.5068 1.6521 4.0937 -2.1503 1.8477 36.7208 -6.6209 -1.9160
Pedestrian -1 -1 -8.1991 450.8766 174.9485 466.0965 209.7793 1.7806 0.5388 0.7839 -7.8989 1.8903 37.4191 -8.4062 -1.9976
Pedestrian -1 -1 -6.9972 74.7397 179.5477 105.7677 222.7258 1.7833 0.7259 0.7754 -21.9395 2.0694 30.4057 -7.6183 -2.0092
Car -1 -1 -7.6992 439.6749 175.8054 481.1516 207.6053 1.6215 1.6146 3.9351 -8.1009 1.7896 39.1683 -7.9022 -2.0366
Car -1 -1 -4.6364 731.5218 181.4276 757.5273 203.8985 1.5487 1.6166 3.7283 9.9312 2.2053 53.2717 -4.4536 -2.0378
Cyclist -1 -1 -7.9726 934.0041 187.2625 946.4839 221.6716 1.6329 0.3677 1.5934 16.3100 2.3625 35.7386 -7.5482 -2.0635
Car -1 -1 -7.3768 78.2531 186.5516 183.3008 228.9706 1.4729 1.7082 4.2234 -18.9164 2.0581 28.6539 -7.9562 -2.1348
Car -1 -1 -4.8799 594.9835 179.0160 625.1591 200.4331 1.5194 1.6171 4.0705 -0.0626 2.0033 54.5621 -4.8815 -2.1553
Cyclist -1 -1 -8.3285 613.3181 176.1690 630.8892 203.8412 1.6656 0.3780 1.6259 0.7025 1.8732 44.4372 -8.3134 -2.1834
