Car -1 -1 -7.7210 502.3375 179.6131 546.7581 212.3482 1.4259 1.6212 3.5278 -4.0069 1.7601 33.9384 -7.8381 2.6419
Car -1 -1 -7.8363 556.9727 181.1045 610.7034 228.0614 1.4034 1.6504 3.3430 -0.8851 1.6950 23.8449 -7.8738 2.6217
Car -1 -1 -4.2638 83.4316 181.5325 214.1471 241.6704 1.6064 1.6876 4.2012 -13.9671 1.8979 22.0836 -4.8225 1.8989
Car -1 -1 -4.6030 293.9499 181.4758 336.3157 212.6725 1.5491 1.6906 4.0633 -16.0023 2.0435 39.2209 -4.9883 0.4673
Car -1 -1 -4.0641 831.6801 183.3970 874.4332 202.6210 1.5696 1.6136 3.6891 21.0381 2.5074 62.4921 -3.7413 -0.6345
Cyclist -1 -1 -8.1178 621.5941 173.9007 632.4559 199.4608 1.7414 0.3396 1.6205 1.1438 1.8149 50.0529 -8.0955 -1.2400
Cyclist -1 -1 -8.8875 1192.2012 185.9808 1241.0000 241.9800 1.7263 0.5762 1.5899 19.9649 2.1686 23.4845 -8.1898 -1.4919
Car -1 -1 -4.3364 241.1415 182.1658 302.3799 211.4728 1.5605 1.7485 4.3488 -19.6561 2.1316 42.0542 -4.7715 -1.5955
Car -1 -1 -5.3870 721.5803 185.0741 771.1490 205.8582 1.4934 1.6277 4.0677 10.6176 2.4883 56.5828 -5.2030 -1.6653
Cyclist -1 -1 -7.6025 896.5872 183.5481 913.5142 216.6570 1.7199 0.4599 1.6200 15.8255 2.3061 38.7801 -7.2183 -1.7325
Car -1 -1 -4.7014 783.4068 179.3070 806.5019 202.1785 1.6123 1.6206 3.9733 13.8765 2.1157 54.1939 -4.4525 -1.8624
Pedestrian -1 -1 -7.3509 473.4001 175.9790 488.8911 206.4086 1.7851 0.6525 0.6933 -7.6858 1.9723 42.8497 -7.5277 -1.9729
Car -1 -1 -7.6553 470.8953 176.2843 509.8430 203.7282 1.6062 1.6215 4.0219 -7.4054 1.8285 44.7773 -7.8187 -1.9740
Car -1 -1 -7.2795 0.0000 189.0724 117.3745 242.4466 1.4190 1.6346 4.0614 -17.5166 1.9724 22.5432 -7.9345 -2.0040
Car -1 -1 -7.2745 880.7034 186.3128 945.2030 216.8571 1.5553 1.5984 3.5748 16.7203 2.3299 39.8756 -6.8807 -2.1764
