Car -1 -1 -7.8721 567.8109 190.0093 605.7315 224.8081 1.4016 1.6256 3.6403 -1.1351 2.2244 32.7578 -7.9072 2.3393
Car -1 -1 -7.8334 522.1413 187.4942 550.1620 214.0735 1.4772 1.6330 3.8181 -4.5248 2.4145 44.2399 -7.9353 1.4979
Car -1 -1 -7.3214 83.0826 189.8174 186.5119 230.4187 1.4816 1.7591 4.0973 -19.7558 2.2393 30.1572 -7.8975 0.1912
Car -1 -1 -4.1187 879.2043 186.4973 939.6583 214.5195 1.5036 1.5627 3.4960 17.3696 2.3264 41.9113 -3.7289 -0.7751
Pedestrian -1 -1 -8.0461 1057.4711 161.6177 1083.4147 217.7080 1.8295 0.6281 0.5469 15.1990 1.4627 23.9025 -7.4857 -0.8614
Car -1 -1 -4.7628 1140.0096 177.1580 1184.1321 208.9207 1.5702 1.6386 4.0027 29.2452 1.8113 38.3576 -4.1155 -1.2885
Car -1 -1 -4.4752 34.9591 196.5213 96.0702 230.9175 1.5247 1.6238 3.8680 -27.8466 2.8057 36.9669 -5.1175 -1.4010
Car -1 -1 -7.3068 0.0000 193.0800 93.4761 244.5377 1.4548 1.6816 4.0409 -19.4387 2.1910 24.1666 -7.9789 -1.4233
Cyclist -1 -1 -3.7585 931.8586 165.1914 976.4714 204.9672 1.8025 0.5878 1.8546 15.7665 1.4550 33.1504 -3.3184 -1.5156
Car -1 -1 -5.0439 1067.9668 172.5580 1136.1998 205.9617 1.5377 1.5896 3.7708 23.8975 1.5237 35.2407 -4.4522 -1.5806
Cyclist -1 -1 -6.0939 910.4976 169.0185 948.4901 207.3390 1.8867 0.6563 1.6533 16.0121 1.6976 36.2635 -5.6815 -1.7320
Car -1 -1 -7.6666 493.3788 184.7367 522.7344 207.0540 1.6205 1.6020 3.7379 -7.9485 2.5792 56.3251 -7.8067 -1.7389
Car -1 -1 -4.8290 652.0104 187.2622 675.0174 205.0434 1.5228 1.6609 4.1376 4.9383 2.9084 67.3039 -4.7567 -1.7394
Pedestrian -1 -1 -7.9332 12.4981 182.5389 35.8069 231.5245 1.8328 0.6290 0.9110 -22.5859 2.2124 27.7591 -8.6116 -1.7978
Car -1 -1 -5.5630 1132.7351 178.4372 1225.0332 206.8615 1.5460 1.6788 4.1676 33.2056 1.8902 42.3152 -4.9014 -1.8672
Car -1 -1 -4.4643 0.0000 197.0626 64.4676 235.4469 1.5144 1.6801 4.2161 -27.0470 2.7173 33.5939 -5.1385 -1.9480
Car -1 -1 -7.8479 575.3887 175.4859 598.5717 201.0415 1.8961 1.7330 3.8947 -1.8021 2.1070 55.9109 -7.8805 -2.0106
Car -1 -1 -4.8291 1136.0067 182.0652 1188.4939 215.3090 1.4655 1.5629 3.7948 26.6482 1.9376 34.9669 -4.1825 -2.1098
