Car -1 -1 -7.8427 571.3075 180.1682 606.2466 213.8083 1.5351 1.6326 3.5819 -1.0674 1.9132 35.5182 -7.8731 2.5909
Car -1 -1 -7.8509 526.1472 180.4987 552.9995 204.9398 1.4434 1.6258 3.7119 -4.4936 1.9481 45.7396 -7.9487 1.7627
Car -1 -1 -4.7139 873.1013 180.8185 898.5936 206.6488 1.6639 1.5842 3.7503 18.9790 2.2354 49.7677 -4.3520 -0.7036
Pedestrian -1 -1 -2.8008 207.3530 178.4368 226.8868 209.9081 1.7894 0.5063 0.8662 -22.6050 2.1123 41.4550 -3.2976 -1.1620
Pedestrian -1 -1 -3.6638 1224.0485 122.7798 1241.0000 200.0829 1.8690 0.5004 0.2940 15.3584 0.6580 17.7181 -2.9577 -1.2912
Car -1 -1 -2.4785 0.0000 189.4052 23.8632 240.9766 1.4547 1.5967 3.9318 -20.5335 1.9794 21.9284 -3.2251 -1.4255
Car -1 -1 -6.3003 954.8263 182.6598 1040.7942 215.3693 1.5016 1.5952 3.6602 19.0157 2.0059 35.5868 -5.8135 -1.5201
Pedestrian -1 -1 -4.6810 1224.8048 170.8216 1241.0000 227.5136 1.7996 0.5967 0.5855 20.2280 1.7348 23.3211 -3.9732 -1.5858
Car -1 -1 -8.6980 892.9635 171.7298 968.8578 206.2534 1.9319 1.6732 3.9699 18.8025 1.8687 42.5290 -8.2847 -1.8388
Pedestrian -1 -1 -3.4800 1113.3959 177.5807 1138.1133 223.7359 1.7567 0.5262 0.6359 19.8721 1.9413 27.8722 -2.8662 -1.8660
Car -1 -1 -4.4575 561.8298 179.9902 609.4397 211.4780 1.5821 1.6372 4.0184 -1.3087 1.9923 39.3643 -4.4911 -2.0453
Pedestrian -1 -1 -1.7250 6.5152 180.7009 29.7529 228.5780 1.7570 0.5680 0.7538 -22.2712 2.0564 27.0942 -2.4083 -2.1912
