Car -1 -1 -7.8879 548.5828 185.3603 596.9587 228.4978 1.4362 1.6657 3.3852 -1.4828 1.9310 26.8031 -7.9434 2.5548
Car -1 -1 -3.7222 782.2829 190.5249 852.8749 220.1722 1.5047 1.5465 3.4137 11.2740 2.4989 39.3590 -3.4459 1.8504
Car -1 -1 -7.8054 495.3315 183.4993 530.5892 214.5130 1.4990 1.6661 3.8998 -5.1365 2.0930 38.2698 -7.9385 1.7657
Car -1 -1 -3.9946 899.1049 192.8344 962.3381 221.9261 1.5543 1.5222 3.3658 18.5816 2.7527 41.8835 -3.5804 1.1489
Car -1 -1 -8.0055 361.2315 182.3170 426.9051 233.3059 1.6345 1.6798 4.0388 -7.9311 2.0055 26.1251 -8.2979 -0.5912
Car -1 -1 -4.2770 114.3770 188.3480 201.3999 226.2340 1.4894 1.7056 4.1185 -20.1312 2.2281 32.2667 -4.8313 -1.0141
Pedestrian -1 -1 -7.4738 1219.8916 160.8701 1241.0000 243.3848 1.7768 0.5148 0.4445 13.7819 1.5184 15.8681 -6.7682 -1.6158
Pedestrian -1 -1 -7.4119 380.9105 180.2027 407.4371 233.8977 1.7773 0.6439 0.6445 -7.3262 2.0288 24.3508 -7.7017 -1.7888
Pedestrian -1 -1 -5.5694 79.6678 184.6278 103.0522 224.8615 1.7549 0.5299 0.6534 -22.9957 2.2805 31.9378 -6.1897 -1.7948
Car -1 -1 -7.6824 624.2743 180.3604 675.3967 218.9304 1.5947 1.6466 4.1526 1.8394 1.9596 32.8998 -7.6277 -1.9680
Car -1 -1 -3.1837 894.4285 185.7498 986.4343 220.9924 1.5318 1.6322 3.8475 15.3982 2.1639 33.9112 -2.7613 -2.0111
Pedestrian -1 -1 -6.9523 1213.1254 158.9159 1241.0000 229.3914 1.7931 0.5773 0.3845 15.9701 1.4382 18.6524 -6.2523 -2.0565
Car -1 -1 -4.5842 931.9547 174.9984 957.8983 194.1118 1.5976 1.5931 3.7194 29.1276 1.7898 62.7569 -4.1518 -2.0569
Pedestrian -1 -1 -8.1288 1151.8276 152.9671 1192.2650 223.7271 1.8323 0.7156 0.5562 14.7969 1.3171 19.0747 -7.4768 -2.0649
Car -1 -1 -4.2620 172.1176 190.6611 241.9964 222.5931 1.4562 1.6056 3.8603 -20.6480 2.4195 37.0739 -4.7674 -2.1208
