Car -1 -1 -7.6881 507.6537 182.2071 555.6960 217.4547 1.4845 1.6340 3.5307 -3.5844 1.9375 33.1591 -7.7955 2.7086
Car -1 -1 -7.8496 571.4574 184.2875 621.7202 229.7274 1.4402 1.6543 3.4273 -0.5170 1.8708 25.4658 -7.8705 2.5387
Car -1 -1 -4.2612 89.7788 187.5900 234.3098 251.3024 1.4259 1.5826 4.1884 -11.8194 1.8640 19.3049 -4.8047 2.1317
Car -1 -1 -4.4820 382.1565 182.7048 422.3264 207.6326 1.4570 1.6048 3.8483 -13.1340 2.1072 45.6843 -4.7608 0.9538
Car -1 -1 -4.2708 156.2540 186.1959 251.4387 229.3500 1.4295 1.5885 3.9012 -15.1879 1.9679 27.1346 -4.7771 -1.7562
Pedestrian -1 -1 -5.8251 320.7393 177.1610 333.7630 203.3984 1.8158 0.6737 0.6125 -19.7851 2.1186 50.4161 -6.1976 -1.8166
Car -1 -1 -4.7438 621.9343 183.0577 643.6832 203.4821 1.5065 1.5907 3.7961 1.7465 2.3394 57.0180 -4.7139 -2.0710
Pedestrian -1 -1 -7.6185 1131.1090 184.2501 1174.1644 280.0521 1.7175 0.5585 0.4215 9.9970 1.9338 13.3677 -6.9878 -2.1285
Car -1 -1 -2.1805 222.6700 180.3265 279.5967 203.3631 1.5971 1.6942 4.1014 -26.3352 2.1622 52.8704 -2.6408 -2.1738
Car -1 -1 -4.4300 3.3699 186.5437 76.8953 223.6633 1.5250 1.6287 3.8945 -26.2420 2.1967 33.3095 -5.0935 -2.1827
