Car -1 -1 -7.8809 550.1893 185.4312 597.1575 227.6360 1.4170 1.6492 3.4467 -1.4605 1.9197 27.0725 -7.9350 2.2945
Car -1 -1 -7.7807 496.6266 183.8784 532.8515 214.2922 1.4843 1.6522 3.5961 -5.0611 2.0987 38.3915 -7.9114 2.1269
Car -1 -1 -3.7314 787.5673 189.1044 863.0610 219.4607 1.4970 1.5730 3.5635 11.3606 2.3868 38.2387 -3.4454 1.4720
Car -1 -1 -3.9789 906.0943 193.1370 985.2304 224.4165 1.6157 1.6232 4.2915 19.0086 2.8107 40.9286 -3.5476 0.8008
Car -1 -1 -4.6236 730.7297 172.2231 752.6024 191.8908 1.7611 1.6363 4.1701 12.2019 1.7043 66.8350 -4.4442 -1.2062
Pedestrian -1 -1 -7.4092 376.5265 182.1947 404.7661 237.0838 1.7371 0.6600 0.6456 -7.1349 2.0436 23.3292 -7.7034 -1.5760
Cyclist -1 -1 -7.7679 646.3628 181.7489 657.2641 221.8558 1.6219 0.3302 1.5470 1.7189 2.0051 30.3177 -7.7125 -1.6408
Pedestrian -1 -1 -5.1907 64.5276 187.3308 88.1934 228.4275 1.7277 0.5458 0.7275 -22.9871 2.3580 31.0245 -5.8245 -1.7308
Car -1 -1 -7.7192 0.0000 201.1449 49.0215 236.6803 1.5208 1.6204 3.7504 -29.4183 3.0162 36.1244 -8.3992 -1.7992
Car -1 -1 -7.7982 545.5302 182.6711 590.8203 223.5710 1.5460 1.6767 3.8434 -1.7294 1.9817 30.1201 -7.8557 -1.9880
Car -1 -1 -8.0449 351.4830 183.7691 422.9469 236.4187 1.6033 1.6692 3.7234 -7.7821 2.0098 24.8519 -8.3459 -2.0991
Pedestrian -1 -1 -3.1914 854.2120 186.6188 865.2870 217.6035 1.7485 0.7016 0.5647 14.3250 2.5478 41.5012 -2.8619 -2.1334
Car -1 -1 -4.4431 823.1154 176.5084 860.1666 197.9185 1.5969 1.7288 4.2069 18.2444 1.8956 56.8119 -4.1343 -2.1771
