Car -1 -1 -7.8535 574.4821 181.4003 608.5661 213.9464 1.4973 1.6176 3.9123 -0.9701 1.9493 36.2103 -7.8807 2.3420
Car -1 -1 -7.7661 527.7447 180.4384 557.9290 204.9260 1.4603 1.5986 3.7317 -4.2820 1.9638 46.0566 -7.8587 1.6319
Car -1 -1 -8.4974 882.1942 187.6105 938.3912 212.9607 1.4574 1.5350 3.3833 18.8223 2.4240 45.4437 -8.1076 -0.2485
Cyclist -1 -1 -8.3644 865.6309 184.4704 884.8011 212.7139 1.5865 0.3300 1.5417 15.3790 2.2745 41.9656 -8.0160 -1.2878
Car -1 -1 -7.7057 508.6065 166.4585 535.5909 195.5684 2.4700 1.7446 4.2512 -7.7045 1.9270 63.3720 -7.8265 -1.2976
Pedestrian -1 -1 -3.2620 1213.0342 164.8760 1240.7745 212.3709 1.8059 0.6988 0.7330 23.8236 1.5023 27.9282 -2.5613 -1.4666
Car -1 -1 -3.6205 994.4057 186.0432 1105.5145 221.0547 1.4788 1.6139 3.9193 19.4585 2.0821 32.0988 -3.0802 -1.6509
Car -1 -1 -7.2898 0.0000 181.8512 74.8657 233.8619 1.4694 1.6684 4.2281 -19.5568 1.7877 23.3500 -7.9815 -1.7043
Car -1 -1 -4.7448 661.0463 184.6759 680.7908 202.9972 1.5471 1.6500 4.2088 5.5073 2.6606 65.8372 -4.6623 -1.7931
Pedestrian -1 -1 -4.3326 102.7396 186.9040 137.4700 252.9407 1.4390 0.4891 0.5058 -11.0093 1.7590 16.1485 -4.9235 -1.8357
Pedestrian -1 -1 -8.0321 984.3180 176.2682 1007.4976 222.1808 1.8127 0.7024 0.7121 15.4585 1.9518 28.9995 -7.5472 -1.8664
Car -1 -1 -4.7458 139.9230 184.7727 163.3644 203.3951 1.5489 1.6486 4.0408 -41.2568 2.6556 64.8795 -5.3105 -2.0947
Car -1 -1 -8.1402 1079.6769 174.1995 1151.3387 212.7791 1.6232 1.6337 3.7290 22.6448 1.6874 32.5262 -7.5367 -2.1377
