Car -1 -1 -7.8687 570.0820 184.3626 606.0306 217.4471 1.4541 1.6455 3.6182 -1.1318 2.0390 34.8434 -7.9016 2.2900
Car -1 -1 -7.8208 523.8790 183.7894 552.0046 209.2879 1.4770 1.6387 3.9041 -4.5409 2.1969 45.5157 -7.9202 1.3325
Car -1 -1 -7.9821 889.4070 181.3398 924.3917 207.0673 1.5444 1.6108 3.7334 19.1135 2.1164 46.6508 -7.5960 -1.0945
Pedestrian -1 -1 -6.0828 325.4735 177.0121 337.5435 200.4516 1.9196 0.5966 0.8277 -23.0196 2.2647 59.5822 -6.4502 -1.2026
Car -1 -1 -8.2152 929.0816 180.2240 984.0751 209.1100 1.5911 1.6662 3.8474 20.4186 2.0477 42.7419 -7.7727 -1.4496
Pedestrian -1 -1 -8.1032 1060.7739 163.1239 1087.7726 215.5827 1.7872 0.6513 0.6128 16.0157 1.4554 24.9747 -7.5388 -1.5448
Pedestrian -1 -1 -5.1907 239.3788 183.1538 254.5869 212.3565 1.7997 0.5126 0.8640 -22.8028 2.4520 45.2535 -5.6553 -1.5569
Car -1 -1 -4.6953 850.1844 183.1258 873.7521 205.4623 1.5342 1.5956 3.8531 18.6983 2.3260 53.5583 -4.3616 -1.6729
Car -1 -1 -6.9299 944.1393 181.3044 1030.0646 209.9067 1.5391 1.6843 4.1168 21.2051 2.0292 40.6997 -6.4530 -1.7357
Car -1 -1 -7.3090 127.5432 188.8346 220.6945 225.8828 1.4950 1.7163 4.1850 -19.8580 2.2727 33.0254 -7.8471 -1.9603
Pedestrian -1 -1 -7.9159 76.7779 189.3770 95.2763 231.1353 1.7536 0.6079 0.6455 -22.6233 2.4755 31.0930 -8.5411 -1.9743
Car -1 -1 -5.5184 1020.2603 164.4725 1105.5377 197.5885 1.8009 1.6716 4.1299 25.8726 1.3448 41.4465 -4.9638 -2.0214
Car -1 -1 -4.3179 234.8985 188.4197 295.4426 216.2047 1.4599 1.7205 4.2107 -20.2373 2.4218 42.4579 -4.7606 -2.1855
