Car -1 -1 -7.8965 571.2733 183.7057 607.3122 214.7584 1.3982 1.6156 3.6635 -1.1089 1.9631 35.6937 -7.9280 2.0081
Car -1 -1 -7.8051 526.7784 181.3176 556.1818 206.4843 1.4814 1.6705 3.9278 -4.3444 2.0420 45.8173 -7.8996 0.8901
Pedestrian -1 -1 -8.3363 1193.3447 145.6293 1236.3076 211.6643 1.7508 0.6698 0.6344 16.2924 1.0287 19.5097 -7.6480 -1.1527
Car -1 -1 -8.5712 904.0766 181.8841 977.9479 211.1010 1.5281 1.6320 3.9381 18.7649 2.0695 41.1683 -8.1467 -1.4255
Car -1 -1 -7.8083 511.0116 164.6444 532.5395 192.8017 2.4895 1.7636 4.2362 -8.0561 1.7634 65.9731 -7.9297 -1.5979
Pedestrian -1 -1 -5.8178 201.3098 181.4670 217.2816 212.5491 1.7164 0.5265 0.6076 -22.3993 2.2001 40.2716 -6.3229 -1.6866
Pedestrian -1 -1 -7.0161 0.0000 175.3179 28.8991 227.1239 1.7873 0.6227 0.7160 -21.0560 1.8748 25.3308 -7.7045 -1.7826
Car -1 -1 -4.8514 896.0223 184.2205 931.4980 209.0778 1.5128 1.6175 4.0093 20.1293 2.3027 48.0175 -4.4572 -1.7941
Car -1 -1 -8.0259 1137.4021 152.4016 1197.3085 189.4259 1.7479 1.6699 4.1706 27.9058 0.7820 36.2980 -7.3745 -1.8313
Car -1 -1 -3.0406 770.5650 179.3706 843.1917 204.2155 1.5550 1.7012 4.4758 12.9518 1.9989 47.5888 -2.7770 -1.9319
Pedestrian -1 -1 -8.0281 981.4930 176.8766 1002.4244 220.1163 1.8181 0.6924 0.6041 16.2577 1.9917 30.8042 -7.5470 -2.1857
