Car -1 -1 -7.8861 551.3511 180.6771 596.9224 222.2460 1.4548 1.6241 3.5441 -1.4794 1.7755 27.7769 -7.9395 2.3837
Car -1 -1 -7.8010 499.6419 179.0391 533.6963 207.8749 1.4653 1.6522 3.6140 -5.0812 1.8181 39.3279 -7.9291 2.2272
Car -1 -1 -3.7416 812.6725 187.3395 897.2812 220.4124 1.4864 1.5570 3.6154 11.7465 2.2090 34.7617 -3.4189 1.5495
Car -1 -1 -4.0402 933.3734 189.6548 1018.3532 224.9994 1.6682 1.6594 4.2158 18.8574 2.5734 37.2518 -3.5755 1.0971
Pedestrian -1 -1 -5.4995 7.4526 179.4958 40.1285 224.7902 1.7195 0.5518 0.8312 -22.6288 1.9781 27.8036 -6.1781 -0.8237
Car -1 -1 -2.9122 880.1077 183.3865 999.4662 224.1098 1.5577 1.7059 4.3372 13.9010 2.0336 30.6241 -2.4903 -1.8194
Car -1 -1 -5.1055 967.2351 168.1315 1005.6815 189.2440 1.7600 1.5960 3.7803 32.3236 1.3660 62.0990 -4.6278 -1.8710
Pedestrian -1 -1 -8.1775 1207.6680 132.0079 1241.0000 226.3870 1.9469 0.6486 0.6460 13.1545 1.1040 15.3041 -7.4772 -1.8918
Pedestrian -1 -1 -3.1626 655.9528 173.2718 670.9986 221.8507 1.7694 0.5770 0.5386 1.9214 1.7847 26.5878 -3.0920 -2.0941
Pedestrian -1 -1 -3.6909 1222.7792 156.5927 1241.0000 207.7647 1.8615 0.6098 0.4599 22.9978 1.2697 26.5852 -2.9835 -2.1108
Car -1 -1 -4.7956 292.3452 181.0742 320.9435 203.8384 1.5000 1.5683 3.5841 -21.4573 2.1019 50.9048 -5.1929 -2.1667
Pedestrian -1 -1 -3.6743 1095.1506 167.0161 1103.0199 192.5012 1.9171 0.4926 0.2797 36.9326 1.4776 54.5306 -3.0818 -2.1789
