Car -1 -1 -7.8290 554.4891 182.2891 599.1449 221.4661 1.4230 1.6737 3.4409 -1.3263 1.8218 28.7827 -7.8753 2.2985
Car -1 -1 -7.8623 505.5183 180.1736 535.3255 208.0170 1.4619 1.5988 3.6418 -5.1183 1.8948 40.7986 -7.9868 1.8752
Car -1 -1 -3.8304 881.8242 192.1603 988.3777 235.5516 1.5192 1.5581 3.5358 12.3603 2.2896 27.5784 -3.4139 1.5261
Car -1 -1 -4.0777 1022.1213 200.0965 1129.5724 244.8362 1.6366 1.5503 4.1817 19.1145 2.8123 29.6705 -3.5108 0.6829
Pedestrian -1 -1 -4.1122 225.4557 176.1275 283.5496 272.4670 1.7135 0.5738 0.8641 -6.6084 1.7758 13.3347 -4.5649 -0.7888
Car -1 -1 -7.8855 1089.3337 189.2100 1156.4167 244.1852 1.5171 1.5918 3.7047 16.2654 2.0850 23.0806 -7.2783 -1.0602
Car -1 -1 -7.9087 554.6382 179.7981 596.8448 217.2821 1.5131 1.6430 3.6799 -1.6013 1.8368 31.7512 -7.9593 -1.4339
Car -1 -1 -4.8792 910.6192 175.5496 939.4256 194.4140 1.5118 1.5997 3.7336 26.3053 1.7446 60.4002 -4.4706 -1.5314
Car -1 -1 -5.8666 57.5189 191.9985 133.8411 217.8663 1.5329 1.5963 3.5881 -32.4647 2.7722 45.5809 -6.4830 -1.8629
Car -1 -1 -4.4122 267.7870 178.0001 312.4582 204.0452 1.6374 1.6117 4.0145 -21.3690 1.9963 48.2734 -4.8272 -1.9063
Car -1 -1 -7.8993 298.4181 175.6243 321.0787 197.5137 1.8811 1.6913 4.2327 -27.0361 2.1386 64.8578 -8.2930 -1.9733
Car -1 -1 -5.2000 1025.8796 179.6952 1083.4929 203.6190 1.5283 1.6296 4.0544 30.3008 2.0156 49.3516 -4.6524 -2.0143
Car -1 -1 -8.4689 801.1436 181.0948 854.5245 206.1216 1.7215 1.7046 4.1136 16.0042 2.3554 53.3148 -8.1793 -2.0217
Car -1 -1 -5.1612 969.1276 181.6976 1015.9914 203.0124 1.5215 1.6206 3.8938 29.1313 2.2210 55.1185 -4.6777 -2.0394
Pedestrian -1 -1 -7.6987 1089.8650 185.2377 1120.8894 244.9910 1.7604 0.6965 0.5972 14.9882 2.1439 21.9026 -7.1056 -2.1775
