Car -1 -1 -7.8833 560.3575 181.6208 600.5206 217.6338 1.3916 1.5843 3.4396 -1.3399 1.7836 30.5179 -7.9274 2.3213
Car -1 -1 -4.0506 1049.4044 196.2669 1210.4755 263.2298 1.4655 1.5074 3.3571 12.7842 2.0836 17.8479 -3.4377 2.0631
Car -1 -1 -7.8025 511.6194 179.8806 543.5504 207.8000 1.5336 1.6780 3.8643 -4.8593 1.9675 42.6104 -7.9159 1.6158
Car -1 -1 -8.5856 901.4235 180.5493 978.5619 210.2135 1.5117 1.6502 3.9672 18.1779 1.9610 40.0205 -8.1625 -1.4651
Car -1 -1 -5.3831 1179.0936 182.2217 1241.0000 215.0204 1.5390 1.6217 3.9639 31.4839 2.0453 37.0082 -4.6826 -1.6005
Car -1 -1 -5.8418 970.6868 165.8087 1046.2380 192.4692 1.6391 1.6318 3.9339 25.5498 1.2057 46.4322 -5.3417 -1.6485
Cyclist -1 -1 -7.5843 871.2207 181.9805 887.0616 214.5272 1.6720 0.3846 1.5843 14.2337 2.1651 38.2474 -7.2311 -1.7016
Car -1 -1 -4.9061 1232.0745 190.2505 1241.0000 263.3298 1.5108 1.6538 4.2717 17.1975 2.0045 18.2398 -4.1588 -1.7980
Car -1 -1 -4.8276 610.6453 179.3693 641.6607 204.1405 1.5732 1.6307 4.1714 1.0243 2.0358 49.1114 -4.8074 -1.9176
Car -1 -1 -5.0528 831.2040 180.4594 881.2480 205.9365 1.4977 1.6495 4.3074 15.5476 2.0039 45.8780 -4.7285 -2.0991
Car -1 -1 -4.2099 0.0000 188.1561 79.1644 239.3880 1.4427 1.7054 4.3188 -19.7943 1.9988 23.9579 -4.8951 -2.1169
Car -1 -1 -4.8045 804.8292 183.0991 827.6835 201.5502 1.5291 1.5909 3.8843 18.2774 2.4686 64.1333 -4.5286 -2.1378
Pedestrian -1 -1 -5.7665 899.3423 150.8695 924.0064 192.0340 1.9719 0.7118 0.8704 14.6430 0.9185 35.1254 -5.3747 -2.1735
