Car -1 -1 -7.9033 565.7686 190.1196 607.0641 226.0061 1.4286 1.6631 3.6351 -1.1517 2.2489 32.4151 -7.9393 2.0360
Car -1 -1 -7.8343 521.6799 187.9955 549.4845 214.8382 1.4858 1.6173 3.7496 -4.5419 2.4506 44.0571 -7.9370 1.5153
Car -1 -1 -4.1497 142.1602 189.7321 229.8296 226.1313 1.5145 1.6662 4.0035 -19.8641 2.3556 33.9364 -4.6761 -1.1609
Car -1 -1 -5.4011 1080.5867 175.1289 1175.2651 210.2946 1.6799 1.6597 4.1404 26.2939 1.8026 36.8692 -4.7858 -1.5220
Car -1 -1 -4.7371 1193.8601 178.4016 1241.0000 218.8285 1.5273 1.6021 3.8622 25.1440 1.7718 29.8223 -4.0419 -1.6531
Car -1 -1 -7.8608 1070.8953 176.8343 1110.0902 209.4527 1.5695 1.6116 3.7959 24.7218 1.7859 37.2446 -7.2788 -1.6737
Pedestrian -1 -1 -8.0558 898.5844 176.6828 915.0428 211.3610 1.7990 0.6932 0.5850 15.5308 2.0014 37.8593 -7.6698 -1.8735
Car -1 -1 -7.6189 555.7885 185.3832 606.7327 219.9997 1.5265 1.6424 3.8575 -1.3876 2.1757 35.3546 -7.6585 -1.9063
Car -1 -1 -4.8149 344.2648 186.5263 368.7512 206.0495 1.5261 1.5940 3.6429 -21.5384 2.7226 61.1729 -5.1524 -1.9386
Car -1 -1 -7.9054 576.2300 177.8843 601.2084 203.1374 1.8538 1.7206 4.0254 -1.7094 2.2575 55.8717 -7.9364 -2.1579
Car -1 -1 -4.7598 1227.6892 181.0884 1241.0000 226.0397 1.5338 1.6332 4.0513 24.6321 1.8709 27.4753 -4.0347 -2.1789
