Car -1 -1 -7.8631 569.0109 183.5925 604.8671 216.0743 1.4104 1.6192 3.6568 -1.1622 1.9502 34.4233 -7.8972 2.1687
Car -1 -1 -7.7714 523.4037 183.4434 554.5193 207.9236 1.4160 1.6418 3.7063 -4.4459 2.1067 45.2150 -7.8693 2.1678
Car -1 -1 -8.4949 850.8750 178.0722 913.6913 203.4141 1.6030 1.6824 4.3903 18.3583 1.9737 48.9499 -8.1386 -1.2655
Car -1 -1 -4.7209 938.2719 181.3270 969.0380 208.4826 1.5088 1.6092 4.1338 20.7324 2.0474 43.6840 -4.2809 -1.3946
Car -1 -1 -4.4636 683.6001 182.6015 714.6822 202.4919 1.5237 1.6118 4.0190 7.3665 2.3573 59.5601 -4.3417 -1.8513
Pedestrian -1 -1 -3.9947 55.1949 183.5257 83.3389 224.9779 1.8167 0.6507 0.7852 -24.2063 2.2996 32.2531 -4.6347 -1.8850
Pedestrian -1 -1 -6.2001 491.6693 178.9989 497.0475 200.5179 1.8052 0.5248 0.4069 -9.7947 2.3265 60.9642 -6.3591 -1.9489
Car -1 -1 -5.8952 115.8535 188.2816 224.1341 221.8907 1.5099 1.6535 4.1137 -21.0509 2.2735 34.5924 -6.4387 -1.9686
Car -1 -1 -3.9497 0.0000 195.2662 71.0669 231.0220 1.5192 1.6625 3.9443 -28.7678 2.6767 35.2400 -4.6308 -2.0435
Cyclist -1 -1 -3.6565 155.4579 180.7919 197.0589 218.5511 1.8111 0.6435 1.6722 -21.5844 2.2151 35.8663 -4.1952 -2.0461
Car -1 -1 -2.4507 11.3752 184.1077 116.9964 220.6519 1.6089 1.6293 3.6918 -25.1198 2.1408 33.2219 -3.0944 -2.1084
