Car -1 -1 -7.8244 570.0725 184.3733 620.3715 228.0035 1.3527 1.6252 3.5122 -0.5103 1.7807 25.0643 -7.8453 2.6193
Car -1 -1 -7.7334 507.1262 179.4972 551.9285 215.1840 1.5122 1.6348 3.3934 -3.6605 1.8306 32.9138 -7.8438 2.3541
Car -1 -1 -4.4589 355.6485 180.3920 401.2834 208.6170 1.4825 1.5521 3.8064 -13.0931 1.9295 40.8780 -4.7673 1.7128
Car -1 -1 -4.1001 0.0000 188.0728 129.4942 279.9176 1.4784 1.5997 4.0922 -11.7066 1.8260 14.3991 -4.7738 1.4038
Pedestrian -1 -1 -4.7872 1149.3406 158.2979 1174.9244 211.8768 1.8311 0.6635 0.5379 19.1258 1.3333 25.0647 -4.1414 -1.6186
Car -1 -1 -7.9187 64.7246 174.8908 111.0484 207.4911 1.6221 1.7306 4.2563 -27.8382 1.7363 38.3692 -8.5432 -1.6703
Car -1 -1 -4.7008 287.9538 178.1254 312.4410 201.3812 1.6043 1.5917 3.8479 -22.6698 2.0050 52.8026 -5.1048 -1.6959
Car -1 -1 -4.2983 618.4300 180.8713 662.1243 203.6345 1.4827 1.5962 3.9926 2.1378 2.0690 50.6512 -4.2568 -1.7392
Cyclist -1 -1 -4.6201 0.0000 164.3976 25.3982 213.3862 1.7674 0.6267 1.6119 -22.3100 1.4621 26.8751 -5.3082 -1.7514
Car -1 -1 -7.8259 595.3718 167.4943 620.8712 201.1291 2.3837 1.7672 4.3593 -0.1303 2.0035 53.3357 -7.8288 -1.9142
Car -1 -1 -4.5665 225.4276 181.0572 261.0580 206.6402 1.6722 1.6372 4.2187 -25.8332 2.2759 50.8713 -5.0345 -2.1765
