Car -1 -1 -7.8834 548.1984 185.3199 596.4985 228.2042 1.4138 1.6663 3.6252 -1.5001 1.9082 26.7566 -7.9396 2.3207
Car -1 -1 -7.8268 495.6863 182.5955 528.4963 213.2852 1.4833 1.6128 3.6150 -5.1460 2.0208 37.9514 -7.9612 1.9781
Car -1 -1 -3.7602 773.8413 186.1843 844.2751 215.3930 1.5361 1.5728 3.5657 11.1394 2.3096 40.5349 -3.4945 0.5029
Car -1 -1 -7.1291 891.1720 190.5730 960.8638 218.7591 1.5522 1.6298 3.9470 18.9279 2.6536 43.2874 -6.7201 0.0702
Car -1 -1 -4.7491 612.3010 185.3321 641.7500 212.1134 1.4323 1.5751 3.7662 0.9224 2.1954 42.2497 -4.7280 -1.1373
Car -1 -1 -7.6882 540.3068 182.6674 595.1639 224.0908 1.5359 1.6389 3.8722 -1.7151 1.9672 29.7205 -7.7460 -1.5316
Car -1 -1 -7.2769 0.0000 189.3994 84.7896 245.0936 1.5152 1.7633 4.4666 -19.3410 2.1028 23.3226 -7.9637 -1.6455
Pedestrian -1 -1 -7.5680 389.7065 181.0585 414.8529 231.5534 1.7536 0.7006 0.6435 -7.3782 2.0467 25.4864 -7.8476 -1.7558
Pedestrian -1 -1 -3.1958 636.6614 177.9453 650.5943 217.9237 1.7636 0.5689 0.5893 1.4551 1.9925 32.1911 -3.1517 -1.9428
Car -1 -1 -4.2201 156.2358 189.1654 233.1718 222.7962 1.4833 1.6380 3.9090 -20.4910 2.3350 35.7140 -4.7380 -2.0682
Car -1 -1 -4.1713 67.5097 191.4654 173.2700 232.4653 1.4444 1.6437 4.1745 -19.8879 2.2592 29.4732 -4.7609 -2.0824
Pedestrian -1 -1 -3.5780 1032.4036 170.9580 1041.2089 194.2200 1.9515 0.6294 0.4102 35.9760 1.7922 60.8649 -3.0467 -2.1790
