Car -1 -1 -7.8690 547.6178 184.5161 594.9799 226.8057 1.3941 1.6267 3.4007 -1.4977 1.8506 26.5080 -7.9256 2.5935
Car -1 -1 -7.7730 493.1824 180.8274 530.4541 211.8605 1.4999 1.6500 3.4086 -5.0991 1.9334 37.5160 -7.9076 2.5531
Car -1 -1 -3.6601 769.9196 185.5470 840.6477 213.3444 1.5137 1.5643 3.6435 11.2149 2.2671 41.6255 -3.3993 1.0280
Car -1 -1 -3.9721 880.3068 188.9449 950.5620 216.4874 1.5688 1.6753 4.1082 18.8577 2.5998 44.6189 -3.5753 0.6301
Car -1 -1 -7.0291 873.3611 180.9286 962.0375 212.3348 1.5011 1.6591 4.1304 15.6203 1.9285 36.7330 -6.6304 -0.7860
Car -1 -1 -5.9998 393.7098 180.6413 517.7353 224.7962 1.5803 1.6859 4.2668 -5.7977 1.8841 27.1758 -6.2086 -1.5639
Car -1 -1 -4.1774 531.6807 182.0157 576.3758 203.4027 1.4995 1.5790 3.9423 -4.2141 2.2183 54.5189 -4.2547 -1.6542
Cyclist -1 -1 -7.5865 106.2748 181.9632 125.3234 217.2674 1.6141 0.3446 1.5479 -23.4443 2.0553 34.1837 -8.1842 -1.7467
Car -1 -1 -6.6500 628.3107 179.0245 714.4262 214.5082 1.5999 1.6491 3.7360 2.8608 1.9043 34.3072 -6.5681 -1.7595
Car -1 -1 -4.4796 697.1121 180.8881 728.4677 202.4340 1.5535 1.5821 3.7096 7.9155 2.1941 55.5418 -4.3393 -1.9179
Pedestrian -1 -1 -7.7464 701.5444 176.4373 714.7076 214.4913 1.7440 0.5379 0.6860 4.5221 1.9123 33.5405 -7.6141 -2.0632
Pedestrian -1 -1 -8.0625 1096.5900 169.7078 1125.1381 223.5012 1.7767 0.6499 0.7185 16.8029 1.6725 24.2872 -7.4635 -2.0762
Cyclist -1 -1 -7.9144 635.7121 178.3817 645.1778 214.8150 1.6561 0.3429 1.6007 1.3814 1.9212 33.8451 -7.8746 -2.1006
Car -1 -1 -4.3441 231.5938 186.5248 285.8441 213.2866 1.4832 1.6239 4.0790 -21.4914 2.3608 44.2337 -4.7944 -2.1615
Car -1 -1 -4.1216 115.9755 175.0212 189.0630 208.5788 1.8885 1.7007 4.0430 -27.1452 2.0233 42.9160 -4.6829 -2.1676
