Car -1 -1 -7.7916 491.2041 180.7635 528.0950 212.0238 1.4287 1.5934 3.4597 -4.9550 1.8389 35.6650 -7.9291 2.6363
Car -1 -1 -7.8413 545.7916 184.9131 596.8664 227.8400 1.3281 1.6500 3.4328 -1.3698 1.7758 25.0556 -7.8961 2.5530
Car -1 -1 -4.1861 4.9785 187.7238 145.0597 248.7030 1.4866 1.5951 3.5199 -14.9343 1.9427 20.3148 -4.8140 2.1863
Car -1 -1 -3.9740 840.7302 188.0670 898.2736 210.3423 1.5161 1.6235 4.1461 19.0825 2.6713 53.1122 -3.6314 -0.2385
Car -1 -1 -4.8056 732.8249 182.1668 761.9009 206.0836 1.5464 1.6206 3.8783 9.4890 2.2202 50.2212 -4.6205 -1.1425
Car -1 -1 -2.6774 19.3539 186.1745 160.5750 225.4923 1.4574 1.6350 4.2734 -20.5841 2.0070 28.6523 -3.2962 -1.1689
Car -1 -1 -6.2673 822.3921 182.4717 893.0500 209.3012 1.5419 1.6580 3.9990 15.0352 2.1470 43.9623 -5.9404 -1.6320
Car -1 -1 -4.6319 0.0000 181.1212 10.1783 206.6033 1.5742 1.6332 3.9565 -41.1729 2.1478 48.0059 -5.3382 -1.7027
Pedestrian -1 -1 -7.6880 7.6086 181.5668 35.6367 229.0768 1.7391 0.6829 0.8569 -22.1755 2.0732 27.1512 -8.3682 -1.7734
Car -1 -1 -4.9346 593.1369 183.1779 625.9785 205.5240 1.4576 1.5558 3.5580 -0.0978 2.2105 50.7347 -4.9370 -1.8877
Car -1 -1 -7.9165 951.4391 176.6873 995.9431 213.0604 1.5860 1.6123 3.7509 17.0001 1.7769 33.9340 -7.4560 -1.8947
Car -1 -1 -7.8179 417.3009 175.2790 455.6413 213.2043 1.7569 1.6981 4.5547 -8.6663 1.8862 36.1331 -8.0521 -1.9636
Cyclist -1 -1 -8.3609 612.7125 178.2574 631.2248 207.8671 1.6466 0.3436 1.5507 0.6381 1.9603 41.1675 -8.3461 -2.0132
Pedestrian -1 -1 -7.5240 988.7012 175.1333 1012.1642 221.2952 1.8050 0.6884 0.5272 15.4775 1.8967 28.6877 -7.0341 -2.1033
Cyclist -1 -1 -6.9237 316.0620 179.4485 354.6329 217.6212 1.6944 0.5746 1.6379 -12.6516 2.0049 33.1643 -7.2859 -2.1891
