Car -1 -1 -7.8707 583.7922 182.3225 617.4214 214.0030 1.5015 1.6506 3.9175 -0.5642 2.0176 37.3675 -7.8863 2.5020
Car -1 -1 -7.8412 534.8461 181.1974 562.1631 206.8564 1.5271 1.6717 3.9100 -3.9519 2.0850 46.2605 -7.9264 1.2272
Car -1 -1 -4.3998 357.1249 182.4059 396.8071 207.5600 1.6341 1.5790 3.6270 -16.1516 2.3206 50.0662 -4.7107 0.7398
Pedestrian -1 -1 -2.8143 0.6553 174.6890 41.8043 225.7355 1.8692 0.6311 1.0418 -22.0076 1.9386 26.9309 -3.4947 -1.1703
Car -1 -1 -4.8464 1215.3597 171.4316 1241.0000 239.4519 1.4747 1.5577 3.7900 16.0241 1.4436 17.6493 -4.1178 -1.8284
Car -1 -1 -4.5607 498.4267 180.2525 530.5200 203.9150 1.6022 1.6903 4.2081 -6.9083 2.1599 52.3023 -4.6918 -1.8773
Car -1 -1 -8.0993 998.5252 186.1546 1060.0065 221.3873 1.5087 1.6601 3.7111 19.8776 2.1801 34.4267 -7.5800 -1.9100
Car -1 -1 -4.7497 156.1315 190.1315 178.7149 208.1434 1.5245 1.6494 3.9996 -41.2974 3.1856 67.2624 -5.2988 -2.0488
Car -1 -1 -4.9318 637.1208 182.0107 679.1292 210.6837 1.4890 1.5867 3.6769 2.6246 2.0292 40.6486 -4.8684 -2.1400
Car -1 -1 -5.4515 1001.0500 191.9818 1091.8583 225.6216 1.4482 1.6041 3.8891 21.3100 2.4432 35.4776 -4.9149 -2.1727
