Car -1 -1 -7.7705 502.8067 178.3890 544.1576 211.8547 1.4749 1.6549 3.5586 -4.0908 1.7508 34.2037 -7.8891 2.5668
Car -1 -1 -7.8502 557.5507 180.0624 610.2267 227.3473 1.4214 1.6224 3.3608 -0.9103 1.6771 23.9171 -7.8885 2.3883
Car -1 -1 -4.2012 14.8674 180.4709 177.4994 251.0678 1.6680 1.6944 4.3231 -13.8713 1.8999 19.7619 -4.8070 1.9795
Car -1 -1 -4.3366 271.1533 182.0950 336.1616 213.6355 1.4702 1.6704 4.0799 -15.6126 1.9688 36.8977 -4.7346 0.4018
Car -1 -1 -4.0218 833.0967 181.6450 881.4523 201.9212 1.6290 1.6847 4.0701 20.9957 2.3974 61.3026 -3.6938 0.0043
Pedestrian -1 -1 -8.6032 897.8160 181.9058 916.9866 214.3035 1.7473 0.7127 0.6616 16.2793 2.2492 39.5940 -8.2163 -0.7639
Pedestrian -1 -1 -8.2294 467.7029 176.3712 483.3804 208.1359 1.8071 0.6448 0.7905 -7.8030 2.0123 41.6661 -8.4138 -1.5480
Car -1 -1 -5.2449 723.9344 182.8776 772.4522 204.5354 1.5198 1.6870 4.2789 10.4590 2.3164 55.0608 -5.0587 -1.6719
Pedestrian -1 -1 -5.7939 641.4133 172.4631 654.2349 195.6895 1.8569 0.4685 0.9189 3.0199 1.8253 58.1220 -5.7427 -1.7297
Pedestrian -1 -1 -2.8916 633.5748 172.7484 641.2299 193.5738 1.7914 0.6634 0.5148 2.3493 1.7820 62.4586 -2.8545 -1.7364
Car -1 -1 -7.7162 881.3036 184.7120 921.0603 213.4177 1.4979 1.6264 3.7462 16.6870 2.2106 41.3577 -7.3358 -1.7394
Car -1 -1 -7.3625 222.8004 182.4713 287.9919 211.1765 1.4639 1.6497 3.7778 -19.6124 2.0223 40.0006 -7.8160 -1.7882
Car -1 -1 -7.9221 465.5932 173.9957 498.2354 203.5251 1.6899 1.6654 4.0503 -7.8198 1.7621 43.6260 -8.0988 -1.9197
Car -1 -1 -4.7158 794.0107 180.8608 817.6010 203.2742 1.5332 1.6099 3.8126 14.3012 2.1424 52.8710 -4.4535 -2.1489
Pedestrian -1 -1 -5.9832 258.7127 178.7993 271.8622 208.7346 2.0184 0.7283 0.6216 -23.5412 2.4270 49.2160 -6.4275 -2.1535
