Car -1 -1 -7.7974 506.7790 178.8801 539.1292 206.0466 1.4539 1.6413 3.4521 -4.9647 1.8123 41.1758 -7.9171 2.5318
Car -1 -1 -7.8678 556.2949 180.1331 599.4900 218.2237 1.4188 1.6491 3.2696 -1.3702 1.7301 29.2008 -7.9149 2.2292
Car -1 -1 -3.8684 911.1432 191.2867 1025.6550 237.7092 1.4832 1.5140 3.4581 12.4488 2.1572 25.1982 -3.4150 1.3478
Car -1 -1 -4.1305 1056.9652 195.6712 1172.8075 242.3059 1.5715 1.6353 4.0887 19.0819 2.4838 27.3339 -3.5269 1.1198
Pedestrian -1 -1 -5.5124 56.4833 181.9622 71.7875 223.0925 1.7112 0.4551 0.2738 -23.0176 2.0974 30.3705 -6.1568 -0.8611
Car -1 -1 -4.8318 1006.2048 182.5413 1040.9636 205.8459 1.4733 1.5858 4.0155 28.3277 2.1674 49.5667 -4.3157 -1.2881
Pedestrian -1 -1 -7.8362 1156.7581 182.7100 1184.7286 248.6617 1.7362 0.5902 0.4791 15.0848 2.0070 19.4766 -7.1852 -1.8918
Car -1 -1 -2.9050 897.9691 176.8785 969.2714 202.7406 1.5619 1.6376 3.8713 20.5592 1.8282 45.9726 -2.4873 -2.0739
Car -1 -1 -4.3465 0.0000 193.0130 72.5550 228.7091 1.5444 1.6834 4.1731 -28.6986 2.6124 35.9934 -5.0161 -2.1309
Cyclist -1 -1 -8.0810 701.7544 176.6622 731.1194 248.0057 1.6680 0.3383 1.6675 2.5586 1.7661 17.8050 -7.9416 -2.1619
