Car -1 -1 -7.8577 562.9092 181.0260 602.9194 217.9823 1.4792 1.6459 3.4918 -1.2335 1.8552 31.4460 -7.8972 2.7649
Car -1 -1 -7.7914 516.6852 180.1703 548.1388 207.2359 1.5151 1.6499 3.6869 -4.6492 1.9727 43.2842 -7.8982 1.6545
Car -1 -1 -5.2658 1036.1503 151.4049 1107.1005 184.6198 1.8161 1.6322 3.8511 26.3455 0.6430 41.3853 -4.7022 -0.8729
Car -1 -1 -4.6986 849.5359 181.2593 875.2039 206.2431 1.5521 1.5577 3.5586 16.7949 2.1344 48.0683 -4.3649 -1.5048
Cyclist -1 -1 -7.8011 928.1766 180.3113 938.8807 216.6573 1.6082 0.3736 1.5491 14.7679 1.9572 33.0193 -7.3844 -1.6888
Car -1 -1 -4.0494 0.0000 194.9550 49.2101 253.8558 1.4858 1.6490 4.1598 -19.4384 2.2219 21.9182 -4.7690 -1.7115
Pedestrian -1 -1 -2.7153 108.2093 181.6612 135.5137 220.9782 1.8041 0.4675 0.9431 -22.7372 2.2172 33.5559 -3.3074 -1.8417
Car -1 -1 -4.3992 297.3320 182.3463 337.9732 205.2586 1.5269 1.6012 3.7942 -20.9011 2.2316 51.6455 -4.7822 -2.0291
Car -1 -1 -7.3833 221.8972 185.1870 286.3688 214.3446 1.5366 1.6945 4.0361 -20.5499 2.2850 41.7732 -7.8383 -2.0346
Car -1 -1 -7.6633 554.3896 178.4235 604.1798 214.9311 1.6147 1.6743 3.9197 -1.4515 1.8974 34.6045 -7.7055 -2.0838
Car -1 -1 -3.2364 973.8201 159.2018 1052.3247 186.0575 1.6379 1.6934 4.1834 25.3610 0.8050 45.6168 -2.7319 -2.1194
Car -1 -1 -8.4900 1041.7103 167.9686 1139.0446 203.8828 1.6064 1.6539 4.2341 22.7449 1.3876 34.4346 -7.9105 -2.1718
