Car -1 -1 -7.8840 563.7280 182.3917 604.0559 217.3048 1.3980 1.6518 3.4249 -1.2332 1.8390 31.6219 -7.9232 2.5125
Car -1 -1 -7.7948 518.5361 180.2195 549.9423 207.2060 1.5177 1.6654 3.8045 -4.5687 1.9820 43.5746 -7.8991 1.5746
Car -1 -1 -4.3705 259.3824 182.7496 310.8217 210.3778 1.5940 1.6730 4.0447 -20.3144 2.2422 45.2025 -4.7910 -1.5228
Pedestrian -1 -1 -8.8121 878.3150 153.4161 898.2211 190.3091 1.9333 0.6679 0.7360 14.7312 0.9144 38.3023 -8.4477 -1.6932
Car -1 -1 -7.6232 555.8798 179.7021 607.7349 214.3949 1.5318 1.6529 3.8733 -1.3353 1.8806 34.7293 -7.6619 -1.6966
Car -1 -1 -4.5637 839.2231 181.0170 867.7586 201.4091 1.5248 1.6064 3.9516 19.4989 2.2022 57.7791 -4.2403 -1.8635
Pedestrian -1 -1 -4.5840 97.1136 181.1650 116.0922 222.8327 1.8273 0.5833 0.9263 -22.6440 2.2066 32.4060 -5.1902 -1.9107
Cyclist -1 -1 -8.2242 918.3599 184.4008 940.4405 221.5081 1.6515 0.3745 1.5976 14.7398 2.1989 33.4199 -7.8127 -1.9809
Pedestrian -1 -1 -6.3111 910.8763 174.7451 924.7827 229.7777 1.7988 0.5377 0.4054 10.1586 1.8620 23.9300 -5.9148 -2.0016
Car -1 -1 -4.9544 1135.3672 177.9988 1199.0986 212.1383 1.5257 1.5775 3.6756 26.7841 1.7882 34.8489 -4.3036 -2.0448
Car -1 -1 -4.0023 38.5624 195.7878 120.4355 225.4438 1.5444 1.6623 4.0761 -31.4800 2.9750 42.9188 -4.6324 -2.0763
Cyclist -1 -1 -7.7077 938.2547 183.7490 953.8549 222.1717 1.6283 0.4043 1.5885 14.7712 2.1198 31.7940 -7.2770 -2.1110
Car -1 -1 -3.3794 1112.7112 179.4837 1240.6226 219.0804 1.4640 1.5784 3.7199 22.3246 1.7405 28.6495 -2.7228 -2.1415
Car -1 -1 -3.8163 102.9681 192.5832 180.4544 221.1109 1.5091 1.5804 3.6858 -27.8191 2.7374 42.9320 -4.3887 -2.1683
Car -1 -1 -4.8214 1021.7897 172.8780 1064.6876 202.7330 1.5214 1.5549 3.7749 23.2059 1.5225 38.8134 -4.2862 -2.1921
