Car -1 -1 -7.8758 559.6387 180.2311 613.0762 228.2048 1.4304 1.6356 3.3349 -0.8684 1.6904 23.7524 -7.9127 2.6709
Car -1 -1 -7.7417 504.0143 179.2639 547.6841 213.3366 1.4790 1.6447 3.5160 -3.9237 1.7941 33.7433 -7.8571 2.4512
Car -1 -1 -4.2909 136.0989 181.4930 248.0314 235.8051 1.6251 1.6855 4.2084 -14.0444 1.9437 24.4564 -4.8078 2.0509
Car -1 -1 -4.6164 309.9484 182.9389 347.5231 210.6839 1.4524 1.6293 4.0195 -16.1556 2.0622 41.4941 -4.9858 0.3927
Car -1 -1 -4.1276 831.0649 182.2530 876.0363 201.3923 1.5930 1.6974 4.2926 21.5990 2.4522 63.9971 -3.8039 -1.1594
Pedestrian -1 -1 -7.4425 476.9286 174.9758 491.7234 205.3960 1.8340 0.6590 0.7123 -7.6935 1.9643 43.9843 -7.6150 -1.6049
Pedestrian -1 -1 -6.3714 625.2896 172.9280 634.5283 198.7939 1.8083 0.7010 0.5897 1.3688 1.8133 50.8144 -6.3451 -1.6628
Pedestrian -1 -1 -5.8521 635.7601 172.8380 644.6807 193.5498 1.8481 0.7167 0.5524 2.6938 1.8463 64.8263 -5.8112 -1.6776
Car -1 -1 -7.6803 469.6171 175.1278 506.5781 202.8141 1.6722 1.6492 4.0176 -7.7417 1.8229 45.9244 -7.8468 -1.6950
Car -1 -1 -4.3697 197.4775 184.7708 265.2977 217.5910 1.4501 1.6275 4.2460 -18.6704 2.0761 35.7024 -4.8488 -1.7967
Car -1 -1 -7.3167 26.5150 188.3125 149.9223 238.5655 1.4721 1.6256 3.8212 -17.4651 2.0351 24.3188 -7.9345 -2.0749
Car -1 -1 -1.9566 0.0000 201.4043 52.1116 246.3085 1.4798 1.6307 3.9986 -23.3216 2.6348 27.5403 -2.6546 -2.0791
Pedestrian -1 -1 -7.9345 1158.8203 176.4917 1187.8528 235.0022 1.7572 0.6580 0.5115 17.2072 1.8704 22.1120 -7.2802 -2.0802
Car -1 -1 -4.9816 538.8842 176.5600 577.4517 200.1285 1.5527 1.6457 4.1202 -3.6998 1.8229 50.4485 -5.0548 -2.1819
