Car -1 -1 -7.7363 505.9276 177.1634 550.1455 210.5712 1.4393 1.6304 3.4622 -3.7682 1.6481 33.2695 -7.8487 2.5385
Car -1 -1 -7.8674 562.5970 179.3061 616.7683 227.3542 1.4178 1.6362 3.4296 -0.7388 1.6434 23.5112 -7.8992 2.2374
Car -1 -1 -4.3939 244.1690 177.5869 318.6403 219.3663 1.6686 1.7130 4.2075 -14.2722 1.8891 31.4921 -4.8166 2.0141
Car -1 -1 -4.3672 349.7348 178.9143 392.9084 202.8477 1.5112 1.5559 3.7974 -16.0035 1.9340 48.4506 -4.6849 -0.2171
Car -1 -1 -4.1639 828.3024 178.1897 868.9802 196.0230 1.5918 1.6834 4.1955 22.3583 2.1062 67.6029 -3.8462 -0.6395
Pedestrian -1 -1 -3.7358 36.1866 174.9451 80.3937 227.6021 1.8587 0.6615 1.0887 -20.0214 1.9360 26.1404 -4.3846 -1.1853
Car -1 -1 -7.9056 577.7720 174.9440 604.2464 198.1856 1.5155 1.6069 3.8384 -1.3657 1.6640 49.3818 -7.9336 -1.9063
Car -1 -1 -4.0030 0.0000 195.6818 106.7020 237.6494 1.4686 1.6068 3.8662 -22.7534 2.4599 29.3703 -4.6579 -1.9248
Pedestrian -1 -1 -5.5558 489.7563 173.5299 505.4947 201.1230 1.7895 0.5853 0.8436 -7.3986 1.8340 47.2926 -5.7105 -1.9808
Car -1 -1 -7.9171 562.9924 175.7521 614.6794 220.2053 1.5186 1.6680 3.8578 -0.9010 1.6344 26.9108 -7.9509 -2.0559
Pedestrian -1 -1 -3.2352 665.9976 167.9907 677.9155 192.4707 1.8353 0.4815 0.8521 4.6350 1.4704 54.3391 -3.1509 -2.1306
Car -1 -1 -7.7270 777.8130 174.5731 804.7656 195.2043 1.5980 1.6306 3.9947 14.6768 1.7420 58.4033 -7.4824 -2.1839
