Car -1 -1 -7.7363 508.3071 177.2399 552.6277 211.0274 1.4355 1.6081 3.4834 -3.6106 1.6455 32.8574 -7.8454 2.4343
Car -1 -1 -7.8623 567.3311 179.5825 620.2417 226.4381 1.3759 1.5942 3.6251 -0.5984 1.6124 23.5547 -7.8882 2.2150
Car -1 -1 -4.5034 327.5399 174.6841 376.1899 206.6197 1.6985 1.7181 4.3848 -14.6007 1.8078 40.9233 -4.8444 1.8779
Car -1 -1 -7.7491 389.4797 176.2618 415.9340 197.0330 1.5835 1.6326 3.9131 -16.5814 1.8658 57.7541 -8.0277 0.2867
Car -1 -1 -4.3662 118.0782 185.3468 188.2830 219.9535 1.5415 1.6536 4.0696 -22.6420 2.1996 35.8653 -4.9262 -1.2409
Car -1 -1 -4.5482 87.7245 188.3094 143.6306 223.2257 1.4753 1.5882 3.7661 -23.4862 2.2542 34.3371 -5.1447 -1.7817
Pedestrian -1 -1 -4.1471 126.8431 173.5884 152.8828 217.2217 1.8232 0.5416 0.8720 -19.9757 1.8545 30.6029 -4.7216 -1.9468
Pedestrian -1 -1 -8.0662 958.6530 159.3861 983.3597 211.1248 1.8518 0.6499 0.7835 13.0968 1.3695 26.2843 -7.6088 -2.0129
Car -1 -1 -7.6275 498.5511 169.0388 532.5271 191.6542 1.6217 1.6490 4.0361 -7.0310 1.3478 53.8290 -7.7570 -2.0442
Car -1 -1 -4.5497 612.3314 176.6698 635.8645 193.1579 1.4890 1.6250 3.8364 1.3390 1.8597 68.1332 -4.5305 -2.0553
Car -1 -1 -7.8674 584.1743 177.6462 609.6029 200.8048 1.4952 1.6723 4.0058 -0.9615 1.8369 49.4555 -7.8872 -2.0781
Car -1 -1 -5.5073 0.0000 179.9915 75.4423 216.7065 1.6362 1.5946 3.6509 -27.2142 1.9770 33.5045 -6.1857 -2.0899
