Car -1 -1 -7.7026 507.5955 178.4936 555.8406 212.6197 1.4283 1.6527 3.5310 -3.5208 1.6968 32.5945 -7.8099 2.6965
Car -1 -1 -7.8423 567.8090 179.6277 621.9847 228.4374 1.4555 1.6503 3.2808 -0.5267 1.6924 23.6233 -7.8651 2.5479
Car -1 -1 -4.2285 79.4523 188.5419 223.9735 248.3707 1.3742 1.6119 4.0384 -12.3742 1.8479 19.7299 -4.7828 2.0618
Car -1 -1 -4.4736 392.3277 174.1774 427.9206 197.9323 1.7175 1.6454 4.1899 -15.0804 1.8211 54.5237 -4.7425 -0.4096
Car -1 -1 -4.8975 200.3207 180.7108 244.5351 210.0385 1.5860 1.5922 3.8605 -22.6789 2.0659 42.0958 -5.3892 -1.8206
Cyclist -1 -1 -2.0039 207.5022 180.8050 228.5611 213.3847 1.7959 0.3980 1.6331 -22.1729 2.2517 40.7385 -2.4998 -1.8520
Car -1 -1 -4.2824 168.3407 184.2253 258.8332 222.0817 1.4087 1.6843 4.2968 -16.5911 1.9217 30.3703 -4.7790 -1.9245
Pedestrian -1 -1 -4.4580 735.0446 189.3696 759.5090 253.2915 1.3538 0.4143 0.5050 2.9485 1.7215 15.7613 -4.2775 -2.0946
Pedestrian -1 -1 -7.4838 660.5314 171.2988 670.6956 191.6453 1.8386 0.7685 0.5684 5.0366 1.6978 65.6238 -7.4079 -2.1199
Car -1 -1 -5.0978 585.5252 174.0506 630.3907 197.6024 1.5934 1.6686 4.3626 -0.2291 1.6822 51.3865 -5.1026 -2.1549
Pedestrian -1 -1 -7.6304 218.7271 177.1193 235.7760 211.6710 1.7657 0.6072 0.8547 -19.9181 1.9899 37.4854 -8.1161 -2.1743
