Car -1 -1 -7.8615 553.8433 182.6472 599.2045 223.8993 1.4674 1.6665 3.3751 -1.3705 1.8736 28.2194 -7.9103 2.7389
Car -1 -1 -7.8234 504.0185 182.0803 535.7432 211.2432 1.4966 1.6395 3.4557 -4.9894 2.0302 39.9611 -7.9473 2.3201
Car -1 -1 -3.8227 845.5005 195.5354 932.6537 233.8690 1.5107 1.5293 3.2823 11.9884 2.5282 31.1402 -3.4593 1.7294
Car -1 -1 -4.0427 970.6669 194.2090 1068.0677 233.1297 1.6290 1.6853 4.2324 18.9798 2.6678 33.5235 -3.5321 0.9051
Pedestrian -1 -1 -5.1539 130.5449 180.6540 147.3086 217.3279 1.7957 0.5671 0.4327 -23.4341 2.1866 35.8343 -5.7299 -1.7383
Car -1 -1 -4.6318 758.6899 185.2065 779.7008 203.2584 1.5498 1.6032 3.8648 14.7580 2.7301 66.8793 -4.4161 -1.8068
Pedestrian -1 -1 -7.6726 299.6940 179.7756 329.7703 255.1667 1.7041 0.5548 0.5393 -6.8745 1.8669 16.6883 -8.0583 -1.8748
Car -1 -1 -3.8596 42.7028 179.2293 145.9053 217.1786 1.7340 1.6546 4.0923 -25.5601 2.0701 35.8857 -4.4752 -1.8957
Car -1 -1 -7.8329 1015.5175 185.2736 1068.8859 232.1833 1.5364 1.5917 3.6257 15.9202 2.0282 26.6301 -7.2996 -1.9936
Car -1 -1 -3.5844 870.1479 179.8960 942.6738 203.5619 1.5493 1.6943 4.2158 19.9680 2.0344 48.7746 -3.1984 -2.1758
