Car -1 -1 -7.8669 547.2599 182.5350 598.8024 227.5104 1.3831 1.6406 3.3776 -1.3377 1.7372 24.6776 -7.9212 2.8195
Car -1 -1 -7.7827 494.5476 180.8266 533.1741 212.2934 1.4148 1.6192 3.5175 -4.6772 1.8229 35.1598 -7.9145 2.5370
Car -1 -1 -4.2694 122.2011 187.0876 221.2922 235.0302 1.4672 1.5307 3.5970 -15.1350 1.9979 25.0516 -4.8084 2.5365
Pedestrian -1 -1 -7.6657 446.3526 176.9265 460.8446 211.0130 1.6882 0.5688 0.8187 -7.8938 1.8949 36.2516 -7.8791 -0.0735
Cyclist -1 -1 -7.7677 621.9161 178.7448 629.5093 206.3294 1.6216 0.3294 1.5414 0.9164 1.9831 43.5345 -7.7473 -0.9483
Car -1 -1 -4.0578 839.4572 185.2298 892.5222 206.4180 1.5079 1.6278 4.1854 19.6103 2.4875 55.3063 -3.7193 -0.9917
Car -1 -1 -7.4498 169.2307 185.4016 244.1395 218.0800 1.4543 1.7127 4.2635 -20.0552 2.1186 36.0122 -7.9550 -1.2355
Car -1 -1 -4.9345 723.1780 179.3930 758.8483 201.6155 1.5178 1.6770 4.1341 9.4749 2.0135 52.6231 -4.7578 -1.6565
Car -1 -1 -7.8794 613.2151 179.2215 641.6179 205.6295 1.5408 1.6607 3.7407 1.0117 1.9531 44.8757 -7.8576 -1.9751
Pedestrian -1 -1 -7.8673 946.4654 168.6298 967.0090 217.4066 1.8618 0.7054 0.6211 13.3900 1.7003 27.9702 -7.4254 -2.0664
Car -1 -1 -4.6319 0.0849 191.8367 36.5279 216.3997 1.5311 1.6418 4.0032 -41.2732 2.9112 50.3571 -5.3161 -2.1194
Pedestrian -1 -1 -4.3294 1122.2867 174.7170 1159.5353 241.7052 1.7535 0.6309 0.5934 14.1745 1.8042 19.3362 -3.7047 -2.1959
Pedestrian -1 -1 -7.2778 55.1570 175.8813 87.3557 221.4524 1.8218 0.6953 0.8549 -21.9505 1.9465 29.3523 -7.9157 -2.1963
