Car -1 -1 -7.8497 546.6382 183.9570 596.8358 227.4869 1.3437 1.6112 3.3633 -1.3614 1.7526 24.8702 -7.9045 2.5897
Car -1 -1 -4.2524 72.2974 187.4479 186.0422 240.9814 1.4662 1.5233 3.5748 -14.9916 1.9617 22.6446 -4.8321 2.4414
Car -1 -1 -7.7853 492.0894 179.7568 530.4283 212.0911 1.4747 1.6336 3.4231 -4.8411 1.8301 35.4218 -7.9206 2.2806
Pedestrian -1 -1 -8.1997 955.9781 165.1782 980.4623 215.3636 1.8628 0.6633 0.5828 13.4069 1.5776 27.1076 -7.7452 -0.3003
Car -1 -1 -8.3160 596.4531 178.0693 647.6456 206.4849 1.6217 1.6954 3.5608 0.6534 1.9528 43.8748 -8.3018 -1.0088
Car -1 -1 -7.9986 423.0771 175.6272 468.0060 212.5332 1.7613 1.6659 4.0941 -8.5176 1.9116 36.9767 -8.2239 -1.0235
Car -1 -1 -4.4542 816.4459 177.3295 858.8851 202.9222 1.5399 1.6225 4.0682 14.6196 1.8403 46.3210 -4.1508 -1.2372
Car -1 -1 -3.9942 841.2090 186.3029 897.2468 208.1913 1.5340 1.6631 4.1528 19.5429 2.5809 54.4452 -3.6518 -1.3706
Car -1 -1 -4.9096 593.3741 184.7763 625.7382 206.7005 1.4529 1.6032 3.8577 -0.1012 2.3473 52.0957 -4.9121 -1.4924
Cyclist -1 -1 -8.4152 932.2957 168.2587 967.2798 209.1847 1.8730 0.6938 1.6782 15.9026 1.6624 33.8978 -7.9803 -1.5862
Car -1 -1 -3.9202 729.0056 183.2516 784.9031 205.8428 1.4881 1.6111 3.8369 10.3382 2.2453 50.8410 -3.7212 -1.8712
Car -1 -1 -7.6644 0.0000 190.3785 27.1148 217.5925 1.6299 1.6489 3.9132 -40.3223 2.8478 48.0452 -8.3600 -2.0931
Pedestrian -1 -1 -6.6676 36.3922 181.1876 66.0880 227.7946 1.7861 0.7036 0.7107 -21.9647 2.1184 28.3089 -7.3231 -2.1077
Pedestrian -1 -1 -8.8404 1069.7233 164.0968 1091.7233 221.0399 1.8161 0.5041 0.3815 15.1442 1.5365 23.2887 -8.2700 -2.1841
