Car -1 -1 -7.8579 545.4374 180.1829 593.1760 224.0642 1.4575 1.6254 3.4250 -1.5401 1.7424 26.3140 -7.9165 2.3689
Car -1 -1 -7.7975 491.9794 178.5347 526.9785 208.7976 1.4613 1.5994 3.4512 -5.1918 1.7686 37.2945 -7.9353 1.9896
Car -1 -1 -3.9683 871.9656 185.4077 942.6953 213.0369 1.6329 1.7097 4.2900 18.8707 2.4598 45.8603 -3.5808 0.9017
Car -1 -1 -3.7463 761.1408 181.5580 826.9388 208.8279 1.5375 1.5623 3.5300 10.8994 2.0709 42.8929 -3.4997 0.8919
Car -1 -1 -4.4096 167.2545 185.6973 232.3342 216.5355 1.3894 1.6739 4.2309 -20.7578 2.0808 36.6202 -4.9224 -0.4830
Pedestrian -1 -1 -7.6373 403.0509 175.2446 425.9033 222.0102 1.7639 0.7124 0.6910 -7.5226 1.8563 27.6146 -7.9013 -1.3006
Pedestrian -1 -1 -6.5348 630.0159 174.2958 644.8570 210.9150 1.7198 0.6763 0.5527 1.2605 1.7889 34.3071 -6.4990 -1.3718
Pedestrian -1 -1 -7.8004 1049.4685 163.5757 1071.4918 214.0456 1.8065 0.6505 0.6545 16.3630 1.4741 26.2805 -7.2489 -1.6618
Pedestrian -1 -1 -7.5601 1073.7430 165.7530 1100.5247 217.2993 1.7789 0.6004 0.7407 16.7294 1.5335 25.3690 -6.9829 -1.7561
Car -1 -1 -4.5856 0.0000 191.3619 9.8427 217.0691 1.5251 1.6403 3.9893 -41.2848 2.8096 47.9718 -5.2936 -1.8457
Car -1 -1 -4.3811 272.7972 181.8464 317.0883 206.0290 1.5953 1.6399 4.0839 -22.3496 2.2601 51.2614 -4.7907 -1.8812
Pedestrian -1 -1 -5.0214 120.6716 182.5389 140.1981 218.9365 1.7388 0.6156 0.6815 -23.4116 2.2165 35.1636 -5.6055 -2.0520
Car -1 -1 -2.6400 0.0000 186.2696 24.5272 240.1158 1.4567 1.6218 3.9959 -20.2130 1.8786 21.4329 -3.3900 -2.0602
Car -1 -1 -2.5903 334.6861 177.9213 446.9044 221.1499 1.6190 1.6704 3.9788 -8.7242 1.8291 28.6465 -2.8838 -2.0888
Pedestrian -1 -1 -8.1626 1103.2189 170.3181 1139.1019 237.9275 1.7744 0.6544 0.5123 13.5976 1.7075 19.2771 -7.5560 -2.0958
Car -1 -1 -3.6393 109.3207 193.6600 178.5058 218.2281 1.5373 1.6221 3.7609 -32.6826 3.0560 50.6402 -4.2103 -2.1201
