Car -1 -1 -7.7873 489.7892 178.0504 526.4731 208.2664 1.4508 1.6396 3.4079 -5.2198 1.7297 37.0087 -7.9269 2.3650
Car -1 -1 -7.8910 543.7604 178.9178 593.6810 225.2002 1.5225 1.6542 3.6746 -1.6024 1.7580 26.1453 -7.9522 1.7151
Car -1 -1 -3.9805 865.0782 185.2375 929.8365 211.1369 1.5743 1.6529 4.0426 18.7274 2.4101 47.0725 -3.6046 1.5806
Car -1 -1 -3.3928 759.8098 180.2592 825.8052 206.3573 1.5299 1.6139 3.5716 10.9698 1.9853 43.5815 -3.1484 -0.4633
Car -1 -1 -4.8423 599.2969 180.5917 632.9736 205.3166 1.4452 1.5976 4.1383 0.3085 1.9578 45.6738 -4.8361 -1.2203
Pedestrian -1 -1 -7.6961 407.4716 173.2236 425.8648 217.8190 1.7478 0.6018 0.7103 -7.7215 1.7624 28.6692 -7.9573 -1.3351
Pedestrian -1 -1 -7.2570 857.6058 177.4453 875.5195 210.5491 1.7348 0.6669 0.6172 13.6108 1.9817 38.3899 -6.9193 -1.4344
Car -1 -1 -7.6161 859.2925 178.9976 908.6702 209.8700 1.5667 1.6474 3.9991 15.0301 1.9214 39.5751 -7.2561 -1.4610
Pedestrian -1 -1 -4.8739 133.8528 178.0157 149.4448 212.7365 1.7129 0.5423 0.7611 -23.5375 1.9749 36.1983 -5.4473 -1.5660
Car -1 -1 -7.7854 618.5055 175.4621 655.0086 207.8507 1.5666 1.6322 3.7033 1.3821 1.7075 37.1367 -7.7490 -1.6059
Car -1 -1 -4.2509 138.4765 181.5407 220.3413 214.8068 1.4413 1.6945 4.1089 -20.4946 1.8815 34.4743 -4.7841 -1.6772
Car -1 -1 -6.7749 810.7049 186.1539 876.8141 210.0199 1.4934 1.6199 3.8368 15.3575 2.3911 47.5692 -6.4650 -1.7941
Car -1 -1 -7.3314 542.3528 176.6525 587.5053 197.7091 1.5086 1.6151 4.0365 -3.3968 1.8074 54.6436 -7.3936 -1.8089
Car -1 -1 -4.1518 0.0000 183.8905 105.5367 231.7310 1.4620 1.6112 3.6686 -19.3626 1.8706 24.8317 -4.8091 -1.8678
Pedestrian -1 -1 -6.7975 1047.2950 180.2757 1065.3400 217.6297 1.8368 0.6628 0.5015 22.1954 2.2098 35.9540 -6.2487 -1.9195
Car -1 -1 -4.5935 0.0000 191.8556 14.1189 217.3753 1.5245 1.6441 3.9803 -41.3032 2.8535 48.3638 -5.2977 -2.0217
Car -1 -1 -4.7445 1009.9492 179.4491 1062.9503 222.9022 1.5422 1.6345 3.9231 16.6423 1.8205 28.3654 -4.2190 -2.0691
Pedestrian -1 -1 -8.3316 1043.0442 179.7560 1070.2975 228.0885 1.7464 0.5894 0.7101 16.3846 2.0037 26.5527 -7.7843 -2.1539
Pedestrian -1 -1 -8.0036 1075.8489 167.6612 1107.8401 232.5172 1.7873 0.6551 0.6429 13.5054 1.6439 20.3125 -7.4240 -2.1759
