Car -1 -1 -7.8854 573.6021 183.4586 607.5363 214.9603 1.4341 1.5649 3.4340 -1.0434 1.9857 35.7946 -7.9149 2.0833
Car -1 -1 -7.8183 527.9670 181.2857 556.3935 206.6409 1.5014 1.6699 3.8682 -4.3207 2.0620 46.0209 -7.9118 1.4506
Car -1 -1 -7.2121 1210.7499 175.7782 1241.0000 217.1893 1.5014 1.6326 3.8250 25.2397 1.6172 27.4901 -6.4750 -1.1230
Pedestrian -1 -1 -6.2453 341.1249 179.3965 349.1602 202.8197 1.7315 0.7132 0.5377 -19.8467 2.2246 53.9943 -6.5962 -1.3888
Car -1 -1 -7.7755 509.5055 166.0221 533.3398 194.6564 2.4774 1.7870 4.3180 -7.9195 1.8860 64.6220 -7.8973 -1.5260
Car -1 -1 -6.9869 981.2866 183.0060 1086.1881 217.3783 1.5067 1.6357 4.1296 19.5959 1.9942 33.4931 -6.4619 -1.8208
Car -1 -1 -8.6850 979.1922 183.1373 1081.5443 222.7669 1.5194 1.6318 3.5781 17.6987 1.9835 30.6301 -8.1658 -1.8366
Car -1 -1 -4.8595 1056.7263 163.3285 1116.4346 203.7249 1.7675 1.7021 4.2564 22.2285 1.3504 33.8599 -4.2829 -1.8893
Car -1 -1 -4.6950 761.0302 181.0213 782.8206 200.9067 1.5352 1.6956 4.0513 13.3879 2.2346 59.6518 -4.4757 -1.9762
Pedestrian -1 -1 -2.2351 184.9271 179.6930 202.8880 212.1180 1.7310 0.5631 0.6479 -22.5631 2.1046 39.0627 -2.7562 -2.0430
