Car -1 -1 -7.7500 513.2985 177.3543 556.5047 210.7849 1.4620 1.6508 3.6002 -3.5097 1.6840 33.8397 -7.8531 2.5734
Car -1 -1 -7.8376 574.5896 179.4798 622.2750 222.7392 1.4483 1.6323 3.5324 -0.4447 1.7073 26.4652 -7.8549 2.2834
Car -1 -1 -4.3507 275.2003 179.7113 349.8653 217.3636 1.3860 1.5878 3.6319 -11.9317 1.6794 29.0642 -4.7374 1.5974
Car -1 -1 -4.6574 422.9037 176.7172 447.3977 196.8159 1.4617 1.6096 3.9880 -13.4150 1.7692 55.3895 -4.8942 -1.2444
Car -1 -1 -4.6791 59.6572 179.3305 103.3461 211.8737 1.5532 1.6817 4.1294 -27.4306 1.9090 37.4864 -5.3076 -1.6457
Pedestrian -1 -1 -7.0706 1000.7091 181.4941 1032.3173 251.0227 1.7095 0.5512 0.4265 10.1678 1.9304 18.1458 -6.5676 -1.6732
Car -1 -1 -7.9582 485.7872 174.5661 519.6898 202.4966 1.5884 1.6272 3.7232 -6.5080 1.6956 43.2858 -8.1069 -1.7994
Pedestrian -1 -1 -8.1466 214.4173 173.6495 237.1560 213.7529 1.7826 0.7497 0.6573 -17.3956 1.8188 32.5898 -8.6338 -1.8720
Car -1 -1 -6.3591 91.7930 180.9501 219.6231 223.9059 1.4393 1.5554 3.8909 -16.7627 1.7577 26.6247 -6.9167 -2.0971
Car -1 -1 -7.9899 772.9970 174.5592 802.3666 199.2493 1.8455 1.6773 4.0680 13.8013 1.9833 56.3321 -7.7513 -2.1068
Pedestrian -1 -1 -6.3846 10.2587 176.6146 35.7756 223.3805 1.7655 0.6597 0.7015 -22.6589 1.9126 27.7978 -7.0639 -2.1920
