Car -1 -1 -7.8607 553.9355 180.0316 606.6829 225.0816 1.3688 1.6445 3.3525 -1.0581 1.6262 24.1863 -7.9046 2.4960
Car -1 -1 -7.8063 500.7286 176.3154 538.5750 209.6961 1.4944 1.6302 3.4825 -4.3105 1.6681 34.4728 -7.9303 2.3542
Car -1 -1 -4.3408 227.7887 181.7249 296.2061 218.3647 1.4911 1.5519 3.5349 -15.4213 1.9074 32.0645 -4.7861 1.8619
Car -1 -1 -4.0576 0.0000 180.1909 72.8767 275.3189 1.6854 1.6916 4.1490 -13.6819 1.8617 15.2392 -4.7806 0.3346
Pedestrian -1 -1 -7.5280 460.0429 173.3951 475.0925 206.4141 1.7925 0.5846 0.8035 -7.8553 1.8222 39.6203 -7.7228 -1.2680
Car -1 -1 -4.0742 829.3349 180.3457 876.7835 200.3625 1.5350 1.6493 3.9009 19.6829 2.1603 58.4656 -3.7514 -1.2730
Car -1 -1 -4.8404 599.2630 178.5180 626.8531 198.3546 1.4633 1.6391 4.1570 0.1749 1.9245 56.6255 -4.8378 -1.3264
Pedestrian -1 -1 -7.8415 914.7387 165.6028 931.3258 210.4930 1.9152 0.6519 0.6645 13.5019 1.6055 31.2189 -7.4372 -1.4390
Car -1 -1 -4.2982 722.0233 175.7523 762.8117 196.0822 1.4955 1.5928 4.1040 10.2546 1.7282 55.8368 -4.1179 -1.6148
Pedestrian -1 -1 -7.6545 677.3903 173.5579 686.7122 192.9162 1.7955 0.7741 0.5414 6.7024 1.8612 67.3212 -7.5560 -1.8698
Pedestrian -1 -1 -8.1418 1224.6669 175.8391 1241.0000 233.9042 1.7612 0.5777 0.5552 19.4112 1.8547 22.2953 -7.4325 -2.0680
Car -1 -1 -4.4414 137.8622 194.3950 181.1864 219.5918 1.5349 1.5851 3.6548 -30.7585 3.0658 49.3104 -4.9969 -2.1252
Car -1 -1 -7.7638 448.8111 172.0024 485.2946 202.8356 1.6830 1.6749 4.3863 -8.2312 1.6362 41.6520 -7.9581 -2.1413
Car -1 -1 -7.7536 796.4180 174.4277 826.7776 199.9426 1.7181 1.6730 4.1461 14.2798 1.8341 51.0969 -7.4830 -2.1944
