Car -1 -1 -7.8321 580.8251 181.0548 614.6471 212.7246 1.4911 1.6373 3.6647 -0.6266 1.9295 36.7589 -7.8496 2.2738
Car -1 -1 -7.7839 532.9755 180.3869 562.5182 205.5410 1.5012 1.6203 3.8241 -3.9755 2.0027 46.1400 -7.8698 0.9543
Car -1 -1 -4.6523 794.0442 183.6805 820.0424 206.4528 1.5276 1.6093 3.6691 14.2773 2.3419 52.2937 -4.3878 -1.0882
Car -1 -1 -7.7951 506.4089 173.2149 531.6113 201.9433 2.2206 1.7578 4.4110 -7.3125 2.2505 58.0882 -7.9202 -1.2936
Pedestrian -1 -1 -2.3064 107.8424 180.2881 133.0113 220.2042 1.7655 0.5088 0.8324 -22.0161 2.1024 32.3889 -2.8998 -1.4241
Car -1 -1 -4.6666 978.3831 185.2333 1016.1296 215.3374 1.5029 1.6740 4.2194 21.5250 2.2292 40.1081 -4.1777 -1.6413
Car -1 -1 -4.2366 224.3746 186.8060 273.6585 209.7871 1.5122 1.5879 3.8067 -25.8397 2.5489 51.7168 -4.6982 -1.6867
Car -1 -1 -5.1754 841.7007 183.6790 896.4785 210.9725 1.5231 1.5948 3.7799 15.6260 2.2096 43.8034 -4.8354 -1.9216
Pedestrian -1 -1 -8.2550 1079.1198 182.3612 1104.8993 226.5528 1.6888 0.5946 0.7326 18.7637 2.0651 28.1665 -7.6728 -2.0668
Car -1 -1 -4.3478 671.4571 184.7822 705.3802 204.3359 1.6071 1.6402 4.1325 6.9906 2.7049 64.2152 -4.2404 -2.1063
