Car -1 -1 -7.7603 500.8890 177.7850 541.3392 210.3263 1.4432 1.5946 3.3954 -4.2112 1.6887 34.2409 -7.8822 2.7337
Car -1 -1 -7.8610 553.5602 180.7411 607.4599 226.1986 1.3630 1.6641 3.4775 -1.0465 1.6448 24.0304 -7.9048 2.1971
Car -1 -1 -4.1710 0.0000 179.6299 131.7135 261.7083 1.6898 1.7061 4.4222 -13.7799 1.8757 17.5300 -4.8299 1.9129
Car -1 -1 -4.4002 250.2819 180.4869 313.4775 215.0604 1.5180 1.6760 3.7300 -15.6380 1.9031 34.4850 -4.8234 1.1879
Car -1 -1 -7.0696 721.4370 177.7446 773.9824 197.6974 1.4854 1.6260 4.0904 10.7609 1.8800 56.4356 -6.8826 -1.2549
Car -1 -1 -4.4990 567.7661 175.9013 601.7546 198.8113 1.4906 1.5655 3.7856 -1.7222 1.7078 49.4812 -4.5340 -1.2840
Pedestrian -1 -1 -7.9089 904.4869 165.5434 921.5189 209.2016 1.9314 0.6639 0.6849 13.5390 1.6077 32.3535 -7.5163 -1.3796
Car -1 -1 -4.0152 833.8577 180.5874 882.9085 200.1778 1.5446 1.6424 4.0560 20.6500 2.2065 60.0267 -3.6859 -1.4151
Cyclist -1 -1 -8.0363 619.9538 174.8172 629.3478 199.8767 1.6294 0.3434 1.5554 0.9335 1.7615 47.8362 -8.0174 -1.6263
Car -1 -1 -4.8076 601.9705 176.4561 626.5242 196.1080 1.4936 1.5858 3.9359 0.2800 1.7910 57.6144 -4.8032 -1.7162
Car -1 -1 -7.6006 785.3809 174.6161 820.8692 198.0605 1.6189 1.6171 3.6608 13.9482 1.7507 52.1153 -7.3409 -1.8623
Car -1 -1 -7.7024 255.3491 179.8546 303.5089 211.4287 1.4813 1.6553 3.9366 -16.8795 1.8597 36.9108 -8.1289 -1.9363
Car -1 -1 -6.4893 459.0427 171.7478 537.0009 201.9912 1.6930 1.7088 4.2164 -6.5477 1.6308 41.9352 -6.6437 -2.1962
