Car -1 -1 -7.8449 549.3381 184.9023 596.7783 227.5049 1.4434 1.6742 3.5140 -1.4271 1.9281 27.2512 -7.8974 2.4745
Car -1 -1 -7.8526 498.6072 184.6317 530.7001 214.7994 1.4733 1.6294 3.9341 -5.1759 2.1415 38.8990 -7.9846 1.8191
Car -1 -1 -3.7811 798.5751 189.6322 874.4351 221.4809 1.5164 1.5723 3.4681 11.5869 2.4087 37.0637 -3.4811 1.5354
Car -1 -1 -3.9608 913.7767 192.3060 995.9530 225.8110 1.6861 1.5749 4.2880 18.8935 2.7945 39.6021 -3.5193 0.8776
Car -1 -1 -4.6599 734.2161 173.3708 754.8979 193.1055 1.7335 1.6425 4.1521 12.2575 1.7818 65.7063 -4.4766 -1.1121
Car -1 -1 -7.7270 545.3347 182.4126 595.2490 223.3647 1.5517 1.6320 3.6323 -1.6387 1.9747 30.0831 -7.7816 -1.2633
Car -1 -1 -4.3615 813.6734 187.3154 873.4551 219.0515 1.5394 1.7067 4.3824 12.7355 2.3721 39.3069 -4.0511 -1.4329
Car -1 -1 -7.9829 344.9893 183.6136 414.5649 238.7860 1.6008 1.6865 4.0704 -7.7750 1.9912 23.9945 -8.2935 -1.4482
Pedestrian -1 -1 -7.5719 49.3205 184.8622 71.8338 227.9614 1.7425 0.5348 0.8165 -22.8156 2.2480 29.9151 -8.2194 -1.5696
Pedestrian -1 -1 -3.6578 1167.1058 173.5453 1192.6477 219.5066 1.8228 0.6775 0.5391 22.8546 1.8507 29.0016 -2.9958 -1.5932
Car -1 -1 -7.9322 917.3844 185.8245 963.7075 224.5637 1.5921 1.6136 3.7822 15.0467 2.2233 33.0804 -7.5093 -1.8562
Pedestrian -1 -1 -4.7030 650.8968 188.3081 661.2328 221.0268 1.2825 0.4076 0.4298 1.7906 1.9025 28.7285 -4.6421 -1.9393
Car -1 -1 -5.1883 831.6511 179.5050 878.8895 203.0435 1.6288 1.6938 3.8764 17.9715 2.1371 53.1283 -4.8642 -1.9838
Pedestrian -1 -1 -4.3059 1218.8651 147.4915 1241.0000 240.1813 1.8829 0.5141 0.4450 13.0179 1.3674 14.9865 -3.6007 -2.0559
Car -1 -1 -7.3035 1163.3235 196.1233 1241.0000 234.6062 1.4976 1.5993 3.6787 25.9052 2.5430 31.0705 -6.6139 -2.0915
Car -1 -1 -4.8839 749.8712 185.4316 776.4930 204.8251 1.5575 1.6360 3.6493 13.1471 2.6738 62.2019 -4.6771 -2.0933
Car -1 -1 -4.3172 200.0258 188.0958 266.8452 218.2226 1.4988 1.7446 4.4224 -21.0549 2.4015 40.4735 -4.7945 -2.1363
Pedestrian -1 -1 -5.0596 1022.4841 193.3032 1045.1707 241.9166 1.3791 0.4452 0.4303 12.2415 1.9792 20.9312 -4.5373 -2.1938
