Car -1 -1 -7.7249 508.5446 175.8382 552.6919 209.9724 1.4638 1.5827 3.3715 -3.6151 1.6068 32.9417 -7.8339 2.3621
Car -1 -1 -7.8580 565.5333 179.6602 618.5875 225.7581 1.3572 1.6016 3.4602 -0.6447 1.5953 23.5161 -7.8858 2.2509
Car -1 -1 -4.4234 310.8342 176.3147 366.3388 207.8417 1.5698 1.6433 4.1819 -14.4528 1.7646 38.5384 -4.7803 1.4778
Car -1 -1 -4.6556 611.1537 176.6247 630.6246 192.9452 1.4583 1.6009 3.9683 1.0229 1.8211 67.4504 -4.6408 -0.6693
Car -1 -1 -4.7734 379.3899 175.6681 404.2530 196.9149 1.5510 1.5944 3.7705 -16.7635 1.7742 55.2595 -5.0669 -1.0387
Pedestrian -1 -1 -3.8075 105.5735 170.5489 140.3722 217.9675 1.9009 0.6474 0.9909 -19.9444 1.8082 29.4957 -4.3980 -1.4221
Car -1 -1 -8.5492 865.2631 184.6877 935.1085 215.7518 1.4799 1.5441 3.4111 15.0375 2.1276 37.6535 -8.1726 -1.5696
Pedestrian -1 -1 -7.5901 0.0000 166.8123 17.3261 216.4949 1.8608 0.5986 0.7073 -23.1001 1.6342 27.4701 -8.2846 -1.5778
Pedestrian -1 -1 -5.9944 664.3659 166.4207 674.9402 189.5220 1.8342 0.6162 0.6968 4.7447 1.3231 57.7010 -5.9131 -1.9019
Pedestrian -1 -1 -6.0084 165.0868 175.7377 178.9955 196.3495 1.8147 0.5047 0.9535 -38.8665 2.0717 64.0005 -6.5525 -2.0028
Car -1 -1 -4.4775 711.7064 174.5116 738.6436 191.2312 1.4865 1.5810 3.9840 10.6571 1.6444 66.7180 -4.3201 -2.1890
