Car -1 -1 -7.8868 566.2183 182.9827 604.8915 217.7013 1.4587 1.6509 3.5718 -1.2138 1.9507 33.2280 -7.9237 2.1600
Car -1 -1 -7.7882 521.3540 181.4034 552.0729 206.9306 1.4618 1.6424 3.7768 -4.5158 2.0116 44.5169 -7.8892 0.8590
Car -1 -1 -4.7534 916.9894 187.9195 950.9565 217.8591 1.4738 1.5280 3.4479 17.5627 2.3334 39.2986 -4.3366 -0.7939
Pedestrian -1 -1 -8.2781 936.9213 168.3217 957.7304 208.7881 1.8884 0.6812 0.6452 15.8475 1.6766 33.9962 -7.8456 -1.4843
Car -1 -1 -7.2047 915.1532 183.2060 972.3025 208.2462 1.5254 1.5822 3.4826 21.5857 2.2174 46.7314 -6.7749 -1.5092
Cyclist -1 -1 -5.1027 1154.7300 168.0676 1188.8297 208.2236 1.7061 0.6061 1.5926 24.4659 1.5025 31.5043 -4.4472 -1.6272
Car -1 -1 -7.1788 0.0000 182.0076 67.1638 233.0521 1.4374 1.5761 3.7678 -19.4519 1.7518 22.9023 -7.8773 -1.8176
Car -1 -1 -4.6817 975.7711 177.1972 1018.9976 214.1766 1.5396 1.6216 3.9747 17.5363 1.7487 32.6678 -4.1933 -1.8383
Pedestrian -1 -1 -6.9100 991.9655 172.3015 1011.4108 208.1193 1.7964 0.7478 0.5264 19.8206 1.7684 36.5936 -6.4174 -2.0082
Car -1 -1 -8.1006 1158.9392 165.8888 1228.3580 201.6962 1.5491 1.6202 3.6415 26.7244 1.2475 33.2085 -7.4275 -2.0830
Car -1 -1 -4.5592 479.3722 176.5365 509.4493 199.8126 1.6590 1.6279 4.0520 -8.6538 1.9452 54.1012 -4.7175 -2.1086
