Car -1 -1 -7.8779 560.2609 181.3775 614.8180 228.7356 1.3941 1.6570 3.3819 -0.8295 1.6932 23.6029 -7.9134 2.4433
Car -1 -1 -7.7559 505.8329 179.7620 548.8479 214.1566 1.4815 1.6530 3.4867 -3.8318 1.8192 33.5411 -7.8693 2.3856
Car -1 -1 -4.3191 179.1482 179.2750 276.3460 230.6627 1.7172 1.6809 4.2343 -14.1175 1.9752 26.8391 -4.7996 1.8249
Car -1 -1 -7.5644 324.9618 185.1966 369.5515 210.6777 1.4218 1.5487 3.7402 -16.0071 2.2073 44.0237 -7.9116 0.5147
Car -1 -1 -4.0658 831.8618 182.3768 877.5701 200.6854 1.5546 1.6687 4.2843 22.0865 2.4391 65.1390 -3.7407 -0.3906
Car -1 -1 -6.3750 479.9771 175.9951 545.9868 202.5261 1.6358 1.6700 4.0382 -6.2430 1.8415 46.0544 -6.5094 -1.5098
Car -1 -1 -4.7959 140.4217 192.9539 166.6756 212.1153 1.5490 1.6665 4.0531 -41.0964 3.4156 64.8956 -5.3588 -1.6477
Pedestrian -1 -1 -2.6790 636.0123 172.6897 644.3539 193.1756 1.8555 0.5017 0.5983 2.7274 1.8403 65.7168 -2.6381 -1.9744
Pedestrian -1 -1 -7.6465 0.0000 169.8959 19.7518 230.5675 1.9595 0.6020 0.7201 -19.9595 1.8637 23.7625 -8.3397 -2.1466
Car -1 -1 -2.2902 83.3177 186.4818 195.6726 226.6415 1.4758 1.6058 3.8572 -18.7384 2.0421 28.6969 -2.8647 -2.1698
