Car -1 -1 -7.9027 565.9539 186.5855 605.7535 221.6257 1.4358 1.6260 3.7042 -1.1947 2.0996 32.9807 -7.9393 2.3212
Car -1 -1 -7.8334 522.1616 184.2066 550.6831 210.2484 1.4667 1.6687 3.9429 -4.5269 2.1977 44.4430 -7.9349 0.1512
Car -1 -1 -4.7838 623.4429 184.9800 653.1621 210.5103 1.5337 1.6449 4.2472 1.7885 2.3685 47.5393 -4.7471 -1.2501
Car -1 -1 -4.0274 4.6893 185.0627 137.8999 230.4976 1.4676 1.6897 4.1117 -19.6677 1.9516 26.5297 -4.6607 -1.7322
Car -1 -1 -8.0354 907.6490 171.5139 957.0267 205.0446 1.6195 1.6288 3.7670 16.3625 1.5545 36.8702 -7.6211 -1.9033
Car -1 -1 -4.3862 0.0000 194.4492 17.6525 238.1764 1.5145 1.6652 4.0614 -25.9334 2.4584 29.3530 -5.1055 -1.9269
Pedestrian -1 -1 -5.0528 0.0000 179.0796 23.0439 227.2034 1.7401 0.5714 0.7691 -22.2379 1.9735 26.6469 -5.7434 -1.9272
Car -1 -1 -4.4644 74.4848 189.6723 131.7472 221.6028 1.5423 1.6262 3.9019 -27.4852 2.5047 39.1894 -5.0730 -1.9816
Car -1 -1 -5.6833 1174.0282 164.6639 1241.0000 206.6101 1.6572 1.7323 4.1606 26.7560 1.3333 30.7396 -4.9721 -2.0017
Car -1 -1 -7.5499 555.6499 182.9752 609.7291 217.5738 1.5688 1.6319 3.8003 -1.3407 2.1017 35.9623 -7.5876 -2.0585
Car -1 -1 -4.5853 288.3055 185.4473 313.3470 204.0611 1.5578 1.6130 3.7569 -27.9061 2.7301 65.1561 -4.9888 -2.1009
Car -1 -1 -4.3843 304.2400 181.2313 346.4225 204.3560 1.5735 1.6322 4.0825 -20.7520 2.2089 52.6770 -4.7582 -2.1899
