Car -1 -1 -7.7879 498.0157 177.6595 537.5316 210.6553 1.4826 1.6616 3.4347 -4.4280 1.7252 34.6997 -7.9143 2.7560
Car -1 -1 -7.8377 550.8699 179.6602 603.1190 226.4122 1.4312 1.6374 3.5145 -1.1363 1.6778 24.3886 -7.8845 2.2088
Car -1 -1 -4.3312 196.4644 183.9339 273.6541 224.4693 1.5080 1.6291 3.4678 -15.3449 1.9904 29.6305 -4.8057 2.1347
Pedestrian -1 -1 -5.0328 678.3208 174.4973 688.0336 194.6109 1.8326 0.7509 0.5480 6.6857 1.9838 66.1486 -4.9330 0.0685
Car -1 -1 -4.5034 280.0112 179.1163 318.1851 204.1637 1.5937 1.5903 3.9672 -21.1161 2.0374 49.0602 -4.9082 -1.3775
Pedestrian -1 -1 -7.5845 454.9164 175.4061 470.2253 208.2931 1.7324 0.6452 0.6650 -7.8849 1.8692 38.4165 -7.7860 -1.4110
Pedestrian -1 -1 -6.0817 632.5330 172.2069 641.2470 194.2231 1.7934 0.6344 0.5999 2.1799 1.7404 59.1530 -6.0454 -1.4469
Car -1 -1 -4.8759 180.4222 177.9827 235.7048 216.4609 1.7087 1.6689 4.2083 -19.4620 1.9711 34.7861 -5.3830 -1.7922
Car -1 -1 -6.0776 799.3694 179.4545 864.5658 203.5881 1.5313 1.6470 3.9251 14.8343 1.9887 48.3594 -5.7821 -1.8501
Car -1 -1 -7.8709 898.9716 176.7070 935.7637 209.3759 1.6207 1.7145 4.0813 16.3181 1.8379 38.5295 -7.4735 -1.9202
Car -1 -1 -7.7779 444.7780 176.6953 480.3684 207.7178 1.6274 1.6604 3.8568 -8.2358 1.8528 40.3674 -7.9782 -1.9601
Car -1 -1 -5.0360 717.4279 177.5477 755.3903 200.0970 1.6202 1.6669 3.9220 9.5188 1.9896 54.7691 -4.8653 -2.0474
Car -1 -1 -7.7582 547.0783 176.9928 600.8730 221.4171 1.5389 1.6599 4.1001 -1.3420 1.7081 27.4698 -7.8072 -2.1653
