Car -1 -1 -7.8720 564.9980 179.8567 618.4830 226.0016 1.3559 1.6134 3.4037 -0.6789 1.6002 23.4667 -7.9013 2.5654
Car -1 -1 -7.7224 507.3645 176.9102 552.5496 210.7235 1.4503 1.6128 3.5461 -3.6664 1.6465 33.1678 -7.8322 2.3846
Car -1 -1 -4.4179 269.5656 176.7792 335.1706 214.7332 1.6424 1.6930 4.1212 -14.3567 1.8376 33.8035 -4.8170 1.7244
Car -1 -1 -4.5319 360.4156 177.9189 395.6130 201.0287 1.5272 1.6657 3.9610 -16.2695 1.8971 50.6625 -4.8414 0.2711
Pedestrian -1 -1 -7.1354 494.1033 171.3213 508.7408 197.9200 1.7676 0.5543 0.8432 -7.3220 1.6655 48.4543 -7.2850 -0.9536
Pedestrian -1 -1 -3.7958 62.8389 177.5083 97.3484 226.0386 1.7847 0.5077 0.9293 -19.9770 1.9629 27.1515 -4.4256 -1.0476
Car -1 -1 -4.7703 610.0914 174.3949 630.7998 191.5195 1.4940 1.6342 4.1203 0.8958 1.6379 65.4197 -4.7571 -1.4352
Car -1 -1 -4.7933 575.3350 175.6449 603.6190 198.0491 1.4544 1.6035 4.1123 -1.4783 1.6538 49.5027 -4.8234 -2.0242
Car -1 -1 -7.7108 507.4880 168.8258 531.8386 187.0683 1.6246 1.6593 4.0554 -8.2886 1.2656 66.3009 -7.8349 -2.1389
Car -1 -1 -4.2313 205.5240 179.3185 280.3548 212.7878 1.5246 1.6227 3.9933 -18.0746 1.8618 35.6525 -4.6978 -2.1914
