Car -1 -1 -7.8206 510.0559 178.9339 540.2344 205.0042 1.4227 1.6311 3.5215 -4.9433 1.7920 42.0476 -7.9373 2.1124
Car -1 -1 -7.8758 558.0638 180.3798 599.7343 217.1014 1.3996 1.6342 3.5890 -1.3856 1.7326 30.1036 -7.9220 2.0710
Car -1 -1 -3.9861 989.2954 193.8638 1138.1262 252.0069 1.4645 1.5309 3.6510 12.7219 2.0933 20.3445 -3.4345 1.9765
Car -1 -1 -4.2706 1159.8531 194.7723 1241.0000 250.6081 1.5287 1.6006 3.6333 18.9880 2.2544 22.4123 -3.5749 1.2687
Car -1 -1 -3.9348 1148.6089 177.4330 1238.5187 205.9933 1.5435 1.6429 3.9184 32.5824 1.8061 40.3774 -3.2597 -1.5676
Car -1 -1 -4.1147 130.5104 191.0031 198.6782 217.3377 1.4966 1.6698 4.1045 -28.3202 2.7053 45.9761 -4.6644 -1.7554
Cyclist -1 -1 -2.9535 874.8635 149.3583 911.4821 188.4582 1.9937 0.6604 1.6796 14.6797 0.7953 37.5153 -2.5833 -1.7642
Car -1 -1 -4.1214 0.0000 193.2058 74.7141 223.8836 1.5295 1.6509 4.1879 -32.6929 2.7458 40.9818 -4.7918 -2.0165
Pedestrian -1 -1 -6.4584 567.2062 167.0438 583.2788 194.9720 2.0113 0.4539 1.1013 -2.5510 1.5926 52.3072 -6.5072 -2.0831
Car -1 -1 -1.9981 0.0000 178.5624 51.0155 222.1231 1.5675 1.5954 3.6220 -23.5572 1.7994 27.8580 -2.6955 -2.1637
