Car -1 -1 -7.8726 584.0906 180.6627 616.6672 211.0772 1.4838 1.6331 3.5894 -0.5836 1.9141 37.9591 -7.8885 2.1035
Car -1 -1 -7.8030 531.7452 180.0318 560.3401 204.8040 1.4815 1.6357 3.7151 -4.0858 1.9589 46.1329 -7.8913 1.8255
Car -1 -1 -4.2770 239.4702 180.2356 305.8339 211.1810 1.3689 1.5033 3.5776 -16.1177 1.7405 34.5614 -4.7107 1.4336
Car -1 -1 -8.4827 788.8126 182.4955 842.5450 206.0612 1.5386 1.6405 3.9354 14.4438 2.2480 50.9825 -8.2087 -1.1740
Car -1 -1 -4.1332 168.1353 178.7469 250.4244 210.9862 1.4549 1.6446 3.9009 -19.5392 1.7593 35.3025 -4.6358 -1.5626
Car -1 -1 -4.7813 636.7778 180.4336 667.5180 206.8878 1.5768 1.6696 4.2592 2.6299 2.0861 46.3742 -4.7256 -1.6272
Car -1 -1 -4.2935 272.7642 179.9293 329.6061 205.1160 1.4930 1.7313 4.3157 -19.7068 1.9666 46.1623 -4.6952 -1.6903
Car -1 -1 -4.0940 120.0770 183.1451 195.3199 211.9488 1.4932 1.6177 3.9431 -25.5546 2.1046 40.8662 -4.6501 -1.7592
Car -1 -1 -4.6770 75.5647 184.4757 103.7149 205.6223 1.5408 1.6561 4.1501 -41.2087 2.4964 57.1618 -5.2996 -1.9959
Car -1 -1 -8.4746 837.4979 167.9410 887.3961 193.2118 1.8994 1.7166 3.9082 19.6310 1.5298 56.3493 -8.1413 -2.1859
