Car -1 -1 -7.4942 209.9805 185.0871 435.2471 321.8296 1.4999 1.6176 3.8681 -3.8192 1.7056 10.2034 -7.8447 2.6147
Car -1 -1 -7.7192 475.0028 181.1148 513.8283 209.8296 1.4812 1.6595 3.6098 -6.4109 1.9607 40.0913 -7.8772 2.4909
Car -1 -1 -4.4976 381.9063 179.2502 420.1477 205.0958 1.5987 1.6430 3.8152 -13.7547 2.0373 47.5567 -4.7781 1.1353
Car -1 -1 -7.8641 565.6037 179.9849 592.4550 204.7924 1.4328 1.5905 3.6044 -1.9695 1.8912 44.5751 -7.9085 1.0368
Pedestrian -1 -1 -5.9149 146.7046 177.1602 158.2633 215.8462 1.7939 0.4726 0.3068 -21.4575 1.9967 33.7779 -6.4775 -0.6465
Car -1 -1 -5.1008 713.0900 181.8856 749.0744 201.5639 1.4899 1.5468 3.7940 9.7497 2.2472 58.5062 -4.9370 -0.9327
Car -1 -1 -6.2225 366.5455 181.2619 429.6660 203.9248 1.4890 1.6132 4.0690 -14.5323 2.0806 49.5607 -6.5066 -1.1138
Car -1 -1 -5.3706 6.6695 185.1224 85.3910 214.9012 1.5139 1.5799 3.4256 -30.3901 2.1945 38.8552 -6.0312 -1.2682
Car -1 -1 -5.5277 717.5245 182.5030 781.0093 207.5682 1.5055 1.6362 4.0369 9.0028 2.1630 47.0789 -5.3404 -1.6622
Cyclist -1 -1 -7.8615 179.5408 179.1401 185.9583 206.9431 1.6840 0.3332 1.6172 -26.5855 2.0811 44.8342 -8.3944 -1.7848
Car -1 -1 -4.8254 741.2467 180.6051 771.0990 204.8716 1.5490 1.5709 3.7416 9.8991 2.0981 49.2196 -4.6286 -1.8098
Car -1 -1 -7.0972 0.0000 188.2222 104.5512 237.6172 1.4616 1.6766 4.0817 -19.7827 2.0337 24.7676 -7.7661 -1.8298
Car -1 -1 -7.5172 225.5869 180.8950 282.9757 210.1979 1.5706 1.6730 4.2888 -20.7152 2.0646 42.1243 -7.9720 -2.0197
Car -1 -1 -6.8720 735.7038 179.2688 795.8951 201.2875 1.5507 1.6573 4.1157 11.4654 2.0373 53.2378 -6.6615 -2.0682
