Car -1 -1 -7.5728 346.3864 182.6422 482.6020 270.6809 1.5025 1.6508 3.7838 -3.8475 1.7269 14.6538 -7.8259 2.5093
Car -1 -1 -7.7502 441.3716 178.7010 481.9757 211.8528 1.4847 1.5655 3.4252 -7.1289 1.7802 34.7233 -7.9516 2.3240
Car -1 -1 -4.0708 0.0000 184.9841 98.1978 245.8547 1.4210 1.6198 4.0522 -16.2244 1.7869 19.7214 -4.7527 1.3930
Car -1 -1 -4.4737 336.3271 176.2553 376.8225 199.5873 1.5467 1.6992 4.3603 -17.7891 1.7962 50.7393 -4.8095 0.5176
Car -1 -1 -7.8573 540.2458 179.1763 566.1937 202.6107 1.4460 1.6355 3.6856 -3.7751 1.8781 47.4525 -7.9367 0.3487
Car -1 -1 -2.7355 756.3461 182.5053 869.4928 220.8992 1.5482 1.7325 4.5517 8.9680 2.0072 32.2467 -2.4672 -1.1310
Car -1 -1 -4.8409 136.8923 183.8291 174.2354 208.0191 1.4770 1.6093 3.9642 -30.2586 2.2371 47.9495 -5.4015 -1.1496
Car -1 -1 -4.7404 751.8673 183.5168 781.7950 211.0275 1.5283 1.6486 4.0648 9.4612 2.2084 43.8959 -4.5301 -1.4202
Car -1 -1 -3.5462 6.3497 177.2574 109.3484 208.3548 1.5660 1.6699 4.1151 -29.9060 1.8181 39.1588 -4.1953 -1.8485
Car -1 -1 -4.1027 223.9619 175.0524 282.9288 200.4909 1.6579 1.6418 3.9723 -24.4045 1.8147 49.4731 -4.5590 -2.0950
Car -1 -1 -4.5401 473.7036 175.9336 499.8630 195.2235 1.6541 1.6251 4.1301 -11.0168 1.9383 64.5988 -4.7087 -2.1094
Cyclist -1 -1 -8.8247 1148.3083 182.5418 1241.0000 274.1705 1.6548 0.4205 1.6503 11.4234 1.8547 14.0610 -8.1534 -2.1231
