Car -1 -1 -7.3114 43.1763 182.9549 301.3402 302.9615 1.4350 1.5708 3.6657 -6.2789 1.6117 10.7923 -7.8281 2.9042
Car -1 -1 -7.7113 495.2170 178.6357 556.4563 224.8003 1.4877 1.6375 3.7739 -2.9582 1.7082 25.6400 -7.8256 2.6156
Pedestrian -1 -1 -4.8135 1042.1565 177.5327 1066.7905 235.2729 1.6064 0.5358 0.5747 12.5776 1.7415 20.5089 -4.2704 -0.8483
Car -1 -1 -7.9583 711.4800 178.7087 757.8280 215.3714 1.5228 1.6515 3.8036 5.5169 1.8023 32.5405 -7.7924 -0.9764
Car -1 -1 -7.7896 492.0152 178.1081 520.7126 201.8692 1.4196 1.5723 3.6653 -6.5793 1.7667 45.8302 -7.9318 -1.1857
Car -1 -1 -7.8540 555.7773 176.4973 577.5649 197.3425 1.4913 1.5781 3.8398 -3.2898 1.7749 54.2701 -7.9147 -1.2538
Car -1 -1 -6.8735 90.5185 184.0506 286.7314 256.8323 1.4478 1.5900 3.7311 -9.8014 1.7427 17.0003 -7.3901 -1.3995
Car -1 -1 -4.7362 981.3302 184.1040 1010.3929 208.2301 1.4906 1.6170 3.9375 25.9589 2.2825 48.6822 -4.2494 -1.8380
Car -1 -1 -4.8503 1094.4425 185.6254 1148.5488 219.8668 1.4885 1.5947 3.9051 24.7167 2.1455 35.0351 -4.2404 -1.8428
Car -1 -1 -5.9891 175.8037 187.2173 235.2669 205.0567 1.5316 1.6866 4.3963 -36.5851 2.8573 65.3206 -6.4981 -1.8764
Car -1 -1 -4.8062 1064.4554 182.1457 1101.6974 208.7894 1.5033 1.5520 3.5894 28.7770 2.0950 44.0213 -4.2308 -2.0442
Car -1 -1 -4.7601 968.9639 181.6120 1003.1113 208.4968 1.5241 1.6517 4.2324 23.1818 2.0933 44.6511 -4.2845 -2.0673
Car -1 -1 -5.6282 1168.8323 180.2508 1241.0000 206.4766 1.5288 1.6297 4.0339 37.7713 2.0161 45.4199 -4.9381 -2.1867
