Car -1 -1 -7.9013 587.4113 176.5579 619.2338 203.4512 1.4466 1.6331 3.7556 -0.4591 1.6679 41.2630 -7.9129 2.0531
Car -1 -1 -7.8188 520.7486 175.5085 549.1833 200.7496 1.4790 1.6201 3.6600 -4.6312 1.6495 44.5547 -7.9222 1.7997
Car -1 -1 -7.1771 0.0000 201.5191 261.0659 374.0000 1.4288 1.5339 3.5996 -3.5721 1.6578 3.9544 -7.8790 1.1029
Car -1 -1 -5.2193 982.0651 172.9445 1060.2629 207.7849 1.5504 1.5703 3.7221 19.2224 1.5546 33.9827 -4.7086 -1.1653
Car -1 -1 -4.4086 0.0000 175.6397 42.4483 213.0658 1.5143 1.6052 3.9934 -26.6225 1.6445 31.6656 -5.1036 -1.4516
Pedestrian -1 -1 -7.2821 1025.9761 179.7444 1058.4398 231.5354 1.7362 0.7113 0.6641 14.7921 1.9770 24.7791 -6.7498 -1.6190
Car -1 -1 -4.8140 145.2369 176.9088 177.7800 199.5046 1.5600 1.6214 4.0193 -32.7812 1.8673 52.6506 -5.3688 -1.6862
Car -1 -1 -6.9905 928.9342 172.2550 1023.2234 204.0478 1.5244 1.6482 4.1026 18.1489 1.4954 35.8902 -6.5260 -1.8753
Car -1 -1 -7.7901 1088.2433 172.2618 1135.6191 206.6200 1.5193 1.6072 3.7565 23.5577 1.4928 33.8782 -7.1869 -2.0378
Car -1 -1 -4.8909 221.8454 176.2670 249.8392 193.5636 1.5012 1.5932 3.8759 -33.9788 1.8200 65.4438 -5.3684 -2.1468
Car -1 -1 -4.8018 358.5148 176.3097 385.1698 196.6888 1.4776 1.5963 3.8303 -18.2405 1.7512 55.0954 -5.1204 -2.1474
