Car -1 -1 -7.4258 127.0456 181.3101 417.3716 343.9084 1.4795 1.6084 3.8606 -3.7577 1.6043 8.7233 -7.8223 2.9231
Car -1 -1 -7.7614 486.9868 176.3250 520.8340 203.9809 1.5023 1.5956 3.6674 -6.1004 1.7108 41.5385 -7.9067 1.8710
Car -1 -1 -7.9259 569.7170 175.6715 600.4914 202.7633 1.5511 1.6035 3.4114 -1.5696 1.7275 43.4644 -7.9623 0.6462
Car -1 -1 -4.4103 428.9047 174.4810 462.0227 193.5531 1.5575 1.6304 3.9903 -13.9656 1.7002 61.3284 -4.6336 -0.6970
Car -1 -1 -4.6381 721.0410 180.2445 744.8551 199.0874 1.4720 1.6637 4.2002 10.2900 2.1128 60.3589 -4.4705 -1.6260
Car -1 -1 -4.0299 0.0000 179.6791 81.8615 228.1460 1.4389 1.5474 3.6523 -19.5493 1.6806 23.7622 -4.7129 -1.8658
Car -1 -1 -4.3581 728.5569 180.7999 769.2966 202.6357 1.4958 1.6272 4.1210 10.2516 2.1054 53.2005 -4.1693 -1.8722
Pedestrian -1 -1 -3.1905 592.0379 166.4956 605.9180 190.8639 1.9901 0.4608 1.1168 -0.9321 1.4705 59.1914 -3.2065 -2.0778
Pedestrian -1 -1 -8.1543 255.8524 168.2963 268.4640 194.4372 1.8632 0.6045 0.8144 -25.0667 1.5380 51.9317 -8.6022 -2.1062
Car -1 -1 -6.5502 0.0000 175.8713 82.1352 202.5832 1.5177 1.6172 4.1929 -34.7505 1.7091 43.6549 -7.2197 -2.1681
