Car -1 -1 -7.9051 584.1124 176.4483 618.7731 206.2339 1.4838 1.6455 3.5370 -0.5330 1.6829 38.2017 -7.9195 2.0261
Car -1 -1 -4.1654 94.6016 180.0160 204.6570 223.2560 1.3662 1.5816 3.6088 -15.9955 1.6342 25.2134 -4.7262 1.6951
Car -1 -1 -7.7836 532.6531 176.0134 561.5170 200.0530 1.4574 1.5815 3.7165 -4.0168 1.6672 46.1056 -7.8704 0.9227
Car -1 -1 -7.4938 462.3894 170.8156 512.1937 202.5397 1.7008 1.6189 3.5319 -6.8829 1.5912 40.5723 -7.6612 -1.1411
Car -1 -1 -7.5412 577.7982 176.7282 625.0835 204.3192 1.4709 1.6185 3.7472 -0.4734 1.7019 41.0637 -7.5531 -1.6010
Car -1 -1 -4.4451 8.0267 182.5272 59.4796 206.7507 1.5204 1.6614 4.3309 -39.4461 2.2141 49.4552 -5.1159 -1.6182
Car -1 -1 -8.4243 808.4835 179.7504 867.8131 205.2957 1.5368 1.6885 4.1431 14.7006 2.0053 46.8285 -8.1224 -1.6758
Pedestrian -1 -1 -4.2557 1007.6271 173.1272 1029.3367 211.1615 1.8062 0.6906 0.6604 19.6271 1.8193 34.7440 -3.7456 -1.9480
Pedestrian -1 -1 -6.0046 805.2679 179.3188 819.0782 203.9470 1.7774 0.5305 0.8604 14.7537 2.2539 52.7615 -5.7339 -2.0848
Car -1 -1 -4.2057 148.3666 178.0082 235.0220 212.4319 1.4755 1.6577 4.1966 -19.4344 1.7308 33.6692 -4.7260 -2.1256
Car -1 -1 -5.0628 803.2544 184.2147 844.5778 207.3106 1.4836 1.5784 3.6534 14.7617 2.3012 50.0688 -4.7782 -2.1503
Car -1 -1 -3.9943 0.0000 177.0057 40.2013 231.6119 1.4457 1.6402 4.0445 -19.3827 1.5804 21.4421 -4.7232 -2.1598
