Car -1 -1 -7.7707 524.6104 177.9559 555.6510 203.2567 1.5007 1.6439 3.6952 -4.3911 1.8345 45.4040 -7.8670 1.9779
Car -1 -1 -7.9015 583.5782 178.3007 615.9003 207.8925 1.5290 1.6057 3.4929 -0.6409 1.8422 39.7373 -7.9181 1.9521
Pedestrian -1 -1 -6.5083 112.6750 168.0246 153.1128 260.8757 1.7859 0.6412 0.5417 -9.5069 1.6927 14.2955 -7.0868 -1.4663
Car -1 -1 -5.0483 290.4825 176.6037 334.4446 198.8567 1.5142 1.6462 4.1560 -21.4641 1.7945 51.9030 -5.4389 -1.5960
Car -1 -1 -7.3726 111.6834 175.1961 274.5284 257.2484 1.5927 1.6289 3.5227 -9.0330 1.6498 15.8915 -7.8826 -1.6387
Cyclist -1 -1 -8.5999 958.4568 160.9503 990.1281 196.6524 1.7922 0.4051 1.6953 18.6703 1.1943 37.0907 -8.1370 -1.7258
Car -1 -1 -4.5075 785.8673 179.9202 824.1445 206.1526 1.5247 1.6024 3.6607 12.1633 1.9847 45.0085 -4.2457 -1.7308
Car -1 -1 -4.4412 906.6494 183.9797 964.3464 216.8041 1.5176 1.6405 4.2060 16.6749 2.1201 36.9541 -4.0208 -2.0270
Car -1 -1 -7.3399 111.2145 181.9888 202.7400 218.7293 1.4316 1.5816 3.9758 -19.4645 1.8510 31.1366 -7.8950 -2.0736
Car -1 -1 -8.5246 842.1469 182.1150 909.7725 210.7547 1.5087 1.6125 3.8067 15.1516 2.0662 41.4028 -8.1766 -2.0895
Car -1 -1 -3.1556 934.3048 190.3509 1046.6295 229.8277 1.4673 1.6193 4.0143 15.6193 2.2308 29.8764 -2.6786 -2.1372
