Car -1 -1 -7.8539 587.1524 177.0346 618.8728 207.3280 1.5259 1.6201 3.6023 -0.4165 1.7600 38.6541 -7.8651 2.1962
Car -1 -1 -7.8466 531.6689 177.2592 558.7411 202.5029 1.5165 1.6473 3.6906 -4.1445 1.8082 45.9178 -7.9365 1.1448
Car -1 -1 -5.1424 822.9965 172.0731 867.2800 194.8854 1.7259 1.6801 4.2570 18.4216 1.6665 56.8019 -4.8307 -0.3570
Car -1 -1 -7.7362 450.9082 170.1053 491.8513 208.4749 1.8408 1.6143 3.6459 -6.9974 1.7086 36.4918 -7.9248 -1.2448
Pedestrian -1 -1 -6.0594 330.8495 173.0321 352.4489 216.0155 1.6824 0.5702 0.6922 -10.6663 1.6892 28.5723 -6.4140 -1.4863
Car -1 -1 -8.6428 831.2593 182.8885 899.3928 211.4192 1.5217 1.5892 3.6645 14.7231 2.1317 41.8834 -8.3075 -1.6536
Car -1 -1 -6.8815 873.1880 172.8879 942.5128 196.3366 1.5717 1.6442 4.2149 20.4294 1.5738 49.6096 -6.4933 -1.6613
Car -1 -1 -7.2306 0.0000 179.8765 93.6898 230.0071 1.4533 1.6948 4.2766 -19.3033 1.7050 23.7104 -7.9085 -1.8630
Car -1 -1 -4.6559 21.4721 183.7459 54.7372 207.1635 1.5548 1.6452 4.0556 -41.2152 2.3720 52.0232 -5.3236 -1.8675
Car -1 -1 -4.7098 192.2245 179.5122 213.7851 197.8222 1.5191 1.6102 4.1339 -35.9156 2.1265 63.6570 -5.2219 -2.0987
Car -1 -1 -4.2651 13.7954 180.3817 105.3186 216.1823 1.5069 1.6591 4.3467 -25.5521 1.8814 33.6307 -4.9112 -2.1259
