Car -1 -1 -7.6395 379.4948 185.4772 447.9762 231.0450 1.4263 1.6219 3.3930 -6.8403 1.8985 25.2779 -7.9017 2.5360
Car -1 -1 -7.6757 435.7373 183.6906 522.7115 247.2917 1.4956 1.6530 3.8018 -3.4737 1.8170 19.5196 -7.8502 2.4955
Car -1 -1 -7.8663 537.8287 182.8346 561.4477 205.6008 1.4836 1.5876 3.4329 -4.2684 2.2048 50.3715 -7.9509 0.0148
Car -1 -1 -4.5792 689.9516 181.8940 736.7505 218.0454 1.5911 1.7038 4.3943 5.0731 2.0621 35.2743 -4.4382 -1.4750
Car -1 -1 -7.9430 752.1206 175.8276 779.3466 198.3851 1.6437 1.6638 4.1562 11.8687 1.8803 55.3102 -7.7331 -1.5014
Pedestrian -1 -1 -8.2923 385.9532 169.6622 408.7551 213.4851 1.9750 0.6849 0.9020 -9.7934 1.8308 33.0820 -8.5784 -1.9340
Car -1 -1 -6.8222 0.0000 182.7907 113.7338 226.2215 1.5444 1.6698 4.1484 -22.5848 1.9731 28.9168 -7.4809 -1.9559
Car -1 -1 -4.9647 726.9680 183.0376 770.8950 209.9399 1.4927 1.6556 3.9569 8.3012 2.1364 43.6004 -4.7784 -2.1476
Car -1 -1 -7.4363 258.7541 178.4638 312.9757 204.2285 1.6303 1.6749 4.4674 -21.8995 2.0273 48.8642 -7.8559 -2.1950
Pedestrian -1 -1 -2.8796 304.2079 173.0085 315.6196 196.7913 1.9414 0.5546 0.7468 -24.6566 1.9539 59.2288 -3.2727 -2.1964
