Car -1 -1 -7.3747 132.2642 181.8700 337.8842 281.4556 1.4201 1.5733 3.7168 -6.2893 1.5995 12.5035 -7.8327 2.9271
Car -1 -1 -7.7202 490.9928 175.9143 554.0231 223.7751 1.5115 1.6713 3.7429 -2.9866 1.6249 24.9121 -7.8388 2.3437
Car -1 -1 -7.8415 554.6223 173.7199 577.7704 194.2130 1.4707 1.6653 4.1101 -3.2858 1.5378 54.0510 -7.9023 -0.3906
Car -1 -1 -7.9194 508.6629 167.8970 535.4888 191.9936 1.7254 1.7114 4.2076 -6.6316 1.3702 53.8906 -8.0416 -1.0179
Pedestrian -1 -1 -4.5418 704.8610 176.9616 719.0206 210.7087 1.5761 0.5795 0.5518 4.7830 1.7721 34.1342 -4.4044 -1.0603
Cyclist -1 -1 -4.2038 293.2748 177.3170 336.1678 233.8513 1.5905 0.5488 1.4004 -8.6819 1.7255 21.1427 -4.5895 -1.4862
Car -1 -1 -4.5760 677.9064 175.1042 707.8512 198.6428 1.5600 1.5597 3.9373 5.7843 1.7232 50.3212 -4.4626 -1.6887
Car -1 -1 -6.8159 902.1829 178.8918 974.2701 203.1836 1.5246 1.6297 3.9845 21.2372 1.9247 46.8244 -6.3929 -1.7113
Pedestrian -1 -1 -3.1630 984.8376 175.6778 1001.2567 224.7879 1.5945 0.4916 0.4638 12.5763 1.6885 23.7864 -2.6823 -1.7576
Car -1 -1 -5.1093 1117.1165 182.4006 1174.5826 207.1365 1.4401 1.5973 3.6736 33.6791 2.0679 45.5021 -4.4757 -1.9629
Car -1 -1 -4.5727 0.0000 182.7466 49.6553 217.4322 1.5579 1.7165 4.4204 -29.4657 2.0842 36.0763 -5.2541 -2.1780
