Car -1 -1 -7.5760 352.3748 182.7805 484.6792 268.9781 1.5149 1.6559 3.7977 -3.8740 1.7481 15.0463 -7.8246 2.4601
Car -1 -1 -7.6885 434.0985 180.4419 480.1993 213.6227 1.4493 1.5524 3.6780 -7.2352 1.8288 34.2411 -7.8956 2.0439
Car -1 -1 -7.8977 537.2415 179.5934 564.6334 203.4068 1.4732 1.6343 3.8272 -3.9776 1.9379 47.7733 -7.9808 1.0997
Car -1 -1 -4.4219 318.1264 177.1999 364.6295 201.5707 1.4993 1.7153 4.2214 -17.5803 1.7970 47.3195 -4.7760 0.3973
Car -1 -1 -8.3847 605.7578 175.7649 654.5923 199.9026 1.7316 1.7157 4.3660 1.4486 1.9611 54.6480 -8.3588 -1.6354
Car -1 -1 -4.8895 745.6940 186.3998 782.8365 213.1852 1.4854 1.5695 3.6380 9.2642 2.3405 43.7185 -4.6827 -1.7034
Car -1 -1 -4.7218 625.5911 179.8373 650.8874 203.9249 1.5108 1.6286 4.1226 1.8425 2.0005 48.5472 -4.6846 -1.8246
Car -1 -1 -4.2552 0.0000 184.4717 57.8317 248.8900 1.4187 1.6400 3.9887 -16.3650 1.7555 18.7971 -4.9646 -1.8511
Car -1 -1 -4.6395 622.7937 178.8160 654.9001 206.0365 1.5739 1.6923 4.3325 1.8082 1.9636 44.9509 -4.6001 -2.0506
Car -1 -1 -6.7182 797.7567 185.4778 884.4181 216.4903 1.4770 1.6155 3.8236 11.5416 2.1295 36.2658 -6.4131 -2.1033
Car -1 -1 -4.4708 644.1339 179.0918 677.3595 200.9588 1.5604 1.5975 4.0798 3.8733 2.0539 54.9230 -4.4012 -2.1600
