Car -1 -1 -7.5262 270.5411 184.2347 455.7727 298.9714 1.4978 1.6384 3.8563 -3.8284 1.7134 11.7475 -7.8355 2.7581
Car -1 -1 -7.7192 465.9874 181.7797 506.6396 212.3849 1.5173 1.6875 3.4930 -6.6022 2.0162 38.5808 -7.8880 2.6850
Car -1 -1 -4.3667 289.9981 180.7711 357.7460 217.1146 1.5695 1.7200 3.9656 -13.4456 1.9647 34.0394 -4.7406 1.5727
Car -1 -1 -7.8044 558.3232 179.1586 587.1070 204.4641 1.5027 1.6377 3.7577 -2.3565 1.9179 45.6654 -7.8561 1.3024
Pedestrian -1 -1 -4.7491 42.9268 185.0852 60.1847 229.9339 1.6769 0.5016 0.6161 -21.4018 2.1511 27.5925 -5.4043 -0.5653
Car -1 -1 -3.8373 759.1820 180.1205 830.3987 206.6585 1.5238 1.6485 4.1038 11.2289 1.9826 43.9546 -3.5893 -1.2779
Pedestrian -1 -1 -6.1512 109.1660 179.1530 124.0231 214.5829 1.8490 0.7607 0.5542 -26.2145 2.1870 38.2854 -6.7485 -1.4061
Car -1 -1 -6.3483 675.5045 183.8413 763.5976 217.6639 1.4898 1.6014 3.9232 4.9648 2.0120 33.3593 -6.2025 -1.8700
Car -1 -1 -3.8197 112.7995 184.4312 186.9610 209.5740 1.5433 1.6568 4.0589 -30.8701 2.3561 48.4912 -4.3843 -1.9330
Car -1 -1 -4.8767 726.3372 180.9206 756.1126 203.1721 1.5166 1.5374 3.6492 9.4514 2.1220 52.3426 -4.6996 -1.9577
Car -1 -1 -3.6550 888.4907 175.6723 998.9189 210.6718 1.5467 1.6933 4.3246 15.2079 1.6796 33.0820 -3.2280 -1.9811
Pedestrian -1 -1 -7.8696 975.6929 176.1773 993.8029 216.2732 1.7714 0.7074 0.6735 16.7850 1.9224 32.4104 -7.3960 -1.9936
Car -1 -1 -4.7795 158.5390 190.3186 182.4426 208.0897 1.5108 1.6497 4.0384 -41.2459 3.1994 67.6468 -5.3256 -2.0550
