Car -1 -1 -7.4756 190.2011 184.6154 430.0626 327.7972 1.5049 1.6367 3.8000 -3.8196 1.6957 9.8103 -7.8386 2.6656
Car -1 -1 -7.7804 478.6805 180.4539 512.1655 208.6564 1.4695 1.5918 3.6497 -6.4244 1.9156 40.4970 -7.9371 2.3146
Car -1 -1 -7.8851 566.3876 179.2480 594.7866 204.7067 1.4669 1.6247 3.6216 -1.8785 1.8764 44.3783 -7.9277 1.1832
Car -1 -1 -4.5430 396.4061 179.0252 428.7224 202.5839 1.5680 1.5990 3.6935 -13.9272 2.0197 50.9407 -4.8089 0.5320
Car -1 -1 -5.1422 707.1723 181.3074 743.0043 200.5338 1.5058 1.5342 3.7267 9.5490 2.2351 60.2729 -4.9863 -0.9164
Car -1 -1 -4.6035 736.0664 179.3804 764.9423 201.6808 1.5212 1.6289 4.2695 10.2945 2.0194 52.8346 -4.4126 -0.9357
Car -1 -1 -4.4630 700.4551 182.3254 744.7595 210.0628 1.4762 1.6031 4.0779 6.5797 2.0571 42.0860 -4.3095 -0.9873
Pedestrian -1 -1 -5.7029 163.4110 179.8965 179.2694 216.1792 1.7603 0.5168 0.4555 -21.5450 2.1079 35.3766 -6.2468 -1.5428
Pedestrian -1 -1 -7.6072 904.3009 163.4131 924.6005 209.8788 1.8165 0.6459 0.4768 12.0193 1.4471 28.5913 -7.2134 -1.8187
Car -1 -1 -4.3654 768.2430 178.6764 808.0230 201.3140 1.5640 1.6016 3.9328 13.0878 2.0082 53.0005 -4.1250 -1.8247
Car -1 -1 -4.7080 415.5574 177.7355 433.8645 195.4422 1.5506 1.5859 3.8672 -17.0610 2.0135 66.3970 -4.9588 -1.9438
Car -1 -1 -5.5690 0.0000 186.4055 28.0037 237.2404 1.4736 1.6147 3.9979 -20.6592 1.9072 22.2403 -6.3116 -2.1269
