Car -1 -1 -7.5849 358.2885 186.5425 441.3571 236.4972 1.4119 1.6265 3.7398 -6.7268 1.8892 23.2994 -7.8635 2.6720
Car -1 -1 -7.6725 444.5555 186.0319 528.9900 247.2728 1.4948 1.6807 3.7616 -3.4112 1.9003 20.3217 -7.8374 2.6149
Car -1 -1 -7.8111 539.7883 183.5915 564.9454 205.8425 1.4610 1.6203 3.6988 -4.0771 2.2485 51.0655 -7.8909 -0.7713
Pedestrian -1 -1 -4.4412 352.5681 163.6012 378.7243 218.1247 2.0768 0.6998 1.0751 -9.5305 1.7240 28.0387 -4.7663 -1.4460
Car -1 -1 -4.5684 708.9830 185.2266 759.9247 225.2430 1.5155 1.6010 3.9297 5.3180 2.0788 30.7510 -4.3995 -1.5594
Pedestrian -1 -1 -4.0349 676.0932 177.6431 705.9459 231.3924 1.7817 0.6579 0.7921 2.7073 1.9476 24.5220 -3.9271 -1.6556
Car -1 -1 -4.9740 433.2164 179.1379 475.2748 207.2349 1.6437 1.6095 3.9488 -9.8501 2.0562 45.2835 -5.1873 -1.6686
Car -1 -1 -7.4995 789.4159 172.9560 834.1979 197.4738 1.6100 1.6500 4.0944 13.8609 1.6170 49.5415 -7.2287 -1.8429
Car -1 -1 -5.0376 715.3829 184.6998 765.0087 214.5670 1.5002 1.6098 3.5764 7.0560 2.1815 39.6283 -4.8633 -1.9305
Car -1 -1 -8.3640 712.1552 184.4926 772.2939 213.2776 1.5160 1.6765 4.0169 7.5794 2.2271 41.9291 -8.1870 -1.9518
