Car -1 -1 -7.8957 585.3840 178.8845 617.8937 206.4050 1.4450 1.6694 3.4287 -0.5433 1.7971 40.4129 -7.9096 1.3739
Car -1 -1 -7.8027 522.4133 176.6867 551.2590 201.6837 1.4756 1.6049 3.7458 -4.5686 1.7250 45.0905 -7.9035 1.0253
Car -1 -1 -6.8742 0.0000 209.9473 152.4243 374.0000 1.4730 1.6195 3.8489 -3.6566 1.6959 2.3870 -7.8152 -0.2084
Pedestrian -1 -1 -5.8969 871.8307 169.2822 884.4798 196.8976 1.8037 0.7427 0.5438 17.6523 1.5701 47.5849 -5.5441 -0.8924
Pedestrian -1 -1 -9.2477 1147.9707 163.0229 1177.5264 217.6648 1.7803 0.6305 0.6829 18.3166 1.4597 23.9729 -8.6016 -1.6381
Pedestrian -1 -1 -5.9813 1034.1564 160.7202 1058.8433 203.6816 1.8155 0.7716 0.7137 18.7188 1.3024 31.0140 -5.4428 -1.9869
Car -1 -1 -4.8002 180.4586 177.4752 208.5784 198.0638 1.6063 1.6542 4.1359 -34.2759 2.0006 59.4382 -5.3215 -2.0072
Car -1 -1 -4.5249 489.3807 175.7032 519.9966 196.4512 1.5414 1.6158 4.1653 -8.2015 1.7717 56.2992 -4.6692 -2.0357
Car -1 -1 -4.6960 0.0000 197.9758 568.7756 374.0000 1.5050 1.6330 4.0126 -1.8783 1.6747 2.7424 -5.2544 -2.0728
Car -1 -1 -2.4457 0.0000 180.5390 35.6780 229.0758 1.4450 1.5999 4.0170 -20.7430 1.6952 22.6393 -3.1816 -2.0853
Car -1 -1 -3.6547 11.7563 180.1201 96.3286 205.9296 1.5134 1.6065 3.9592 -35.1195 1.9944 45.6489 -4.3078 -2.1628
Car -1 -1 -4.3474 235.8302 175.9688 285.4328 199.9242 1.5296 1.6292 4.1738 -23.5765 1.7491 48.7773 -4.7957 -2.1810
Car -1 -1 -4.5587 492.4916 176.2778 524.6243 199.2067 1.5156 1.6272 3.9851 -7.0585 1.7634 50.2957 -4.6978 -2.1931
