Car -1 -1 -7.8546 583.9645 179.1516 614.2220 206.3287 1.4131 1.6078 3.4797 -0.6480 1.7779 40.0830 -7.8712 1.7807
Car -1 -1 -7.8101 523.9907 177.1283 551.8682 201.5794 1.4484 1.5816 3.7310 -4.5238 1.7278 45.3135 -7.9095 1.1016
Car -1 -1 -4.4091 319.9596 176.0176 359.3186 197.8522 1.4807 1.5695 3.7661 -19.2421 1.7143 51.4111 -4.7658 -1.3449
Car -1 -1 -3.0607 852.2029 180.8994 924.2208 210.8347 1.4809 1.5678 3.4206 14.5786 1.9195 37.9143 -2.6967 -1.6553
Car -1 -1 -7.9243 895.6100 174.1131 931.9265 202.8077 1.4923 1.5712 3.5972 16.6056 1.5646 39.6501 -7.5307 -1.9131
Pedestrian -1 -1 -5.2405 1129.6653 166.8486 1163.1633 224.0508 1.7231 0.5915 0.6135 16.3513 1.5419 22.0703 -4.6097 -1.9378
Cyclist -1 -1 -8.7160 1147.8652 154.2771 1216.6110 215.2070 1.8492 0.6316 1.6914 17.9900 1.2851 22.7905 -8.0544 -1.9601
Pedestrian -1 -1 -4.3963 987.6752 172.0377 1008.2761 210.9985 1.8254 0.6048 0.9412 18.4309 1.7869 34.3507 -3.9078 -2.0033
Car -1 -1 -4.6687 1020.7983 175.9748 1058.9924 206.6731 1.5239 1.5940 3.6313 22.7331 1.6972 38.1723 -4.1353 -2.0286
Car -1 -1 -6.6864 843.9032 169.1182 922.9586 195.4904 1.5597 1.6557 4.1492 16.4445 1.3385 43.5941 -6.3283 -2.1119
Car -1 -1 -4.5649 489.9507 175.7486 520.5493 196.7965 1.4872 1.6481 4.2399 -7.7790 1.7108 53.6901 -4.7084 -2.1444
Car -1 -1 -4.6883 27.4663 179.7433 57.6587 202.3456 1.5382 1.6224 3.9373 -41.2167 2.0582 52.4266 -5.3522 -2.1952
