Car -1 -1 -7.4639 256.8078 181.2018 392.1312 252.6854 1.4126 1.5865 3.6486 -6.4249 1.6249 16.5318 -7.8297 2.5386
Car -1 -1 -7.6938 474.1804 178.6616 544.7734 228.6992 1.4435 1.6572 3.7720 -3.1839 1.6450 23.1636 -7.8295 2.4762
Car -1 -1 -7.8295 519.9485 171.7400 540.0566 190.0779 1.5203 1.6186 3.9449 -6.8539 1.4277 61.8543 -7.9397 -0.4783
Car -1 -1 -7.8618 547.3717 173.1327 571.3418 195.3857 1.5666 1.6875 4.3037 -3.7732 1.5876 53.0629 -7.9328 -0.4826
Car -1 -1 -4.8861 772.4039 175.6861 804.5867 197.1957 1.6002 1.7127 4.3043 13.8913 1.8302 56.4637 -4.6465 -1.3602
Cyclist -1 -1 -4.9598 678.0778 175.8833 693.6041 204.3718 1.6314 0.5568 1.4724 4.3972 1.8117 42.2502 -4.8573 -1.3903
Pedestrian -1 -1 -3.3731 824.9670 162.6015 875.7695 289.0210 1.7945 0.6571 0.5637 3.4601 1.6486 10.5907 -3.0666 -1.8004
Car -1 -1 -4.7316 772.6191 180.5913 801.0003 206.7539 1.5049 1.6224 4.1576 10.9521 2.0109 45.0125 -4.4949 -1.8313
Car -1 -1 -4.4375 266.5490 178.2901 296.2420 195.4773 1.4970 1.5408 3.6291 -30.0237 2.0081 65.9632 -4.8634 -1.8888
Car -1 -1 -4.6684 296.3348 177.7700 317.7564 195.4055 1.5206 1.6165 4.0529 -27.5379 1.9822 65.6108 -5.0646 -2.0772
Car -1 -1 -4.8665 1056.9766 184.6727 1090.6354 205.8450 1.5181 1.6134 3.8709 36.0312 2.4722 56.1727 -4.2990 -2.1755
