Car -1 -1 -7.5476 313.4994 191.2356 471.0785 293.2875 1.4949 1.6427 3.8001 -3.8274 1.8795 13.1845 -7.8257 2.9734
Car -1 -1 -4.1732 66.8838 189.5191 210.7498 253.9350 1.5585 1.6271 3.8764 -13.1967 2.0753 20.4318 -4.7410 2.2981
Car -1 -1 -7.7167 454.8246 184.3633 496.1076 218.4231 1.5923 1.5939 3.5676 -6.8452 2.2076 36.7785 -7.8999 2.0485
Car -1 -1 -4.3064 213.4134 189.1526 291.7298 226.1974 1.4903 1.6411 4.3143 -16.3459 2.2885 33.1533 -4.7617 1.6646
Car -1 -1 -7.8793 550.1916 182.9760 577.2615 208.8591 1.5473 1.6422 3.7816 -3.0576 2.2285 46.6220 -7.9449 1.4702
Car -1 -1 -4.4075 392.5870 186.4322 424.8794 204.7237 1.4911 1.6257 4.0001 -17.7903 2.7305 63.8528 -4.6785 -0.8807
Car -1 -1 -4.4639 787.6342 188.2433 833.7073 218.2730 1.4265 1.5183 3.6159 10.6281 2.2828 38.2169 -4.1954 -1.0781
Car -1 -1 -3.8456 281.0834 185.3726 336.7812 207.5018 1.6202 1.6161 3.9912 -23.9232 2.6530 57.3996 -4.2392 -1.4289
Pedestrian -1 -1 -7.9543 1022.2192 172.9866 1047.2772 222.3827 1.7439 0.7072 0.6753 15.2094 1.7484 25.9289 -7.4293 -1.4906
Car -1 -1 -7.5490 828.4655 183.1894 884.8757 214.8364 1.5619 1.7120 4.2802 13.4453 2.1565 39.3008 -7.2222 -1.6089
Pedestrian -1 -1 -7.3164 1205.0121 169.5547 1241.0000 277.5089 1.8409 0.5389 0.4607 10.8182 1.7844 12.6348 -6.6205 -1.7269
Car -1 -1 -4.9985 721.7261 186.1856 762.0101 209.5345 1.4863 1.6490 4.1882 9.1569 2.4606 50.5791 -4.8210 -1.7561
Car -1 -1 -6.4429 1017.7601 177.5149 1160.9658 222.9832 1.5112 1.6448 4.0551 16.9874 1.6882 25.8739 -5.8677 -1.9921
Car -1 -1 -5.4780 733.4647 186.8217 796.4208 212.0885 1.4773 1.6272 4.0449 9.9398 2.4226 46.7054 -5.2702 -2.0505
