Car -1 -1 -7.5622 325.1136 190.1737 475.1886 288.6821 1.5007 1.6451 3.8189 -3.8118 1.8730 13.5971 -7.8314 2.8873
Car -1 -1 -7.7388 451.1714 185.5374 492.6096 217.3170 1.4517 1.6408 3.6320 -6.9392 2.1228 36.3247 -7.9268 2.7765
Car -1 -1 -4.2354 164.7377 189.3023 262.3647 231.1785 1.4992 1.6807 4.4063 -16.2637 2.2286 29.7932 -4.7317 2.1395
Car -1 -1 -4.0847 0.0000 187.7245 143.4398 269.9649 1.6348 1.6598 3.9637 -13.1648 2.0274 17.0659 -4.7344 1.8302
Car -1 -1 -7.8792 547.7110 183.3925 574.5176 207.8401 1.4647 1.6345 3.7603 -3.2415 2.1772 46.8564 -7.9484 1.3467
Pedestrian -1 -1 -7.9118 32.7269 178.6563 55.8916 219.3523 1.7591 0.7699 0.6476 -24.9953 2.0187 31.8272 -8.5737 -1.0951
Car -1 -1 -4.2129 380.0930 185.8320 419.1794 205.4792 1.5159 1.6049 3.5867 -17.5160 2.6319 60.1384 -4.4955 -1.1102
Car -1 -1 -4.9052 733.0862 186.3051 767.9141 210.1983 1.4830 1.5962 3.8351 9.4371 2.4295 48.8674 -4.7162 -1.3573
Car -1 -1 -2.9587 0.0000 174.8416 62.2097 213.7666 1.5894 1.6902 4.4822 -26.8815 1.6809 31.4966 -3.6611 -1.3962
Car -1 -1 -3.8986 268.1241 185.8372 326.3877 207.1618 1.5043 1.6745 4.1052 -24.1585 2.5483 55.8164 -4.3057 -1.5790
Pedestrian -1 -1 -8.7877 1183.2378 160.5241 1225.0332 231.9325 1.7291 0.5081 0.6164 14.6270 1.4303 17.8341 -8.1093 -1.8138
Car -1 -1 -4.7714 627.3610 180.6366 651.8130 202.6491 1.5711 1.6200 3.9300 2.1887 2.1841 54.8797 -4.7322 -1.8728
Car -1 -1 -4.4186 793.6818 188.1156 845.8904 219.6220 1.4307 1.5503 3.7058 10.6590 2.2475 36.6559 -4.1385 -1.9216
Cyclist -1 -1 -6.4664 1034.1639 177.3389 1105.9501 228.9629 1.6753 0.9000 1.9024 15.4184 1.8309 24.3157 -5.9074 -1.9474
Car -1 -1 -5.1905 734.9664 185.6585 790.0201 211.5990 1.4802 1.6551 4.1764 9.5373 2.3290 45.6114 -4.9862 -2.0533
Pedestrian -1 -1 -5.8399 350.7307 180.0961 361.6686 202.6553 1.8493 0.6022 0.6593 -21.0223 2.4516 59.6976 -6.1775 -2.0661
Car -1 -1 -4.1736 837.1254 183.1944 911.1984 215.6576 1.5413 1.6683 4.2797 13.7373 2.1075 37.5306 -3.8258 -2.1935
