Car -1 -1 -7.5235 329.8452 183.9229 429.1025 240.7951 1.4572 1.6286 3.7223 -6.6652 1.8095 21.1034 -7.8263 2.8937
Car -1 -1 -7.6788 455.2820 183.9181 534.8377 241.3356 1.4835 1.6778 3.7469 -3.3338 1.8382 21.2611 -7.8332 2.4925
Car -1 -1 -7.7524 540.5188 180.4292 569.4493 202.6044 1.4888 1.6847 3.8975 -3.9384 2.0526 51.7576 -7.8284 -0.4984
Pedestrian -1 -1 -6.6152 808.1448 183.5671 821.0906 214.1290 1.7531 0.6080 0.5542 11.8525 2.3802 41.9333 -6.3423 -0.9821
Pedestrian -1 -1 -8.4147 658.2967 179.7001 670.2029 204.2085 1.7439 0.5562 0.7232 3.8810 2.2417 52.0433 -8.3412 -1.5374
Pedestrian -1 -1 -2.7807 252.6289 168.2233 271.1840 196.7542 1.9486 0.5089 1.0355 -23.9465 1.6321 49.5788 -3.2288 -1.7840
Car -1 -1 -7.7234 512.6744 177.4761 535.1977 195.8058 1.6209 1.5860 3.8105 -7.9462 2.0601 66.6868 -7.8419 -1.8350
Pedestrian -1 -1 -8.3477 673.5125 177.4774 688.4211 204.9925 1.8070 0.8166 0.5623 4.6814 2.1166 47.9425 -8.2515 -1.8950
Car -1 -1 -3.1683 425.5469 179.4456 505.5079 209.5465 1.5867 1.6866 4.2479 -8.0233 1.9627 39.8953 -3.3660 -1.9286
Car -1 -1 -3.1365 759.3081 185.9825 825.1675 213.8251 1.5572 1.6340 3.7157 10.7498 2.3581 42.7840 -2.8926 -2.0632
Car -1 -1 -4.9897 750.8631 185.2490 813.4369 223.8798 1.5301 1.6413 3.9762 7.4850 2.1126 31.9047 -4.7620 -2.1093
Car -1 -1 -4.8205 629.5062 183.1537 663.0237 209.3790 1.5401 1.6831 4.2589 2.2429 2.2312 46.2583 -4.7729 -2.1471
