Car -1 -1 -7.7366 496.1444 179.5156 554.8589 226.6318 1.5642 1.7064 3.6521 -3.0517 1.8236 26.2988 -7.8516 2.4391
Car -1 -1 -7.2638 0.0000 189.8851 251.0401 343.7053 1.4445 1.5621 3.7951 -6.3019 1.7037 9.0957 -7.8564 2.3785
Car -1 -1 -7.8104 496.5367 178.0150 523.6833 202.9232 1.5384 1.6034 3.6859 -6.5410 1.8899 47.2667 -7.9476 0.0829
Cyclist -1 -1 -7.7609 486.1325 174.2184 501.3231 206.1087 1.7853 0.6997 1.7717 -6.6953 1.8650 41.3784 -7.9208 -0.2643
Car -1 -1 -7.8107 554.4191 179.5502 578.7051 201.1405 1.5458 1.6800 3.7766 -3.2924 2.0712 54.7435 -7.8709 -1.2210
Pedestrian -1 -1 -7.3506 1114.6343 178.4039 1145.4651 250.3071 1.6900 0.5015 0.3336 12.4164 1.8250 17.3031 -6.7369 -1.3022
Car -1 -1 -8.6964 1170.5637 181.8787 1241.0000 346.0428 1.5167 1.6587 4.1196 9.4311 1.6552 8.9958 -7.9042 -1.4939
Pedestrian -1 -1 -4.5891 767.1353 179.7157 787.5146 233.7977 1.7258 0.5899 0.5060 5.3918 1.9517 23.4483 -4.3667 -1.6606
Car -1 -1 -4.7913 679.2179 180.6353 711.4679 208.6660 1.5722 1.6106 4.0112 5.0798 2.0644 43.6324 -4.6768 -1.8332
Car -1 -1 -3.3745 925.8617 187.1851 997.1925 213.8850 1.4922 1.5692 3.5225 20.7076 2.3625 42.6940 -2.9262 -1.9145
