Car -1 -1 -7.6655 451.6613 186.7144 534.7130 245.5344 1.4785 1.6989 3.7191 -3.3293 1.9161 20.9106 -7.8222 2.6970
Car -1 -1 -7.5784 342.5537 186.6123 431.0596 241.1965 1.4417 1.6078 3.6627 -6.6895 1.8929 21.8339 -7.8729 2.4522
Car -1 -1 -7.7466 727.5247 186.6002 781.6180 231.7633 1.5019 1.6150 3.8833 5.4976 2.0628 27.3630 -7.5512 -1.1133
Car -1 -1 -7.8496 541.5001 183.3746 564.9719 206.7043 1.5457 1.6083 3.7181 -4.0710 2.3234 51.4453 -7.9286 -1.1732
Car -1 -1 -4.5995 763.7922 185.9995 823.3214 232.9240 1.5239 1.7077 4.1757 6.8785 2.0556 26.9499 -4.3530 -1.8413
Pedestrian -1 -1 -7.7104 671.5814 180.4599 683.9811 206.5355 1.7660 0.7628 0.6524 4.6211 2.2919 49.5110 -7.6185 -1.8604
Cyclist -1 -1 -7.9059 777.4063 183.8741 790.6409 222.7070 1.6830 0.4837 1.7666 7.8364 2.1961 32.7009 -7.6734 -1.9398
Pedestrian -1 -1 -3.0419 787.7683 175.9455 796.0908 199.3755 1.8414 0.7546 0.5701 14.4163 2.0884 57.2775 -2.7970 -1.9419
Car -1 -1 -4.6956 753.1742 185.7583 788.3422 219.8701 1.4963 1.5891 3.8892 7.8455 2.1644 35.2968 -4.4793 -2.0057
Car -1 -1 -4.1670 648.3434 182.4934 692.6121 203.9831 1.5317 1.6098 3.8709 4.6400 2.2974 55.2967 -4.0843 -2.0927
