Car -1 -1 -7.8719 584.9362 179.1382 615.7674 206.7641 1.4334 1.6346 3.3957 -0.6067 1.7961 39.9471 -7.8875 2.2100
Car -1 -1 -7.8158 524.3117 177.7857 551.7159 202.1936 1.4449 1.5778 3.5838 -4.5183 1.7667 45.2919 -7.9151 0.3995
Pedestrian -1 -1 -3.2544 980.5885 158.0694 1002.9498 196.3320 1.8543 0.6952 0.8953 18.7106 1.1375 35.4535 -2.7725 -0.6993
Car -1 -1 -5.0184 920.8850 193.1857 983.2474 229.8546 1.4090 1.5054 3.2965 14.7570 2.3416 31.3763 -4.5832 -1.1826
Cyclist -1 -1 -7.8854 1224.2279 167.7204 1241.0000 251.4899 1.7205 0.4223 1.8006 13.5890 1.6148 15.6549 -7.1803 -1.5144
Pedestrian -1 -1 -6.0143 61.1112 170.0300 98.1143 270.5441 1.7507 0.4946 0.4129 -9.5077 1.7012 12.8710 -6.6409 -1.5177
Car -1 -1 -4.4282 818.7188 182.1752 862.3788 206.7906 1.4841 1.6504 4.1091 15.1210 2.1230 47.3097 -4.1212 -1.9409
Car -1 -1 -4.0313 0.0000 180.1671 60.7511 229.3748 1.4240 1.5683 3.5041 -19.7815 1.6765 23.1735 -4.7323 -2.0435
Pedestrian -1 -1 -8.3006 598.7844 168.7820 609.3214 192.9155 1.9337 0.4766 0.9755 -0.5099 1.6071 58.3551 -8.3097 -2.0629
Car -1 -1 -4.7217 880.4932 174.3872 907.2956 198.9703 1.5154 1.5556 3.7639 18.3355 1.6188 46.7690 -4.3505 -2.0943
Car -1 -1 -5.0091 720.6821 184.9795 766.4393 211.2448 1.5095 1.6936 4.1350 8.3459 2.3118 45.6075 -4.8298 -2.1714
