Car -1 -1 -7.3720 95.4601 182.3066 317.4216 290.6493 1.4268 1.5530 3.6565 -6.2911 1.6032 11.6532 -7.8579 2.7756
Car -1 -1 -7.7037 493.0937 177.0433 557.1899 224.2219 1.5076 1.6874 3.7251 -2.9389 1.6651 25.2834 -7.8188 2.3773
Car -1 -1 -7.7997 556.6652 174.3381 580.2973 194.6738 1.4631 1.5726 3.6511 -3.1070 1.5777 54.0082 -7.8572 -0.8092
Car -1 -1 -4.6921 1056.9642 183.3633 1087.7917 209.2253 1.4972 1.5738 3.9540 29.1778 2.1906 45.5449 -4.1258 -1.3349
Car -1 -1 -5.1908 1141.6627 180.5675 1207.8365 206.1167 1.5341 1.6409 4.1447 36.5204 2.0578 46.8302 -4.5319 -1.3515
Car -1 -1 -7.6736 507.4458 169.0030 540.1338 193.7324 1.7224 1.6646 3.9877 -6.2346 1.4538 52.2952 -7.7920 -1.4340
Car -1 -1 -5.4976 912.4838 180.6380 982.5363 206.2782 1.5202 1.6716 4.0747 21.5521 2.0433 46.3155 -5.0650 -1.6714
Car -1 -1 -4.9989 811.8163 173.4975 855.9866 200.9983 1.6929 1.6352 4.0178 14.3425 1.7359 46.5273 -4.7021 -1.7847
Pedestrian -1 -1 -7.9745 710.1252 176.9036 723.5605 212.8534 1.5950 0.5238 0.6204 4.7525 1.7784 32.4012 -7.8308 -1.8653
Pedestrian -1 -1 -5.9069 185.3618 175.3351 197.6445 194.9499 1.7852 0.5169 0.8420 -38.3396 2.0132 66.0691 -6.4311 -1.8868
Pedestrian -1 -1 -6.8387 1007.8751 176.8070 1034.1046 230.0311 1.6127 0.5193 0.5001 12.5775 1.7354 22.1745 -6.3290 -1.9302
Pedestrian -1 -1 -5.8980 728.3052 178.1950 739.8324 197.8314 1.7556 0.5427 0.8884 11.1933 2.2416 65.2263 -5.7293 -2.0952
Car -1 -1 -4.7098 237.7202 177.9863 305.1101 237.2127 1.5114 1.6173 3.9783 -9.8419 1.6752 20.9294 -5.1448 -2.1345
Pedestrian -1 -1 -7.4833 1008.2637 170.1186 1040.9169 225.7620 1.7692 0.7981 0.4845 13.3960 1.6819 23.4033 -6.9694 -2.1834
