Car -1 -1 -7.8136 521.4658 179.6926 550.8706 204.7113 1.4537 1.6719 3.7231 -4.5879 1.8968 44.8769 -7.9153 1.9492
Car -1 -1 -7.9010 586.6848 181.2198 618.3613 208.8055 1.4510 1.6195 3.5255 -0.4982 1.9454 40.8570 -7.9137 1.8737
Car -1 -1 -7.0597 0.0000 205.3579 196.2845 374.0000 1.4700 1.5836 3.7087 -3.6640 1.6949 3.1233 -7.8827 0.6679
Car -1 -1 -4.1439 71.9418 185.6082 150.4083 215.6467 1.3934 1.5675 3.6637 -25.4507 2.0782 36.9024 -4.7445 -0.5441
Cyclist -1 -1 -8.4438 787.9914 178.5540 809.5422 206.0399 1.6993 0.4039 1.7718 11.9588 2.0686 45.8853 -8.1910 -1.2225
Car -1 -1 -4.5883 0.0000 182.1380 30.4595 206.9047 1.5264 1.6444 4.0003 -40.0703 2.1736 48.1944 -5.2794 -1.3367
Car -1 -1 -4.2546 204.5173 179.4832 261.5950 204.4798 1.4785 1.6176 3.9581 -23.8466 1.9167 45.7322 -4.7331 -1.5747
Cyclist -1 -1 -4.8676 913.9461 170.0278 932.9246 207.4477 1.7797 0.6075 1.5515 15.2150 1.6450 35.1442 -4.4626 -1.7605
Car -1 -1 -4.5344 675.5296 183.0232 699.1343 201.0072 1.6194 1.6172 3.7713 7.4346 2.6246 69.3113 -4.4285 -1.7619
Car -1 -1 -4.7323 116.2733 177.0000 142.9551 198.1666 1.5310 1.6220 4.0029 -36.7505 1.8596 55.1235 -5.3182 -1.8308
Pedestrian -1 -1 -4.0357 1209.8286 144.5394 1241.0000 222.1613 1.7985 0.5609 0.4415 14.5749 1.1422 17.0360 -3.3367 -1.8333
Car -1 -1 -4.3238 629.6160 180.9473 662.1343 198.8376 1.5851 1.6187 4.1536 3.4033 2.3743 68.1654 -4.2746 -1.8760
Pedestrian -1 -1 -4.0790 155.2718 168.9351 180.9844 210.1415 1.9297 0.5673 0.9878 -21.0421 1.7459 34.3062 -4.6260 -2.0055
Cyclist -1 -1 -8.6568 1024.7529 169.4974 1062.2886 208.2537 1.6605 0.3439 1.6275 19.0105 1.5164 31.7437 -8.1217 -2.0100
Car -1 -1 -4.0637 9.7020 180.7865 106.4646 215.2917 1.4900 1.6031 3.8608 -25.9010 1.8845 33.9762 -4.7114 -2.0482
Cyclist -1 -1 -8.1821 1066.8289 161.0350 1092.9307 204.9891 1.6957 0.3537 1.6265 18.6098 1.2395 28.6685 -7.6113 -2.1826
