Car -1 -1 -7.4363 198.8330 181.1241 362.8449 265.4001 1.3953 1.5360 3.6462 -6.2937 1.5780 14.1319 -7.8488 2.6235
Car -1 -1 -7.7223 485.4211 174.9306 550.4196 223.9478 1.5076 1.6816 3.7527 -3.0557 1.5825 24.2337 -7.8469 2.4174
Car -1 -1 -7.6434 515.1951 166.9448 546.6002 188.9683 1.6805 1.6543 4.0990 -6.2532 1.2293 57.1787 -7.7521 -0.0149
Car -1 -1 -7.8617 556.2014 173.4297 578.9268 194.7561 1.5207 1.6227 3.6950 -3.1894 1.5645 53.4495 -7.9214 -0.3558
Pedestrian -1 -1 -6.9976 692.3416 174.4802 710.3809 205.5326 1.5881 0.5959 0.7109 4.6948 1.6731 37.3935 -6.8742 -0.4732
Pedestrian -1 -1 -4.9713 931.8997 176.1378 952.8672 220.2394 1.6272 0.5743 0.6050 12.3966 1.7515 27.0205 -4.5458 -0.9822
Cyclist -1 -1 -8.1780 926.8534 172.4534 962.6852 237.3065 1.6016 0.3390 1.5803 8.5695 1.5914 18.6226 -7.7533 -1.0030
Pedestrian -1 -1 -7.6547 719.7586 172.5575 735.4101 210.2194 1.7054 0.5853 0.6920 5.3544 1.6917 33.0993 -7.4963 -1.7879
Car -1 -1 -4.3572 165.6755 180.8203 210.8602 202.7569 1.4930 1.5841 3.8995 -30.7423 2.0967 52.6555 -4.8837 -1.9185
Car -1 -1 -2.6072 358.9611 176.1258 424.7721 199.1656 1.4942 1.6059 3.9614 -14.6522 1.7191 48.4044 -2.8999 -2.0422
Car -1 -1 -4.9573 795.1862 169.5267 827.9170 189.6029 1.6171 1.6698 4.1150 16.7422 1.3488 60.1952 -4.6876 -2.0595
Car -1 -1 -4.7002 1067.8411 180.8765 1094.6456 202.6837 1.5447 1.6551 4.3077 35.9181 2.1812 55.0182 -4.1247 -2.1145
Pedestrian -1 -1 -7.7015 341.5510 173.4047 362.4751 222.7018 1.6327 0.5741 0.6238 -8.7181 1.6512 24.2649 -8.0433 -2.1288
