Car -1 -1 -7.8900 584.1028 181.2090 617.9156 212.4206 1.5199 1.6384 3.6856 -0.5549 1.9817 38.0261 -7.9051 2.4532
Car -1 -1 -4.2451 201.7673 182.4426 277.7390 217.4002 1.3861 1.4877 3.5534 -16.0435 1.8263 31.3642 -4.7147 1.9525
Car -1 -1 -7.8067 532.4038 180.6827 560.3788 205.2982 1.4655 1.6053 3.8040 -4.0622 1.9865 46.1184 -7.8946 1.0411
Car -1 -1 -5.2815 794.7286 180.4567 849.0629 204.6882 1.5430 1.6246 4.0749 14.4397 2.0872 49.4992 -4.9998 -1.2436
Car -1 -1 -4.7682 473.1964 177.3778 505.3144 206.6481 1.6544 1.6816 4.1597 -7.3862 1.9418 43.6808 -4.9351 -1.5859
Cyclist -1 -1 -2.9207 850.1545 176.6352 887.6553 213.2334 1.8351 0.6782 1.7075 13.2589 2.0329 37.0734 -2.5803 -1.8805
Car -1 -1 -4.6985 69.7453 182.4935 96.5536 203.5596 1.5298 1.6311 4.0152 -41.1996 2.3117 56.4399 -5.3269 -1.9740
Car -1 -1 -4.3747 718.0036 185.2641 763.6221 212.8369 1.4982 1.5852 3.5580 7.7762 2.2689 42.8886 -4.1971 -1.9894
Car -1 -1 -4.7046 95.2739 182.7897 120.1082 202.6100 1.5108 1.6272 4.0287 -41.2426 2.3556 59.2497 -5.3107 -2.0427
Car -1 -1 -7.9045 640.7505 179.2050 672.7052 207.9637 1.5611 1.6493 3.8248 2.6368 1.9469 41.9378 -7.8427 -2.0778
Car -1 -1 -4.3149 249.5591 183.6333 304.9698 210.1838 1.4291 1.6247 3.7290 -19.4524 2.0884 42.2611 -4.7442 -2.1120
Car -1 -1 -4.6714 277.5572 178.9696 309.3078 205.2050 1.5334 1.6554 4.2093 -19.9421 1.9378 45.4883 -5.0827 -2.1818
