Car -1 -1 -7.4376 73.6196 180.3661 401.1238 363.7917 1.4864 1.6295 3.9082 -3.7276 1.5894 7.9690 -7.8632 2.7132
Car -1 -1 -7.7994 493.1900 175.6473 523.8033 201.8189 1.4465 1.5804 3.4727 -5.9152 1.6160 42.0596 -7.9386 1.4670
Car -1 -1 -7.8849 575.7935 175.0563 603.2029 201.5544 1.5128 1.5354 2.8490 -1.2812 1.6480 42.9067 -7.9150 -0.4484
Car -1 -1 -7.6798 447.1022 172.4591 472.1700 189.2563 1.5392 1.6640 3.9065 -14.1767 1.5027 68.0946 -7.8845 -0.8055
Car -1 -1 -4.0108 0.0000 164.6874 82.5467 216.3014 1.5430 1.6300 3.8136 -19.4466 1.2985 23.4892 -4.6969 -1.3061
Pedestrian -1 -1 -4.3244 64.2695 153.5292 87.9558 203.1869 1.9421 0.5757 0.5824 -21.1798 1.1860 28.5715 -4.9580 -1.3574
Car -1 -1 -4.7659 706.7273 179.9863 735.4142 205.1745 1.5084 1.5977 4.0539 7.0811 1.9884 46.4899 -4.6162 -1.7017
Car -1 -1 -4.5520 715.0399 180.2127 740.5595 198.5797 1.5201 1.6133 3.9571 10.3816 2.1897 63.5557 -4.3913 -1.7375
Pedestrian -1 -1 -3.2090 597.0729 167.2531 611.0466 191.5598 1.9847 0.4718 1.1165 -0.5152 1.5271 59.1940 -3.2181 -2.0302
Car -1 -1 -4.3989 722.9238 178.9735 759.5538 199.8948 1.5348 1.6322 4.1230 10.2711 2.0317 56.4222 -4.2202 -2.1684
