Car -1 -1 -7.5952 367.5062 186.5934 489.9312 268.4488 1.4975 1.6502 3.7858 -3.8512 1.8335 15.7523 -7.8319 2.8424
Car -1 -1 -7.8830 533.6380 181.5559 559.4413 205.9072 1.5173 1.6065 3.3828 -4.2830 2.1173 48.0010 -7.9720 0.4453
Car -1 -1 -4.3603 270.8954 182.7663 326.5339 210.9777 1.4471 1.6184 3.8638 -17.3776 2.0285 40.3693 -4.7647 0.2927
Car -1 -1 -7.6786 424.6257 184.5499 474.2339 219.4288 1.4443 1.5723 3.8500 -7.3510 2.0130 33.1463 -7.8956 0.0621
Car -1 -1 -6.1899 642.9880 181.8796 713.5017 208.0322 1.5201 1.6379 4.1438 4.1420 2.0844 43.9480 -6.0972 -1.4819
Car -1 -1 -3.7038 163.0389 180.4415 247.9023 207.7629 1.5565 1.7045 4.3455 -25.0114 2.0506 44.7063 -4.2116 -1.8125
Car -1 -1 -3.6823 7.3587 183.9972 108.7037 216.3813 1.5078 1.5937 3.8731 -28.3382 2.1133 37.1301 -4.3309 -1.8480
Cyclist -1 -1 -4.9793 1200.0259 192.3501 1241.0000 297.9188 1.6674 0.5484 1.4567 10.7142 2.0247 12.4593 -4.2817 -1.9027
Car -1 -1 -5.4708 432.7023 194.2737 484.6447 217.4771 1.4829 1.6013 3.5160 -10.7048 3.0409 50.8342 -5.6779 -1.9531
Car -1 -1 -4.6912 61.0605 188.2540 89.2154 210.0727 1.5269 1.6514 4.0439 -41.2224 2.7593 55.6276 -5.3268 -2.0855
