Car -1 -1 -7.7154 482.6085 175.9425 548.5085 224.9350 1.4781 1.6533 3.7743 -3.0906 1.5883 23.9041 -7.8432 2.5603
Car -1 -1 -7.4295 218.0175 181.2028 373.9097 261.3641 1.4096 1.5545 3.6517 -6.3515 1.6033 14.9191 -7.8261 2.4541
Car -1 -1 -7.8760 553.7010 173.0024 576.4804 194.1757 1.5086 1.5945 3.6079 -3.3745 1.5197 53.3017 -7.9392 0.1167
Pedestrian -1 -1 -4.6646 690.4758 173.6352 702.3018 204.6333 1.6557 0.5993 0.8041 4.6350 1.6982 39.0089 -4.5477 0.0256
Car -1 -1 -7.5885 517.0108 171.5926 548.9463 194.6268 1.8076 1.6340 3.8311 -6.2472 1.7083 58.6423 -7.6945 -0.0576
Car -1 -1 -4.7987 895.6307 168.4878 948.6335 214.0787 1.7701 1.6749 3.8384 12.8998 1.6003 30.0979 -4.3978 -0.6657
Pedestrian -1 -1 -7.5372 967.1486 170.8727 1001.2578 227.4142 1.7133 0.8202 0.5123 11.5323 1.6530 22.3351 -7.0665 -1.2754
Car -1 -1 -8.4574 1061.2052 139.2788 1241.0000 374.0000 1.7166 1.6854 4.1369 5.4150 1.5522 5.6871 -7.7227 -1.5234
Pedestrian -1 -1 -5.1829 959.4861 175.6217 1048.4224 353.7941 1.5523 0.4486 0.6760 3.5436 1.5787 6.6348 -4.7117 -1.8389
Car -1 -1 -4.4234 786.5688 174.0417 821.9321 194.1888 1.5768 1.7017 4.0835 15.8661 1.6771 58.9134 -4.1619 -1.8968
Car -1 -1 -8.1735 906.6270 176.9547 1027.0978 240.4740 1.4959 1.6702 3.9992 9.3453 1.6174 19.3494 -7.7301 -2.1588
