Car -1 -1 -7.6519 408.1557 179.4797 508.4352 248.5887 1.5144 1.7241 3.7025 -3.7111 1.6966 18.0188 -7.8528 2.5429
Car -1 -1 -7.6023 399.5558 181.2238 462.1496 221.6100 1.4661 1.5738 3.5676 -7.1004 1.8198 28.7282 -7.8430 1.7753
Car -1 -1 -7.8430 532.6298 179.6836 557.3415 202.7411 1.4894 1.6311 3.7365 -4.4877 1.9775 49.6759 -7.9330 -0.0749
Car -1 -1 -1.8998 0.0000 179.1509 29.0412 216.5085 1.4866 1.6519 4.1353 -26.9880 1.7728 31.0647 -2.6109 -1.0984
Car -1 -1 -3.9548 138.8564 175.6026 226.9639 208.1025 1.6022 1.7088 4.0085 -22.4711 1.7551 38.0791 -4.4850 -1.5379
Pedestrian -1 -1 -5.3800 360.0779 173.2734 385.2669 217.1117 1.7621 0.8025 0.5625 -9.7447 1.7792 29.5017 -5.6968 -1.7288
Car -1 -1 -4.3623 227.9243 181.4086 320.7654 229.9105 1.4567 1.5873 3.8930 -11.2600 1.7692 24.3803 -4.7912 -1.7612
Pedestrian -1 -1 -8.0380 423.3209 159.3428 438.3613 197.1883 2.1260 0.6506 1.0530 -10.2576 1.3667 41.1475 -8.2811 -1.8736
Car -1 -1 -6.7422 26.0025 175.7058 151.9783 213.2167 1.6164 1.7765 4.4649 -24.3433 1.7593 33.8424 -7.3622 -1.9323
Car -1 -1 -2.6133 0.0000 179.9688 21.6541 245.2272 1.4780 1.6244 4.0679 -17.4548 1.6666 17.8864 -3.3790 -1.9394
Car -1 -1 -3.1358 659.9169 180.2282 714.7595 201.9664 1.5283 1.6337 3.9024 5.5864 2.0745 52.4511 -3.0308 -2.0350
Pedestrian -1 -1 -4.6585 862.7174 180.2053 880.7426 229.8834 1.7569 0.5766 0.7945 9.4380 2.0278 26.1372 -4.3164 -2.1693
