Car -1 -1 -7.5234 244.8810 187.0132 446.0720 316.7510 1.5489 1.6302 3.8875 -3.8122 1.8024 10.9855 -7.8509 2.6961
Car -1 -1 -7.7458 472.6436 186.0847 509.2763 215.0366 1.4379 1.5952 3.5461 -6.4772 2.1917 39.3078 -7.9086 2.1415
Car -1 -1 -4.4455 344.9302 183.2490 395.1508 212.8912 1.5428 1.7388 3.8689 -13.5765 2.1605 40.9186 -4.7643 1.7651
Car -1 -1 -7.9287 560.8113 183.7110 588.1042 208.0857 1.4217 1.5020 2.4025 -2.2486 2.1106 44.5173 -7.9794 1.2762
Pedestrian -1 -1 -5.3828 94.1871 182.7071 119.2535 224.8430 1.7629 0.4795 0.8048 -21.4527 2.1866 30.6967 -5.9889 -0.0632
Car -1 -1 -4.8746 751.0688 187.6699 786.1838 212.7648 1.4573 1.5961 3.7010 10.0371 2.4407 46.0191 -4.6618 -1.0081
Cyclist -1 -1 -7.6739 0.0000 189.4587 12.7182 223.8965 1.6040 0.3459 1.5245 -29.4709 2.4281 35.0765 -8.3691 -1.2592
Car -1 -1 -3.6995 116.6710 182.4489 190.2366 207.6909 1.6183 1.6374 4.0663 -31.6622 2.3134 50.1084 -4.2608 -1.3981
Car -1 -1 -4.9696 742.4491 186.2787 782.6351 210.1767 1.4836 1.6759 4.1204 10.3249 2.4388 49.2545 -4.7648 -1.7025
Pedestrian -1 -1 -7.2057 798.0200 183.8926 813.2062 211.1528 1.7347 0.7011 0.6483 12.6467 2.4573 46.7755 -6.9439 -1.8832
Car -1 -1 -4.9912 768.2239 185.2319 811.1770 209.9115 1.5156 1.6992 4.2036 12.0056 2.3853 48.5827 -4.7509 -2.0226
