Car -1 -1 -7.5318 285.3781 183.3347 461.0419 293.5547 1.5050 1.6339 3.7998 -3.8084 1.7088 12.1354 -7.8305 2.8841
Car -1 -1 -7.7341 463.5360 180.4187 502.6910 210.2066 1.4614 1.6314 3.4633 -6.6859 1.8788 38.0714 -7.9072 2.2302
Car -1 -1 -4.2976 254.3203 180.0434 333.6545 221.7342 1.6188 1.6622 3.8494 -13.3453 1.9428 30.6125 -4.7059 1.5422
Car -1 -1 -7.8683 557.2972 178.1170 583.6119 202.5333 1.4602 1.6036 3.7053 -2.5781 1.8085 45.8777 -7.9246 -0.2933
Pedestrian -1 -1 -6.1661 12.1596 179.8625 27.3697 230.9989 1.8216 0.5100 0.3674 -21.3960 2.0779 26.1032 -6.8479 -0.7388
Car -1 -1 -4.8066 770.0766 184.0570 806.1131 211.3718 1.4295 1.6206 4.1371 10.2014 2.1102 41.6976 -4.5688 -0.7886
Car -1 -1 -4.3836 312.8584 178.0187 361.5381 204.5021 1.4956 1.5630 3.9022 -16.4124 1.8207 43.4913 -4.7427 -1.0710
Car -1 -1 -3.7643 164.3764 181.8433 234.9235 204.7504 1.5014 1.6702 4.1657 -29.1252 2.1680 51.2902 -4.2787 -1.1986
Car -1 -1 -7.0793 745.2546 181.0061 806.5848 204.2630 1.4978 1.6323 4.2092 11.3868 2.0782 49.5730 -6.8553 -1.6218
Cyclist -1 -1 -8.3293 953.3648 170.2748 989.5250 213.1983 1.7540 0.6086 1.7727 15.1509 1.6483 30.3762 -7.8709 -1.7194
Car -1 -1 -4.7538 131.4422 191.6080 156.0965 210.8913 1.5331 1.6640 4.0617 -41.1826 3.2433 63.6669 -5.3263 -1.8793
Car -1 -1 -3.5941 53.3666 184.2470 139.5291 210.4898 1.4877 1.6684 4.0546 -31.9630 2.2320 44.9743 -4.2094 -1.9476
Pedestrian -1 -1 -7.3635 991.7502 172.4599 1017.5164 214.2163 1.7540 0.7200 0.7037 16.8021 1.7372 30.8032 -6.8687 -1.9660
Car -1 -1 -2.1892 157.7565 182.9401 237.5745 215.5780 1.5635 1.6566 3.8228 -21.2346 2.1033 37.0836 -2.7064 -2.0459
Car -1 -1 -6.0460 751.8669 180.4750 815.0421 205.3059 1.4834 1.5901 3.6086 10.9155 1.9806 45.5690 -5.8129 -2.0912
