Car -1 -1 -7.5020 229.2829 187.1435 442.0795 316.3182 1.4737 1.6227 3.8260 -3.7986 1.7211 10.5822 -7.8395 2.7355
Car -1 -1 -7.7575 473.2302 182.1328 510.6874 211.5864 1.4992 1.7012 3.5221 -6.4824 2.0325 39.6802 -7.9189 2.3141
Car -1 -1 -4.4714 363.7946 179.7943 408.4536 207.4770 1.5834 1.7339 3.8916 -13.7068 2.0280 44.2618 -4.7704 1.0788
Car -1 -1 -7.9083 562.6568 181.5444 588.9550 206.9704 1.4857 1.4842 2.2318 -2.1467 2.0315 44.1585 -7.9571 0.3314
Car -1 -1 -4.9015 744.0656 184.6399 780.4535 208.6336 1.4535 1.6048 4.0741 9.9960 2.2669 47.7709 -4.6970 -0.6243
Car -1 -1 -4.8877 708.8904 184.1957 735.7852 204.1922 1.5401 1.5696 3.6488 9.2045 2.5040 59.5022 -4.7355 -0.6881
Car -1 -1 -5.1112 766.9254 181.9266 809.7833 205.6890 1.5360 1.5901 3.6249 12.2834 2.1888 50.0206 -4.8723 -0.7265
Car -1 -1 -5.1729 717.3508 184.2234 760.4240 205.0617 1.4817 1.6258 4.0892 9.9030 2.3965 55.8854 -4.9990 -0.8823
Pedestrian -1 -1 -8.0491 121.9106 181.1001 139.2994 220.5991 1.7325 0.5531 0.5407 -21.4334 2.1045 32.1955 -8.6329 -1.1761
Car -1 -1 -2.1105 0.0000 184.2631 59.5628 216.2588 1.5534 1.6295 3.8911 -30.8152 2.1682 37.4752 -2.7953 -1.6139
Car -1 -1 -5.1664 146.0356 181.3436 200.5981 204.0614 1.5819 1.6924 4.4460 -32.4829 2.2347 53.5923 -5.7093 -1.7666
Car -1 -1 -7.1937 0.0000 186.4681 127.3133 233.5788 1.4979 1.6455 3.8763 -19.6004 2.0255 26.0241 -7.8345 -1.8339
Car -1 -1 -4.2861 708.2974 183.6120 760.6762 209.7552 1.4983 1.6638 4.2005 7.8400 2.2074 45.3736 -4.1167 -2.1373
Car -1 -1 -5.4217 763.4708 186.1823 827.1819 213.3622 1.4395 1.5962 3.6632 10.7372 2.2549 42.1660 -5.1746 -2.1966
