Car -1 -1 -7.5303 260.3095 186.5092 452.7454 310.6170 1.5476 1.6409 3.9059 -3.7963 1.7999 11.3881 -7.8460 2.7228
Car -1 -1 -7.7435 468.3152 185.7304 506.4746 214.6628 1.4235 1.6473 3.5625 -6.6087 2.1509 38.9507 -7.9109 2.4033
Car -1 -1 -4.4043 319.5768 185.2767 376.9155 215.7282 1.4266 1.6598 3.9950 -13.5564 2.1065 37.4827 -4.7495 1.2431
Car -1 -1 -7.8889 559.5186 183.8757 587.6768 208.4365 1.4155 1.6253 3.7854 -2.3551 2.1369 45.2950 -7.9411 1.0182
Pedestrian -1 -1 -4.9817 71.2413 183.6673 91.9815 226.8211 1.7053 0.4921 0.7659 -21.3993 2.1485 29.1602 -5.6106 -0.8408
Pedestrian -1 -1 -3.9063 1218.9972 163.5186 1241.0000 267.7663 1.8250 0.4905 0.2902 11.1805 1.6613 12.8854 -3.2035 -1.4975
Car -1 -1 -4.8707 752.0585 185.3759 787.5889 210.3515 1.4733 1.6157 4.0088 10.2517 2.3183 46.6615 -4.6564 -1.6139
Car -1 -1 -4.9265 720.5251 186.6948 754.4738 208.3949 1.4876 1.6482 4.2021 9.5207 2.5701 54.3181 -4.7545 -1.6458
Car -1 -1 -3.3793 774.2616 184.7430 838.0578 209.3974 1.5178 1.6133 3.6516 12.4586 2.2909 46.0901 -3.1175 -1.6640
Pedestrian -1 -1 -2.1089 81.9544 181.3751 99.1671 217.8183 1.8096 0.5637 0.4288 -26.1942 2.2424 36.3329 -2.7302 -2.0874
Car -1 -1 -5.2415 766.7210 185.9986 829.4965 215.4105 1.4640 1.5998 3.8843 10.2844 2.2280 39.8681 -4.9915 -2.1335
