Car -1 -1 -7.4549 238.6651 181.5622 382.9756 256.9021 1.4019 1.5563 3.7002 -6.3877 1.6138 15.7212 -7.8355 2.5917
Car -1 -1 -7.7052 477.4436 176.8489 546.6055 226.9333 1.4794 1.6902 3.7336 -3.1491 1.6196 23.4930 -7.8376 2.5882
Car -1 -1 -7.6330 517.4308 171.0128 547.0278 190.4974 1.5721 1.6424 3.9043 -6.4814 1.4232 60.2488 -7.7400 -0.5605
Pedestrian -1 -1 -7.7175 897.3779 174.7801 913.7448 215.1489 1.6650 0.5480 0.7003 12.3458 1.7466 30.2411 -7.3339 -1.0963
Pedestrian -1 -1 -5.5566 880.4180 161.8463 968.9257 321.7372 1.7223 0.4730 0.8139 3.5211 1.6034 8.2417 -5.1668 -1.1434
Car -1 -1 -7.7057 548.9413 173.3972 578.5713 194.2632 1.4744 1.6212 3.8871 -3.3942 1.5156 53.0939 -7.7696 -1.2921
Pedestrian -1 -1 -3.7859 901.3322 172.6659 916.5782 212.0597 1.7283 0.4812 0.4173 13.1894 1.7197 31.9407 -3.3980 -1.5551
Pedestrian -1 -1 -7.8478 685.8791 174.6152 697.0941 205.1761 1.6958 0.6196 0.6815 4.5323 1.7952 40.4560 -7.7375 -1.7582
Car -1 -1 -7.1577 507.9736 169.0473 559.5162 191.0065 1.6254 1.6679 4.1641 -5.8594 1.3434 55.6024 -7.2625 -1.7822
Car -1 -1 -3.5465 962.3866 188.2964 1043.2427 217.2692 1.4644 1.5699 3.4370 20.8123 2.3058 38.3960 -3.0536 -1.8178
Car -1 -1 -4.9531 776.7621 174.8203 813.2348 198.4995 1.7190 1.7306 4.1492 13.9709 1.8737 54.8067 -4.7052 -2.0398
Pedestrian -1 -1 -7.7174 706.0972 175.2410 720.1412 209.4064 1.7041 0.6428 0.4764 5.1563 1.8251 36.3493 -7.5782 -2.1414
Car -1 -1 -4.7837 984.0902 183.0163 1016.5522 207.1619 1.5164 1.6377 4.3091 26.7214 2.2464 49.5512 -4.2921 -2.1607
