Car -1 -1 -7.5006 299.3857 175.0951 411.0748 237.2203 1.4547 1.6006 3.5366 -6.5566 1.5183 18.8092 -7.8321 2.5799
Car -1 -1 -7.7213 464.1387 175.4399 536.4229 227.2345 1.4418 1.7151 3.6320 -3.3173 1.5273 22.0973 -7.8691 2.4256
Car -1 -1 -7.7586 545.5555 170.6579 573.3842 195.1335 1.7101 1.6625 3.7804 -3.6584 1.5563 52.3230 -7.8284 -0.0125
Car -1 -1 -7.9461 520.0729 166.1700 541.8452 184.3076 1.6197 1.6389 3.9032 -7.3338 1.0225 66.5105 -8.0557 -1.2184
Pedestrian -1 -1 -7.1203 667.5812 171.7600 682.3995 198.3062 1.7150 0.5073 0.8770 4.2099 1.6440 47.0975 -7.0321 -1.6530
Cyclist -1 -1 -7.7594 819.7174 174.9867 842.4355 243.9210 1.6456 0.3969 1.7477 5.5258 1.7016 18.1638 -7.4694 -1.8659
Car -1 -1 -4.6628 30.7294 175.3501 62.4502 198.1370 1.5880 1.6276 3.9878 -41.2472 1.7778 52.8446 -5.3232 -1.9952
Pedestrian -1 -1 -7.2428 685.3242 171.5362 701.5447 201.0929 1.7441 0.6441 0.7581 4.9457 1.6660 43.0731 -7.1298 -2.0059
Pedestrian -1 -1 -7.8531 280.2716 172.9929 300.4224 222.3406 1.5965 0.5993 0.6543 -10.5736 1.6009 23.7656 -8.2679 -2.0179
Car -1 -1 -4.4255 288.9544 176.7691 337.1587 203.9591 1.4753 1.5563 3.8059 -17.1278 1.7119 41.6895 -4.8134 -2.1672
