Car -1 -1 -7.5490 305.9454 189.0333 468.3417 293.6121 1.4987 1.6505 3.8038 -3.8123 1.8297 12.8534 -7.8326 2.8606
Car -1 -1 -7.7095 457.1688 184.9109 498.6053 215.9701 1.4629 1.5995 3.6060 -6.8045 2.1153 37.2349 -7.8895 2.2457
Car -1 -1 -4.2331 149.1011 184.6134 262.3119 241.0345 1.6436 1.6133 3.9262 -13.2428 2.0639 23.8268 -4.7360 1.9132
Car -1 -1 -4.3195 247.8257 185.8356 319.8561 219.3308 1.5049 1.6855 4.5784 -16.4332 2.2033 36.5209 -4.7399 1.4539
Car -1 -1 -7.8744 553.4056 181.4018 580.1564 206.2115 1.4808 1.6312 3.8243 -2.8471 2.0536 46.3986 -7.9358 1.1099
Car -1 -1 -4.3255 400.9976 182.5781 434.4794 200.3130 1.5431 1.6383 3.9521 -17.8601 2.4751 67.1094 -4.5849 -0.8865
Car -1 -1 -5.1192 734.2481 184.3322 778.0423 208.6567 1.4809 1.5376 3.5639 9.5658 2.2686 47.6281 -4.9228 -1.4449
Car -1 -1 -4.5900 798.1953 186.2213 839.6340 217.5692 1.4781 1.6345 3.9806 11.0095 2.2218 38.0085 -4.3108 -1.6776
Car -1 -1 -3.2745 990.3507 175.7225 1114.1184 217.7962 1.5048 1.5997 3.8324 16.6839 1.6198 27.5039 -2.7344 -1.8554
Car -1 -1 -7.9975 626.2243 180.3779 652.4253 200.7030 1.5399 1.5831 3.7066 2.2992 2.1646 58.0167 -7.9586 -1.9285
Pedestrian -1 -1 -2.0204 84.4878 180.0116 109.5587 219.2596 1.8707 0.6919 0.8556 -24.9841 2.2235 35.0870 -2.6358 -1.9345
Car -1 -1 -4.2470 0.0000 189.2133 48.1776 221.1263 1.5288 1.6182 3.9721 -32.2835 2.4574 38.8522 -4.9371 -2.0686
Car -1 -1 -5.1361 805.1357 183.2183 863.2046 212.4662 1.5150 1.6440 3.9606 12.5976 2.1320 40.9086 -4.8399 -2.1545
