Car -1 -1 -7.4086 168.9268 179.9146 350.7640 271.8714 1.4288 1.5577 3.6465 -6.2917 1.5768 13.3245 -7.8425 2.6701
Car -1 -1 -7.6962 488.5815 175.3738 554.1099 224.0629 1.5169 1.6393 3.7713 -2.9847 1.6092 24.5932 -7.8163 2.4634
Car -1 -1 -7.7039 553.7499 173.2315 583.3171 194.2026 1.5034 1.6493 3.8211 -3.0825 1.5323 53.7774 -7.7612 0.4551
Pedestrian -1 -1 -7.8107 727.2387 172.2332 743.3068 212.7894 1.7535 0.6732 0.4678 5.4273 1.7264 31.4967 -7.6422 -0.4993
Car -1 -1 -7.8232 513.0294 168.3048 536.7473 192.5189 1.7898 1.6862 4.0697 -6.5327 1.4533 55.4336 -7.9402 -0.6137
Pedestrian -1 -1 -3.4399 697.7711 176.1703 714.6766 208.5575 1.5871 0.6296 0.6748 4.7311 1.7531 35.8011 -3.3102 -1.3254
Car -1 -1 -4.0660 898.7809 177.0393 960.4983 201.5371 1.5501 1.6608 4.0367 21.2202 1.8379 47.9504 -3.6520 -1.5458
Car -1 -1 -8.1735 1186.7511 182.0825 1241.0000 374.0000 1.4300 1.5377 3.5533 5.8467 1.5259 5.5837 -7.3917 -1.7007
Pedestrian -1 -1 -3.3840 1151.5479 138.9390 1241.0000 374.0000 1.7367 0.6040 0.4805 3.4304 1.5591 4.1453 -2.7278 -1.8150
Car -1 -1 -8.3779 927.2131 177.2219 1097.6001 248.8230 1.4634 1.6607 4.0388 9.2193 1.5786 17.0444 -7.8899 -1.9281
Car -1 -1 -4.5593 77.5379 181.0731 123.1966 208.0306 1.5129 1.6366 4.2994 -31.1682 2.0420 44.1807 -5.1711 -2.0751
Car -1 -1 -4.6167 306.5780 176.7296 331.9135 196.1910 1.5000 1.5468 3.7807 -23.5454 1.8246 58.4532 -4.9983 -2.0809
Pedestrian -1 -1 -3.2084 959.2264 171.7358 973.8757 221.0734 1.7208 0.4987 0.4279 12.5403 1.6815 25.4780 -2.7561 -2.1223
Pedestrian -1 -1 -5.3329 747.4254 183.8305 775.5171 243.6678 1.3460 0.4191 0.5030 3.4428 1.6039 16.6608 -5.1334 -2.1386
