Car -1 -1 -7.8586 585.9918 183.4402 617.0731 212.5998 1.4598 1.6222 4.1635 -0.5187 2.0734 39.7412 -7.8722 2.4405
Car -1 -1 -7.7898 526.2527 181.2855 557.0468 206.8294 1.4976 1.6872 4.0443 -4.3196 2.0552 45.6992 -7.8840 1.1659
Pedestrian -1 -1 -7.7230 207.8805 174.5630 237.0171 239.9780 1.7556 0.6268 0.6199 -10.6693 1.8031 19.7858 -8.2123 -0.2054
Car -1 -1 -4.2825 0.0000 181.7245 57.8389 218.7954 1.5514 1.5592 3.6977 -27.2044 1.9828 33.1312 -4.9661 -1.4581
Pedestrian -1 -1 -2.9963 943.1805 164.4460 960.9720 198.8556 1.8677 0.6356 0.8019 18.7602 1.4110 39.6496 -2.5576 -1.6586
Car -1 -1 -4.2857 144.8235 180.8661 192.9453 202.2260 1.5681 1.6577 4.1419 -34.6447 2.2218 56.7413 -4.8319 -1.8935
Cyclist -1 -1 -3.5818 971.1462 176.0656 1015.2018 216.5326 1.8310 0.6831 1.6503 17.5152 1.9796 33.0827 -3.0991 -2.0037
Car -1 -1 -7.7183 944.5350 176.1461 982.3417 202.8991 1.5620 1.6125 3.8163 21.8731 1.7748 44.6637 -7.2659 -2.0215
Pedestrian -1 -1 -8.4035 1145.0944 157.9081 1193.4440 231.9887 1.8215 0.6867 0.7116 13.9883 1.4537 18.1296 -7.7546 -2.0836
Car -1 -1 -5.1902 682.3239 185.6402 727.6606 208.9162 1.5391 1.6170 3.9227 6.7875 2.5007 52.1598 -5.0621 -2.1843
