Car -1 -1 -7.6128 374.2022 186.7723 491.7791 265.1949 1.4716 1.6624 3.8203 -3.8564 1.8195 16.1380 -7.8444 2.6923
Car -1 -1 -4.3243 242.1579 182.4064 302.5491 213.8388 1.4738 1.5383 3.5845 -17.1688 1.9845 36.7675 -4.7587 1.1560
Car -1 -1 -7.8401 532.9838 181.1517 558.0682 206.3511 1.5818 1.6120 3.5087 -4.3240 2.1577 48.2949 -7.9294 0.3486
Car -1 -1 -4.5222 418.2894 184.4562 468.3545 220.8024 1.4683 1.5295 3.4993 -7.3862 2.0120 32.0566 -4.7474 -0.2287
Car -1 -1 -5.0239 456.1826 189.7983 496.7889 214.3236 1.4538 1.5676 3.7000 -8.8643 2.6167 47.5344 -5.2078 -1.2459
Car -1 -1 -3.6814 21.7629 181.6480 124.0877 214.2025 1.5295 1.6227 3.9588 -27.6176 2.0086 37.1943 -4.3169 -1.3292
Car -1 -1 -4.8871 458.9791 180.8427 486.4467 201.0912 1.5284 1.5687 3.5594 -11.0768 2.1910 57.9371 -5.0756 -1.9080
Car -1 -1 -4.5651 641.1196 180.2327 673.4681 204.5619 1.6275 1.7157 4.3019 3.4168 2.1816 51.9350 -4.5003 -2.0540
Car -1 -1 -3.7967 123.5279 180.6449 209.7997 210.3985 1.5774 1.6590 4.0661 -25.5004 2.0500 41.5980 -4.3439 -2.0652
Pedestrian -1 -1 -6.5625 783.4677 182.9367 797.5417 217.9623 1.7357 0.6343 0.5299 9.0307 2.2468 36.2708 -6.3210 -2.0868
