Car -1 -1 -7.5623 331.7613 187.5669 476.3217 279.8450 1.4592 1.6183 3.8268 -3.8492 1.7830 13.9607 -7.8273 2.8458
Car -1 -1 -7.7243 446.7348 181.5513 489.4916 214.8750 1.5257 1.6269 3.6375 -7.0397 1.9803 35.8753 -7.9171 2.3300
Car -1 -1 -4.2040 104.4962 187.4618 218.5981 233.3462 1.4502 1.6189 4.3370 -16.2827 2.0290 26.4037 -4.7523 2.2522
Car -1 -1 -3.9884 0.0000 187.9932 51.0126 284.9800 1.5037 1.6057 3.9675 -13.0615 1.8353 13.8145 -4.7362 0.4698
Car -1 -1 -4.3195 368.3358 181.2575 406.2110 201.4289 1.4945 1.5311 3.7726 -17.5852 2.1811 57.0333 -4.6176 -0.1660
Car -1 -1 -7.8275 546.2836 180.4076 573.3116 204.9478 1.4949 1.6614 3.7762 -3.2716 2.0074 47.0585 -7.8970 -0.6615
Car -1 -1 -6.8971 802.8090 184.7487 894.2462 218.0925 1.4946 1.6078 3.9742 11.4058 2.0880 34.6611 -6.5824 -0.7115
Pedestrian -1 -1 -6.7338 1224.3892 152.8259 1241.0000 223.9392 1.8163 0.4927 0.3430 16.2248 1.3045 18.7104 -6.0274 -1.7008
Car -1 -1 -4.7460 629.2458 178.6189 653.0806 200.9411 1.5575 1.6207 3.8171 2.2385 1.9979 53.2476 -4.7047 -1.9158
Car -1 -1 -3.5667 0.0000 187.0127 84.2192 217.5688 1.4903 1.6059 3.7670 -31.0760 2.2978 39.1243 -4.2348 -2.0440
Car -1 -1 -6.7294 778.2151 183.6090 855.6936 211.8025 1.5145 1.6319 3.8834 11.6280 2.1387 40.7594 -6.4540 -2.1231
Car -1 -1 -4.4968 212.5607 189.4792 243.3858 207.8442 1.5190 1.6713 3.9367 -34.7293 3.0799 65.6374 -4.9821 -2.1286
Car -1 -1 -3.1867 726.1133 185.5163 790.0987 212.1131 1.4712 1.5992 3.5719 8.5346 2.2263 41.9860 -2.9882 -2.1689
