Car -1 -1 -7.8475 585.9020 178.1364 615.8357 205.0559 1.4139 1.6018 3.6003 -0.5403 1.7227 40.4123 -7.8613 1.4169
Car -1 -1 -7.7043 522.6613 175.6504 557.3879 200.5997 1.4824 1.6155 3.8364 -4.3798 1.6652 45.2698 -7.8006 1.1511
Car -1 -1 -6.9189 0.0000 0.0000 1241.0000 374.0000 1.5780 1.6627 4.0102 -3.4151 1.7051 1.9599 -7.9093 -0.7485
Pedestrian -1 -1 -6.6542 1110.8763 160.0809 1133.1184 212.0591 1.8320 0.5553 0.4759 18.2254 1.3815 25.7569 -6.0441 -1.4411
Car -1 -1 -4.3167 309.7977 174.8084 353.8778 197.9675 1.5325 1.5637 3.6265 -19.2105 1.6723 49.8906 -4.6827 -1.6049
Car -1 -1 -4.5397 704.5518 183.0733 737.8588 207.7850 1.5247 1.5876 3.7399 7.4338 2.2360 48.2178 -4.3882 -1.9655
Car -1 -1 -4.4024 812.1434 181.1485 859.7678 210.2869 1.5143 1.5360 3.5976 12.6801 2.0016 40.5016 -4.1016 -2.0340
Cyclist -1 -1 -5.8790 1004.0590 158.8513 1050.5438 201.6228 1.8752 0.6189 1.7055 18.7382 1.2610 32.5000 -5.3602 -2.1400
Cyclist -1 -1 -3.2173 1043.8468 168.1593 1088.2128 208.4085 1.7840 0.6269 1.6504 20.5683 1.5756 32.6424 -2.6595 -2.1660
Car -1 -1 -4.4897 0.0839 181.3837 47.6594 205.6579 1.5406 1.6498 4.1658 -40.2457 2.1529 49.5948 -5.1689 -2.1831
