Car -1 -1 -7.5465 296.0413 185.0186 463.4911 291.1532 1.4926 1.6350 3.8207 -3.8265 1.7357 12.5111 -7.8382 2.9771
Car -1 -1 -7.7389 461.6487 181.5819 501.8059 212.4800 1.4883 1.6492 3.7329 -6.6968 1.9678 37.7488 -7.9137 2.5707
Car -1 -1 -4.2970 211.1258 181.2004 301.0523 229.1876 1.6348 1.5944 3.9041 -13.2873 1.9726 27.2481 -4.7472 1.6244
Car -1 -1 -7.8802 554.6104 179.5258 581.7568 203.3471 1.4218 1.6250 3.8057 -2.7418 1.8662 46.1309 -7.9397 1.5458
Car -1 -1 -4.3693 278.5508 181.2458 338.5029 212.4148 1.5758 1.7139 4.2499 -16.5805 2.0636 39.8081 -4.7620 0.6910
Car -1 -1 -4.9941 737.7744 183.5196 773.8979 206.4892 1.4515 1.4912 3.4648 9.8393 2.2026 49.0462 -4.7978 -0.6130
Car -1 -1 -7.4883 777.4587 182.0368 833.4518 212.4281 1.5255 1.6369 4.0482 10.7387 2.0564 39.6173 -7.2261 -1.8299
Car -1 -1 -5.1219 759.9673 184.7887 810.4144 210.5636 1.4121 1.5802 3.7173 10.4238 2.1610 43.3220 -4.8879 -1.9510
Car -1 -1 -3.4287 889.7651 168.6697 1004.6682 206.9607 1.5350 1.6518 4.0246 13.9022 1.3670 30.0281 -2.9992 -1.9837
Car -1 -1 -4.5528 137.9833 181.6711 179.8403 208.3229 1.5859 1.6484 4.1391 -29.1242 2.1827 46.6350 -5.1086 -2.0333
Pedestrian -1 -1 -8.1393 974.8542 169.5939 997.4542 213.3957 1.7449 0.6433 0.6704 15.1369 1.6147 29.1324 -7.6647 -2.1122
Pedestrian -1 -1 -5.9194 288.5409 175.2871 301.0176 196.4066 1.8783 0.5077 0.9006 -28.2021 2.0964 64.5078 -6.3302 -2.1613
