Car -1 -1 -7.2795 0.0000 184.1126 279.0643 320.3881 1.4662 1.5986 3.6604 -6.2734 1.6494 9.9157 -7.8319 2.8384
Car -1 -1 -7.7324 495.4985 179.3030 555.8938 225.9111 1.5231 1.7164 3.7174 -3.0018 1.7715 25.9593 -7.8470 2.6999
Car -1 -1 -4.6789 500.4164 171.0530 525.6664 198.2210 1.7694 1.5745 3.6964 -6.5710 1.6518 48.9087 -4.8121 -0.4778
Pedestrian -1 -1 -3.7710 1077.2537 188.8796 1104.5823 243.0136 1.3941 0.4284 0.4250 12.5693 1.8195 18.9398 -3.1929 -1.4355
Car -1 -1 -7.7682 555.7084 177.7511 581.6244 197.9164 1.4407 1.6229 3.9863 -3.1181 1.8243 54.5454 -7.8255 -1.4458
Pedestrian -1 -1 -6.3108 304.9398 175.2392 313.3646 200.9274 1.8450 0.7390 0.5445 -21.8613 2.0193 52.3554 -6.7049 -1.5385
Car -1 -1 -4.2939 975.8849 184.7440 1034.2360 212.3652 1.5075 1.6147 3.8612 23.3981 2.2418 42.7605 -3.7967 -1.8838
Car -1 -1 -4.9521 872.0047 174.4503 908.7029 196.9905 1.5085 1.5431 3.7111 19.5415 1.6242 50.5007 -4.5852 -1.9093
Pedestrian -1 -1 -7.2760 0.0000 173.3885 17.9894 224.3205 1.9127 0.6808 0.5621 -23.1117 1.9330 27.4224 -7.9716 -1.9137
Car -1 -1 -5.1310 1134.3312 188.3897 1212.8920 223.2899 1.4631 1.5671 3.5767 26.3197 2.2337 33.8817 -4.4754 -2.0321
Pedestrian -1 -1 -2.7051 750.1458 166.2553 777.3124 219.8712 1.9209 0.6363 0.7746 5.5656 1.6842 26.3368 -2.4997 -2.0824
Car -1 -1 -4.8217 1121.4249 185.5671 1182.2775 224.6702 1.4858 1.6241 4.0605 23.1356 2.0696 30.9867 -4.1854 -2.0852
