Car -1 -1 -7.6378 392.2156 181.9385 498.8352 254.3492 1.4782 1.6719 3.7538 -3.8059 1.7165 17.0777 -7.8545 2.5465
Car -1 -1 -4.1725 104.6873 179.1201 218.3406 221.8333 1.4431 1.6452 4.2859 -16.7570 1.6973 27.1583 -4.7211 1.8022
Car -1 -1 -7.7150 409.2459 182.5886 459.0880 219.2408 1.4189 1.5791 3.5898 -7.4811 1.8590 30.7850 -7.9519 0.5296
Car -1 -1 -7.8843 530.9512 179.3680 556.8491 202.9706 1.5075 1.6370 3.5960 -4.5523 1.9667 49.0108 -7.9769 -0.5672
Car -1 -1 -6.7285 0.0000 177.5778 97.5975 213.6873 1.5459 1.6895 4.2800 -26.8332 1.7818 33.7826 -7.3960 -0.9216
Car -1 -1 -4.7168 675.8640 179.0714 698.3557 200.3264 1.5210 1.6419 4.1616 5.8383 2.0135 55.0436 -4.6121 -1.5427
Pedestrian -1 -1 -5.0198 432.2748 164.0944 446.3587 196.1496 2.0159 0.6145 0.9480 -10.9042 1.4647 45.9415 -5.2519 -1.8130
Car -1 -1 -4.4675 467.7502 177.6321 497.8839 195.6919 1.4973 1.6300 4.1816 -11.1037 1.9291 63.0999 -4.6413 -1.9696
Pedestrian -1 -1 -7.8774 714.7576 178.7165 723.1130 199.2092 1.8397 0.7335 0.5484 9.8305 2.3723 65.2729 -7.7291 -1.9766
Pedestrian -1 -1 -6.9690 387.4767 176.2049 407.5982 212.8356 1.7121 0.7349 0.5829 -10.1273 1.8730 34.2544 -7.2547 -2.1391
