Car -1 -1 -7.6487 404.9034 181.3686 505.6647 251.3863 1.4958 1.6749 3.7456 -3.7253 1.7270 17.7437 -7.8534 2.4415
Car -1 -1 -4.0714 0.0000 185.1582 98.3647 242.9455 1.4141 1.5581 3.6792 -16.4928 1.7921 20.3168 -4.7470 1.3590
Car -1 -1 -7.6492 402.3207 183.8757 461.5757 223.2265 1.4527 1.6265 3.7414 -7.2699 1.9335 29.5977 -7.8885 0.8507
Car -1 -1 -7.8255 533.4710 181.2844 558.5092 203.6052 1.4236 1.6030 3.7228 -4.3784 2.0224 49.3662 -7.9139 0.4479
Car -1 -1 -4.7135 316.1501 181.6635 358.3518 219.0930 1.4660 1.6154 3.8132 -11.8682 1.8732 31.3040 -5.0734 -1.3013
Pedestrian -1 -1 -6.3130 638.2028 178.2478 645.0183 197.6213 1.8033 0.7445 0.6162 2.9454 2.3122 67.7453 -6.2702 -1.6738
Car -1 -1 -4.7118 700.6890 176.9682 725.0447 201.7207 1.6708 1.6557 4.2016 7.3238 1.9774 51.6298 -4.5722 -1.6748
Car -1 -1 -2.1060 82.8637 180.2125 164.3363 212.3266 1.5304 1.6552 3.9605 -24.7977 1.9209 36.7178 -2.6968 -1.9140
Car -1 -1 -4.8989 403.2467 183.0811 454.4855 219.0184 1.4705 1.5888 3.6886 -8.2924 1.9618 32.6749 -5.1460 -1.9712
Car -1 -1 -6.5248 670.0121 183.5029 764.4995 217.3190 1.4921 1.6483 4.0590 4.8970 2.0012 33.4977 -6.3815 -2.0176
Car -1 -1 -4.5512 653.7709 179.8285 693.1589 207.4196 1.5426 1.7074 4.3962 3.8752 1.9889 43.8636 -4.4643 -2.1106
Cyclist -1 -1 -2.9379 417.1397 164.4888 449.3205 200.6975 2.1262 0.6454 1.7568 -10.4952 1.6347 42.7241 -3.1777 -2.1129
Car -1 -1 -5.5363 469.4196 183.4539 542.6239 212.6543 1.5050 1.6300 4.0036 -5.8693 2.1233 40.3055 -5.6805 -2.1916
