Car -1 -1 -7.5781 338.8630 183.4249 478.7274 275.0197 1.5170 1.6693 3.7605 -3.8547 1.7536 14.2804 -7.8379 2.6790
Car -1 -1 -7.6729 440.9789 178.3605 488.6825 212.4464 1.5551 1.6609 3.6308 -7.0899 1.8384 35.3377 -7.8699 2.5955
Car -1 -1 -4.1228 17.7939 185.9915 168.2335 238.3688 1.4303 1.7196 4.4046 -16.3234 1.8899 23.0379 -4.7339 2.1496
Car -1 -1 -7.8893 541.7294 179.2229 568.1234 202.4368 1.4249 1.5867 3.7694 -3.6782 1.8596 47.3265 -7.9669 0.6550
Car -1 -1 -4.4385 353.1048 177.6468 391.2270 199.4691 1.5406 1.6328 4.1958 -17.7749 1.9132 54.0075 -4.7553 0.0397
Car -1 -1 -3.7996 176.1841 176.7564 250.2114 203.3769 1.6679 1.7164 4.1369 -26.4075 1.9399 48.1040 -4.2995 -1.1902
Car -1 -1 -1.9158 22.0243 179.5741 85.6864 209.1978 1.5414 1.6147 3.7955 -30.9019 1.9298 40.0230 -2.5703 -1.6835
Car -1 -1 -4.3486 780.3906 184.4483 836.3145 213.4749 1.4527 1.6260 4.1538 11.0026 2.1297 39.9919 -4.0826 -1.7259
Car -1 -1 -4.9365 733.2433 182.9577 774.6633 208.4728 1.4888 1.6697 4.2386 9.0721 2.1619 45.9440 -4.7433 -1.7712
Pedestrian -1 -1 -6.0842 336.3284 174.6736 345.4538 198.0525 1.8151 0.7164 0.5382 -21.0895 1.9583 56.4779 -6.4404 -1.8019
Pedestrian -1 -1 -4.8797 924.2971 182.1012 940.7730 225.0446 1.4700 0.4402 0.5208 11.1860 1.7957 25.1366 -4.4660 -1.8289
Car -1 -1 -3.5383 0.0000 179.6160 26.0239 213.8102 1.5620 1.6464 3.9610 -31.8905 1.9187 35.9482 -4.2604 -1.9218
