Car -1 -1 -4.4347 341.2675 186.4727 413.6131 227.7319 1.5541 1.8455 4.1652 -9.8261 2.1727 30.6797 -4.7426 3.5563
Car -1 -1 -4.5737 420.5716 184.0229 456.7841 212.8101 1.5983 1.6356 3.5872 -10.2859 2.2981 43.3665 -4.8056 2.7941
Car -1 -1 -4.1941 0.0000 181.3870 225.9560 299.5845 1.6892 1.7163 4.3347 -8.7799 1.8672 12.8560 -4.7840 2.2216
Car -1 -1 -4.6997 502.5650 177.2647 524.6214 197.8976 1.5153 1.6345 3.7924 -7.4611 1.8684 55.8187 -4.8323 0.5816
Car -1 -1 -3.9074 886.8502 168.2890 950.5694 194.9069 1.8669 1.7461 4.2041 22.2884 1.5464 52.1717 -3.5061 -0.4575
Car -1 -1 -5.0117 939.6398 172.4754 981.8128 196.3228 1.6108 1.6075 3.7843 24.5679 1.5849 50.7267 -4.5632 -2.7901
Car -1 -1 -4.9779 655.4546 176.3938 686.9447 196.9669 1.5350 1.5581 3.5859 4.7202 1.8207 56.3945 -4.8953 -2.9958
Car -1 -1 -4.8391 847.6225 187.4729 872.1854 206.1030 1.5662 1.6428 3.7659 22.7417 2.9403 65.8235 -4.5084 -3.0811
Car -1 -1 -6.3425 260.1223 186.5380 321.3554 211.3848 1.5540 1.6624 3.6694 -21.4638 2.5024 48.4446 -6.7579 -3.2326
Car -1 -1 -4.7112 830.1240 177.7437 856.2662 203.5744 1.7788 1.7527 4.3882 17.0693 2.1532 52.9374 -4.4014 -3.2648
Car -1 -1 -4.6484 922.4644 184.1944 959.6879 215.9301 1.5684 1.6113 3.8283 17.9841 2.2167 39.2038 -4.2217 -3.4068
Car -1 -1 -4.5605 391.9869 185.6304 433.4798 214.2700 1.5773 1.8046 4.3056 -11.9943 2.3954 43.9779 -4.8257 -3.5271
Car -1 -1 -7.9241 636.2856 173.9878 657.9066 193.0132 1.6512 1.6577 3.9957 3.2832 1.7560 64.8766 -7.8741 -3.5479
Car -1 -1 -4.4132 458.6418 181.7447 487.0577 199.8937 1.6859 1.6862 3.8551 -13.4792 2.5852 71.0029 -4.6005 -3.6389
Car -1 -1 -4.1650 303.2847 182.8021 358.9784 208.8778 1.6786 1.6737 4.2144 -19.4240 2.4034 50.3680 -4.5316 -3.7022
Car -1 -1 -4.4713 486.7958 175.7332 528.2631 203.5949 1.7296 1.6607 4.5964 -6.7371 1.9289 47.6519 -4.6114 -3.7990
Car -1 -1 -3.0103 183.6259 193.0150 372.2007 257.5454 1.3479 1.6048 3.9024 -7.8058 1.8658 17.2239 -3.4305 -3.8730
Car -1 -1 -7.8164 586.1326 176.9942 604.9027 192.6990 1.4267 1.6426 3.7857 -1.3700 1.8302 68.4605 -7.8367 -4.1853
Car -1 -1 -2.3746 424.1357 181.5029 505.7812 211.9760 1.4690 1.6586 4.1998 -7.6317 1.9419 37.6493 -2.5737 -4.4325
Car -1 -1 -6.7332 814.0416 177.0370 953.3572 226.9976 1.5146 1.6134 3.8390 8.6272 1.6536 23.0276 -6.3796 -4.6253
Car -1 -1 -4.7193 521.3459 178.0382 545.9720 203.0959 1.5873 1.5826 3.8469 -5.1824 1.9501 48.5360 -4.8256 -4.6871
Car -1 -1 -6.6542 496.2508 176.0920 571.7625 202.8801 1.6055 1.7100 4.4101 -4.8075 1.8171 45.4437 -6.7595 -4.6990
Car -1 -1 -4.7435 917.5851 187.7311 940.5972 209.9095 1.6530 1.5763 3.9906 25.9442 2.9094 58.8024 -4.3304 -4.7468
Car -1 -1 -7.8456 574.0209 179.3687 596.0709 202.1622 1.5856 1.5664 3.7112 -1.8540 2.0820 53.1396 -7.8808 -4.9691
Car -1 -1 -5.1981 294.3849 191.0963 345.0905 213.9605 1.5626 1.6927 4.4350 -22.0645 2.9980 54.7080 -5.5801 -4.9708
Car -1 -1 -7.9727 673.6671 176.2336 704.7884 197.9343 1.6070 1.8758 4.6051 6.1232 1.8821 56.4673 -7.8657 -5.0017
Car -1 -1 -5.0213 618.4382 176.8307 655.3495 195.8423 1.4019 1.6547 4.2756 2.0291 1.7252 56.4408 -4.9859 -5.1982
Car -1 -1 -6.6913 0.0000 196.3692 85.8235 374.0000 1.6328 1.7663 3.8833 -4.9368 1.8064 3.2505 -7.6415 -5.2692
Car -1 -1 -4.4990 462.3394 181.1172 508.3913 209.7712 1.4551 1.6478 4.2837 -6.8923 1.9386 40.0715 -4.6687 -5.2795
Car -1 -1 -5.0647 533.6314 178.4174 579.2387 199.7653 1.3586 1.6739 4.4729 -3.7632 1.7587 49.5439 -5.1406 -5.3258
Car -1 -1 -4.7529 362.5165 182.5461 388.1596 203.7624 1.4501 1.6449 3.9614 -17.4304 2.1962 53.4183 -5.0672 -5.4427
Car -1 -1 -4.6274 552.0604 182.3251 578.6351 202.8557 1.4699 1.6956 4.3031 -3.4440 2.2310 55.8320 -4.6891 -5.5028
Car -1 -1 -4.8292 589.5802 178.5703 614.4108 196.5720 1.4120 1.5897 4.1383 -0.7259 1.9050 60.1174 -4.8416 -5.7023
Car -1 -1 -3.9259 208.5378 180.4494 273.0684 207.2341 1.7444 1.5892 4.0809 -25.7530 2.2978 50.4169 -4.3962 -5.8410
Car -1 -1 -4.6645 593.0819 179.1201 619.2033 201.8534 1.4273 1.5698 3.9312 -0.2564 1.8646 48.3978 -4.6703 -5.8827
Car -1 -1 -4.4730 352.2356 183.3542 398.7824 211.2924 1.4693 1.6297 4.0648 -13.4892 2.1048 41.6007 -4.7851 -5.8867
Car -1 -1 -8.1633 0.0000 0.0000 853.4132 374.0000 1.5477 1.5904 3.8053 0.3102 1.6173 1.0038 -7.9392 -5.8867
Car -1 -1 -4.6932 596.4813 177.6724 617.4450 196.5994 1.4128 1.5804 3.9244 -0.2383 1.8052 56.8376 -4.6978 -5.8867
Car -1 -1 -4.4463 462.3974 179.3715 501.1034 201.7603 1.4263 1.6253 3.9091 -8.7205 1.8884 49.1639 -4.6214 -5.8867
Car -1 -1 -7.1459 51.2501 0.0000 1241.0000 374.0000 1.5530 1.5929 3.8071 -1.2979 1.6510 1.0030 -7.9392 -5.8867
Car -1 -1 -4.6593 571.1293 178.7732 593.2750 197.5555 1.4375 1.5890 3.9345 -2.2482 1.9329 58.4477 -4.6980 -5.8867
Car -1 -1 -4.9664 459.1440 179.1362 494.0048 200.3501 1.4668 1.6018 3.8780 -9.9065 1.9482 53.2268 -5.1499 -5.9316
Car -1 -1 -7.7708 814.9293 178.6029 839.0696 201.3163 1.9933 1.7897 4.4563 20.1397 2.5455 66.9393 -7.4803 -6.2158
Car -1 -1 -5.0435 587.6219 175.4756 621.2801 192.3925 1.4587 1.7055 4.3873 -0.5661 1.7042 65.2997 -5.0525 -6.2458
Car -1 -1 -7.5876 95.9857 167.2153 139.5680 189.3606 1.4930 1.6547 3.4985 -34.4705 1.1126 50.5687 -8.1836 -6.2716
Car -1 -1 -4.4889 226.4112 180.6492 270.8200 210.4857 1.8898 1.8482 4.0069 -24.5060 2.4422 48.9972 -4.9508 -6.3686
Car -1 -1 -4.4073 469.2714 176.0425 503.7049 196.1494 1.4896 1.5761 3.7738 -9.5816 1.7457 56.0566 -4.5762 -6.4917
Car -1 -1 -7.8680 280.9587 179.0437 308.7348 205.6993 2.1534 2.1222 5.6975 -27.4593 2.7173 62.7320 -8.2794 -6.5790
Car -1 -1 -3.9382 557.8423 178.2460 603.4473 194.6479 1.4037 1.7981 4.0567 -2.6482 1.9068 65.2464 -3.9790 -7.4260
