Car -1 -1 -6.5127 637.4579 177.4803 717.1209 204.4586 1.4697 1.6598 4.2160 3.7388 1.7381 40.8034 -6.4225 -1.6128
Car -1 -1 -6.6374 642.1774 177.4889 731.3890 208.3149 1.4827 1.6519 4.1625 3.8182 1.7248 36.4195 -6.5343 -2.2956
Car -1 -1 -4.9623 612.9103 177.9806 654.5708 204.9494 1.4930 1.5660 3.7922 1.3215 1.8107 42.7337 -4.9321 -2.8308
Car -1 -1 -5.0015 645.0554 178.8442 702.6475 212.6988 1.4494 1.6140 3.9129 2.8714 1.7462 33.7074 -4.9179 -3.0462
Car -1 -1 -3.5199 290.2351 182.2925 351.2948 207.7963 1.5501 1.5946 3.3277 -18.7915 2.1853 46.8540 -3.8997 -3.2349
Car -1 -1 -4.6583 632.5112 177.4045 660.0488 201.3418 1.5392 1.6609 4.2943 2.4941 1.8648 49.4610 -4.6087 -3.2891
Car -1 -1 -4.2991 595.2574 177.0297 645.3838 202.0530 1.4989 1.6538 4.2333 0.6826 1.7794 46.2460 -4.2849 -3.3251
Car -1 -1 -4.1981 267.1052 183.8590 324.5848 209.3922 1.5299 1.6482 4.0772 -20.4942 2.2813 47.1710 -4.6062 -3.7247
Car -1 -1 -7.7598 393.0910 178.2431 417.0603 199.6913 1.8133 1.6746 4.0916 -18.2356 2.3091 64.2533 -8.0355 -3.9329
Car -1 -1 -2.9410 570.4474 176.4528 663.4699 210.2361 1.5391 1.6464 4.1889 0.3142 1.7164 34.3753 -2.9325 -4.0719
Car -1 -1 -4.7172 655.8294 175.0268 697.4401 215.0093 1.5600 1.6332 3.9368 2.7444 1.6573 30.4021 -4.6287 -4.0988
Car -1 -1 -3.1686 561.7531 180.4406 669.6199 224.2002 1.4764 1.5643 3.6900 0.1328 1.7524 25.4540 -3.1642 -4.2648
Car -1 -1 -4.8225 613.5403 177.8898 635.8229 196.1286 1.6906 1.7662 3.5734 1.3738 2.1902 69.7671 -4.8033 -4.2741
Car -1 -1 -7.0072 230.1124 172.3264 283.5081 192.5059 1.7009 1.6528 4.1305 -30.8239 1.6562 63.0426 -7.4605 -4.4047
Car -1 -1 -4.6005 270.1844 176.9221 296.4975 198.4129 1.8111 1.6989 3.7911 -28.8022 2.1813 63.6513 -5.0241 -4.5712
Car -1 -1 -7.7782 618.9312 179.8477 661.1457 215.9017 1.3866 1.5162 3.4573 1.2635 1.6970 30.2540 -7.7375 -4.5739
Car -1 -1 -3.0119 578.9391 178.6105 648.5383 205.8280 1.4416 1.5688 3.6560 0.1933 1.7660 39.6710 -3.0076 -4.7049
Car -1 -1 -4.9185 614.9216 178.5085 640.3609 196.0612 1.5030 1.5808 3.5903 1.5362 2.0264 64.9211 -4.8954 -4.8978
Car -1 -1 -4.3920 173.4863 182.4733 258.4701 224.8610 1.5732 1.7302 4.6828 -16.4727 2.0103 30.3499 -4.8859 -4.9707
Car -1 -1 -4.7198 477.5424 178.4442 493.3893 194.1781 1.4902 1.5109 3.5238 -12.3783 2.0586 71.5355 -4.8908 -5.0291
Car -1 -1 -4.3130 368.3887 179.2281 417.9559 203.0101 1.4004 1.6041 3.9066 -13.6751 1.8209 45.6042 -4.6031 -5.0315
Car -1 -1 -4.4258 598.9892 176.0990 640.5877 201.2968 1.6434 1.6779 4.5317 0.7032 1.8792 50.0912 -4.4124 -5.1607
Car -1 -1 -4.6277 373.8173 181.7997 398.5638 200.9966 1.5223 1.6668 4.1543 -19.0571 2.3116 61.4807 -4.9274 -5.2081
Car -1 -1 -4.6686 472.9276 178.2704 499.1118 201.4668 1.5046 1.6070 4.1629 -8.5800 1.8957 49.9785 -4.8382 -5.2549
Car -1 -1 -4.6254 488.9248 179.3294 512.7339 197.4857 1.4658 1.6517 4.3859 -9.3816 2.0428 62.0893 -4.7751 -5.2570
Car -1 -1 -5.1865 640.4511 176.1801 690.7573 197.3423 1.3940 1.6543 4.4661 3.8121 1.6382 50.6566 -5.1122 -5.2829
Car -1 -1 -4.9448 511.9194 178.9142 540.2519 197.4865 1.5115 1.5571 3.9373 -7.2913 2.0516 62.2194 -5.0614 -5.3399
Car -1 -1 -7.6398 145.6028 180.4338 230.3858 230.1805 1.4221 1.5991 3.6237 -13.4987 1.6862 23.1956 -8.1621 -5.3579
Car -1 -1 -4.4702 278.0269 194.0130 311.2475 214.6417 1.5306 1.6628 3.7397 -26.0234 3.3358 59.5859 -4.8807 -5.4276
Car -1 -1 -7.5383 155.5973 182.0792 237.5515 225.3568 1.4163 1.5780 3.4562 -14.9830 1.7753 26.2521 -8.0528 -5.4782
Car -1 -1 -5.0649 680.8074 175.8435 747.7972 210.1353 1.3667 1.6018 3.8900 4.3851 1.5042 31.1891 -4.9270 -5.5009
Car -1 -1 -4.6001 417.6926 181.3636 448.7115 204.9017 1.5839 1.6897 4.6304 -12.8898 2.2334 52.6934 -4.8392 -5.5153
Car -1 -1 -4.1919 316.0420 185.6604 372.4615 208.5566 1.3095 1.6987 3.7397 -16.7170 2.1516 45.4757 -4.5426 -5.6192
Car -1 -1 -7.5045 103.5780 180.2809 227.2628 242.0044 1.4366 1.6302 3.6295 -11.7125 1.6538 19.1966 -8.0465 -5.6546
Car -1 -1 -4.7049 574.8249 178.1162 600.1757 200.8774 1.3637 1.5519 4.0408 -1.4622 1.7153 46.2107 -4.7368 -5.6697
Car -1 -1 -4.7809 459.3595 179.0950 485.0875 200.9701 1.5297 1.6180 3.8289 -10.3100 2.0115 53.6863 -4.9701 -5.7341
Car -1 -1 -4.7740 545.4026 178.4447 569.2462 196.3395 1.4222 1.7319 4.5695 -4.5290 1.9146 61.2116 -4.8480 -5.7385
Car -1 -1 -5.4440 930.1303 188.5885 1241.0000 374.0000 1.3919 1.6570 4.2426 5.2107 1.6009 7.3823 -4.8489 -5.7714
Car -1 -1 -4.4284 415.0754 180.8067 457.4672 204.2455 1.3828 1.5651 4.0037 -11.0492 1.9118 45.9878 -4.6632 -5.8088
Car -1 -1 -4.6571 552.9997 179.2237 582.1077 204.4671 1.4784 1.6089 3.9221 -2.6547 1.8946 45.2135 -4.7158 -5.8222
Car -1 -1 -4.5474 594.2685 176.3102 619.3188 193.1573 1.4506 1.6204 4.0556 -0.2793 1.7725 65.1326 -4.5521 -5.8575
Car -1 -1 -4.8351 593.9030 178.4070 615.9478 194.3152 1.4879 1.6783 4.0916 -0.5482 2.0514 71.1176 -4.8432 -5.8592
Car -1 -1 -4.6283 547.5099 179.6516 572.3895 199.7767 1.4591 1.5907 3.9413 -3.8534 2.0015 55.6325 -4.6976 -5.8867
Car -1 -1 -4.6392 557.3802 178.6682 577.8422 195.0910 1.4184 1.5794 3.9265 -3.8536 1.9634 65.6917 -4.6979 -5.8867
Car -1 -1 -6.7853 0.0000 0.0000 1241.0000 374.0000 1.5411 1.5875 3.8026 -2.9055 1.6319 1.0046 -7.9391 -5.8867
Car -1 -1 -3.5479 0.0000 188.5146 0.0000 374.0000 1.4936 1.6024 3.9540 -6.2777 1.5914 2.5314 -4.6975 -5.8867
Car -1 -1 -4.6568 570.5652 177.9673 590.4440 194.3497 1.4005 1.5738 3.9198 -2.6481 1.8740 64.8856 -4.6978 -5.8867
Car -1 -1 -4.6148 539.1260 179.8400 560.7579 196.7307 1.4531 1.5887 3.9385 -5.4605 2.1080 65.6906 -4.6978 -5.8867
Car -1 -1 -4.8006 672.6580 176.3633 699.7181 197.0568 1.4042 1.5743 3.9208 5.3810 1.6644 51.6013 -4.6977 -5.8867
Car -1 -1 -4.6637 573.8079 177.5144 597.1651 197.1743 1.4038 1.5748 3.9211 -1.8465 1.7677 54.4265 -4.6978 -5.8867
Car -1 -1 -4.5444 483.5899 180.6079 512.6257 200.7494 1.4663 1.5921 3.9429 -8.6783 2.0895 56.0361 -4.6978 -5.8867
Car -1 -1 -5.3822 1044.6587 173.7702 1241.0000 360.3622 1.4883 1.5985 3.9507 6.5865 1.5004 7.7615 -4.6977 -5.8867
Car -1 -1 -4.6130 534.3823 179.3809 564.9827 203.3126 1.4366 1.5773 3.9617 -3.8704 1.8740 46.3937 -4.6963 -5.9176
Car -1 -1 -4.5222 492.8813 178.7281 514.1270 193.6956 1.4248 1.5304 3.0705 -10.5468 2.0192 71.4813 -4.6684 -6.1056
Car -1 -1 -4.5505 64.9486 188.7436 198.9032 267.8592 1.3729 1.6919 4.5513 -10.3753 1.7766 15.9195 -5.1207 -6.1366
Car -1 -1 -8.3840 780.9898 174.1595 1018.7778 295.2214 1.5779 1.6821 3.9281 4.2858 1.6023 11.5340 -8.0375 -6.1452
Car -1 -1 -4.7477 532.3787 181.1194 552.0150 200.7496 1.6009 1.5563 3.6834 -5.9105 2.3373 62.3917 -4.8422 -6.2099
Car -1 -1 -4.1143 492.4111 181.7646 530.3009 198.0259 1.4348 1.5225 4.0679 -9.3046 2.3034 68.1931 -4.2497 -6.2967
