Car -1 -1 -4.5424 471.1631 174.4872 496.1971 195.6507 1.9332 1.6825 3.9795 -11.9274 2.0918 68.2095 -4.7151 0.1424
Car -1 -1 -5.9910 355.6266 177.1619 452.9941 210.4845 1.5944 1.7076 4.3169 -10.1460 1.8122 35.6432 -6.2668 -1.1100
Car -1 -1 -4.9886 761.1219 183.8156 801.0145 209.0901 1.5708 1.6355 3.7273 11.3899 2.3345 48.3907 -4.7594 -1.3767
Car -1 -1 -4.7718 855.5369 180.1315 882.9266 202.6813 1.4708 1.5688 3.6372 18.0011 1.9976 50.2950 -4.4304 -1.6830
Car -1 -1 -8.4413 693.9053 178.8719 738.0387 199.8423 1.7139 1.7109 4.2488 9.1178 2.2545 62.5672 -8.2977 -1.6908
Car -1 -1 -7.7424 881.5516 174.8515 916.4255 200.7290 1.6047 1.6769 4.2194 18.9661 1.7417 47.3485 -7.3640 -1.8574
Car -1 -1 -7.4517 422.0271 183.0340 453.3566 200.1030 1.5788 1.6464 3.8058 -16.9730 2.6108 71.1538 -7.6854 -2.0247
Car -1 -1 -7.4021 1167.2629 186.6765 1241.0000 223.5581 1.6204 1.5784 3.2896 28.1872 2.3015 34.1633 -6.7170 -2.4963
Car -1 -1 -5.5092 997.4901 179.2886 1069.8787 205.6387 1.5742 1.5918 4.0324 27.0750 2.0062 46.3144 -4.9834 -2.5390
Car -1 -1 -7.9902 919.7197 184.5607 965.1022 216.0459 1.5333 1.6577 4.1310 17.8604 2.2018 39.0027 -7.5642 -2.6263
Car -1 -1 -4.4032 169.0005 190.9292 216.5763 218.0549 1.6423 1.6434 3.9491 -28.0604 2.9120 48.5923 -4.9247 -2.7689
Car -1 -1 -5.2512 951.5394 177.7699 1010.0028 203.2903 1.4790 1.6186 3.4909 22.6639 1.7928 44.3061 -4.7815 -2.9905
Car -1 -1 -5.2580 961.6490 179.5557 1022.7150 204.1533 1.6255 1.7351 4.4942 27.0120 2.1223 51.2302 -4.7756 -3.3150
Car -1 -1 -4.6307 723.3701 181.5739 746.0894 201.2164 1.5705 1.5933 4.1421 10.6960 2.3443 61.8510 -4.4607 -3.5167
Car -1 -1 -4.6830 347.9254 187.4994 370.4357 207.3326 1.5431 1.6954 4.4679 -21.5552 2.8506 62.0456 -5.0164 -3.5460
Car -1 -1 -4.8669 410.9451 183.8257 433.9895 200.0841 1.4929 1.6195 3.8941 -18.5496 2.6075 71.2083 -5.1211 -3.6776
Car -1 -1 -4.5578 663.1030 179.6556 701.5542 207.2393 1.4405 1.5840 3.9314 4.1000 1.8448 40.8191 -4.4590 -3.9202
Car -1 -1 -4.7929 581.3124 178.8172 601.2130 195.8367 1.4755 1.5205 3.6317 -1.7535 2.0343 65.7629 -4.8199 -3.9256
Car -1 -1 -4.8059 178.7662 179.7020 218.2161 213.6452 1.9770 1.7479 4.4274 -25.8915 2.4284 45.2745 -5.3231 -3.9926
Car -1 -1 -4.6160 899.0719 178.3395 928.6940 200.4360 1.4487 1.5752 3.5510 21.1365 1.8448 50.2031 -4.2200 -4.0259
Car -1 -1 -8.0452 722.3302 177.9760 753.5417 200.0616 1.6079 1.6322 3.9280 9.7570 2.0151 55.4255 -7.8724 -4.0790
Car -1 -1 -4.8910 614.8362 174.5847 649.6783 197.5715 1.5049 1.6571 4.2942 1.4569 1.6295 49.8240 -4.8624 -4.1096
Car -1 -1 -4.9166 1036.5303 181.4089 1075.0244 202.7559 1.5651 1.7555 4.1942 35.1217 2.2674 56.9906 -4.3671 -4.2789
Car -1 -1 -8.6431 950.1875 178.6812 1049.0297 213.7870 1.6111 1.7211 4.4291 19.4174 1.9229 36.2701 -8.1554 -4.5051
Car -1 -1 -3.2154 237.6787 194.1449 350.2499 236.9689 1.4918 1.6377 3.9541 -12.4761 2.3786 28.4167 -3.6261 -4.5756
Car -1 -1 -5.6356 0.0000 197.4149 106.6247 237.8077 1.5393 1.6455 3.7431 -22.9855 2.5676 29.3712 -6.2954 -4.7672
Car -1 -1 -7.8438 550.6738 180.7441 567.1946 193.8795 1.2047 1.5591 3.3033 -4.9508 1.9874 69.9070 -7.9146 -4.9059
Car -1 -1 -4.5549 473.1045 182.3532 501.3059 203.3308 1.5986 1.6568 4.0229 -9.9993 2.3994 58.8334 -4.7229 -5.2398
Car -1 -1 -4.8812 602.7827 177.7038 632.5542 198.0133 1.4466 1.6172 3.8148 0.5126 1.8252 54.3663 -4.8722 -5.2440
Car -1 -1 -4.4729 497.6278 178.9335 535.0596 203.5834 1.6593 1.6817 4.3822 -6.7211 2.1160 51.9621 -4.6013 -5.3916
Car -1 -1 -4.9583 490.0180 182.6194 521.5823 201.8714 1.4786 1.6307 4.1358 -8.7098 2.3189 59.8916 -5.1025 -5.4207
Car -1 -1 -5.4642 1118.9836 183.0210 1228.3748 218.1532 1.6237 1.6844 4.6667 28.8066 2.1806 37.1420 -4.8089 -5.5354
Car -1 -1 -8.0015 532.4536 178.0466 553.2837 192.2701 1.3205 1.4620 3.9385 -6.6126 1.8433 70.5986 -8.0949 -5.5938
Car -1 -1 -5.9843 734.8060 176.2524 789.4626 201.9715 1.8210 1.6995 3.5980 11.1671 2.0785 53.1265 -5.7787 -5.6531
Car -1 -1 -4.9033 449.0038 181.5202 482.0789 204.1859 1.5417 1.6435 4.0056 -10.6558 2.2027 52.8975 -5.1015 -5.8057
Car -1 -1 -4.8383 548.3668 177.7418 573.7157 196.0563 1.3927 1.5431 3.9746 -3.9998 1.8001 58.0886 -4.9071 -5.8084
Car -1 -1 -4.7409 1102.8602 174.2489 1129.4387 193.7004 1.5310 1.6571 3.9948 41.4772 1.6493 59.2204 -4.1326 -5.8867
Car -1 -1 -4.2608 482.1842 178.8710 525.6057 199.4207 1.4498 1.6366 4.0407 -7.9707 1.9208 54.3490 -4.4061 -5.8867
Car -1 -1 -4.7954 1160.7094 172.4288 1195.3489 193.8575 1.5046 1.6485 3.9964 41.4745 1.4744 52.7856 -4.1324 -5.8867
Car -1 -1 -4.6878 514.3939 179.6592 535.0399 198.3313 1.4529 1.6006 3.9434 -7.0490 2.0346 59.6673 -4.8052 -5.8867
Car -1 -1 -4.7036 1068.8823 173.6126 1091.7610 191.1218 1.4888 1.6462 3.9922 41.4752 1.5576 63.6541 -4.1285 -5.8867
Car -1 -1 -4.7605 1123.0775 173.2138 1152.3047 193.1407 1.5081 1.6512 3.9953 41.4754 1.5372 56.8077 -4.1326 -5.8867
Car -1 -1 -4.9164 1002.5512 176.2971 1040.5524 197.8380 1.5032 1.6501 3.9492 30.2389 1.7668 53.1657 -4.4020 -5.8867
Car -1 -1 -4.7175 385.9139 182.5685 406.5064 201.6411 1.5133 1.6335 4.0143 -18.2861 2.3715 61.6059 -5.0052 -5.8871
Car -1 -1 -4.4395 1056.2885 187.6510 1110.7583 221.6981 1.7027 1.5271 3.8572 25.9356 2.5511 39.5374 -3.8630 -5.9258
Car -1 -1 -5.0974 699.1068 171.8009 751.8080 197.4253 1.4279 1.6675 3.9786 6.6741 1.3689 42.3348 -4.9425 -5.9374
Car -1 -1 -8.1008 561.0217 177.1094 588.0977 193.3171 1.5096 1.6705 4.1821 -3.5209 1.9390 70.6250 -8.1508 -6.2425
Car -1 -1 -5.0521 510.1382 179.7154 540.4417 195.2974 1.3814 1.5738 4.0517 -8.0393 2.0487 68.0383 -5.1697 -7.4805
