Car -1 -1 -4.3139 238.5585 186.8735 370.3633 248.7257 1.3852 1.6714 4.3119 -8.0283 1.8020 19.3034 -4.7036 6.7789
Car -1 -1 -4.5070 441.7557 178.8344 487.6473 206.0464 1.4539 1.7737 4.1796 -8.3415 1.8155 41.5693 -4.7042 4.1187
Car -1 -1 -5.3630 395.9053 180.8573 455.7875 204.8525 1.5129 1.6257 4.3411 -12.5175 2.0760 48.8027 -5.6132 -1.5731
Car -1 -1 -4.5428 64.6374 192.1203 111.8600 219.3129 1.4591 1.6447 4.2099 -31.8942 2.6981 44.1603 -5.1656 -1.7311
Car -1 -1 -4.3407 315.0758 178.6425 373.6740 207.8210 1.5207 1.6860 4.1624 -14.8764 1.8624 40.5358 -4.6907 -2.0694
Car -1 -1 -5.1374 0.0000 201.8755 52.4136 235.6828 1.5209 1.6362 3.7174 -30.3518 3.0588 36.6875 -5.8251 -2.5287
Car -1 -1 -4.3659 305.5909 172.3142 336.9270 189.0887 1.5053 1.5732 3.5382 -26.6114 1.4566 66.5431 -4.7452 -2.7307
Car -1 -1 -3.5595 307.2527 174.4988 365.2513 194.3094 1.6840 1.7387 4.4827 -24.2249 1.8343 63.8918 -3.9208 -2.9074
Car -1 -1 -2.7666 562.6418 178.2556 655.1918 212.0298 1.4754 1.5993 3.9825 -0.0906 1.7365 33.4572 -2.7699 -3.2580
Car -1 -1 -4.7338 621.9488 177.8200 646.7210 202.2484 1.5798 1.6025 3.9500 1.6019 1.9335 49.4528 -4.7021 -3.4585
Car -1 -1 -4.6172 688.6152 194.6851 719.3209 220.5488 1.4517 1.5989 3.6512 5.9593 2.8951 45.7598 -4.4893 -3.6272
Car -1 -1 -5.0845 599.5296 177.4795 637.4451 198.7831 1.4710 1.6221 3.4182 0.5533 1.8196 52.5275 -5.0745 -3.7348
Car -1 -1 -4.7105 479.7180 177.7019 509.3514 205.0269 1.4816 1.6212 3.8665 -6.7338 1.7764 41.8810 -4.8693 -3.7392
Car -1 -1 -4.7750 610.6195 176.3693 631.3536 194.0538 1.6261 1.7223 4.2748 1.0067 1.9745 69.3887 -4.7609 -3.7724
Car -1 -1 -7.2448 158.5885 182.3863 270.4234 225.8184 1.4745 1.6989 4.0866 -15.0002 1.8664 27.5569 -7.7395 -3.9326
Car -1 -1 -4.1276 20.0815 199.3872 101.8949 232.4023 1.5053 1.5706 3.8241 -28.8414 2.9743 37.9994 -4.7736 -4.1462
Car -1 -1 -4.5485 620.8297 177.3193 652.9281 200.0681 1.5912 1.6968 4.3987 2.0155 1.9377 53.7074 -4.5117 -4.1898
Car -1 -1 -4.3188 624.4917 180.2871 660.8372 201.7268 1.5938 1.5526 3.7597 2.5913 2.2025 57.0803 -4.2742 -4.3227
Car -1 -1 -4.9490 278.4596 175.0504 314.7345 194.8361 1.5573 1.7346 4.5440 -25.9654 1.7456 59.6452 -5.3582 -4.4024
Car -1 -1 -4.8711 352.6558 184.8232 380.4969 203.3424 1.6410 1.8175 4.7730 -23.5833 2.8398 69.7491 -5.1963 -4.5375
Car -1 -1 -7.7010 639.5364 176.4853 682.2358 208.5772 1.5314 1.6038 3.9742 2.6237 1.7281 37.0250 -7.6314 -4.5813
Car -1 -1 -4.7762 275.8182 180.1027 331.9765 221.0472 1.4177 1.7322 4.7108 -12.1431 1.7274 28.3603 -5.1777 -4.8458
Car -1 -1 -5.0238 17.8385 195.7232 81.0660 226.8153 1.5833 1.6578 4.2170 -32.2058 2.9540 41.3792 -5.6822 -4.8593
Car -1 -1 -4.5755 873.1462 201.1474 915.9781 235.9521 1.5812 1.6140 3.8650 15.0820 3.1621 38.2431 -4.2034 -4.9504
Car -1 -1 -4.4530 436.2594 180.7805 465.1701 199.2265 1.5232 1.5594 3.7535 -13.9232 2.2374 63.1302 -4.6696 -5.1540
Car -1 -1 -4.1214 298.3707 183.3494 362.4394 214.3208 1.4632 1.5129 3.2408 -14.3227 2.0269 37.0216 -4.4885 -5.3032
Car -1 -1 -4.3597 242.4227 184.6778 285.9005 208.3233 1.5539 1.5579 3.8376 -24.5994 2.4281 51.3831 -4.8045 -5.3269
Car -1 -1 -4.9907 529.2706 175.8670 566.2366 195.8726 1.4720 1.7176 4.3981 -4.9177 1.7161 56.1628 -5.0780 -5.3565
Car -1 -1 -4.9477 526.3148 179.5354 550.2260 196.0257 1.4385 1.4437 3.3296 -6.6269 2.0682 66.2195 -5.0474 -5.3644
Car -1 -1 -5.4831 71.0572 194.9348 153.7202 223.2672 1.5440 1.7417 3.9676 -29.3251 2.8826 42.5073 -6.0843 -5.3839
Car -1 -1 -4.7498 920.6723 193.8383 944.3148 214.6163 1.3817 1.4622 3.5898 24.0006 3.0035 53.8348 -4.3331 -5.4618
Car -1 -1 -4.8069 503.7177 178.4472 532.5209 198.3753 1.4519 1.8300 4.1529 -7.2014 1.9034 56.0474 -4.9344 -5.5076
Car -1 -1 -7.8503 286.8217 182.3250 342.0542 229.5948 1.4175 1.6054 3.2399 -9.9233 1.7580 24.1617 -8.2366 -5.5404
Car -1 -1 -4.6515 879.9266 196.9390 912.6570 226.8306 1.5666 1.6078 3.6912 17.0837 3.0711 43.0699 -4.2771 -5.5599
Car -1 -1 -3.9454 327.6966 184.7715 382.7611 208.5853 1.6066 1.5813 3.8353 -18.6280 2.5130 52.8247 -4.2832 -5.6104
Car -1 -1 -5.0537 574.2225 176.4812 615.0101 197.9325 1.4039 1.5825 3.9783 -1.1440 1.6662 50.0876 -5.0769 -5.6115
Car -1 -1 -4.6332 437.6480 177.5923 464.9265 197.5510 1.3913 1.6390 4.3762 -11.7892 1.7583 53.6581 -4.8488 -5.7204
Car -1 -1 -4.5620 318.9987 180.5919 366.7289 217.6922 1.6439 1.5922 3.8906 -12.8927 2.0400 34.8975 -4.9138 -5.7251
Car -1 -1 -5.0795 781.6072 186.5428 948.8221 272.0852 1.3619 1.6588 4.1425 4.7611 1.6725 14.2750 -4.7647 -5.7325
Car -1 -1 -5.0595 711.4564 179.2106 832.8092 250.5859 1.5603 1.7151 3.8914 3.8833 1.7383 18.1850 -4.8533 -5.8132
Car -1 -1 -4.5807 535.6544 177.4635 569.5253 201.4626 1.3594 1.5256 4.0818 -3.4695 1.6519 43.7485 -4.6598 -5.8650
Car -1 -1 -4.5317 472.4396 178.7039 504.4913 199.7438 1.4154 1.5808 3.9252 -8.6804 1.8495 51.6101 -4.6978 -5.8867
Car -1 -1 -4.6333 551.9703 177.2516 574.6512 194.8101 1.3799 1.5694 3.9110 -3.8554 1.7552 59.6558 -4.6979 -5.8867
Car -1 -1 -4.5004 447.8214 178.0798 481.7802 198.8696 1.3903 1.5731 3.9156 -10.2904 1.7751 51.2100 -4.6980 -5.8867
Car -1 -1 -3.5047 0.0000 190.8676 0.0000 374.0000 1.4966 1.6045 3.9549 -7.0820 1.6091 2.5303 -4.6975 -5.8867
Car -1 -1 -4.6001 365.2058 178.5050 391.3105 196.1409 1.4168 1.6451 4.3731 -19.8152 1.9182 61.7491 -4.9097 -5.8971
Car -1 -1 -4.6409 564.2253 177.9272 593.6107 202.4505 1.3909 1.5124 3.7664 -1.8764 1.7106 43.6141 -4.6841 -5.9256
Car -1 -1 -4.6392 880.2863 191.9409 906.9699 214.1161 1.5241 1.6362 3.8619 21.7326 3.0419 55.2937 -4.2672 -6.1097
Car -1 -1 -5.1025 861.1379 187.7956 895.2638 205.6273 1.5351 1.6118 3.9122 24.9963 2.9722 67.4262 -4.7495 -6.3049
