Car -1 -1 -4.1850 21.8808 197.8178 253.9839 301.8389 1.4349 1.5818 4.1332 -8.2516 1.9580 13.0427 -4.7402 5.7092
Car -1 -1 -4.4593 352.4721 179.5064 428.6420 229.2708 1.7650 1.7942 4.4894 -8.5852 2.0482 28.4763 -4.7500 5.4501
Car -1 -1 -4.5014 445.6581 184.5550 486.5480 211.3266 1.5567 1.7294 4.0696 -9.1096 2.3322 45.7937 -4.6971 2.7659
Car -1 -1 -4.6262 480.6370 183.2601 505.3853 203.8324 1.5644 1.6743 3.7382 -9.5176 2.4390 58.7420 -4.7866 1.7267
Car -1 -1 -7.4748 1154.2162 190.1759 1241.0000 374.0000 1.4276 1.6022 3.6086 5.7737 1.5811 5.0159 -6.6486 -1.6315
Car -1 -1 -4.3050 822.7505 169.0799 919.8167 229.0288 1.7657 1.6487 3.5962 8.3783 1.6543 23.1297 -3.9621 -1.7907
Car -1 -1 -4.7768 475.7189 180.9968 514.8476 214.0988 1.5152 1.6690 4.2639 -5.8793 1.9513 36.4050 -4.9363 -1.8309
Car -1 -1 -4.8683 520.2404 179.7786 545.7281 198.1806 1.5139 1.6382 3.7839 -6.7696 2.1371 62.9333 -4.9754 -1.9863
Car -1 -1 -5.4182 483.8332 180.3977 540.5219 204.7530 1.5474 1.6246 3.9668 -6.6988 2.0792 48.9646 -5.5538 -2.1754
Car -1 -1 -4.0435 118.1195 180.4763 199.5640 212.3989 1.5895 1.6057 3.9736 -24.3046 2.0228 38.9789 -4.5982 -2.1953
Car -1 -1 -4.0067 467.7346 183.5622 533.0290 209.9842 1.3910 1.5996 3.8792 -6.3212 2.0407 41.7318 -4.1566 -2.2836
Car -1 -1 -4.8718 812.8105 175.0174 842.6951 196.9978 1.7548 1.7503 4.0554 18.0824 1.9412 60.1473 -4.5815 -2.4519
Car -1 -1 -4.6306 423.0488 186.1354 442.8076 202.8080 1.5314 1.5955 3.8006 -17.5296 2.8835 71.4666 -4.8706 -2.9569
Car -1 -1 -4.3446 531.9250 177.8896 567.9798 197.9749 1.6887 1.8330 4.1128 -5.3077 2.1508 64.0159 -4.4274 -3.0481
Car -1 -1 -2.6576 465.4693 183.4207 534.2935 208.5942 1.4871 1.6430 3.9556 -6.9325 2.1701 45.2390 -2.8093 -3.3599
Car -1 -1 -8.0934 396.8778 176.9958 424.6711 196.5749 1.8378 1.7150 4.0619 -19.6066 2.2568 70.8462 -8.3627 -3.5066
Car -1 -1 -4.9819 667.7697 178.2251 700.3717 197.1384 1.5034 1.6679 4.1917 6.1743 1.9722 60.8128 -4.8816 -3.6134
Car -1 -1 -6.2655 727.0863 176.9101 806.2521 204.6902 1.5000 1.6652 4.2695 8.7706 1.7354 40.6322 -6.0548 -4.1232
Car -1 -1 -8.0739 609.7123 180.7455 633.4880 193.8278 1.1547 1.5401 3.2958 1.0418 1.9130 67.5907 -8.0589 -4.4385
Car -1 -1 -4.8490 676.9680 175.3060 704.9374 197.5233 1.6697 1.6374 4.0560 6.2981 1.8691 56.7274 -4.7394 -4.4662
Car -1 -1 -6.7182 835.9441 175.2838 952.1836 223.7379 1.6168 1.6418 3.3854 9.7797 1.7042 25.1040 -6.3513 -4.4904
Car -1 -1 -2.6939 215.7941 194.2610 405.2472 255.2232 1.3592 1.6640 3.9671 -7.3076 1.9125 17.7070 -3.0805 -4.5810
Car -1 -1 -4.6196 403.5676 189.0595 432.2932 212.4280 1.7498 1.8890 4.4472 -15.8537 3.1417 59.6357 -4.8788 -4.6793
Car -1 -1 -4.6182 523.0601 178.7551 546.5381 198.7944 1.5876 1.6343 3.2938 -6.2306 2.0899 59.7939 -4.7220 -4.8115
Car -1 -1 -7.4074 181.4160 194.6359 259.7623 231.0573 1.5043 1.7117 3.9778 -18.4142 2.5989 34.2469 -7.8978 -4.8487
Car -1 -1 -4.5314 801.9345 181.9732 825.9047 198.0171 1.4700 1.6317 3.6114 19.8817 2.3837 70.3419 -4.2575 -5.2910
Car -1 -1 -4.7056 351.8472 176.2004 371.3342 199.0882 2.0618 1.6844 4.3360 -23.4124 2.3877 68.0024 -5.0363 -5.3289
Car -1 -1 -4.9363 558.8566 176.7507 593.9274 197.7242 1.3921 1.6075 4.0249 -2.4414 1.6781 50.8473 -4.9844 -5.4228
Car -1 -1 -4.3416 451.5344 182.0027 489.2742 202.1659 1.5506 1.6907 4.0995 -11.5122 2.3337 59.6228 -4.5319 -5.4499
Car -1 -1 -8.7004 742.8027 173.8973 788.7902 197.3092 2.0954 1.6678 4.0839 14.3886 2.1949 66.9058 -8.4899 -5.6183
Car -1 -1 -4.3730 357.2651 181.9553 409.6702 211.4364 1.5272 1.6477 3.7390 -12.6697 2.0610 40.4481 -4.6750 -5.8587
Car -1 -1 -5.1082 811.1581 175.8358 882.8276 210.1083 1.4413 1.6428 4.0314 10.6294 1.5850 32.7833 -4.7978 -5.8622
Car -1 -1 -4.8438 437.5161 184.9454 464.0943 205.9214 1.6295 1.6663 4.0476 -13.4602 2.6840 60.7587 -5.0613 -5.8669
Car -1 -1 -4.8347 608.0067 178.6342 637.4288 199.5379 1.4083 1.6040 4.2523 0.8453 1.8425 52.0279 -4.8190 -5.8769
Car -1 -1 -4.2039 375.1281 181.8593 427.4043 205.6437 1.4707 1.6365 3.9691 -13.9536 2.1002 48.3399 -4.4838 -5.8867
Car -1 -1 -4.7510 580.5496 178.0947 603.3625 197.6833 1.4153 1.5864 3.9808 -1.4409 1.8311 55.2586 -4.7774 -5.8867
Car -1 -1 -4.6444 377.2222 182.6324 404.6818 204.3404 1.4578 1.6442 3.9342 -15.9132 2.1968 52.4501 -4.9379 -5.9246
Car -1 -1 -7.8182 667.3210 177.8429 688.5715 196.1716 1.5705 1.7689 4.1598 6.1447 2.0359 65.1852 -7.7250 -5.9447
Car -1 -1 -4.1910 499.0266 180.2557 545.9801 201.4204 1.5292 1.6741 4.3622 -6.7760 2.1283 56.0989 -4.3111 -6.1290
Car -1 -1 -4.5874 513.7858 181.6031 541.7993 203.2249 1.4144 1.4780 3.9679 -5.7812 2.0543 50.8049 -4.7006 -6.1514
Car -1 -1 -4.9095 506.6203 183.8046 533.5497 202.4691 1.4229 1.4967 3.7047 -7.4490 2.3534 59.3403 -5.0343 -6.1981
Car -1 -1 -4.8796 374.4622 183.1844 404.3621 204.0314 1.5534 1.6480 4.0653 -17.8247 2.4165 58.1187 -5.1762 -6.3552
Car -1 -1 -4.6710 611.2145 177.1750 630.4208 195.9155 1.5646 1.5322 3.5410 0.9420 1.9517 62.8836 -4.6565 -6.5694
