Car -1 -1 -4.8647 633.2891 180.6461 676.3379 211.8829 1.4406 1.5696 3.9215 2.1593 1.8543 36.3126 -4.8064 -0.7089
Car -1 -1 -4.7905 614.5898 182.3171 640.7304 204.9583 1.4853 1.5703 3.2127 1.1728 2.1670 50.3572 -4.7679 -1.6429
Car -1 -1 -5.1029 623.7719 179.4772 682.2751 209.7957 1.5372 1.6874 4.3536 2.2714 1.9249 39.9364 -5.0471 -1.7670
Car -1 -1 -8.0317 656.3644 178.0364 691.4480 204.0211 1.5928 1.6353 3.6817 4.0775 1.9430 46.8979 -7.9460 -2.7495
Car -1 -1 -5.1387 604.2463 182.9086 656.4846 209.3178 1.4435 1.5976 4.0263 1.1292 2.0760 43.2512 -5.1134 -2.8434
Car -1 -1 -4.7221 639.4278 179.1315 663.8848 202.9221 1.5288 1.6061 3.9350 2.7966 1.9759 49.4256 -4.6664 -3.1131
Car -1 -1 -7.6163 392.7223 183.2468 419.3328 201.1061 1.6370 1.6361 3.8495 -19.8746 2.6784 70.3645 -7.8909 -3.4582
Car -1 -1 -4.8385 600.8740 181.9449 624.5467 200.4850 1.5178 1.5920 3.8290 0.1835 2.3368 63.0280 -4.8361 -3.8659
Car -1 -1 -4.5713 589.8654 179.2469 617.2724 202.1737 1.7825 1.6679 4.3957 -0.5182 2.3311 59.6627 -4.5804 -3.9770
Car -1 -1 -7.2430 204.8517 195.0361 286.1963 226.7766 1.4129 1.6922 4.1126 -18.7705 2.6255 37.2943 -7.7067 -4.0880
Car -1 -1 -6.6923 816.7499 177.8731 1030.9114 262.4287 1.4169 1.4986 3.1932 5.4767 1.5122 12.9619 -6.3015 -4.2414
Car -1 -1 -3.1468 846.8444 192.4041 944.8064 233.7266 1.6304 1.7469 3.8596 12.3359 2.5216 31.3972 -2.7764 -4.6272
Car -1 -1 -4.6864 1137.7255 167.6728 1180.7136 200.5993 1.4954 1.5673 3.6284 26.3825 1.2598 34.6774 -4.0403 -4.7131
Car -1 -1 -8.5348 1136.0964 196.7553 1241.0000 374.0000 1.5012 1.5281 3.7418 3.9037 1.6637 2.9285 -7.6557 -4.7395
Car -1 -1 -4.2677 284.9496 185.7297 341.9268 210.2842 1.4015 1.6999 4.1505 -18.6675 2.2515 45.5289 -4.6551 -4.8078
Car -1 -1 -2.1574 0.0000 207.5977 98.8807 245.3233 1.5255 1.6677 4.1244 -25.9421 3.1985 33.2987 -2.8156 -4.8871
Car -1 -1 -7.9334 603.6780 178.1805 638.7198 209.3749 1.5733 1.5873 3.7550 0.5224 1.8750 38.9762 -7.9207 -5.0210
Car -1 -1 -7.9755 1038.9475 191.4693 1157.9397 271.6035 1.4715 1.7188 3.6408 10.7465 1.9410 16.1973 -7.3989 -5.1222
Car -1 -1 -7.5644 1136.9098 170.0123 1236.0088 217.3442 1.4768 1.6482 3.6496 19.3432 1.3879 24.2381 -6.8971 -5.1429
Car -1 -1 -2.9572 567.3074 181.5605 627.8373 201.7367 1.3871 1.5741 4.1176 -0.9026 2.0240 51.6867 -2.9751 -5.1901
Car -1 -1 -4.8008 603.7148 183.6770 623.8743 201.2127 1.5244 1.5544 3.5357 0.3063 2.5536 66.8059 -4.7967 -5.2932
Car -1 -1 -5.1141 616.9167 179.0004 657.1121 197.3617 1.4321 1.6916 4.5892 2.1833 1.9668 60.3589 -5.0785 -5.4301
Car -1 -1 -4.9458 362.5246 187.8422 403.0443 214.2646 1.6423 1.7087 4.3229 -15.7364 2.7230 49.7445 -5.2510 -5.5693
Car -1 -1 -4.9090 713.4028 176.8418 779.5873 216.6629 1.3624 1.6454 4.1251 5.0018 1.5238 27.1781 -4.7295 -5.5721
Car -1 -1 -5.1590 520.0871 180.4968 563.9141 205.4479 1.6173 1.6162 3.6056 -4.7717 2.1667 49.9326 -5.2542 -5.5803
Car -1 -1 -4.7133 412.6024 187.5815 430.7744 206.5401 1.6729 1.6277 3.4495 -17.8855 3.1080 68.4538 -4.9684 -5.5992
Car -1 -1 -4.8610 527.1771 180.9734 557.3607 204.2228 1.5971 1.6377 3.9736 -5.0576 2.2191 53.1764 -4.9559 -5.7013
Car -1 -1 -4.1398 1070.6263 175.6012 1191.9015 223.5462 1.5777 1.7015 3.7795 18.2996 1.6798 25.4054 -3.5215 -5.7099
Car -1 -1 -4.6302 450.9976 182.7146 481.5983 209.8551 1.6637 1.6715 3.8772 -9.4942 2.3432 47.7202 -4.8259 -5.7263
Car -1 -1 -4.4172 570.0567 179.9083 610.0242 201.3725 1.4897 1.7195 4.6637 -1.4718 2.0433 54.1797 -4.4447 -5.7374
Car -1 -1 -5.1581 739.7975 177.5814 841.0996 222.9370 1.3497 1.6442 4.0968 5.8511 1.5215 24.0996 -4.9233 -5.7456
Car -1 -1 -4.5152 574.3722 179.4064 601.6019 197.2128 1.4681 1.6085 4.1458 -1.9178 2.0622 63.2710 -4.5458 -5.7605
Car -1 -1 -4.6344 400.5766 184.2820 429.7531 209.8386 1.6314 1.6470 3.9773 -13.5037 2.4572 50.0492 -4.8970 -5.7927
Car -1 -1 -4.0482 0.0000 188.3996 12.0294 308.8061 1.4623 1.5911 4.2547 -11.9724 1.7584 11.5453 -4.8402 -5.7956
Car -1 -1 -4.8241 549.5756 178.8527 577.7774 200.6924 1.4831 1.6055 3.8805 -3.4147 1.9336 52.1767 -4.8895 -5.8152
Car -1 -1 -5.0149 621.6531 180.1095 657.1809 199.8467 1.4417 1.6317 4.0696 2.2320 2.0313 56.4825 -4.9761 -5.8282
Car -1 -1 -4.3278 433.8310 184.6090 476.5923 206.5731 1.5029 1.6871 4.1548 -11.5377 2.4165 53.9084 -4.5381 -5.8441
Car -1 -1 -7.8473 0.0000 0.0000 1110.4852 374.0000 1.5409 1.5902 3.8052 -0.1043 1.5935 0.9967 -7.9398 -5.8867
Car -1 -1 -4.6149 537.1976 179.7064 562.6316 199.6864 1.4591 1.5943 3.9429 -4.6597 2.0098 56.0350 -4.6979 -5.8867
Car -1 -1 -6.7852 0.0000 0.0000 1241.0000 374.0000 1.5445 1.5881 3.8033 -2.9053 1.6450 1.0042 -7.9390 -5.8867
Car -1 -1 -4.4763 557.7233 180.5628 587.8867 199.5161 1.4781 1.6431 3.8908 -3.0822 2.1410 60.0105 -4.5278 -5.8867
Car -1 -1 -3.4940 0.0000 190.1465 0.0000 374.0000 1.4961 1.6034 3.9560 -6.2788 1.5946 2.1314 -4.6978 -5.8867
Car -1 -1 -4.9787 816.4764 173.1219 902.5244 222.3915 1.4371 1.5901 3.8994 7.8065 1.4461 23.0581 -4.6567 -5.8867
Car -1 -1 -4.4192 574.8157 179.4221 604.0253 196.4059 1.4942 1.6412 3.9916 -1.9053 2.1258 67.2773 -4.4478 -5.8867
Car -1 -1 -8.7978 0.0000 0.0000 1144.2913 374.0000 1.5380 1.5885 3.8045 1.5035 1.5676 0.9972 -7.9398 -5.8867
Car -1 -1 -7.9581 318.4309 170.4054 343.0273 192.2785 2.0676 1.8029 4.3262 -27.3479 1.8358 70.5414 -8.3269 -5.9110
Car -1 -1 -5.9676 1184.5521 0.0000 1241.0000 374.0000 1.5283 1.7782 4.7971 5.3948 1.3501 2.9480 -4.9382 -6.1279
Car -1 -1 -7.7443 293.4496 174.5919 328.7644 203.3771 1.8164 1.7268 4.1019 -19.8658 1.9371 48.0080 -8.1350 -6.3405
