Car -1 -1 -2.7262 207.2229 189.1446 300.2461 218.9137 1.5119 1.6336 4.1492 -19.0054 2.4019 38.5306 -3.1821 0.0660
Car -1 -1 -4.7501 639.8086 180.7556 666.4165 204.7992 1.5305 1.6530 3.9601 2.8731 2.0913 49.2376 -4.6927 -1.3786
Car -1 -1 -4.6532 689.6714 181.9637 718.4895 207.3521 1.5200 1.6235 4.1914 6.1323 2.1410 46.9952 -4.5248 -2.0956
Car -1 -1 -3.6779 272.8773 187.8465 335.7571 215.0076 1.5445 1.5503 3.2567 -18.9582 2.5109 44.7543 -4.0768 -2.6594
Car -1 -1 -4.6124 708.9587 184.7541 740.9860 210.9609 1.5357 1.6495 3.9985 7.3935 2.3356 46.3722 -4.4559 -2.9184
Car -1 -1 -4.2907 401.0811 181.2895 435.9434 200.4580 1.7408 1.6983 4.1589 -18.4561 2.5803 69.6440 -4.5492 -2.9763
Car -1 -1 -7.4787 289.8672 185.1771 350.8707 215.0650 1.5237 1.6977 4.4031 -16.3240 2.2580 40.8063 -7.8573 -3.0107
Car -1 -1 -4.4413 394.0363 183.2528 428.9998 204.6831 1.5590 1.6579 3.8505 -15.4653 2.3977 56.2888 -4.7086 -3.3985
Car -1 -1 -5.0877 733.1208 186.3450 779.3549 211.8549 1.4452 1.5496 3.7300 9.0186 2.3220 44.9373 -4.8915 -3.4579
Car -1 -1 -4.3029 172.8690 191.0666 243.0075 225.1715 1.5221 1.6563 3.9239 -20.2269 2.4920 36.4046 -4.8073 -3.5826
Car -1 -1 -4.5521 418.1489 184.0695 445.9034 203.3421 1.5345 1.6479 4.3846 -15.3533 2.5380 62.3226 -4.7930 -3.6887
Car -1 -1 -4.7511 623.8027 179.3788 653.5565 208.3118 1.5494 1.5486 3.7194 1.5679 1.9397 41.3390 -4.7140 -3.8159
Car -1 -1 -4.6255 633.5125 180.6817 665.8059 207.6516 1.5313 1.6380 4.1001 2.4458 2.0355 44.3569 -4.5714 -3.9059
Car -1 -1 -4.2599 597.4608 181.2921 648.0198 206.5484 1.4591 1.6363 3.8820 0.8110 2.0119 45.1903 -4.2427 -3.9073
Car -1 -1 -4.8720 615.6984 179.5244 648.4335 203.8187 1.5618 1.6260 3.9924 1.4430 2.0395 49.6170 -4.8436 -4.0200
Car -1 -1 -4.8093 619.0532 177.4050 657.7363 211.1567 1.6342 1.6170 3.9868 1.3855 1.8835 37.5250 -4.7733 -4.1291
Car -1 -1 -4.6245 292.8720 197.6197 317.6967 218.8799 1.5942 1.5989 3.8747 -25.7762 3.7615 61.0618 -5.0228 -4.3936
Car -1 -1 -8.0156 658.8685 178.1320 718.5333 222.1145 1.5643 1.6683 4.0240 2.9515 1.7855 28.2147 -7.9132 -4.4535
Car -1 -1 -4.6810 644.0165 181.2334 674.4637 209.6700 1.4822 1.6028 3.8338 2.7833 1.9784 40.7656 -4.6139 -4.4791
Car -1 -1 -7.6803 642.3489 179.8577 685.0536 211.5592 1.5111 1.5902 3.6913 2.7804 1.8917 37.2536 -7.6070 -4.7233
Car -1 -1 -4.3048 760.5435 183.9960 804.1673 212.1263 1.6190 1.5002 3.1576 10.6435 2.3339 44.5997 -4.0726 -4.7341
Car -1 -1 -6.6385 378.9078 185.3787 436.8186 205.6341 1.5355 1.6697 4.2445 -16.5308 2.5926 58.9959 -6.9109 -4.7528
Car -1 -1 -4.4891 427.4834 180.4286 460.0715 201.0336 1.4974 1.6077 4.0328 -12.8687 2.1055 55.9365 -4.7146 -4.8191
Car -1 -1 -5.0832 452.2108 183.2993 483.6356 201.3446 1.5750 1.6193 3.7703 -13.3071 2.5789 67.3451 -5.2779 -4.8612
Car -1 -1 -4.6319 617.9741 181.7974 643.5455 203.1024 1.6079 1.7215 4.6672 1.7077 2.3675 58.8947 -4.6036 -5.0079
Car -1 -1 -4.9777 638.6587 176.8719 671.8389 199.3237 1.7431 1.6044 4.4144 3.6389 2.0852 59.1738 -4.9170 -5.0389
Car -1 -1 -4.4761 358.0161 186.0521 399.6972 208.4689 1.3828 1.7612 4.2447 -15.7487 2.3234 49.2577 -4.7844 -5.2174
Car -1 -1 -4.3732 460.5717 182.4656 507.6643 209.2747 1.6470 1.7124 4.4891 -8.4042 2.3224 48.3722 -4.5448 -5.3879
Car -1 -1 -7.8113 595.1393 178.6923 619.3292 199.2766 1.4211 1.6115 4.0003 -0.2000 1.8660 52.9949 -7.8155 -5.4609
Car -1 -1 -5.3495 549.1263 181.7586 593.2202 202.1223 1.5576 1.7148 3.7191 -3.2226 2.3086 58.8989 -5.4044 -5.4756
Car -1 -1 -4.3704 390.1577 181.0615 435.4904 205.1984 1.4582 1.6146 3.9503 -12.8183 2.0157 47.0036 -4.6356 -5.5057
Car -1 -1 -4.7399 465.3020 183.3502 486.0318 201.9461 1.5036 1.6628 4.0865 -11.7723 2.4508 62.9641 -4.9244 -5.5399
Car -1 -1 -4.8325 594.5696 180.4905 622.0074 201.4828 1.6007 1.7140 4.4488 -0.2061 2.2494 59.0140 -4.8365 -5.5442
Car -1 -1 -5.1511 748.2584 184.3184 893.4660 252.8103 1.3464 1.6320 4.1647 4.7560 1.6528 17.1093 -4.8852 -5.7074
Car -1 -1 -4.9367 815.7376 182.5495 981.9449 287.5530 1.3459 1.5837 3.7119 4.3442 1.5269 11.5480 -4.5862 -5.7848
Car -1 -1 -4.6069 485.0233 181.9736 510.7542 201.4792 1.4723 1.6428 4.0541 -9.0726 2.2369 58.4569 -4.7606 -5.8608
Car -1 -1 -4.3658 296.4064 190.5899 330.2475 211.2643 1.6939 1.6543 3.5987 -26.3334 3.3141 64.0939 -4.7545 -5.8673
Car -1 -1 -4.6242 543.4100 180.6894 570.2679 202.7123 1.4958 1.6058 3.9564 -3.8551 2.0862 52.4119 -4.6977 -5.8867
Car -1 -1 -4.6547 566.5076 179.2590 591.5136 200.6221 1.4580 1.5931 3.9419 -2.2473 1.9405 52.4135 -4.6978 -5.8867
Car -1 -1 -4.6488 564.0660 180.0712 585.3733 198.1416 1.4751 1.5980 3.9478 -3.0496 2.1195 62.4702 -4.6978 -5.8867
Car -1 -1 -4.5967 523.1642 181.4858 550.7185 203.1055 1.5113 1.6078 3.9606 -5.4614 2.1811 54.0205 -4.6974 -5.8867
Car -1 -1 -6.7023 0.0000 0.0000 1241.0000 374.0000 1.5585 1.5911 3.8073 -3.7084 1.7039 1.0034 -7.9389 -5.8867
Car -1 -1 -6.9168 0.0000 0.0000 1241.0000 374.0000 1.5541 1.5913 3.8069 -2.1012 1.6673 1.0037 -7.9391 -5.8867
Car -1 -1 -3.5046 0.0000 199.0824 0.0000 374.0000 1.5169 1.6095 3.9620 -7.0813 1.6810 2.5298 -4.6974 -5.8867
Car -1 -1 -4.4687 245.1936 182.3433 291.6119 207.9912 1.4499 1.6363 4.1360 -21.0771 2.0648 44.5950 -4.9082 -5.9910
Car -1 -1 -8.0542 367.5871 185.3991 395.4650 205.7776 1.5965 1.5838 3.4425 -19.2809 2.6852 60.7430 -8.3606 -6.1503
