Car -1 -1 -4.2418 53.8740 194.6669 213.5298 274.4939 1.4718 1.6858 3.0656 -10.2988 1.9975 15.7916 -4.8123 5.9120
Car -1 -1 -8.0979 428.6717 180.3960 472.4195 207.6707 1.4427 1.5551 3.8820 -9.2286 1.8969 41.4022 -8.3162 0.0712
Car -1 -1 -4.9066 624.1828 176.1914 658.2545 198.9589 1.5404 1.6702 4.0656 2.1567 1.7886 51.5819 -4.8655 -0.3243
Car -1 -1 -4.5698 926.2037 182.6716 955.6428 204.2863 1.6033 1.6108 3.8419 26.3401 2.4125 57.4379 -4.1423 -2.3526
Car -1 -1 -5.1799 800.8873 181.5312 849.7896 206.7484 1.5757 1.6201 3.7448 14.3668 2.1818 48.4406 -4.8937 -2.7294
Car -1 -1 -4.9403 747.1382 185.6510 780.9276 207.5469 1.5041 1.6503 3.7003 11.3729 2.4878 53.6132 -4.7329 -2.8305
Car -1 -1 -5.2894 699.1130 181.6353 737.0938 200.7273 1.6360 1.5666 3.8631 9.8030 2.4622 65.8280 -5.1427 -2.8468
Car -1 -1 -8.9238 844.6208 183.6978 924.7805 216.1190 1.5805 1.5678 3.6781 14.5141 2.1852 38.3535 -8.5652 -3.3679
Car -1 -1 -8.4028 722.5253 178.6792 759.6366 199.7061 1.6166 1.5689 3.0631 10.5051 2.0995 58.1340 -8.2253 -3.4930
Car -1 -1 -8.1459 549.7072 181.2217 575.8001 194.6858 1.2138 1.5797 3.4134 -4.5785 2.0384 69.2530 -8.2121 -3.6290
Car -1 -1 -4.8302 982.4506 182.8360 1016.0540 205.4533 1.4924 1.6478 3.9299 27.7677 2.2357 51.6203 -4.3396 -3.6897
Car -1 -1 -4.4041 313.1154 196.0446 360.6854 225.0562 1.5296 1.6401 3.5176 -16.1448 2.9600 42.7163 -4.7639 -3.7145
Car -1 -1 -6.4073 1057.8112 176.2041 1159.1982 211.1794 1.7472 1.6398 4.2205 26.1386 1.9315 38.0615 -5.8096 -4.0061
Car -1 -1 -4.1775 394.7042 186.0340 444.8441 209.6225 1.6811 1.8145 4.3686 -14.8322 2.7539 56.3980 -4.4339 -4.0785
Car -1 -1 -8.0010 297.5549 190.6497 342.1311 225.1669 1.5210 1.5680 3.2988 -14.3441 2.4409 35.4899 -8.3829 -4.2977
Car -1 -1 -5.0753 367.5528 185.1987 412.7639 208.2496 1.6250 1.8495 4.5380 -17.0537 2.6189 55.7529 -5.3711 -4.4079
Car -1 -1 -5.0789 677.6708 177.9395 730.5540 208.1356 1.4951 1.5543 3.6943 4.9071 1.7791 38.3703 -4.9532 -4.4973
Car -1 -1 -4.6806 876.7164 178.7389 898.7349 198.9560 1.5838 1.5918 3.8542 23.0238 2.0885 59.8248 -4.3153 -4.5416
Car -1 -1 -7.8579 612.8527 176.2591 635.4855 197.9095 1.5470 1.6368 3.9277 1.0228 1.8116 54.1544 -7.8395 -4.5429
Car -1 -1 -5.0880 992.1622 189.6723 1035.3254 211.2046 1.5729 1.6233 4.1272 32.4866 2.9798 58.2199 -4.5818 -4.6405
Car -1 -1 -4.5726 837.8757 180.6230 867.2679 204.0877 1.5748 1.5316 3.4706 17.3333 2.1503 51.5761 -4.2506 -4.6551
Car -1 -1 -8.4162 1064.9850 175.9603 1147.7109 208.5721 1.6880 1.7271 4.2985 27.3110 1.8690 39.9382 -7.8202 -4.8568
Car -1 -1 -6.9779 1083.5619 184.0616 1241.0000 325.0305 1.4722 1.5767 3.3749 7.7340 1.6168 8.4990 -6.2574 -4.9455
Car -1 -1 -8.6058 1014.0582 177.7261 1098.0674 211.7898 1.9805 1.7799 4.6127 27.7184 2.3012 45.0882 -8.0580 -5.0390
Car -1 -1 -4.2414 0.0000 175.5736 32.1708 206.1574 1.4854 1.7040 3.3100 -31.7015 1.6320 37.1706 -4.9441 -5.0873
Car -1 -1 -4.6273 557.7417 179.9268 585.8633 202.1037 1.4630 1.6373 4.2400 -2.6960 1.9847 51.1124 -4.6801 -5.1503
Car -1 -1 -6.4240 819.3625 184.3525 888.8010 211.8159 1.6089 1.7860 3.8388 14.9661 2.3376 44.5191 -6.1023 -5.2533
Car -1 -1 -4.1765 574.1542 178.6216 621.5441 201.4981 1.6129 1.6694 4.1649 -0.8962 2.0637 54.2135 -4.1934 -5.2536
Car -1 -1 -2.5652 180.0533 189.8552 367.6038 246.2605 1.4354 1.7448 4.5714 -9.4280 1.9410 20.2770 -2.9958 -5.2815
Car -1 -1 -4.2134 515.6847 179.3458 562.1239 203.4550 1.7077 1.7581 4.0729 -5.3517 2.2179 54.5203 -4.3112 -5.5147
Car -1 -1 -4.7475 512.3159 182.1584 533.6362 200.4716 1.4313 1.6347 3.9469 -7.3586 2.2390 60.5797 -4.8682 -5.5547
Car -1 -1 -4.5449 882.4227 183.6469 921.1155 209.2711 1.5151 1.7031 3.8667 18.8102 2.2420 46.5207 -4.1634 -5.5987
Car -1 -1 -4.4614 184.3731 195.2465 226.2046 224.5674 1.4846 1.3621 2.9223 -22.7320 2.7918 40.5430 -4.9700 -5.6129
Car -1 -1 -7.4657 896.0850 181.2223 940.8276 204.4241 1.5043 1.6348 3.5448 21.3335 2.1043 49.9288 -7.0645 -5.7164
Car -1 -1 -4.6628 358.7339 186.3064 390.9580 216.4273 1.6616 1.6628 4.0054 -14.2860 2.5193 43.8735 -4.9763 -5.7182
Car -1 -1 -4.9034 470.1204 181.6822 501.9658 204.2411 1.5313 1.6038 3.7344 -9.0982 2.1994 52.5969 -5.0743 -5.7687
Car -1 -1 -4.4206 525.4534 180.0419 563.0947 201.5315 1.4342 1.5775 4.1014 -4.6982 1.9712 51.7713 -4.5111 -5.7867
Car -1 -1 -4.3470 398.5855 178.6474 451.5312 206.8490 1.5246 1.6270 4.0929 -10.7325 1.8786 42.0072 -4.5960 -5.7979
Car -1 -1 -4.3996 493.3096 180.4299 530.1693 200.8414 1.4580 1.6341 4.0381 -7.5061 2.0603 55.2546 -4.5344 -5.8340
Car -1 -1 -4.2954 413.3545 182.9004 459.5306 206.2006 1.5340 1.6907 4.0976 -12.3688 2.2815 51.5413 -4.5302 -5.8534
Car -1 -1 -4.9480 550.0308 178.9438 580.3821 197.1313 1.4412 1.6269 4.1471 -3.8413 1.9735 60.8839 -5.0111 -5.8715
Car -1 -1 -4.9418 826.8301 176.7487 857.7811 195.4184 1.4916 1.6049 3.9405 19.4168 1.8290 60.5216 -4.6332 -5.8867
Car -1 -1 -4.6065 531.7352 179.0249 555.9399 197.3741 1.4329 1.5880 3.9321 -5.4629 1.9597 59.6530 -4.6978 -5.8867
Car -1 -1 -4.6825 1043.8949 173.3365 1065.9021 189.6276 1.4682 1.6382 3.9867 41.4758 1.5143 67.2696 -4.1322 -5.8867
Car -1 -1 -4.7045 1066.1346 172.8718 1088.7065 189.9454 1.4655 1.6375 3.9877 41.4750 1.4668 64.0516 -4.1322 -5.8867
Car -1 -1 -4.7307 801.4139 178.0177 824.4105 197.5371 1.4402 1.6473 3.8923 15.8091 1.8587 56.4329 -4.4593 -5.8867
Car -1 -1 -4.7330 1099.7661 172.5028 1125.4009 191.0830 1.4811 1.6416 3.9926 41.4743 1.4528 59.6338 -4.1279 -5.8867
Car -1 -1 -4.4631 272.1909 197.2489 302.7223 217.8449 1.6486 1.6258 3.6763 -28.7347 3.8889 64.3213 -4.8821 -5.9880
Car -1 -1 -4.5927 801.3401 190.0282 826.9673 210.7172 1.6393 1.7079 3.8276 17.7552 3.1824 62.7458 -4.3188 -6.0137
Car -1 -1 -4.9817 519.6535 179.2610 548.0696 196.3667 1.4978 1.6122 3.9972 -7.1164 2.1110 66.9462 -5.0876 -6.1713
Car -1 -1 -5.1423 693.7093 173.0009 744.6779 196.9663 1.4935 1.7523 4.0570 7.0470 1.5032 47.1835 -4.9954 -6.2209
Car -1 -1 -5.1223 666.3195 173.8514 708.3551 194.1041 1.4349 1.6279 4.0051 5.6549 1.5115 53.4862 -5.0179 -7.2938
