Car -1 -1 -3.3523 637.3840 177.2453 710.1249 204.4390 1.4884 1.6197 3.8480 3.5459 1.7432 40.8723 -3.2669 -1.4838
Car -1 -1 -4.5277 179.6328 188.1078 227.1155 221.2470 1.6114 1.5420 3.9055 -22.0109 2.4823 39.1118 -5.0376 -2.5252
Car -1 -1 -4.5447 622.2363 176.8459 659.3701 204.4574 1.5233 1.5913 3.6644 1.8126 1.7680 42.3299 -4.5027 -2.7930
Car -1 -1 -4.8566 611.8083 176.1889 653.0665 206.3269 1.5144 1.6474 3.9847 1.1139 1.7029 38.7894 -4.8287 -3.1823
Car -1 -1 -5.6261 247.8972 184.7339 330.0172 213.8916 1.4736 1.6349 3.8286 -17.2536 2.1316 38.7339 -6.0429 -3.2114
Car -1 -1 -5.1473 336.6156 180.6353 383.5265 204.2359 1.6792 1.7131 4.3165 -19.0763 2.2941 54.9002 -5.4805 -3.3462
Car -1 -1 -4.8559 643.5159 174.5303 689.7200 208.7721 1.5735 1.6788 4.0863 2.6785 1.6605 35.4591 -4.7816 -3.7927
Car -1 -1 -6.6652 674.2057 181.1242 805.7120 227.9821 1.3963 1.5929 3.8234 4.0768 1.6742 23.0936 -6.4933 -4.1134
Car -1 -1 -4.2650 556.3868 177.8090 597.4675 198.4689 1.6531 1.7412 4.4272 -2.7840 2.0897 61.2508 -4.3106 -4.1532
Car -1 -1 -5.8447 574.1490 176.3616 658.4122 210.7003 1.5379 1.5791 3.6604 0.2513 1.7108 34.1232 -5.8380 -4.2343
Car -1 -1 -4.4946 204.6104 189.5911 255.7190 220.1457 1.4715 1.5987 4.1569 -20.6954 2.4362 39.3896 -4.9759 -4.2395
Car -1 -1 -5.1393 609.6956 174.9050 651.6019 198.4720 1.7271 1.6519 4.1300 1.5138 1.8909 55.4894 -5.1126 -4.3291
Car -1 -1 -5.0344 240.6943 169.6161 277.8201 189.1035 1.6760 1.7147 4.2502 -31.2418 1.3972 64.1737 -5.4860 -4.6270
Car -1 -1 -4.6199 268.5663 191.0838 303.7336 218.9263 1.5923 1.7183 3.3820 -20.4561 2.7916 45.6017 -5.0398 -4.6499
Car -1 -1 -7.8844 334.4406 186.2295 360.7971 208.6978 1.3585 1.5347 3.3471 -17.3848 2.2756 47.6527 -8.2328 -4.7738
Car -1 -1 -5.5279 675.4672 180.7475 725.6689 204.8408 1.8818 1.8031 3.9704 7.4522 2.5592 59.8380 -5.4051 -4.9964
Car -1 -1 -4.5412 141.8944 181.0915 199.7509 218.8590 1.8410 1.9132 4.3764 -23.4365 2.3086 38.5983 -5.0841 -5.0072
Car -1 -1 -5.1493 659.3285 178.6305 700.8224 201.2473 1.7740 1.7180 4.4408 5.7684 2.2746 60.1899 -5.0547 -5.0815
Car -1 -1 -4.7023 615.3974 176.6934 641.0193 199.8598 1.4263 1.6021 4.0455 1.1732 1.6878 47.1507 -4.6780 -5.0892
Car -1 -1 -4.4591 519.5336 179.4580 548.1997 199.7145 1.6839 1.6111 3.7544 -6.6624 2.2806 63.2459 -4.5641 -5.1965
Car -1 -1 -5.0171 431.7915 180.4087 465.3148 198.6123 1.4324 1.5745 4.1731 -13.6623 2.0917 60.8012 -5.2375 -5.3672
Car -1 -1 -4.1992 217.1787 190.4008 279.6880 219.9340 1.5752 1.6208 3.8640 -21.4008 2.6637 42.7985 -4.6607 -5.5680
Car -1 -1 -5.2101 581.7087 176.4576 635.5070 199.2890 1.3722 1.5885 4.2959 -0.1792 1.6147 46.3468 -5.2144 -5.6347
Car -1 -1 -7.5947 27.4069 185.2795 156.6829 255.8374 1.4532 1.6297 3.7059 -12.4988 1.7906 17.5919 -8.2055 -5.6420
Car -1 -1 -4.5466 546.7560 179.5600 573.9537 196.5081 1.3689 1.6815 4.1113 -4.2592 1.9654 62.0889 -4.6152 -5.6655
Car -1 -1 -7.5650 52.0498 182.0066 164.3722 240.1815 1.4770 1.6367 3.8379 -14.5268 1.7701 21.0500 -8.1633 -5.7350
Car -1 -1 -5.0701 448.7291 181.3086 480.7846 198.2982 1.4715 1.6018 4.0086 -13.4831 2.2781 66.7338 -5.2690 -5.7496
Car -1 -1 -4.6108 559.7510 178.5383 590.3610 201.4055 1.3674 1.5575 4.0696 -2.2316 1.7478 46.2509 -4.6592 -5.7606
Car -1 -1 -4.7488 427.7616 180.2030 454.4389 203.8773 1.6516 1.7877 4.3227 -12.7269 2.2260 54.0985 -4.9791 -5.7962
Car -1 -1 -4.4288 485.3274 180.7683 516.7225 198.6380 1.4723 1.6490 4.1073 -9.5711 2.1920 63.4940 -4.5782 -5.8051
Car -1 -1 -4.5682 458.7444 180.6904 483.6578 198.3496 1.4641 1.5960 4.0413 -12.2415 2.1779 63.7001 -4.7577 -5.8209
Car -1 -1 -4.0860 28.7339 184.0286 177.9693 234.7532 1.3943 1.6588 4.2961 -15.9473 1.7831 22.9559 -4.6879 -5.8793
Car -1 -1 -4.6421 557.5818 178.2462 581.9872 198.0544 1.4214 1.5822 3.9276 -3.0515 1.8456 54.8277 -4.6978 -5.8867
Car -1 -1 -3.5479 0.0000 190.1941 0.0000 374.0000 1.4976 1.6033 3.9553 -6.2775 1.6060 2.5313 -4.6974 -5.8867
Car -1 -1 -6.9177 0.0000 0.0000 1241.0000 374.0000 1.5374 1.5850 3.8016 -2.1011 1.6118 1.0063 -7.9391 -5.8867
Car -1 -1 -4.9536 677.1553 175.7698 727.0032 206.1074 1.4415 1.5960 3.9842 4.5858 1.5981 36.7558 -4.8310 -5.8867
Car -1 -1 -4.6574 571.2112 177.7714 590.7022 193.7628 1.3941 1.5735 3.9180 -2.6555 1.8576 66.0836 -4.6977 -5.8867
Car -1 -1 -4.4610 57.3681 183.0099 150.0637 230.9906 1.4595 1.6531 4.0682 -17.4975 1.8429 25.0709 -5.0656 -5.8867
Car -1 -1 -4.5213 467.3724 179.6916 494.5326 197.2968 1.4288 1.5827 3.9302 -11.0888 2.0354 62.0704 -4.6977 -5.8867
Car -1 -1 -4.6147 537.1848 180.5554 562.6769 200.9114 1.4824 1.5977 3.9490 -4.6582 2.1014 56.0345 -4.6977 -5.8867
Car -1 -1 -6.7026 0.0000 0.0000 1241.0000 374.0000 1.5437 1.5864 3.8026 -3.7087 1.6539 1.0048 -7.9390 -5.8867
Car -1 -1 -4.4377 0.0000 186.2530 129.6310 275.4425 1.3969 1.6521 4.2609 -11.0619 1.7041 14.2726 -5.0882 -5.9104
Car -1 -1 -4.0085 0.0000 192.8532 21.6825 365.2764 1.4285 1.6189 4.2698 -9.5220 1.7307 8.7024 -4.8235 -5.9178
Car -1 -1 -7.0333 898.9653 188.5964 1241.0000 338.3257 1.4201 1.4932 3.9329 5.4321 1.6216 8.1590 -6.4633 -6.2032
