Car -1 -1 -7.7773 402.4353 180.6767 443.9055 213.9075 1.4796 1.6458 4.2080 -9.1390 1.8869 35.3842 -8.0287 1.6667
Car -1 -1 -4.8441 71.1747 189.8131 118.5413 222.4871 1.6990 1.6949 4.2982 -29.9844 2.7341 41.9009 -5.4624 -0.3907
Car -1 -1 -4.5587 467.6009 175.2280 494.1236 197.9506 2.0206 1.8031 4.1234 -11.9172 2.2465 66.6794 -4.7352 -0.4135
Car -1 -1 -4.2008 935.8853 176.5878 996.2781 204.3634 1.5715 1.6037 3.7573 21.2094 1.8027 43.0153 -3.7459 -1.0951
Car -1 -1 -4.6813 1010.9727 176.2046 1045.4744 203.9621 1.5719 1.6872 4.7077 25.4451 1.7867 43.8957 -4.1592 -1.3494
Car -1 -1 -4.8466 1073.3733 180.0170 1118.3811 207.8424 1.4787 1.6124 3.9707 27.8976 1.9124 41.5822 -4.2594 -1.3609
Car -1 -1 -5.0996 725.5178 178.7332 766.3907 202.2449 1.6461 1.5851 3.9984 10.0366 2.1005 53.6924 -4.9163 -2.2507
Car -1 -1 -6.6464 932.9222 176.2098 1008.4236 201.9731 1.6217 1.6607 4.0435 23.2582 1.8433 46.7029 -6.1873 -2.8952
Car -1 -1 -6.2057 796.2974 187.1816 865.6477 212.9980 1.5087 1.6741 4.0559 13.8607 2.4393 45.3648 -5.9116 -3.0569
Car -1 -1 -7.8993 52.5120 180.0488 98.9173 219.7105 1.9731 1.8199 4.7188 -29.0871 2.3875 39.1749 -8.5349 -3.1111
Car -1 -1 -4.9531 719.7296 179.2021 752.7603 201.9764 1.7913 1.7215 4.3242 10.4603 2.3402 60.2043 -4.7824 -3.2020
Car -1 -1 -5.1865 1111.4469 188.8026 1196.2830 225.8729 1.5766 1.6908 3.7250 25.7433 2.3795 34.3620 -4.5483 -3.3257
Car -1 -1 -5.2004 822.5320 188.8259 872.4039 212.7477 1.4701 1.6483 3.7241 16.0220 2.5973 48.9579 -4.8866 -3.5996
Car -1 -1 -3.4945 1096.2535 186.6581 1189.0867 217.3815 1.5459 1.6132 3.6755 28.4735 2.3111 38.7328 -2.8648 -3.6156
Car -1 -1 -5.3272 471.6477 185.2752 513.8721 205.0974 1.5369 1.6264 3.7237 -9.8326 2.6060 60.2207 -5.4888 -3.6901
Car -1 -1 -4.3876 340.7794 190.2866 376.2000 211.2933 1.6170 1.6420 3.9521 -21.1758 3.1340 60.8176 -4.7217 -3.8351
Car -1 -1 -2.9425 890.0190 175.2925 986.5657 214.1169 1.6266 1.6889 3.6653 14.5837 1.7410 32.2019 -2.5212 -3.8963
Car -1 -1 -4.3571 84.6330 184.4481 146.6970 216.1141 1.5411 1.5573 3.6280 -26.3235 2.1905 38.4880 -4.9539 -4.0159
Car -1 -1 -8.0211 544.5826 180.3989 566.9418 194.5336 1.2905 1.5871 3.5376 -5.2916 2.0403 69.8211 -8.0968 -4.0745
Car -1 -1 -4.7935 949.1733 175.5240 979.2982 199.1336 1.6164 1.6164 3.9734 25.4676 1.8165 52.0277 -4.3409 -4.5248
Car -1 -1 -7.8603 697.8561 177.1911 734.2819 211.1153 1.4968 1.6222 4.0006 5.0007 1.7162 34.4616 -7.7180 -4.5954
Car -1 -1 -4.8480 1075.6171 183.2030 1110.9055 210.4599 1.9542 1.7006 4.1326 37.1929 2.7841 55.6546 -4.2619 -4.7299
Car -1 -1 -2.8013 715.4504 176.9524 786.3162 204.2424 1.4914 1.6599 3.6636 8.0689 1.7365 41.5665 -2.6114 -5.1363
Car -1 -1 -4.3678 509.0082 179.5232 551.2318 203.2707 1.6022 1.7198 4.1930 -5.7530 2.1049 52.1777 -4.4775 -5.3108
Car -1 -1 -4.8453 499.5410 182.2541 525.7341 201.6299 1.5164 1.6507 4.1266 -8.2640 2.3372 60.8198 -4.9802 -5.7654
Car -1 -1 -4.1962 485.4992 179.9322 533.2633 200.4875 1.4214 1.6668 4.1974 -7.4646 1.9701 53.7080 -4.3341 -5.8141
Car -1 -1 -4.6809 925.1368 176.9402 946.6381 196.2983 1.5727 1.5642 3.6204 27.7350 1.9313 61.4195 -4.2589 -5.8273
Car -1 -1 -4.9546 515.5684 177.5126 553.3704 202.4355 1.5509 1.6084 3.8369 -5.0720 1.8723 47.7545 -5.0603 -5.8300
Car -1 -1 -4.6470 462.3070 180.3626 488.1832 202.0590 1.4850 1.6106 3.9083 -9.8603 2.0557 52.8316 -4.8310 -5.8583
Car -1 -1 -4.5878 420.5206 181.4764 446.2433 199.8886 1.4701 1.6477 4.0197 -15.0803 2.2316 61.6597 -4.8270 -5.8633
Car -1 -1 -4.7864 1156.7180 172.0035 1190.4254 193.1504 1.4970 1.6508 3.9955 41.4717 1.4364 53.1974 -4.1271 -5.8867
Car -1 -1 -4.7345 1096.5131 173.4065 1122.1036 192.1268 1.4991 1.6478 3.9912 41.4758 1.5464 60.0268 -4.1324 -5.8867
Car -1 -1 -4.7590 1126.4924 177.4764 1156.5858 199.5580 1.6333 1.6927 4.0075 41.4787 2.0081 56.4034 -4.1277 -5.8867
Car -1 -1 -4.8092 1181.7406 170.6073 1219.1224 192.4630 1.4742 1.6403 3.9926 41.4714 1.3223 50.7853 -4.1275 -5.8867
Car -1 -1 -4.2900 494.7535 182.3966 527.2419 199.4043 1.4593 1.5623 3.7273 -9.0661 2.3608 66.1734 -4.4260 -6.2273
Car -1 -1 -5.3146 680.4393 174.6521 738.4208 198.6819 1.4354 1.6009 4.0619 6.1909 1.5541 45.5981 -5.1809 -6.6651
Car -1 -1 -2.6177 720.9112 179.4561 775.1685 203.5641 1.4920 1.6109 3.0909 8.9739 1.9380 47.1594 -2.4313 -7.2121
Car -1 -1 -5.0871 557.2155 179.7928 589.0872 197.4066 1.6275 1.7619 4.0149 -3.6563 2.3271 70.5877 -5.1391 -7.3034
Car -1 -1 -3.9107 516.9172 178.4421 562.8030 195.0770 1.4655 1.7834 4.1949 -6.5213 2.0025 67.2011 -4.0074 -7.5565
