Car -1 -1 -7.7664 389.4404 182.7641 434.6395 217.9599 1.4038 1.5780 4.2040 -8.8159 1.8765 32.2302 -8.0317 0.9579
Car -1 -1 -8.3318 782.4083 189.9554 834.7639 218.3582 1.5512 1.5773 3.5620 11.9102 2.6297 43.6108 -8.0676 -1.3139
Car -1 -1 -5.5106 989.4760 183.6196 1067.2217 210.5686 1.5273 1.6749 4.2013 25.9255 2.2311 44.9406 -4.9908 -1.7057
Car -1 -1 -7.9207 603.1673 177.7316 623.5333 197.1068 1.8354 1.7429 4.0880 0.2855 2.3326 71.5010 -7.9171 -2.0071
Car -1 -1 -4.8065 733.8776 177.1403 761.9477 199.9816 1.5133 1.5727 3.7247 9.5750 1.8242 50.4552 -4.6204 -2.4551
Car -1 -1 -7.8179 414.7568 182.5431 434.6044 200.8332 1.5809 1.6379 3.7071 -17.0629 2.4997 66.4565 -8.0687 -2.6918
Car -1 -1 -9.0463 992.4656 178.3789 1080.2423 209.2206 1.5759 1.6103 3.8208 23.2918 1.8940 39.5858 -8.5181 -2.7602
Car -1 -1 -4.6612 273.7624 177.0548 293.8216 192.3126 1.4419 1.6139 3.7857 -32.2599 1.8692 71.3778 -5.0845 -2.8047
Car -1 -1 -4.7255 1137.4102 184.3514 1178.5072 216.0459 1.5031 1.6427 4.3428 28.8163 2.1452 38.0797 -4.0819 -2.8054
Car -1 -1 -4.7661 919.1777 189.8572 950.6605 216.3074 1.5334 1.6286 3.9918 20.9746 2.6858 46.7566 -4.3474 -2.8068
Car -1 -1 -7.7125 465.3127 175.0601 493.6461 200.7141 2.1917 1.8423 4.7246 -11.6342 2.3958 64.4496 -7.8907 -2.9244
Car -1 -1 -1.8301 0.0000 171.1634 33.9493 207.3870 1.5302 1.6533 4.0200 -27.5810 1.4585 32.3074 -2.5327 -3.0046
Car -1 -1 -4.3402 283.3762 177.9834 313.1264 194.7221 1.6008 1.5808 3.4196 -31.0053 2.1232 71.8018 -4.7467 -3.5238
Car -1 -1 -5.7470 642.8094 176.0004 722.9102 205.5964 1.5107 1.6542 4.0360 3.8793 1.6889 39.0865 -5.6493 -3.5396
Car -1 -1 -5.0152 1204.9467 182.2256 1241.0000 217.7980 1.4498 1.5970 3.6248 28.3418 1.8964 32.4308 -4.3019 -3.9727
Car -1 -1 -4.9824 586.3813 179.4348 611.9478 196.3190 1.5920 1.5815 3.7850 -1.1228 2.2639 71.6627 -4.9984 -4.0232
Car -1 -1 -7.4805 3.6049 172.0427 82.4231 204.6426 1.4034 1.5967 3.6717 -25.9033 1.3682 33.0488 -8.1415 -4.1933
Car -1 -1 -3.1448 0.0000 168.3858 6.9487 207.3219 1.5128 1.7082 4.0154 -27.8059 1.3389 30.0242 -3.8875 -4.2536
Car -1 -1 -4.5292 349.9572 180.5720 406.5596 216.4154 1.4326 1.6217 4.3316 -10.2501 1.7992 32.0564 -4.8366 -4.3628
Car -1 -1 -5.5757 984.6646 177.5279 1083.1001 210.3720 1.5770 1.7557 4.3066 21.9473 1.8355 37.6276 -5.0516 -4.4240
Car -1 -1 -8.5962 990.1729 181.7228 1055.7715 205.8862 1.4768 1.5990 3.8009 27.1470 2.0868 47.6214 -8.0812 -4.4347
Car -1 -1 -4.5303 209.0347 195.4560 258.3233 225.4487 1.4412 1.6944 4.2527 -21.0249 2.7775 40.3894 -5.0079 -4.6745
Car -1 -1 -4.8383 736.8359 189.6002 762.8875 210.3515 1.5783 1.6469 3.8393 11.5737 3.0167 60.0227 -4.6494 -4.7604
Car -1 -1 -4.5373 834.5821 184.4486 889.3143 224.9425 1.5667 1.5572 4.1830 10.9713 2.1062 31.3857 -4.2047 -5.0447
Car -1 -1 -5.3294 227.6767 188.2012 360.4221 242.3522 1.3714 1.5795 3.8634 -9.2287 1.8512 20.8955 -5.7410 -5.1420
Car -1 -1 -4.2323 546.3810 177.2750 596.6661 201.4626 1.5531 1.6646 4.2558 -2.6132 1.8697 49.4456 -4.2852 -5.2523
Car -1 -1 -7.0899 247.2696 190.0508 308.4900 214.6866 1.4480 1.5624 3.6153 -21.6583 2.6174 47.1142 -7.5190 -5.2629
Car -1 -1 -8.0600 549.2792 180.8512 571.4943 193.7130 1.1834 1.5299 3.2227 -4.8762 1.9822 70.3353 -8.1294 -5.3364
Car -1 -1 -4.5068 494.5485 185.8380 521.1250 204.4550 1.5032 1.5430 3.8598 -8.9084 2.6720 62.9931 -4.6471 -5.4867
Car -1 -1 -5.0068 677.4517 174.5239 726.7085 200.0306 1.3448 1.6025 4.1097 5.0647 1.4432 40.4853 -4.8837 -5.6807
Car -1 -1 -4.4781 297.0341 184.6458 336.4777 210.8316 1.7332 1.6376 4.5089 -21.1921 2.6249 52.2276 -4.8621 -5.7774
Car -1 -1 -4.3498 537.7476 177.4344 580.7507 199.1882 1.4375 1.6418 4.2020 -3.5565 1.7744 50.8739 -4.4197 -5.7916
Car -1 -1 -4.9326 492.5123 178.0584 527.8767 201.3737 1.5314 1.6264 3.9257 -7.0498 1.9104 50.4646 -5.0711 -5.8027
Car -1 -1 -4.7813 1133.2363 177.7069 1165.2954 201.1036 1.7152 1.7208 3.6505 41.5761 2.1031 55.7260 -4.1432 -5.8074
Car -1 -1 -4.3133 388.9034 183.4689 432.4847 205.8251 1.5312 1.6765 4.0407 -14.7606 2.3496 53.5373 -4.5814 -5.8206
Car -1 -1 -4.8274 521.2544 177.6645 551.9187 201.3045 1.5039 1.6177 3.9373 -5.0400 1.8433 48.8527 -4.9300 -5.8220
Car -1 -1 -4.7044 318.9781 180.4614 363.4728 218.8225 1.4320 1.6224 4.0200 -11.1747 1.7704 29.9592 -5.0588 -5.8660
Car -1 -1 -4.6795 361.8384 183.8236 387.0200 206.6169 1.5590 1.6442 4.0098 -17.4842 2.4060 53.5780 -4.9938 -5.8810
Car -1 -1 -4.8769 1241.0000 171.2143 1241.0000 196.9390 1.5054 1.6500 3.9947 41.4720 1.4091 44.3442 -4.1285 -5.8867
Car -1 -1 -4.8178 1190.5593 171.5676 1229.4949 194.0294 1.4899 1.6448 3.9927 41.4725 1.4042 49.9778 -4.1283 -5.8867
Car -1 -1 -4.8424 1218.7452 171.5510 1241.0000 195.3074 1.4962 1.6485 3.9937 41.4719 1.4138 47.5628 -4.1286 -5.8867
Car -1 -1 -4.3742 382.3432 181.5109 415.7708 199.7794 1.5864 1.6704 4.2040 -19.5128 2.4137 66.8338 -4.6575 -5.8867
Car -1 -1 -4.6902 512.4318 181.3954 532.4302 199.8227 1.4744 1.6115 3.9778 -7.4841 2.2289 61.6994 -4.8108 -5.8867
Car -1 -1 -4.7829 1165.6169 174.8889 1199.7170 196.6444 1.5043 1.6445 4.0040 41.5126 1.6578 52.4053 -4.1160 -5.9015
Car -1 -1 -7.5139 745.4296 186.0234 785.9745 215.2047 1.6432 1.4348 3.2002 9.4738 2.4765 43.9373 -7.3035 -5.9688
Car -1 -1 -8.2077 564.1085 177.1232 593.8745 192.8467 1.4681 1.5772 4.1369 -3.0940 1.8997 70.7842 -8.2515 -6.9714
Car -1 -1 -7.9149 527.8766 174.6802 546.9834 192.3276 1.6828 1.6366 3.9646 -7.2163 1.8683 71.3237 -8.0157 -7.0734
Car -1 -1 -4.9397 541.5473 173.5305 569.0279 192.5959 1.7328 1.6618 4.2546 -5.2122 1.7984 68.0180 -5.0162 -8.6800
