Car -1 -1 -4.5622 481.0499 180.5881 510.9312 202.3777 1.4350 1.5440 3.6452 -7.9955 1.9971 50.6434 -4.7184 1.6504
Car -1 -1 -4.3146 133.2528 192.4139 182.4342 216.4491 1.5135 1.6085 3.6974 -31.6524 2.9369 50.5662 -4.8717 -0.2931
Car -1 -1 -4.8591 617.0745 176.7291 645.5878 197.6553 1.5859 1.6805 4.1386 1.6383 1.9067 57.6351 -4.8313 -1.6644
Car -1 -1 -4.1337 232.1318 181.3790 298.1050 210.2735 1.4875 1.5708 3.6484 -19.1689 1.9846 40.1879 -4.5765 -2.0341
Car -1 -1 -4.5441 618.5585 177.1999 651.4315 201.1220 1.5381 1.6187 3.8702 1.7117 1.8465 49.1987 -4.5100 -2.2126
Car -1 -1 -4.6479 180.4203 185.0193 208.9491 207.9412 1.6387 1.6597 4.0185 -32.2505 2.6201 56.0556 -5.1681 -2.9062
Car -1 -1 -4.1158 583.5578 177.3842 642.2050 202.2446 1.4936 1.6617 4.2685 0.2039 1.7986 46.3929 -4.1120 -3.0553
Car -1 -1 -4.1664 137.0598 194.9571 221.1660 232.2956 1.4869 1.5958 3.6707 -19.5005 2.5467 32.7620 -4.7000 -3.2188
Car -1 -1 -4.4949 232.1112 200.6967 266.3799 222.4992 1.4781 1.6023 3.7806 -28.0408 3.7218 56.1243 -4.9567 -3.4299
Car -1 -1 -2.5215 22.3989 193.0389 176.4456 238.3367 1.3884 1.5816 3.9436 -16.7001 2.0723 23.6489 -3.1312 -3.6885
Car -1 -1 -4.6318 64.5578 185.3334 96.7407 206.7601 1.4856 1.6468 3.8982 -40.0068 2.4651 54.5561 -5.2624 -3.7321
Car -1 -1 -4.7693 616.3645 176.9259 645.9733 202.4159 1.5012 1.6194 3.9025 1.2490 1.7665 45.0992 -4.7423 -4.0037
Car -1 -1 -4.4797 622.5294 179.4116 649.1254 197.7784 1.5697 1.5920 3.6932 2.3361 2.1790 65.0805 -4.4444 -4.2034
Car -1 -1 -4.3186 315.3620 182.1064 352.2835 199.8540 1.6171 1.8274 4.3443 -26.8481 2.5457 70.2360 -4.6828 -4.3582
Car -1 -1 -4.2551 349.3214 181.8402 384.9223 201.0176 1.7632 1.6427 4.1272 -23.7067 2.6679 70.5126 -4.5786 -4.3823
Car -1 -1 -4.6946 617.3149 177.5157 646.5775 207.6461 1.5130 1.4917 3.3416 1.1573 1.7722 38.4637 -4.6653 -4.3837
Car -1 -1 -5.1013 650.3935 178.9928 689.7807 206.0496 1.9737 1.8014 3.5451 4.5538 2.4622 55.4872 -5.0204 -4.4095
Car -1 -1 -5.0280 482.7340 180.6679 522.5049 204.4278 1.4580 1.5660 3.5282 -7.1318 1.9927 47.4718 -5.1767 -4.4972
Car -1 -1 -4.7276 599.3393 179.0038 620.4625 198.6712 1.4928 1.6295 3.8105 -0.0625 2.0023 57.8867 -4.7291 -4.5108
Car -1 -1 -3.7931 437.3002 179.8032 496.0798 204.3152 1.5176 1.5651 3.5893 -9.4521 1.9936 47.5925 -3.9885 -4.5544
Car -1 -1 -4.8054 642.6114 177.5896 679.7667 208.7772 1.5425 1.6001 3.8185 2.6228 1.8056 38.2019 -4.7379 -4.6980
Car -1 -1 -4.9424 528.7941 179.1341 559.6466 199.7110 1.5852 1.6332 4.0359 -5.4481 2.1181 59.0858 -5.0344 -4.8854
Car -1 -1 -4.9092 659.3119 189.7535 683.5230 206.0102 1.4253 1.6109 3.7186 5.8433 3.0918 69.2274 -4.8259 -4.9481
Car -1 -1 -4.5376 122.0116 193.6848 164.3026 218.9650 1.4768 1.7122 3.7283 -30.7563 2.9092 47.5776 -5.1092 -4.9680
Car -1 -1 -5.1107 888.1488 195.4521 925.6190 215.3084 1.4621 1.5143 3.7034 24.2944 3.3749 59.2238 -4.7239 -5.0042
Car -1 -1 -4.3805 403.5060 178.8121 447.2627 201.9588 1.4236 1.5800 3.9672 -12.1214 1.8322 47.4711 -4.6295 -5.0440
Car -1 -1 -1.6805 30.8379 184.7630 71.0455 210.4209 1.7112 1.8201 4.6946 -40.8134 2.6174 52.5982 -2.3381 -5.1941
Car -1 -1 -4.7212 642.5086 178.0245 671.6956 205.7895 1.4942 1.5986 3.8330 2.6498 1.8054 41.5156 -4.6584 -5.2802
Car -1 -1 -5.0552 535.2957 177.8506 570.0189 196.0389 1.4519 1.6207 4.1548 -4.9140 1.8897 61.0462 -5.1356 -5.4297
Car -1 -1 -4.9418 460.0890 178.8335 489.9992 196.8629 1.4720 1.6748 4.0170 -11.7501 2.0079 62.5271 -5.1271 -5.5945
Car -1 -1 -4.3176 450.9995 181.8580 497.1448 207.7771 1.5429 1.6564 3.5729 -8.6878 2.1431 46.2040 -4.5028 -5.6763
Car -1 -1 -8.0516 648.4964 172.2920 687.3727 198.1620 1.6739 1.8205 4.2183 3.8397 1.6372 48.8890 -7.9741 -5.7066
Car -1 -1 -5.4051 720.4660 178.9666 920.4272 255.1098 1.3523 1.7094 4.3219 4.2476 1.5030 15.5073 -5.1434 -5.7893
Car -1 -1 -4.7143 575.6819 178.2829 600.4391 200.7264 1.3659 1.5403 3.9726 -1.4664 1.7336 46.8964 -4.7459 -5.7946
Car -1 -1 -4.3951 674.3487 188.9974 707.9228 211.9890 1.6140 1.4819 3.7250 6.2411 2.8995 55.4662 -4.2843 -5.8029
Car -1 -1 -8.1238 777.4036 186.3192 980.2535 312.5378 1.5445 1.7884 4.4298 3.9373 1.8022 11.5670 -7.8047 -5.8803
Car -1 -1 -4.6604 112.1812 183.0195 138.2519 201.8941 1.5040 1.6462 4.0095 -41.6058 2.4066 61.9463 -5.2500 -5.8867
Car -1 -1 -4.6258 72.3697 181.3525 103.2709 201.4243 1.4899 1.6479 4.0168 -41.6106 2.1924 57.5228 -5.2500 -5.8867
