Car -1 -1 -7.8374 420.6982 180.3509 453.1897 209.8894 1.4387 1.5948 4.0612 -9.2069 1.8597 38.3915 -8.0716 1.9480
Car -1 -1 -4.5451 473.5050 175.8582 498.9860 195.4997 1.8303 1.7653 4.1736 -11.9822 2.1300 69.9628 -4.7144 0.1477
Car -1 -1 -5.2378 126.2365 187.1489 200.0981 216.5003 1.5462 1.6714 4.3241 -25.7399 2.4025 41.4811 -5.7906 0.0064
Car -1 -1 -5.0928 1007.3221 181.7412 1062.2640 207.1621 1.5639 1.7006 4.2046 28.2222 2.1837 48.1354 -4.5656 -0.5029
Car -1 -1 -3.2964 927.7394 188.8764 1019.0163 220.2299 1.4977 1.6627 3.9957 18.6490 2.3562 37.2834 -2.8364 -0.5210
Car -1 -1 -7.1041 0.0000 200.7505 33.2586 343.1067 1.4370 1.5941 3.6875 -10.1844 1.8914 9.8890 -7.8907 -0.7916
Car -1 -1 -3.7605 1147.2340 177.6653 1241.0000 210.9050 1.5050 1.6617 4.1419 27.9404 1.7373 33.9134 -3.0760 -1.0192
Car -1 -1 -5.0726 1068.6339 178.4075 1142.5238 215.4655 1.7703 1.7571 4.2194 25.5337 2.0753 37.4013 -4.4778 -1.4717
Car -1 -1 -5.1064 1080.1486 183.5968 1145.9364 212.4698 1.4552 1.6315 3.7983 27.6884 2.0792 39.9016 -4.5037 -2.5756
Car -1 -1 -5.0588 858.6144 176.2373 904.9910 201.6510 1.6365 1.7214 3.8527 18.3307 1.8746 48.9121 -4.7027 -2.8626
Car -1 -1 -3.4291 927.9590 186.8764 990.3555 209.3945 1.5370 1.6373 3.7112 24.9519 2.5634 51.7251 -2.9824 -2.9467
Car -1 -1 -5.0829 707.8627 176.5930 739.1857 196.1635 1.6321 1.5954 3.2919 9.7990 1.9655 62.6305 -4.9288 -3.0329
Car -1 -1 -4.8065 849.9734 180.4150 879.2646 202.2651 1.4664 1.6071 4.0047 18.2901 2.0338 52.0394 -4.4707 -3.2911
Car -1 -1 -4.9906 1038.3253 185.8028 1080.1615 208.0289 1.5382 1.6552 3.9149 33.8442 2.5539 54.5023 -4.4379 -3.4083
Car -1 -1 -7.2463 195.8781 193.4162 263.6790 223.3205 1.4930 1.5686 3.6393 -21.3224 2.7023 40.5441 -7.7281 -3.6493
Car -1 -1 -6.6099 1134.5480 176.1285 1241.0000 210.6942 1.6059 1.6792 4.1019 28.3391 1.7725 35.2882 -5.9378 -3.9850
Car -1 -1 -7.8139 920.4525 173.7628 950.9424 199.9982 1.6527 1.6878 4.2772 21.6220 1.7156 47.9014 -7.3925 -4.1968
Car -1 -1 -2.8244 117.3764 192.8940 310.1967 258.1140 1.3906 1.6148 3.7047 -9.3407 1.8987 17.1877 -3.3161 -4.3952
Car -1 -1 -5.0966 981.8518 183.8776 1036.7628 209.5624 1.5824 1.6892 4.4236 26.8407 2.3614 48.7169 -4.5961 -4.4253
Car -1 -1 -4.5769 496.7740 180.0928 518.2803 195.2938 1.4257 1.6405 3.5104 -10.0914 2.1565 71.1087 -4.7177 -4.4288
Car -1 -1 -5.2096 332.2614 184.1936 416.7694 228.1764 1.5074 1.5449 3.5529 -9.0363 1.9662 27.4302 -5.5254 -4.4706
Car -1 -1 -3.1865 867.9468 186.4732 954.1472 220.5910 1.6320 1.6932 4.0142 15.3787 2.3610 37.1644 -2.7976 -4.5095
Car -1 -1 -4.5966 92.7929 182.4752 139.8024 219.9750 2.0129 1.7783 4.2574 -28.8420 2.6061 42.2083 -5.1933 -4.6214
Car -1 -1 -4.7637 1024.8064 181.4768 1048.9457 203.6180 1.7762 1.5679 3.6965 36.2932 2.5341 61.4437 -4.2327 -4.6735
Car -1 -1 -5.3860 932.5856 181.7755 978.9101 202.1447 1.6425 1.6491 3.6648 29.5773 2.4317 61.8824 -4.9425 -4.6818
Car -1 -1 -8.0297 547.2991 181.2765 569.0053 194.2402 1.1756 1.5317 3.2866 -5.0369 2.0077 69.5274 -8.1021 -4.6981
Car -1 -1 -7.8560 189.9299 186.1221 226.1463 218.4147 1.8830 1.9552 4.5645 -25.9686 2.7845 46.5722 -8.3625 -4.8330
Car -1 -1 -4.1284 234.9289 196.5172 320.0490 235.6323 1.4803 1.5830 3.7437 -14.5330 2.5831 31.6641 -4.5559 -4.9100
Car -1 -1 -4.5962 891.8861 177.3916 919.2659 197.4781 1.5068 1.5770 3.8817 23.4074 1.8789 57.1458 -4.2096 -4.9879
Car -1 -1 -2.6530 58.0305 197.0988 272.9102 265.5125 1.3330 1.5932 3.6323 -9.5195 1.8862 15.5814 -3.1942 -5.0404
Car -1 -1 -4.5078 348.5037 190.5670 383.8680 214.9957 1.8849 2.0098 4.2841 -20.6423 3.4416 61.1778 -4.8323 -5.1076
Car -1 -1 -5.0391 480.3537 182.6017 513.3821 203.8148 1.6319 1.5263 3.8636 -9.3814 2.4629 59.4699 -5.1953 -5.2154
Car -1 -1 -4.5603 514.4851 179.2453 545.8204 202.4162 1.5966 1.6760 4.1730 -5.8512 2.0846 53.0069 -4.6701 -5.4717
Car -1 -1 -4.5183 536.8646 176.5697 573.7819 200.8069 1.6075 1.7497 4.5851 -3.8376 1.8820 50.9660 -4.5935 -5.5423
Car -1 -1 -4.6406 1040.2996 177.7592 1064.6249 194.2618 1.4701 1.6648 4.1320 41.5333 1.9450 67.7307 -4.0928 -5.5854
Car -1 -1 -4.9369 811.9946 182.4008 855.4658 214.4245 1.7852 1.6227 4.0673 13.4064 2.3888 43.5534 -4.6408 -5.6044
Car -1 -1 -4.9680 501.1230 182.0132 532.7812 200.4773 1.4282 1.6563 3.9899 -7.8113 2.2184 60.1136 -5.0971 -5.7059
Car -1 -1 -4.7730 454.4137 181.3723 480.2119 204.5525 1.6065 1.6448 3.8839 -10.6643 2.2640 53.6272 -4.9687 -5.7459
Car -1 -1 -4.5381 485.9453 179.0641 517.4028 200.0229 1.4394 1.6070 3.9935 -7.9088 1.9106 52.7661 -4.6865 -5.8492
Car -1 -1 -4.2439 375.2965 178.5740 438.7845 209.0349 1.5033 1.6029 4.0552 -10.8042 1.8256 38.5591 -4.5157 -5.8551
Car -1 -1 -4.7669 1130.2217 172.7563 1160.3372 192.8357 1.4995 1.6462 3.9945 41.4751 1.4919 56.0044 -4.1322 -5.8867
Car -1 -1 -4.7048 1066.0863 174.5524 1088.9001 192.4523 1.5262 1.6548 3.9940 41.4782 1.6817 64.0480 -4.1325 -5.8867
Car -1 -1 -4.7349 1096.4340 175.3671 1122.3505 195.0894 1.5676 1.6680 3.9987 41.4794 1.7838 60.0228 -4.1328 -5.8867
Car -1 -1 -4.2402 1009.3268 176.4593 1048.9154 196.3232 1.8674 1.7294 3.9605 40.8192 2.2273 70.2889 -3.7163 -6.6638
Car -1 -1 -5.1542 508.1206 179.2761 542.9431 196.1414 1.4990 1.6242 4.1816 -8.0148 2.1236 68.0106 -5.2715 -7.5323
