Car -1 -1 -4.5189 469.3557 181.4019 507.7827 205.8232 1.4910 1.7450 4.0786 -7.9832 2.0785 47.5581 -4.6847 3.6993
Car -1 -1 -4.3271 352.9108 181.6813 400.0499 206.9865 1.5169 1.6593 3.5724 -14.9882 2.1065 46.3800 -4.6384 -0.4228
Car -1 -1 -4.5764 510.8254 178.6850 533.2350 194.8137 1.5107 1.6609 4.0357 -8.6538 2.1012 71.0811 -4.6974 -0.4430
Car -1 -1 -4.6353 134.0933 195.1694 166.8595 220.4240 1.5315 1.6065 3.5735 -31.3004 3.1123 49.1667 -5.2000 -1.3058
Car -1 -1 -6.8913 667.7340 187.7528 740.6360 216.4658 1.4445 1.5870 3.7177 5.1238 2.2917 39.4839 -6.7638 -2.5081
Car -1 -1 -4.7839 158.4643 187.9292 196.4092 217.0069 1.5633 1.6556 4.3192 -26.0665 2.5159 43.3639 -5.3227 -2.5387
Car -1 -1 -4.6212 161.2452 191.7401 208.8021 228.7617 1.4697 1.5206 3.5462 -19.1440 2.3716 32.5394 -5.1497 -2.6649
Car -1 -1 -2.4458 590.0941 179.3793 645.4882 200.4475 1.5241 1.6722 4.1407 0.5428 2.0427 55.4015 -2.4365 -2.8210
Car -1 -1 -4.6520 88.6526 188.4834 119.5958 211.7349 1.5835 1.6618 3.7958 -37.8101 2.7963 53.9501 -5.2611 -2.9988
Car -1 -1 -4.8134 613.3115 179.8732 643.6887 205.3109 1.4839 1.5328 3.5272 1.0810 1.9382 44.9116 -4.7900 -3.4455
Car -1 -1 -5.4411 496.3926 180.1917 558.0063 203.8453 1.4768 1.6638 4.2923 -5.6171 1.9891 48.3653 -5.5566 -3.6998
Car -1 -1 -4.9326 493.0570 180.3548 518.9766 195.3277 1.3885 1.6985 3.9944 -10.3155 2.1515 71.2546 -5.0762 -4.0782
Car -1 -1 -4.2883 521.8189 178.7332 554.7316 193.9948 1.4194 1.6090 4.2886 -7.0518 2.0176 71.1589 -4.3871 -4.0809
Car -1 -1 -4.7086 130.0295 195.5380 175.2762 234.4620 1.4847 1.6097 3.9188 -20.3261 2.5576 32.0453 -5.2704 -4.1498
Car -1 -1 -4.3747 630.0193 180.0547 662.7110 199.6604 1.6358 1.6498 4.0538 3.2378 2.2960 63.9973 -4.3249 -4.2991
Car -1 -1 -3.0462 45.8416 196.8251 161.1910 237.3472 1.4359 1.5360 3.6571 -20.2629 2.4504 28.9813 -3.6523 -4.3775
Car -1 -1 -4.8107 942.5150 192.2706 965.9777 211.4270 1.5807 1.5536 3.7501 31.2790 3.4023 65.6758 -4.3686 -4.5053
Car -1 -1 -4.6668 521.1965 178.9760 544.6579 200.3959 1.7933 1.8781 4.0416 -6.7904 2.3508 63.6677 -4.7730 -4.5440
Car -1 -1 -4.0858 158.9827 191.5626 235.9248 223.7083 1.6830 1.8558 4.1255 -24.1948 2.8388 42.4346 -4.6016 -4.6373
Car -1 -1 -4.6830 637.2358 179.6505 665.0847 205.6926 1.4541 1.5620 3.6469 2.4597 1.8780 43.1549 -4.6270 -4.7258
Car -1 -1 -4.5735 399.2735 179.2481 434.8180 206.7829 1.6768 1.6713 4.2359 -12.5925 2.1140 47.1668 -4.8334 -4.7266
Car -1 -1 -4.1465 433.0713 180.2736 473.0096 199.6590 1.6535 1.6177 4.0494 -14.2023 2.3480 65.3915 -4.3599 -4.8544
Car -1 -1 -7.3870 302.4243 186.5818 368.0529 213.7403 1.3272 1.6898 4.0995 -15.0057 2.1196 39.5385 -7.7479 -4.8801
Car -1 -1 -4.1349 485.2519 180.0429 519.1346 196.7932 1.4809 1.6614 3.1608 -10.0221 2.1670 67.1063 -4.2830 -4.9737
Car -1 -1 -4.7244 640.9492 179.0766 671.9604 208.6164 1.5135 1.6252 4.0974 2.5009 1.8756 39.9352 -4.6629 -5.1429
Car -1 -1 -4.5552 352.1887 182.6542 378.1793 200.0907 1.5812 1.7461 4.2709 -23.8018 2.5651 70.2128 -4.8812 -5.2682
Car -1 -1 -4.6059 0.0000 188.4204 13.0284 219.0461 1.8486 1.8939 4.2400 -41.3504 2.9366 48.1599 -5.3128 -5.3033
Car -1 -1 -3.4112 0.0000 197.7389 76.2909 257.3478 1.5545 1.7255 3.6249 -19.1385 2.3970 22.4547 -4.1113 -5.3868
Car -1 -1 -4.7336 470.6821 179.5728 489.5955 196.5180 1.4350 1.5863 4.0680 -11.7380 2.0596 64.9604 -4.9120 -5.6571
Car -1 -1 -4.8730 544.0583 179.6533 570.8365 197.0500 1.4047 1.6248 4.3676 -4.6035 2.0140 62.3814 -4.9468 -5.6702
Car -1 -1 -4.5996 464.4698 180.2276 488.3433 197.7083 1.4029 1.5671 3.9998 -11.4119 2.0540 61.6863 -4.7822 -5.7602
Car -1 -1 -4.6828 211.6561 202.6647 235.4688 225.0706 1.4622 1.4640 3.4529 -28.8881 3.7679 53.9415 -5.1728 -5.7725
Car -1 -1 -4.4536 429.4040 179.1865 469.8549 205.1988 1.6286 1.6894 3.9038 -10.6757 2.0681 48.1263 -4.6711 -5.7876
Car -1 -1 -4.8778 577.1359 178.7140 611.0246 201.1779 1.4186 1.5966 4.3619 -1.1613 1.8353 49.0528 -4.9018 -5.8171
Car -1 -1 -5.2104 770.5749 183.8225 956.7278 267.3738 1.3454 1.6374 4.1671 4.7624 1.5974 14.3951 -4.8979 -5.8765
Car -1 -1 -4.8626 472.4492 180.0585 496.4001 197.4434 1.5423 1.6333 4.0441 -11.8812 2.2426 67.9910 -5.0353 -5.8766
Car -1 -1 -4.4986 0.0000 185.0969 0.0000 212.4329 1.5221 1.6522 4.0108 -41.6083 2.3090 44.2442 -5.2505 -5.8867
Car -1 -1 -4.5168 498.0305 180.9093 525.4532 198.7556 1.4875 1.6606 4.0374 -8.7106 2.2255 64.0694 -4.6517 -5.8867
Car -1 -1 -4.6528 101.8951 183.1781 129.1795 202.6965 1.5235 1.6526 4.0126 -41.6059 2.4229 60.7354 -5.2515 -5.8867
Car -1 -1 -6.7557 124.6164 201.0172 212.6501 231.0204 1.6615 1.8772 4.5246 -28.6437 3.5867 46.9143 -7.3016 -5.9979
