Car -1 -1 -4.4234 125.3382 193.1550 198.4007 233.0380 1.4732 1.5582 4.0703 -19.2032 2.4068 31.0263 -4.9741 -1.1550
Car -1 -1 -2.8781 0.0000 193.3544 116.2862 229.5283 1.4146 1.5865 3.7697 -23.8914 2.3444 31.2936 -3.5262 -1.5081
Car -1 -1 -4.8527 339.6472 186.6368 372.0841 210.0846 1.5312 1.6520 4.0085 -18.3124 2.5620 51.8165 -5.1911 -2.0571
Car -1 -1 -2.6028 0.0000 203.5028 25.0953 374.0000 1.5020 1.6210 3.6363 -7.9482 1.8381 6.5784 -3.4621 -2.7708
Car -1 -1 -4.6836 633.3792 180.5749 659.5511 205.2273 1.4981 1.6004 3.7517 2.3741 2.0213 46.9895 -4.6340 -2.8840
Car -1 -1 -5.2386 650.4661 181.5528 743.8763 225.2548 1.4692 1.6581 4.1007 3.1584 1.8252 27.3473 -5.1256 -3.0527
Car -1 -1 -4.7979 615.6157 179.0189 656.9234 215.1995 1.6280 1.6471 4.2810 1.1880 1.9487 35.3907 -4.7653 -3.2090
Car -1 -1 -4.9219 606.6884 180.6956 645.1439 206.3502 1.5509 1.6570 4.2522 0.9572 2.0884 47.2357 -4.9023 -3.2808
Car -1 -1 -7.7297 87.6163 188.6933 143.8046 225.9024 1.5301 1.6200 4.5820 -23.3281 2.3319 34.1297 -8.3258 -3.4695
Car -1 -1 -4.8214 642.3464 179.9194 661.6702 198.0315 1.7053 1.5190 3.5506 4.1012 2.4196 71.1620 -4.7645 -3.4714
Car -1 -1 -4.4011 384.5334 183.7627 422.0729 205.3677 1.5627 1.6745 3.9731 -16.0865 2.4430 56.2353 -4.6789 -3.5189
Car -1 -1 -6.6329 650.8350 185.8086 750.6577 221.2097 1.4400 1.6323 4.0079 3.8968 2.0279 31.5126 -6.5118 -3.5289
Car -1 -1 -4.6960 617.1680 185.1159 639.6024 205.9301 1.4890 1.6789 3.9369 1.4275 2.4740 55.9769 -4.6712 -3.7374
Car -1 -1 -4.7621 614.9473 181.3439 645.1176 207.9792 1.5022 1.6314 3.9532 1.1444 2.0427 43.9633 -4.7368 -3.8033
Car -1 -1 -7.5233 540.6730 172.3857 606.7015 214.8728 1.7035 1.6867 3.8097 -1.5300 1.6844 30.9934 -7.5728 -4.0148
Car -1 -1 -3.8533 236.9329 193.4215 307.3471 222.2691 1.5007 1.5820 3.5670 -19.7655 2.7609 42.2693 -4.2887 -4.0828
Car -1 -1 -4.9490 644.5441 181.8810 698.5154 216.0470 1.5165 1.6621 4.3001 2.9097 1.9882 35.4703 -4.8685 -4.1246
Car -1 -1 -4.2132 0.0000 194.6116 91.8957 240.1446 1.5265 1.5175 3.6075 -21.9097 2.4252 27.9109 -4.8743 -4.3324
Car -1 -1 -4.9757 361.9405 183.0972 403.0475 206.7761 1.6127 1.8239 4.3977 -16.9416 2.4054 53.5140 -5.2812 -4.5856
Car -1 -1 -4.6341 30.0092 189.0891 88.6217 232.7295 1.7703 1.7965 4.4139 -25.4048 2.5733 33.3567 -5.2813 -4.6275
Car -1 -1 -4.3005 428.8657 188.9113 468.9720 210.7589 1.4995 1.5802 3.7609 -12.1388 2.7555 54.4551 -4.5193 -4.7059
Car -1 -1 -3.6648 689.4859 184.5797 735.3890 206.9757 1.6354 1.5731 3.1197 7.8292 2.5564 55.3787 -3.5257 -4.8830
Car -1 -1 -4.9447 559.6113 185.1953 593.6921 205.9163 1.4565 1.6811 4.2803 -2.6472 2.4487 55.7353 -4.9925 -5.0907
Car -1 -1 -4.8103 426.5405 181.9196 452.9870 202.3186 1.5201 1.6572 4.3040 -13.7717 2.2790 58.1205 -5.0423 -5.3085
Car -1 -1 -4.5141 458.3348 181.6921 497.5257 207.4537 1.4214 1.5532 3.9753 -7.8870 1.9746 43.1862 -4.6941 -5.5467
Car -1 -1 -4.7930 654.4440 178.3862 686.6114 204.1563 1.5428 1.7085 4.1511 3.7922 1.9123 46.1626 -4.7121 -5.5494
Car -1 -1 -4.5770 526.7455 181.9666 562.0995 208.6493 1.4537 1.5590 4.0203 -3.8731 2.0192 42.7500 -4.6673 -5.6037
Car -1 -1 -4.5522 573.2156 181.7362 609.7769 208.5186 1.4589 1.5625 3.9077 -1.0847 2.0094 42.6991 -4.5780 -5.6406
Car -1 -1 -5.1970 686.0197 180.2349 815.2485 248.4709 1.6922 1.8245 4.2586 3.8271 1.9271 20.6967 -5.0176 -5.6452
Car -1 -1 -4.8072 674.2615 180.6910 713.3413 211.2936 1.4295 1.5854 4.0394 4.1768 1.8508 36.7787 -4.6956 -5.7596
Car -1 -1 -4.4420 589.4895 180.6742 621.5078 199.9920 1.4991 1.6286 4.0960 -0.3604 2.1723 59.9550 -4.4485 -5.7826
Car -1 -1 -4.8355 704.0240 180.7311 761.7592 223.0971 1.4711 1.6787 4.1418 4.6291 1.7987 27.9378 -4.6736 -5.8243
Car -1 -1 -4.6357 545.5460 181.4371 573.6149 206.6693 1.6229 1.6471 3.6712 -3.4555 2.2334 49.5031 -4.7055 -5.8248
Car -1 -1 -5.0469 716.6166 182.7522 814.1699 237.1589 1.4767 1.6562 4.2000 4.6799 1.8162 22.5733 -4.8459 -5.8688
Car -1 -1 -4.5680 578.3007 179.9284 609.7959 202.5714 1.4616 1.6256 3.9910 -1.0950 1.9715 49.9543 -4.5903 -5.8738
Car -1 -1 -6.7849 0.0000 0.0000 1241.0000 374.0000 1.5569 1.5919 3.8073 -2.9050 1.6869 1.0032 -7.9390 -5.8867
Car -1 -1 -3.5046 0.0000 195.5239 0.0000 374.0000 1.5078 1.6069 3.9587 -7.0815 1.6495 2.5302 -4.6974 -5.8867
Car -1 -1 -4.6528 566.6095 179.0262 588.7609 197.6327 1.4430 1.5887 3.9356 -2.6496 1.9665 59.2506 -4.6977 -5.8867
Car -1 -1 -4.3394 488.5256 184.1507 519.8674 201.5500 1.5945 1.7198 3.9848 -10.3962 2.7396 71.0285 -4.4846 -5.9578
Car -1 -1 -4.0763 240.4848 185.7523 294.3842 210.3396 1.6769 1.5844 3.9234 -25.3483 2.6695 53.4678 -4.5174 -6.1641
Car -1 -1 -4.8651 526.6430 184.2401 549.8563 201.0320 1.5414 1.7394 3.5789 -7.0866 2.6896 70.8295 -4.9649 -6.1886
Car -1 -1 -4.4151 736.3109 185.8035 766.8428 206.3270 1.4955 1.4674 3.2531 11.1018 2.5430 56.6027 -4.2230 -6.3598
Car -1 -1 -4.2652 35.3548 204.5027 114.9674 244.1791 1.7285 1.7474 3.8746 -27.1990 3.4326 36.7937 -4.8986 -6.4287
Car -1 -1 -2.5934 162.0640 184.5482 263.8085 218.7330 1.8514 1.7987 4.8095 -22.4258 2.5285 40.7844 -3.0937 -6.7372
