Car -1 -1 -6.2354 95.5595 188.6740 179.7081 221.3224 1.8469 1.6692 4.2484 -28.9608 2.8581 44.3436 -6.8114 -1.8497
Car -1 -1 -4.4255 261.1233 180.9389 300.1804 206.4920 1.8853 1.6881 4.1421 -25.8834 2.5454 56.7739 -4.8517 -2.1343
Car -1 -1 -7.2533 219.4428 193.0610 298.5352 225.2588 1.4804 1.6991 4.1505 -18.4643 2.6080 38.0919 -7.7023 -2.3590
Car -1 -1 -3.5252 573.3721 183.9464 646.3977 213.1199 1.4874 1.6350 3.6316 -0.0482 2.1138 39.3237 -3.5271 -2.6984
Car -1 -1 -4.4862 598.1468 186.7111 632.6219 211.3219 1.5881 1.6173 3.8392 0.3891 2.6053 50.9282 -4.4793 -2.7884
Car -1 -1 -4.6970 625.4659 184.1926 655.1109 214.0462 1.5716 1.6264 4.0942 1.7390 2.2588 41.6615 -4.6563 -3.0159
Car -1 -1 -4.6994 155.2057 193.2060 184.7377 218.5677 1.4954 1.6247 4.1340 -29.4186 2.9182 48.2586 -5.2446 -3.4677
Car -1 -1 -8.2813 306.0260 185.3719 349.5656 208.5735 1.7017 1.6798 4.0565 -22.3895 2.7273 57.1130 -8.6537 -3.5110
Car -1 -1 -4.9367 1078.1177 205.1313 1168.8247 262.1335 1.5620 1.6231 3.8582 17.0673 2.7394 24.2346 -4.3299 -3.7405
Car -1 -1 -7.9015 600.5518 183.5387 628.3547 209.7591 1.6042 1.6457 3.9106 0.2248 2.3405 47.7543 -7.8974 -3.7688
Car -1 -1 -7.9986 637.1531 178.9666 686.5857 216.7926 1.5439 1.6295 3.9044 2.2012 1.8327 32.1094 -7.9315 -3.7882
Car -1 -1 -4.7441 624.9655 184.7739 653.4091 211.1488 1.5251 1.6559 4.1379 1.7723 2.3136 45.6709 -4.7061 -3.9192
Car -1 -1 -4.3284 318.2277 187.0162 368.9842 213.3125 1.6453 1.7878 4.3148 -18.3005 2.6631 49.6839 -4.6800 -3.9662
Car -1 -1 -8.3499 1018.9528 212.2069 1145.3319 268.1732 1.4563 1.6021 4.3937 15.5803 2.8976 24.1834 -7.7842 -3.9795
Car -1 -1 -5.7298 167.6636 200.1443 239.1870 223.5708 1.4592 1.6267 3.8622 -27.0002 3.3053 47.9224 -6.2408 -4.0695
Car -1 -1 -7.5678 954.1576 185.5824 1061.8151 250.7710 1.5773 1.6382 3.8386 11.1245 1.9667 20.1531 -7.0703 -4.2394
Car -1 -1 -3.4678 566.7269 180.3751 651.7248 213.7370 1.5169 1.6244 3.7782 -0.0875 1.8938 34.8075 -3.4709 -4.3232
Car -1 -1 -2.7945 537.2524 189.4098 600.4459 211.4449 1.4643 1.6293 4.1901 -2.9541 2.6749 51.3975 -2.8522 -4.4786
Car -1 -1 -7.7679 187.8181 185.2208 228.4055 216.2874 1.5253 1.6182 3.2963 -21.5549 2.2202 38.7225 -8.2731 -4.5707
Car -1 -1 -7.5237 581.6260 178.2717 648.4870 214.6273 1.4835 1.6467 4.4967 0.2715 1.7456 32.5510 -7.5160 -4.9288
Car -1 -1 -4.8071 384.5826 182.3758 413.2489 204.2473 1.4995 1.6587 4.1458 -15.7557 2.2366 53.6463 -5.0918 -5.0465
Car -1 -1 -1.8569 0.0000 182.5823 31.4930 214.2055 1.4777 1.4671 3.5076 -30.7001 1.9877 36.2701 -2.5558 -5.0656
Car -1 -1 -4.8817 328.7531 187.6874 357.2729 207.8814 1.4993 1.5950 3.4925 -21.6173 2.7366 58.2898 -5.2357 -5.0722
Car -1 -1 -4.8341 732.9683 188.4854 777.6655 225.5661 1.7335 1.7708 4.2020 7.4888 2.5969 37.7106 -4.6403 -5.3020
Car -1 -1 -4.3176 255.7433 192.0001 320.5233 225.9510 1.5855 1.6958 4.0106 -16.8994 2.6472 38.0002 -4.7339 -5.4372
Car -1 -1 -4.9600 567.0071 189.3554 596.4055 207.5138 1.4160 1.5815 4.0839 -2.5069 2.8931 62.4164 -5.0005 -5.5607
Car -1 -1 -7.6534 538.8995 184.3367 653.2148 283.4299 1.4283 1.3776 3.0463 -0.1856 1.6512 12.4000 -7.6694 -5.6284
Car -1 -1 -4.3737 467.1125 182.2472 496.1227 200.7361 1.7299 1.7288 3.5975 -12.6846 2.6836 71.3705 -4.5493 -5.7443
Car -1 -1 -5.1061 739.7200 183.4794 841.6652 233.5774 1.3656 1.6288 4.1048 5.5122 1.7319 22.7389 -4.8720 -5.7653
Car -1 -1 -5.5536 1003.9308 188.7824 1241.0000 352.6007 1.4556 1.6701 4.1431 7.1110 1.7030 9.0296 -4.9031 -5.7893
Car -1 -1 -7.9503 1153.6858 190.9061 1211.3737 232.7118 1.7339 1.7122 4.1160 26.8634 2.6396 34.0177 -7.2868 -5.7974
Car -1 -1 -4.7504 542.7214 180.7049 570.5429 206.8135 1.5410 1.6108 3.5533 -3.4364 2.0566 45.5603 -4.8257 -5.8095
Car -1 -1 -4.7110 394.7332 181.6895 427.3488 213.9216 1.6418 1.6613 3.8766 -11.0559 2.1567 39.9865 -4.9794 -5.8098
Car -1 -1 -5.4727 794.0967 187.2372 976.8080 256.7376 1.3537 1.6306 4.1341 6.3138 1.7403 17.1927 -5.1271 -5.8144
Car -1 -1 -4.8507 530.4874 184.5495 554.4467 205.0690 1.7526 1.6588 3.8934 -6.2358 2.8573 66.0893 -4.9449 -5.8264
Car -1 -1 -4.6719 511.1372 182.6037 538.9099 209.2600 1.5861 1.6203 3.7325 -5.4452 2.2369 46.2614 -4.7889 -5.8352
Car -1 -1 -4.8976 575.6069 181.6810 614.3138 208.1067 1.5289 1.6588 4.3611 -1.0372 2.1145 45.5905 -4.9208 -5.8817
Car -1 -1 -3.4938 0.0000 197.7470 0.0000 374.0000 1.5134 1.6083 3.9616 -6.2784 1.6553 2.1302 -4.6977 -5.8867
Car -1 -1 -4.4485 408.4737 181.5620 442.6224 201.8599 1.4727 1.5945 3.9444 -14.3063 2.1726 56.0353 -4.6977 -5.8867
Car -1 -1 -6.7021 0.0000 0.0000 1241.0000 374.0000 1.5630 1.5921 3.8084 -3.7082 1.7205 1.0028 -7.9388 -5.8867
Car -1 -1 -6.9723 0.0000 0.0000 1241.0000 374.0000 1.5057 1.6024 3.8492 -2.0866 1.5997 1.3714 -7.8744 -5.8867
Car -1 -1 -5.3605 0.0000 0.0000 1241.0000 374.0000 1.5003 1.6068 4.0566 40.2351 0.5300 -0.2942 -3.7896 -5.8867
Car -1 -1 -4.8093 676.7520 179.8797 709.6097 206.3486 1.5011 1.5999 3.9532 4.9878 1.9483 43.9647 -4.6976 -5.8867
Car -1 -1 -3.5141 0.0000 200.2024 0.0000 374.0000 1.5183 1.6077 3.9615 -7.8857 1.7048 2.9345 -4.6976 -5.8867
Car -1 -1 -4.9892 793.5573 177.3526 876.1124 226.1792 1.4820 1.5952 3.9476 7.3962 1.6453 24.2525 -4.6972 -5.8867
Car -1 -1 -4.4352 423.3761 182.3458 460.1315 204.2269 1.4885 1.6075 3.9196 -12.2958 2.2092 52.8127 -4.6632 -5.8867
Car -1 -1 -9.2812 0.0000 0.0000 1241.0000 374.0000 1.5131 1.5792 3.7925 5.5227 1.4500 0.9963 -7.9397 -5.8867
Car -1 -1 -5.0625 839.1404 176.4909 957.8405 240.1213 1.4826 1.5973 3.9492 7.3929 1.5882 19.0252 -4.6977 -5.8867
Car -1 -1 -8.6429 0.0000 0.0000 1048.6285 374.0000 1.5488 1.5873 3.8052 1.1154 1.6178 1.0058 -7.9391 -5.8867
Car -1 -1 -7.5640 151.8471 0.0000 1241.0000 374.0000 1.5571 1.5930 3.8081 -0.4935 1.6585 1.0031 -7.9391 -5.8867
Car -1 -1 -5.2001 891.0557 180.6326 1122.2909 278.0294 1.3382 1.6156 4.1274 6.3932 1.4932 12.3253 -4.7320 -5.9574
Car -1 -1 -4.1633 0.0000 192.3490 0.0000 374.0000 1.4658 1.6340 4.3102 -9.5091 1.7239 7.2596 -5.0640 -6.0525
Car -1 -1 -4.7034 916.3895 182.8050 977.4855 235.7890 1.4559 1.6072 3.8689 10.5410 1.7975 22.7045 -4.2743 -6.0679
Car -1 -1 -5.3636 995.5412 171.7636 1241.0000 280.6300 1.5607 1.5843 3.8920 8.4601 1.5448 12.3354 -4.7741 -6.3040
Car -1 -1 -8.0841 220.4386 186.3724 266.0348 217.5369 1.5448 1.4818 3.3254 -19.9040 2.3085 39.0325 -8.5532 -6.8883
Car -1 -1 -4.9542 988.7654 177.5973 1143.9667 265.6391 1.6250 1.8038 4.4210 9.7813 1.7452 15.9521 -4.4131 -6.9844
