Car -1 -1 -4.3593 211.3325 189.8554 310.9271 246.1370 1.4972 1.7150 3.1530 -10.4934 2.0502 21.8367 -4.8029 5.5660
Car -1 -1 -4.0620 0.0000 202.3254 58.9584 364.3852 1.4712 1.6971 4.3158 -9.6863 1.9553 9.6141 -4.8373 2.6991
Car -1 -1 -4.8959 446.5913 179.8814 485.4666 205.5129 1.4685 1.6416 4.0818 -9.0059 1.9255 44.7458 -5.0938 0.0405
Car -1 -1 -3.9869 720.9344 175.9985 761.7915 195.4394 1.5875 1.5487 3.3887 11.1132 1.8607 61.1099 -3.8083 -2.1872
Car -1 -1 -4.6853 970.6138 185.0381 996.4724 207.1515 1.5273 1.6323 3.5655 27.9193 2.4710 53.9449 -4.2105 -2.3156
Car -1 -1 -4.7632 174.3532 188.0084 212.9194 218.4124 1.4394 1.5793 3.9843 -22.2063 2.2889 38.3575 -5.2853 -2.7239
Car -1 -1 -3.3180 881.6960 185.0492 960.6011 216.7648 1.8139 1.7546 4.1274 18.6927 2.5728 43.5968 -2.9161 -2.7796
Car -1 -1 -4.9186 912.0095 179.8453 946.2216 201.0555 1.5881 1.6717 4.1486 25.4295 2.1679 57.6764 -4.5057 -3.1634
Car -1 -1 -5.7916 310.9123 181.1054 367.5347 201.3906 1.7304 1.7527 4.3678 -23.8881 2.4713 63.6529 -6.1495 -3.4908
Car -1 -1 -4.6367 714.3264 176.4743 737.3805 195.8461 1.6077 1.6771 4.2507 10.1202 1.9348 62.9901 -4.4785 -3.4951
Car -1 -1 -4.7240 600.4009 179.4594 618.1627 196.7026 1.5810 1.6598 3.6114 -0.1109 2.2324 69.3670 -4.7260 -3.8545
Car -1 -1 -5.3735 961.3740 180.3017 1010.5382 199.6178 1.5731 1.6632 3.9991 32.4865 2.2399 62.5130 -4.8966 -3.9850
Car -1 -1 -4.5680 88.8368 191.6159 239.2630 299.3225 1.4848 1.6671 3.8445 -7.7296 1.8711 12.7716 -5.1035 -4.0269
Car -1 -1 -7.6671 832.4974 176.2110 868.5943 200.9827 1.7038 1.7334 4.3101 17.5280 1.9588 52.5572 -7.3473 -4.2254
Car -1 -1 -7.2190 0.0000 202.3840 59.7288 258.7416 1.4808 1.5948 4.2320 -20.1877 2.5268 23.3973 -7.9254 -4.2814
Car -1 -1 -2.3945 314.0175 185.8264 426.7268 227.5631 1.4598 1.6573 4.0903 -9.2960 1.9887 27.8330 -2.7145 -4.3969
Car -1 -1 -5.4527 928.6597 186.7766 999.1550 215.4148 1.5475 1.5892 3.8449 21.0107 2.4182 43.0700 -5.0021 -4.4357
Car -1 -1 -6.2451 775.6378 173.3738 847.6393 203.5673 1.7208 1.6818 4.0169 11.8628 1.7522 42.5798 -5.9756 -4.4476
Car -1 -1 -4.1883 189.8220 181.7590 247.9126 211.2648 1.8402 1.6442 3.9649 -26.0924 2.4598 48.2186 -4.6822 -4.4659
Car -1 -1 -7.9454 559.5536 181.2195 578.4341 194.1623 1.1641 1.4983 3.3365 -3.9579 1.9835 68.9354 -8.0029 -4.5588
Car -1 -1 -3.2082 714.2167 173.5107 779.4597 198.4748 1.5840 1.6312 4.0600 8.8106 1.6273 46.8846 -3.0240 -4.5738
Car -1 -1 -4.5755 0.0000 197.1725 150.6938 339.7272 1.4837 1.6621 3.9871 -7.8193 1.9061 10.3917 -5.2085 -4.9236
Car -1 -1 -4.4331 483.9683 181.9247 518.2375 202.7775 1.5703 1.6227 4.3146 -8.8122 2.3341 58.5332 -4.5823 -4.9278
Car -1 -1 -3.7283 838.8782 185.9752 908.9731 218.6836 1.9331 1.8065 3.7338 16.4134 2.7756 45.0244 -3.3815 -4.9771
Car -1 -1 -6.9449 974.5210 181.8463 1231.6908 277.5231 1.4424 1.5412 3.2799 8.0013 1.6023 11.9527 -6.3670 -5.1057
Car -1 -1 -4.4478 547.5068 179.1797 585.1627 202.8104 1.5734 1.6386 4.2097 -3.0955 2.0437 51.4605 -4.5081 -5.1650
Car -1 -1 -4.5573 308.0774 182.2062 339.3010 207.7197 1.7443 1.5637 3.7202 -20.9278 2.4538 52.7733 -4.9335 -5.2917
Car -1 -1 -4.9454 536.7419 177.5895 570.0457 203.2003 1.8207 1.6222 3.9377 -4.3190 2.1901 54.2041 -5.0250 -5.3014
Car -1 -1 -8.4527 1146.3801 192.5549 1241.0000 233.7945 1.6418 1.7144 4.2418 26.7944 2.6018 32.9908 -7.7756 -5.4093
Car -1 -1 -4.4886 503.8374 181.2057 536.4846 201.2691 1.4676 1.6498 4.2473 -7.0542 2.1502 56.8035 -4.6120 -5.4483
Car -1 -1 -4.8895 617.0251 177.2876 646.8703 198.2298 1.5760 1.6815 4.0011 1.6772 1.9407 57.2930 -4.8608 -5.5573
Car -1 -1 -7.6604 510.7070 178.0979 542.3830 199.6620 1.5218 1.6256 3.9393 -6.2255 1.9282 53.9322 -7.7752 -5.6640
Car -1 -1 -4.7660 573.7892 176.1799 600.5107 198.5581 1.4437 1.5903 4.3376 -1.6365 1.6816 49.4425 -4.7993 -5.6940
Car -1 -1 -4.9707 557.3421 179.2080 589.7213 197.4176 1.4172 1.6326 4.3345 -3.1029 1.9664 60.0829 -5.0225 -5.7840
Car -1 -1 -4.9475 509.6276 181.4894 541.5771 201.1913 1.5233 1.7038 4.1982 -7.0852 2.2687 60.0381 -5.0649 -5.7940
Car -1 -1 -4.7102 378.4634 183.8232 399.1637 203.0427 1.4971 1.6158 4.0124 -18.6599 2.4541 60.8156 -5.0070 -5.8189
Car -1 -1 -4.7103 1072.0341 173.4789 1095.0988 191.1569 1.4939 1.6451 3.9936 41.4764 1.5502 63.2454 -4.1323 -5.8867
Car -1 -1 -4.6808 1043.8235 172.0003 1065.8512 188.0180 1.4465 1.6333 3.9884 41.4731 1.3691 67.2744 -4.1306 -5.8867
Car -1 -1 -4.6548 1029.8899 171.9413 1052.4756 187.6690 1.4626 1.6407 4.0212 41.3665 1.3774 69.2240 -4.1182 -5.8867
Car -1 -1 -7.9131 170.8528 180.1856 206.8011 214.9569 2.1962 1.8399 4.7237 -28.7257 2.7199 49.0944 -8.4404 -5.9325
Car -1 -1 -2.5500 119.3834 187.4802 336.9891 257.9302 1.4798 1.6498 4.2503 -8.7772 1.8385 16.6539 -3.0288 -5.9759
Car -1 -1 -5.1219 684.2082 175.7270 728.4167 198.7895 1.5133 1.5851 3.9464 6.5895 1.7205 49.9882 -4.9920 -6.3697
Car -1 -1 -5.0327 744.5953 175.8363 781.1359 201.3393 1.7174 1.5322 3.3335 10.6788 1.9340 50.7392 -4.8269 -6.7823
