Car -1 -1 -4.9077 614.3746 184.1876 645.8295 208.2905 1.5890 1.5476 3.6557 1.3625 2.4251 51.3176 -4.8819 -0.8545
Car -1 -1 -5.0057 625.6866 187.3999 668.8900 215.1676 1.4766 1.5840 3.4452 2.0994 2.3643 42.1853 -4.9570 -1.9594
Car -1 -1 -4.8277 615.3611 184.3933 645.2414 208.6564 1.4946 1.5798 3.5652 1.2838 2.2923 48.0497 -4.8018 -2.2001
Car -1 -1 -4.7895 332.5534 184.0207 356.4596 205.3960 1.6626 1.5903 3.7464 -22.2287 2.6267 60.2807 -5.1417 -2.5544
Car -1 -1 -6.3364 829.7079 174.9384 1107.8221 285.9003 1.5259 1.5864 3.6904 5.4058 1.5626 11.3953 -5.9042 -3.4269
Car -1 -1 -4.4426 121.2524 190.3434 174.0970 218.5238 1.5150 1.6282 4.2207 -28.0476 2.6322 43.8468 -5.0091 -3.7643
Car -1 -1 -3.3417 573.3372 180.2994 650.1930 211.5665 1.6110 1.6945 3.8893 0.0333 2.0254 38.9714 -3.3415 -3.7768
Car -1 -1 -7.8664 225.9875 189.0418 252.4588 214.3244 1.7124 1.7010 4.1238 -27.7649 2.9720 53.9343 -8.3401 -4.1012
Car -1 -1 -5.0678 606.0252 188.5317 656.1724 215.4234 1.3610 1.5629 3.9671 1.1092 2.3007 41.1313 -5.0416 -4.9818
Car -1 -1 -4.6986 406.6092 183.1895 427.0766 201.5928 1.4274 1.5993 3.8116 -16.1399 2.3202 60.3040 -4.9593 -5.3710
Car -1 -1 -7.9214 493.9133 188.1009 518.6957 211.9448 1.6061 1.5569 3.6186 -7.6750 2.7667 53.0052 -8.0650 -5.4246
Car -1 -1 -5.1669 708.7192 182.2295 815.7242 241.8612 1.6100 1.6794 3.8287 4.5126 1.9250 22.1957 -4.9698 -5.4565
Car -1 -1 -4.8285 522.3388 187.5505 551.1295 210.4473 1.5231 1.6300 4.1252 -5.4481 2.6470 52.9996 -4.9309 -5.7210
Car -1 -1 -4.7514 408.1738 185.1076 431.6384 206.9306 1.5781 1.6262 4.1051 -15.0327 2.5806 56.8489 -5.0092 -5.7270
Car -1 -1 -5.0738 691.4703 182.3900 767.4167 221.7097 1.3829 1.6400 3.9658 4.5811 1.7873 28.5082 -4.9168 -5.7368
Car -1 -1 -5.0029 806.2075 180.9007 921.9110 244.8261 1.4250 1.6565 4.1335 6.3670 1.6566 18.7030 -4.6804 -5.7478
Car -1 -1 -4.8707 549.4385 184.6680 575.2360 205.2114 1.6822 1.6604 3.9599 -4.2578 2.7584 63.6315 -4.9378 -5.7574
Car -1 -1 -4.6958 535.9159 180.9314 562.1467 205.4129 1.4461 1.5960 4.0742 -3.8944 1.9850 46.0834 -4.7802 -5.7773
Car -1 -1 -4.5975 581.0126 182.2774 604.5438 200.7232 1.5453 1.6387 4.2928 -1.5383 2.4217 64.9178 -4.6216 -5.7879
Car -1 -1 -4.7308 412.8053 183.4905 440.5135 211.1055 1.6349 1.6532 3.8879 -11.8617 2.3498 46.4234 -4.9800 -5.7929
Car -1 -1 -4.8159 738.8563 180.5525 801.3061 228.1448 1.4699 1.6636 4.2216 5.4450 1.7616 25.1801 -4.6061 -5.8170
Car -1 -1 -4.3078 419.3684 184.5881 470.4838 213.1464 1.6363 1.6955 3.9597 -10.3047 2.4047 45.1686 -4.5313 -5.8448
Car -1 -1 -4.9077 647.1052 181.8469 680.9973 206.1395 1.6130 1.6552 4.0201 3.7871 2.2814 51.5582 -4.8354 -5.8556
Car -1 -1 -4.2923 430.5642 186.4589 475.3870 210.5699 1.6198 1.6942 4.1111 -11.5341 2.6624 53.1256 -4.5055 -5.8562
Car -1 -1 -4.6121 507.6892 181.5482 539.7625 208.1454 1.5654 1.6368 3.8954 -5.4563 2.1395 45.7108 -4.7308 -5.8774
Car -1 -1 -6.7249 0.0000 0.0000 1241.0000 374.0000 1.4975 1.5974 3.8457 -3.6941 1.5938 1.3734 -7.8744 -5.8867
Car -1 -1 -5.0764 888.7426 173.2636 1014.7238 236.3921 1.4508 1.5945 3.9153 8.5891 1.4622 18.6115 -4.6506 -5.8867
Car -1 -1 -4.5273 410.8941 181.7434 437.3589 199.4399 1.4916 1.6041 3.9503 -16.6971 2.3154 64.8725 -4.7786 -5.8867
Car -1 -1 -4.9789 785.1538 175.0137 867.5278 223.3574 1.4535 1.5901 3.9408 6.9909 1.5305 23.8522 -4.6977 -5.8867
Car -1 -1 -3.4815 0.0000 198.1745 0.0000 374.0000 1.5078 1.6033 3.9574 -8.6895 1.6804 2.9358 -4.6976 -5.8867
Car -1 -1 -7.3794 244.7496 0.0000 1241.0000 374.0000 1.4990 1.5985 3.8475 -0.8816 1.5639 1.3716 -7.8743 -5.8867
Car -1 -1 -4.4675 424.9642 181.6521 455.4849 200.3788 1.4797 1.5959 3.9480 -14.3045 2.2458 60.8637 -4.6977 -5.8867
Car -1 -1 -4.4784 432.5273 182.5200 464.7130 203.0450 1.5070 1.6003 3.9538 -12.6962 2.2948 56.8388 -4.6975 -5.8867
Car -1 -1 -5.0514 836.5709 175.5349 937.5820 229.3687 1.4668 1.5915 3.9426 8.1990 1.5550 21.8397 -4.6973 -5.8867
Car -1 -1 -3.5751 0.0000 196.7265 0.0000 374.0000 1.5154 1.6071 3.9614 -6.6813 1.6781 2.9335 -4.6975 -5.8867
Car -1 -1 -4.6345 551.9786 178.6295 576.7718 198.5692 1.4287 1.5813 3.9295 -3.4615 1.8830 54.8198 -4.6976 -5.8867
Car -1 -1 -4.5418 577.9377 182.3908 602.3948 199.9065 1.5476 1.6649 3.9390 -1.8608 2.4744 68.0730 -4.5695 -5.8867
Car -1 -1 -8.6430 0.0000 0.0000 1048.6796 374.0000 1.5471 1.5871 3.8045 1.1153 1.6123 1.0055 -7.9391 -5.8867
Car -1 -1 -4.4695 427.6046 181.0893 456.0350 198.3237 1.4573 1.5890 3.9389 -15.1081 2.2202 64.8866 -4.6978 -5.8867
Car -1 -1 -4.6404 552.1152 178.7439 582.2352 203.7107 1.4484 1.5890 3.9384 -2.6512 1.8297 44.7711 -4.6997 -5.8867
Car -1 -1 -4.0938 226.3093 193.6602 306.4710 222.9770 1.3628 1.7179 4.3306 -18.5315 2.5548 39.0643 -4.5344 -5.9047
Car -1 -1 -9.1151 838.2760 215.9047 1241.0000 374.0000 1.4240 1.6058 4.2209 3.3864 1.7824 3.8037 -8.4268 -6.0337
Car -1 -1 -4.4439 514.8190 191.5227 543.4111 209.7692 1.4719 1.5652 3.8798 -7.2083 3.1910 64.4151 -4.5554 -6.0424
Car -1 -1 -2.6222 291.8888 178.3008 348.7472 201.3415 1.8203 1.7049 3.9673 -23.5511 2.2712 58.6513 -3.0028 -6.2832
Car -1 -1 -5.5420 973.5911 171.9339 1241.0000 291.2397 1.5428 1.5544 3.9129 7.7874 1.5306 11.4169 -4.9560 -6.3270
Car -1 -1 -5.8786 1241.0000 0.0000 1241.0000 374.0000 1.5591 1.7775 4.6029 5.0381 1.3663 2.3675 -4.7940 -6.4181
Car -1 -1 -7.6587 358.3612 186.5609 386.9684 206.3656 1.5073 1.5861 3.4753 -19.4811 2.6673 59.2563 -7.9754 -6.6441
