Car -1 -1 -4.0681 0.0000 202.5124 160.7253 347.0784 1.3972 1.6580 4.0779 -8.2530 1.8885 9.8912 -4.7504 4.5099
Car -1 -1 -4.4131 315.0674 180.4597 406.6395 235.9415 1.7323 1.7952 4.4442 -8.6712 2.0233 25.3896 -4.7395 3.9163
Car -1 -1 -4.7174 470.8373 182.5421 493.5125 204.4250 1.5749 1.6655 3.6802 -9.8911 2.3478 55.6251 -4.8930 2.7684
Car -1 -1 -4.4870 427.7655 184.7652 473.1674 212.4880 1.4934 1.7279 4.2172 -9.4341 2.2347 42.8047 -4.7031 1.9248
Car -1 -1 -4.6900 522.5502 177.9492 542.4482 196.3925 1.5029 1.6132 3.6195 -6.6263 1.9516 61.7036 -4.7969 -1.7980
Car -1 -1 -4.2878 526.8517 179.5973 571.4341 203.0550 1.5548 1.6155 4.0941 -4.3053 2.0543 51.2868 -4.3716 -2.7046
Car -1 -1 -5.0185 699.4095 177.4458 740.6872 200.8501 1.4743 1.6317 3.8585 7.2804 1.7942 48.2817 -4.8702 -2.7291
Car -1 -1 -5.1345 646.1944 176.7498 677.2790 193.3874 1.5533 1.6327 3.7293 4.9934 1.9439 70.3488 -5.0643 -3.1969
Car -1 -1 -2.6569 468.5774 180.0447 538.2270 203.2526 1.4487 1.7009 4.2282 -7.0422 1.9366 47.4762 -2.8038 -3.4089
Car -1 -1 -5.3148 894.3888 165.9189 1059.4207 240.2066 1.6971 1.7254 4.1206 9.2146 1.5384 18.6499 -4.8627 -3.8696
Car -1 -1 -5.7155 560.4768 183.5640 617.5921 205.3143 1.5613 1.7334 4.0873 -1.6486 2.4091 55.3481 -5.7456 -3.9653
Car -1 -1 -7.5498 467.4806 182.1454 517.6828 210.6123 1.3759 1.6124 3.5694 -6.1629 1.8890 37.9845 -7.7101 -4.1129
Car -1 -1 -4.8736 300.5085 186.9450 334.8480 210.1638 1.5368 1.6732 4.1868 -21.4040 2.6086 52.6779 -5.2581 -4.1141
Car -1 -1 -4.8096 654.9222 176.0817 676.2691 193.2650 1.5340 1.6033 3.8741 5.1207 1.8426 67.1015 -4.7341 -4.2091
Car -1 -1 -4.8334 860.0724 175.5701 887.9047 196.8506 1.6521 1.6407 4.0070 21.4082 1.8808 58.6978 -4.4857 -4.2570
Car -1 -1 -4.4034 716.5320 179.3752 762.9544 205.5618 1.5058 1.6485 4.1958 8.0764 1.9310 44.8454 -4.2269 -4.3930
Car -1 -1 -2.7467 151.6010 194.4542 378.5672 264.5835 1.3619 1.6166 4.0789 -7.2985 1.8508 15.4503 -3.1818 -4.5417
Car -1 -1 -4.9229 814.2651 177.3393 846.8878 199.5738 1.7169 1.7441 3.8900 17.8228 2.0929 58.5361 -4.6292 -4.7844
Car -1 -1 -7.7032 340.0628 174.2077 365.5995 194.0281 1.8807 1.7234 4.4261 -25.3252 2.0182 71.1182 -8.0444 -4.8609
Car -1 -1 -4.2970 367.2036 188.6883 435.4536 225.3831 1.5537 1.6954 3.8750 -9.8877 2.3517 34.3421 -4.5758 -4.9190
Car -1 -1 -5.3058 173.4263 188.9627 239.3193 218.9074 1.6998 1.6182 3.9202 -24.8209 2.7243 44.2945 -5.8143 -4.9545
Car -1 -1 -7.8633 607.0156 180.2586 623.6180 193.3159 1.1595 1.5165 3.2265 0.4590 1.8687 67.5194 -7.8569 -5.0050
Car -1 -1 -7.9916 665.2721 171.4364 692.7859 195.2167 2.0283 1.8215 4.4249 6.0385 1.9071 63.7937 -7.8981 -5.0335
Car -1 -1 -4.3440 394.6136 185.4287 443.3356 211.3893 1.4261 1.6075 3.7017 -11.4751 2.2163 43.4322 -4.6013 -5.1369
Car -1 -1 -4.2094 501.9851 178.7326 541.4592 199.5182 1.6011 1.7434 3.4327 -7.1591 2.0937 58.5828 -4.3308 -5.1994
Car -1 -1 -5.0260 475.0811 182.3837 518.7354 206.3981 1.5206 1.7084 4.3766 -7.8971 2.2099 49.8802 -5.1827 -5.3024
Car -1 -1 -4.6338 338.8699 182.2498 372.7274 208.1340 1.5126 1.7084 4.2067 -16.2048 2.1412 46.0497 -4.9707 -5.3667
Car -1 -1 -5.0141 554.6950 177.9834 594.0848 199.2072 1.3782 1.5796 4.0918 -2.5495 1.7497 50.1071 -5.0651 -5.3904
Car -1 -1 -4.1345 635.4966 180.1742 673.3654 198.4338 1.5443 1.7120 3.5671 3.9747 2.2183 64.5244 -4.0737 -5.4179
Car -1 -1 -5.5847 740.5700 173.4070 790.6372 196.2217 1.9959 1.7213 4.3477 14.0568 2.0475 65.4752 -5.3746 -5.4282
Car -1 -1 -4.6979 434.2969 181.0142 452.7780 197.5579 1.4607 1.6397 4.2330 -15.7163 2.2565 68.1581 -4.9240 -5.6823
Car -1 -1 -4.2513 433.5301 182.3530 477.6473 203.3002 1.5012 1.6483 4.2029 -11.9523 2.2674 55.9818 -4.4611 -5.7032
Car -1 -1 -4.7868 430.7302 186.3932 454.1938 208.0505 1.6955 1.6503 3.9241 -14.2745 2.8844 61.2558 -5.0152 -5.7203
Car -1 -1 -4.8232 620.5928 177.8044 647.7914 199.0977 1.5464 1.6460 4.0034 1.7934 1.9405 55.4196 -4.7915 -5.7238
Car -1 -1 -4.9092 608.3165 179.3366 641.6115 200.6259 1.4071 1.5674 4.1711 0.9871 1.8867 51.2163 -4.8905 -5.8144
Car -1 -1 -4.2200 0.0000 187.8486 0.0000 317.8993 1.3986 1.5159 3.8122 -10.8596 1.6544 10.2776 -5.0199 -5.8282
Car -1 -1 -4.8656 633.8776 177.2512 661.3288 195.4019 1.3713 1.5862 4.0084 2.9382 1.7347 57.5953 -4.8153 -5.8285
Car -1 -1 -4.2906 345.4548 182.2460 402.7004 210.2066 1.4748 1.6533 3.9454 -13.5269 2.0411 41.4848 -4.6042 -5.8323
Car -1 -1 -4.3339 375.7788 185.1006 424.4162 211.2793 1.5896 1.7095 4.0839 -13.9038 2.4383 47.9070 -4.6153 -5.8344
Car -1 -1 -4.2089 334.5533 185.4233 407.4578 220.9671 1.6025 1.6999 4.1059 -11.9511 2.2714 36.2437 -4.5257 -5.8424
Car -1 -1 -7.3171 149.0727 0.0000 1241.0000 374.0000 1.5474 1.5937 3.8083 -0.9081 1.6198 0.9964 -7.9398 -5.8867
Car -1 -1 -4.7070 607.0711 178.4134 627.3706 197.1833 1.4384 1.5889 3.9346 0.5661 1.9037 58.4454 -4.6978 -5.8867
Car -1 -1 -6.7852 0.0000 0.0000 1241.0000 374.0000 1.5444 1.5897 3.8041 -2.9059 1.6399 1.0041 -7.9392 -5.8867
Car -1 -1 -4.7007 600.2560 179.3489 624.9081 202.6073 1.4730 1.5997 3.9482 0.1624 1.9298 48.7922 -4.6979 -5.8867
Car -1 -1 -5.0022 493.6217 181.4354 529.3646 203.0718 1.5611 1.6157 4.1968 -7.7241 2.2546 56.0868 -5.1388 -5.9112
Car -1 -1 -4.8789 840.6904 174.2467 870.2969 196.1447 1.7402 1.6854 3.8751 20.2262 1.8590 59.6466 -4.5539 -6.0401
Car -1 -1 -6.5363 875.1466 175.6149 1132.4313 253.3192 1.5575 1.6979 4.6922 8.3883 1.6232 15.9065 -6.0593 -6.2655
Car -1 -1 -4.0473 574.9490 176.4443 621.9101 195.3448 1.6058 1.7786 4.5403 -1.0163 1.9383 64.5383 -4.0633 -7.5558
