Car -1 -1 -4.7303 616.2787 184.6725 645.2968 211.8162 1.5089 1.6860 4.4158 1.1953 2.2698 44.2545 -4.7041 -1.4189
Car -1 -1 -6.5618 0.0000 189.4242 111.3256 227.4683 1.5741 1.6612 4.0826 -26.1072 2.4001 33.8464 -7.2152 -2.2412
Car -1 -1 -4.9667 635.0757 185.3867 676.3293 210.5470 1.4969 1.7214 4.0395 2.9054 2.3540 47.2149 -4.9062 -2.8363
Car -1 -1 -5.0030 618.8548 183.5722 658.2122 207.9507 1.5616 1.6255 4.1025 1.9105 2.3415 50.3344 -4.9659 -2.8787
Car -1 -1 -4.7918 644.4562 182.6691 682.8311 216.2743 1.5610 1.6160 4.0303 2.6369 2.0878 36.7207 -4.7213 -3.0509
Car -1 -1 -4.7836 640.0202 184.5875 672.8961 211.1950 1.4627 1.6748 4.1977 2.7261 2.2062 43.6310 -4.7223 -3.2391
Car -1 -1 -4.4685 650.2023 184.0848 708.7592 220.1763 1.4936 1.7494 4.2149 3.2585 2.0511 33.5564 -4.3732 -3.2942
Car -1 -1 -5.0132 604.6697 186.7208 647.6272 210.0979 1.4020 1.6780 4.2442 0.9932 2.3725 48.2400 -4.9933 -3.5049
Car -1 -1 -4.7304 618.9017 183.3014 655.8677 218.5805 1.4838 1.6120 3.7586 1.1824 1.9939 33.3597 -4.6960 -4.0135
Car -1 -1 -7.8802 616.6326 182.7266 651.8385 216.5331 1.5597 1.6595 4.1668 1.1384 2.0887 36.5945 -7.8500 -4.1984
Car -1 -1 -4.3623 99.2117 180.8773 152.2116 207.7841 1.5548 1.5822 3.6123 -30.0290 2.0742 44.7944 -4.9503 -4.2741
Car -1 -1 -6.0734 556.6877 173.2467 647.7682 204.5795 1.7661 1.9060 5.0331 -0.4626 1.7895 42.1369 -6.0848 -4.3078
Car -1 -1 -4.7757 642.1505 183.2255 676.8033 212.9828 1.5154 1.6565 4.0798 2.6706 2.1225 40.2099 -4.7105 -4.3672
Car -1 -1 -8.0364 663.5872 186.4087 729.8845 233.6055 1.4603 1.6200 3.8613 2.9264 1.9753 25.4461 -7.9241 -4.4086
Car -1 -1 -4.8676 404.2360 184.0307 427.7017 203.7090 1.8067 1.6425 3.8597 -19.0608 2.9344 70.7239 -5.1303 -4.4279
Car -1 -1 -7.1228 0.0000 192.8125 97.3547 254.0038 1.5182 1.7345 4.2095 -17.7126 2.1704 21.4432 -7.8072 -4.4638
Car -1 -1 -7.5138 203.1924 181.0809 326.5186 257.8772 1.7185 1.6175 3.9439 -8.7847 1.9538 18.6230 -7.9495 -4.8780
Car -1 -1 -4.8504 610.3244 185.0079 633.4052 203.0354 1.6075 1.6768 3.9645 1.0882 2.8076 69.1989 -4.8352 -4.9153
Car -1 -1 -4.2859 118.2403 191.6653 183.1483 221.1416 1.3963 1.4162 3.9976 -24.7122 2.4645 38.9076 -4.8489 -5.0225
Car -1 -1 -4.7610 645.0955 183.8922 673.4642 210.0175 1.6747 1.7491 4.4363 3.3650 2.4791 50.3719 -4.6952 -5.0896
Car -1 -1 -7.2528 69.8511 201.7395 198.9128 245.1978 1.3067 1.8116 4.4299 -17.5878 2.4733 26.9094 -7.8274 -5.2550
Car -1 -1 -7.9463 681.5660 175.4109 706.1054 203.4251 2.5226 1.8636 4.5551 7.8047 2.7703 67.6875 -7.8325 -5.3076
Car -1 -1 -2.8141 0.0000 187.5389 96.3061 257.9662 1.4862 1.6289 3.9219 -14.9598 1.8685 17.3226 -3.5189 -5.3692
Car -1 -1 -4.4511 301.5471 185.1337 368.4615 229.8272 1.6330 1.5987 3.8628 -11.1810 2.1682 29.4645 -4.8112 -5.4480
Car -1 -1 -4.7204 478.9667 186.6838 500.2131 207.2529 1.5337 1.6485 3.9496 -9.8372 2.6984 58.6944 -4.8862 -5.5853
Car -1 -1 -4.7961 545.7341 184.5935 571.3400 206.1912 1.6003 1.6993 4.2705 -4.2086 2.5824 58.1405 -4.8686 -5.7307
Car -1 -1 -4.7200 222.8848 189.2274 290.8672 247.0015 1.4497 1.6725 4.2160 -10.6377 1.9919 21.6467 -5.1722 -5.8189
Car -1 -1 -4.4335 189.1629 187.4615 280.1476 237.3571 1.4630 1.6960 3.9550 -12.6550 2.0011 24.4914 -4.9063 -5.8398
Car -1 -1 -4.5580 217.0405 182.0352 281.7709 224.9249 1.4733 1.6215 4.0220 -13.8779 1.8552 27.8730 -5.0165 -5.8627
Car -1 -1 -4.4317 258.0322 182.8774 340.7700 226.7209 1.3846 1.6371 4.1038 -11.0718 1.7737 25.8972 -4.8324 -5.8747
Car -1 -1 -4.5362 589.1019 180.6977 615.4008 198.7893 1.4895 1.6480 3.9159 -0.6702 2.1994 63.2630 -4.5472 -5.8867
Car -1 -1 -4.6545 568.3368 179.2446 589.5624 197.1713 1.4478 1.5902 3.9363 -2.6493 2.0112 61.6632 -4.6977 -5.8867
Car -1 -1 -6.7847 0.0000 0.0000 1241.0000 374.0000 1.5629 1.5934 3.8089 -2.9047 1.7084 1.0025 -7.9389 -5.8867
Car -1 -1 -7.1461 51.9004 0.0000 1241.0000 374.0000 1.5657 1.5937 3.8100 -1.2965 1.7008 1.0029 -7.9389 -5.8867
Car -1 -1 -4.4426 273.2657 181.7721 341.8735 219.6732 1.4309 1.6422 3.9829 -12.6429 1.8307 30.2947 -4.8352 -5.8867
