Car -1 -1 -5.2237 643.8043 178.7312 720.3228 213.3545 1.4334 1.6300 4.1457 3.1561 1.7189 32.8530 -5.1294 -2.1428
Car -1 -1 -4.8481 704.3815 181.8794 736.4852 205.2088 1.4852 1.6272 4.1017 7.5125 2.1310 49.5921 -4.6992 -2.2219
Car -1 -1 -4.5965 437.1154 178.4967 460.1069 196.0843 1.5658 1.6456 4.0678 -15.1293 2.1114 67.6971 -4.8159 -3.3981
Car -1 -1 -7.7296 276.7577 171.6733 301.3863 189.5025 1.6247 1.6487 3.8421 -30.1538 1.5168 67.8274 -8.1467 -3.4504
Car -1 -1 -4.6710 633.0830 175.8302 657.6177 198.6316 1.5531 1.6043 3.7029 2.5257 1.7734 51.5629 -4.6228 -3.5403
Car -1 -1 -8.5895 671.6887 180.6458 731.4219 205.4362 1.5543 1.7182 4.0580 6.1049 2.1037 48.7483 -8.4662 -3.5702
Car -1 -1 -4.8642 624.0052 176.4322 658.2822 202.4986 1.5256 1.5717 3.6771 1.8519 1.7563 44.6701 -4.8235 -3.7450
Car -1 -1 -6.6025 394.9804 177.8948 449.3004 198.1299 1.7528 1.7560 4.4395 -17.0353 2.2231 65.4119 -6.8566 -3.8388
Car -1 -1 -6.6582 643.2948 178.7046 728.0980 209.9786 1.4571 1.6079 3.8120 3.6568 1.7542 35.3889 -6.5566 -4.0850
Car -1 -1 -4.6858 615.1146 176.0164 638.7654 198.3763 1.5994 1.6756 4.0253 1.2767 1.8458 54.2435 -4.6629 -4.3607
Car -1 -1 -6.6897 718.4113 180.8710 783.4305 205.6040 1.5727 1.6934 3.8856 9.3098 2.1188 47.9304 -6.4996 -4.4076
Car -1 -1 -4.4306 0.0000 147.3496 67.8383 183.1331 1.6773 1.7188 4.0205 -28.7703 0.4815 36.0071 -5.1012 -4.4868
Car -1 -1 -4.3561 317.3943 183.6962 367.1651 207.6897 1.3841 1.6857 3.8567 -16.7760 2.0935 45.2994 -4.7092 -4.5187
Car -1 -1 -2.0673 280.9945 169.5926 321.5843 187.0135 1.6347 1.7652 4.3167 -29.8757 1.3284 69.7388 -2.4708 -4.5982
Car -1 -1 -4.2488 0.0000 152.2349 40.3627 189.3457 1.7010 1.8548 4.6587 -30.4154 0.7556 35.5554 -4.9529 -4.8529
Car -1 -1 -3.4081 294.2423 185.2099 364.8053 209.4228 1.5083 1.7206 4.1458 -18.9886 2.3772 48.8337 -3.7774 -5.1159
Car -1 -1 -7.9861 618.0999 181.8614 660.0074 213.3413 1.3499 1.4830 3.6746 1.2736 1.7968 33.9272 -7.9495 -5.2249
Car -1 -1 -4.2228 624.2991 177.4864 671.9767 203.9829 1.4584 1.4708 3.1464 2.2180 1.7392 42.0467 -4.1709 -5.2300
Car -1 -1 -7.7113 205.8273 180.0390 271.2280 224.2619 1.4486 1.5984 3.6547 -13.4802 1.7297 26.2688 -8.1816 -5.2711
Car -1 -1 -7.6056 168.4547 181.6571 265.0486 237.3714 1.3795 1.5707 3.4279 -10.9911 1.6495 20.3029 -8.0966 -5.3276
Car -1 -1 -5.1032 437.8404 177.5160 476.4558 195.7409 1.5231 1.8486 4.2690 -13.5620 1.9495 63.7530 -5.3123 -5.3803
Car -1 -1 -5.1156 534.7072 177.2312 569.4301 196.0140 1.5026 1.5581 3.7560 -4.9291 1.8827 60.6895 -5.1967 -5.4170
Car -1 -1 -7.7115 124.7001 185.0289 230.3619 255.1834 1.3930 1.5922 3.7535 -10.1358 1.7152 17.0733 -8.2407 -5.5125
Car -1 -1 -4.5643 297.8209 178.8282 329.7482 203.0730 1.5970 1.5471 3.5865 -20.6801 2.0299 50.4012 -4.9521 -5.5629
Car -1 -1 -3.4635 0.0000 168.1759 98.9406 205.6617 1.4586 1.5985 3.9628 -24.0309 1.2763 30.1710 -4.1319 -5.5882
Car -1 -1 -4.2923 206.8983 181.4418 292.3431 225.9077 1.6925 1.6465 4.1745 -15.1007 2.0791 30.3976 -4.7502 -5.6260
Car -1 -1 -4.9437 656.8645 178.0918 694.9733 201.0074 1.4387 1.6156 4.2147 4.3471 1.8065 48.5080 -4.8553 -5.6343
Car -1 -1 -7.5519 16.5910 153.8549 87.7432 188.8209 1.7870 1.8345 4.3558 -30.2559 0.8157 39.2361 -8.2056 -5.6609
Car -1 -1 -4.9750 586.2241 176.3080 627.4728 199.9441 1.3983 1.5732 4.1349 -0.2842 1.6265 45.5312 -4.9816 -5.6663
Car -1 -1 -4.5625 514.9953 174.0590 544.0721 197.8250 1.8890 1.7567 4.4181 -6.6530 1.9924 59.8196 -4.6732 -5.7090
Car -1 -1 -4.8155 481.6236 179.2765 507.6974 197.4694 1.4012 1.6733 4.4441 -9.5883 1.9525 59.6029 -4.9746 -5.7920
Car -1 -1 -4.6329 439.1799 179.2791 460.0050 196.6528 1.6297 1.7022 3.9191 -15.8314 2.2823 71.2619 -4.8511 -5.8109
Car -1 -1 -5.3487 850.3211 188.8186 1168.7153 319.7273 1.3490 1.6388 4.2082 5.1636 1.6233 10.1931 -4.8923 -5.8340
Car -1 -1 -4.6484 563.6075 177.1913 584.8580 194.1225 1.3773 1.5699 3.9102 -3.0528 1.7595 61.6673 -4.6980 -5.8867
Car -1 -1 -6.7851 0.0000 0.0000 1241.0000 374.0000 1.5413 1.5883 3.8026 -2.9058 1.6316 1.0039 -7.9391 -5.8867
Car -1 -1 -4.5308 450.7677 179.2353 478.1236 197.0750 1.4215 1.5792 3.9279 -12.2692 1.9771 60.8826 -4.7292 -5.8867
Car -1 -1 -4.6346 551.9572 178.4043 576.7878 198.2934 1.4262 1.5844 3.9310 -3.4617 1.8628 54.8194 -4.6977 -5.8867
Car -1 -1 -4.5766 575.3278 176.7855 600.2189 194.0273 1.3846 1.5916 3.8748 -1.8682 1.7269 60.8682 -4.6075 -5.8867
Car -1 -1 -4.4780 147.8974 180.3900 244.1288 233.2245 1.4247 1.6521 4.0491 -12.6695 1.6794 22.2496 -4.9908 -5.8867
