Car -1 -1 -4.2114 222.5794 186.3696 294.5053 221.0403 1.4415 1.6386 3.1263 -15.9691 2.0867 32.8533 -4.6610 -1.1574
Car -1 -1 -4.6686 631.9061 179.4017 660.0429 205.2301 1.5148 1.6036 3.8354 2.2602 1.9437 45.3076 -4.6196 -2.1287
Car -1 -1 -4.5899 236.2350 195.2051 266.2272 219.3048 1.6040 1.5572 3.6780 -26.6950 3.3292 53.7119 -5.0495 -3.2195
Car -1 -1 -6.0232 594.6385 178.6814 639.2130 197.3238 1.6114 1.6009 3.6929 0.6042 2.1416 64.4204 -6.0143 -3.3359
Car -1 -1 -4.3306 615.4244 179.6989 668.6886 209.0402 1.5103 1.6280 3.9207 1.8042 1.9119 40.2507 -4.2867 -3.7007
Car -1 -1 -7.2692 355.1104 185.4181 405.1808 208.5155 1.5269 1.6344 3.7485 -16.5187 2.4662 51.9303 -7.5761 -3.7719
Car -1 -1 -4.9694 641.0671 179.1008 684.0546 205.9331 1.4773 1.6114 3.7975 3.0218 1.8639 42.6787 -4.8998 -3.8139
Car -1 -1 -4.6170 633.7737 178.0764 662.7304 201.7525 1.5374 1.6319 3.9750 2.6485 1.9130 49.8581 -4.5648 -3.8303
Car -1 -1 -4.5531 445.7618 179.6075 470.8366 199.2580 1.7406 1.6670 4.0796 -14.1594 2.3908 67.4184 -4.7597 -3.8581
Car -1 -1 -7.5066 732.5997 190.8231 785.6004 221.9899 1.5128 1.6340 3.8525 8.1648 2.5473 39.4796 -7.3049 -3.9498
Car -1 -1 -2.3161 317.4243 183.7775 377.8548 208.0817 1.6358 1.7187 4.1537 -18.8823 2.4460 51.8237 -2.6642 -4.0349
Car -1 -1 -2.8153 570.1882 179.1014 659.1461 210.2694 1.4780 1.6360 4.1648 0.2004 1.8042 36.2489 -2.8104 -4.1854
Car -1 -1 -7.3275 211.7169 186.1753 287.5001 221.3671 1.5275 1.6717 3.5700 -17.2054 2.1989 34.5459 -7.7869 -4.3495
Car -1 -1 -7.3888 600.1183 179.6864 651.9993 207.0441 1.4886 1.5511 3.6860 0.9494 1.9072 42.2468 -7.3670 -4.4121
Car -1 -1 -4.4577 466.7154 181.3770 500.9312 202.6135 1.4932 1.5750 4.0526 -9.5111 2.1611 54.4888 -4.6301 -4.7414
Car -1 -1 -4.8991 906.9446 180.9127 987.0942 239.0663 1.6016 1.5203 3.9385 10.3660 1.8765 22.5454 -4.4738 -4.7479
Car -1 -1 -4.7401 618.5664 178.6956 643.1140 200.7209 1.4049 1.5476 4.2213 1.3546 1.8204 49.2539 -4.7132 -4.8559
Car -1 -1 -7.9864 645.2763 178.4677 690.7615 211.3929 1.5662 1.7557 4.4571 2.8972 1.8743 37.3722 -7.9102 -4.9567
Car -1 -1 -7.9093 373.1288 186.0641 395.4584 206.2139 1.6143 1.6261 4.3541 -19.8135 2.8132 63.1777 -8.2124 -5.0150
Car -1 -1 -5.0516 487.7306 179.1328 524.4620 200.3332 1.5039 1.6083 3.6628 -7.8890 1.9940 54.3618 -5.1954 -5.1574
Car -1 -1 -4.9582 563.3848 179.3911 592.0029 197.2374 1.5417 1.6625 4.1223 -3.0187 2.1609 66.1664 -5.0040 -5.4551
Car -1 -1 -4.9611 437.0299 179.8459 471.0744 200.5766 1.5079 1.6329 4.0761 -12.1976 2.0729 56.1472 -5.1744 -5.4768
Car -1 -1 -4.5019 678.8548 179.3537 713.1077 207.7323 1.9678 1.6902 4.1392 6.3601 2.4676 53.2851 -4.3844 -5.5157
Car -1 -1 -8.0674 588.3123 178.1144 618.9775 200.4508 1.5332 1.4904 3.5931 -0.5250 1.9285 52.3480 -8.0778 -5.5768
Car -1 -1 -7.4766 258.1940 196.2619 302.1442 218.0211 1.4995 1.6536 4.3383 -25.8708 3.4097 56.6816 -7.9034 -5.5793
Car -1 -1 -7.5701 698.7214 190.5275 746.8264 222.5233 1.5930 1.6599 3.8131 6.3070 2.6308 40.2997 -7.4167 -5.6017
Car -1 -1 -5.0332 756.8751 181.9395 885.1838 248.7731 1.3369 1.6397 4.1304 4.7736 1.5786 17.1119 -4.7663 -5.6493
Car -1 -1 -4.9700 804.4542 195.0279 847.8322 222.2948 1.4576 1.5629 3.8820 13.0038 2.8613 43.7252 -4.6836 -5.6680
Car -1 -1 -4.5917 537.8721 179.6227 567.7644 201.5515 1.3875 1.5472 4.0595 -3.8730 1.8660 48.9851 -4.6706 -5.6926
Car -1 -1 -4.7673 582.0156 178.6982 608.8524 200.1770 1.3573 1.5818 4.1893 -1.0575 1.7706 48.9143 -4.7892 -5.8104
Car -1 -1 -4.6037 448.1527 179.2867 473.0291 197.7377 1.4267 1.5774 3.9989 -12.2687 1.9734 59.2956 -4.8072 -5.8283
Car -1 -1 -3.4815 0.0000 198.7935 0.0000 374.0000 1.5100 1.6043 3.9583 -8.6895 1.6868 2.9356 -4.6976 -5.8867
Car -1 -1 -6.7248 0.0000 0.0000 1241.0000 374.0000 1.4915 1.5964 3.8438 -3.6946 1.5712 1.3733 -7.8744 -5.8867
Car -1 -1 -4.6584 570.4078 177.6910 592.8754 196.3562 1.4034 1.5747 3.9205 -2.2467 1.8000 57.2433 -4.6978 -5.8867
Car -1 -1 -3.4940 0.0000 194.0284 0.0000 374.0000 1.5041 1.6045 3.9584 -6.2782 1.6248 2.1316 -4.6977 -5.8867
Car -1 -1 -4.5271 471.3973 180.8002 499.5286 199.7143 1.4681 1.5929 3.9439 -10.2839 2.1466 59.6549 -4.6974 -5.8867
Car -1 -1 -4.6417 555.3666 180.0616 583.8254 204.1585 1.4828 1.6010 3.9539 -2.6586 1.9776 47.5782 -4.6977 -5.8867
Car -1 -1 -6.9171 0.0000 0.0000 1241.0000 374.0000 1.5453 1.5879 3.8038 -2.1011 1.6390 1.0047 -7.9391 -5.8867
Car -1 -1 -4.7643 511.2888 178.5005 536.9766 203.9826 1.7420 1.6406 3.9683 -6.2923 2.1677 52.3485 -4.8838 -5.9633
Car -1 -1 -5.4355 731.3377 184.6080 999.4025 301.1450 1.5899 1.8770 4.5341 4.1583 1.8379 12.7913 -5.1291 -6.0008
Car -1 -1 -4.8827 786.6928 190.0575 820.2532 217.6736 1.6161 1.5609 2.9671 12.1833 2.7423 45.6981 -4.6245 -6.3233
Car -1 -1 -4.7877 550.0079 180.5159 570.6342 197.8923 1.4998 1.5881 3.9657 -4.6053 2.2244 66.1874 -4.8573 -6.4617
Car -1 -1 -5.1281 648.1427 178.7322 688.2676 201.8123 2.0314 2.0424 4.5872 5.3556 2.5996 67.2818 -5.0495 -6.9002
