Car -1 -1 -4.5551 195.2065 194.1317 230.1511 218.4097 1.5763 1.7008 3.3153 -28.5839 3.1620 51.9345 -5.0564 -1.2335
Car -1 -1 -7.8779 623.6262 179.4045 652.3220 206.4870 1.5549 1.6573 4.0574 1.6478 1.9766 44.4501 -7.8417 -1.3026
Car -1 -1 -4.3122 258.9495 187.9584 319.1338 216.2849 1.4826 1.7468 4.0685 -18.6321 2.4043 41.9962 -4.7278 -2.2852
Car -1 -1 -3.8569 32.9188 195.7133 166.5615 241.0866 1.4079 1.6354 3.8934 -18.6861 2.3158 26.5792 -4.4652 -2.7182
Car -1 -1 -4.3944 584.6003 179.3627 628.1188 205.5162 1.6359 1.6956 4.2181 -0.2247 2.0939 48.5294 -4.3995 -2.7927
Car -1 -1 -7.9333 600.4009 180.0867 636.1639 209.8062 1.4940 1.6173 4.1419 0.3647 1.9103 39.4289 -7.9247 -3.0185
Car -1 -1 -4.8235 634.4736 181.9049 676.0980 212.7373 1.4775 1.7097 4.2652 2.2876 1.9815 38.0275 -4.7645 -3.2658
Car -1 -1 -4.6761 613.7386 181.1840 640.7663 206.0115 1.5357 1.6605 3.9138 1.1500 2.1124 47.9775 -4.6528 -3.5484
Car -1 -1 -5.1265 167.4784 187.4463 220.6385 213.3539 1.5622 1.6321 3.7988 -27.3176 2.5545 47.3004 -5.6480 -3.6782
Car -1 -1 -4.3284 583.5337 180.3179 632.9181 207.3411 1.5546 1.6692 4.0836 -0.0910 2.0419 44.9322 -4.3309 -3.7333
Car -1 -1 -7.7834 250.0799 183.8529 279.1143 208.5448 1.8165 1.7748 4.4918 -27.5749 2.7318 57.6485 -8.2281 -4.0012
Car -1 -1 -8.2193 1001.9972 197.4519 1090.9762 244.8849 1.6290 1.7183 4.0118 17.4298 2.6931 29.1021 -7.6850 -4.0403
Car -1 -1 -4.6490 607.0463 182.7825 628.1618 201.5986 1.5542 1.6182 4.1058 0.6797 2.4625 63.9283 -4.6389 -4.1177
Car -1 -1 -2.3631 73.6036 180.3358 146.0565 205.5491 1.5809 1.6582 3.8262 -32.6390 2.0806 47.0714 -2.9669 -4.3596
Car -1 -1 -4.8098 593.0074 184.2616 616.4582 203.1940 1.4257 1.5406 3.7525 -0.4834 2.3832 58.6312 -4.8185 -4.5485
Car -1 -1 -4.6960 612.4595 182.1948 635.5106 203.8337 1.4399 1.5857 3.6558 0.9939 2.1298 51.4668 -4.6773 -4.7280
Car -1 -1 -5.2602 190.8290 184.9745 251.9925 210.6573 1.4491 1.5907 3.6833 -23.6642 2.2126 43.8549 -5.7527 -4.7931
Car -1 -1 -4.1810 326.9948 183.8297 376.6384 206.7873 1.5302 1.6375 3.8715 -18.6180 2.3539 52.1142 -4.5228 -4.8197
Car -1 -1 -5.4154 539.0402 186.2546 580.0648 204.6676 1.5160 1.5909 3.7381 -4.5237 2.7405 64.0545 -5.4861 -4.8329
Car -1 -1 -6.7356 909.1032 185.3616 1196.6093 299.0354 1.3871 1.5272 2.9776 5.8216 1.5726 9.8564 -6.2159 -5.0843
Car -1 -1 -4.6226 605.5142 183.8113 625.8327 201.3203 1.5373 1.5865 3.6526 0.5353 2.5926 67.6166 -4.6152 -5.1003
Car -1 -1 -4.7515 406.4008 180.6721 427.9466 199.0663 1.4340 1.5808 3.9548 -16.1327 2.1088 60.1795 -5.0126 -5.1438
Car -1 -1 -4.5906 352.3636 181.9090 387.1400 206.0834 1.4934 1.6979 4.3964 -16.1703 2.1326 48.6350 -4.9103 -5.1863
Car -1 -1 -7.6433 419.9175 179.0333 474.9668 220.3719 1.9241 1.8082 4.5151 -8.1825 2.2560 36.5261 -7.8627 -5.1930
Car -1 -1 -4.4174 505.3546 183.9348 546.4545 207.8141 1.5047 1.6964 4.0753 -5.7626 2.2996 49.6227 -4.5329 -5.5181
Car -1 -1 -7.4997 428.0443 183.2742 475.3609 210.8485 1.5838 1.6653 3.7908 -9.8367 2.2613 44.9416 -7.7144 -5.5780
Car -1 -1 -4.9416 519.1888 182.7238 554.1669 206.0811 1.5776 1.6558 4.0783 -5.4345 2.3295 52.7893 -5.0442 -5.6566
Car -1 -1 -5.2954 734.6710 179.9315 846.9077 226.9969 1.3975 1.6398 4.1259 5.9150 1.6575 24.3111 -5.0602 -5.7267
Car -1 -1 -4.6604 540.6418 181.2388 568.8922 206.1013 1.4513 1.5703 4.1336 -3.4850 2.0053 45.6113 -4.7367 -5.7273
Car -1 -1 -4.8260 543.4808 179.0528 571.7629 201.0419 1.5029 1.6155 3.9012 -3.8792 1.9718 52.5466 -4.8998 -5.7733
Car -1 -1 -4.8868 417.9248 182.5745 453.8268 208.0191 1.5361 1.6335 3.8862 -11.4783 2.2011 47.2762 -5.1241 -5.7996
Car -1 -1 -4.7308 518.8070 179.5282 545.2972 205.0432 1.5278 1.6104 3.7359 -5.0552 1.9728 46.1827 -4.8397 -5.8192
Car -1 -1 -4.5613 570.1089 179.4920 598.8227 199.8687 1.4485 1.5964 3.9900 -1.9274 1.9706 54.7152 -4.5968 -5.8271
Car -1 -1 -4.3500 386.4206 183.0110 434.6935 210.0860 1.4917 1.5567 3.7319 -11.8990 2.1258 43.1342 -4.6180 -5.8362
Car -1 -1 -4.4955 385.8434 180.9179 423.3391 205.5609 1.5560 1.6384 3.9015 -13.8904 2.1241 48.8612 -4.7714 -5.8603
Car -1 -1 -5.1502 678.5302 178.4017 753.6722 213.9392 1.4332 1.7039 4.0887 4.5731 1.6959 31.9924 -5.0101 -5.8852
Car -1 -1 -6.7852 0.0000 0.0000 1241.0000 374.0000 1.5437 1.5879 3.8031 -2.9053 1.6424 1.0042 -7.9390 -5.8867
Car -1 -1 -7.3172 149.4224 0.0000 1241.0000 374.0000 1.5406 1.5897 3.8049 -0.9083 1.6020 0.9969 -7.9398 -5.8867
Car -1 -1 -4.4652 407.7233 181.6720 445.2477 204.6581 1.4817 1.6002 3.9501 -12.6976 2.1166 50.0018 -4.7130 -5.8867
Car -1 -1 -4.4517 575.4496 179.6466 604.1645 196.0777 1.4387 1.6615 4.1571 -1.8660 2.0921 67.2227 -4.4798 -5.8867
Car -1 -1 -4.7687 634.0555 179.6249 655.4117 197.8060 1.4765 1.6048 4.0002 2.9356 2.0778 62.0993 -4.7222 -5.8867
Car -1 -1 -5.0320 846.3288 172.6283 943.2496 223.8011 1.4363 1.5893 3.9122 8.5961 1.4296 22.2406 -4.6681 -5.8867
Car -1 -1 -4.2662 250.3592 180.9654 300.9221 203.3836 1.4225 1.5823 3.9290 -22.7584 1.9974 49.1903 -4.6977 -5.8867
Car -1 -1 -4.2944 425.8664 184.0089 469.1958 206.7731 1.5467 1.6538 3.9497 -11.9512 2.4010 53.1809 -4.5148 -5.8867
Car -1 -1 -4.4755 429.9047 181.6257 462.6506 202.0517 1.4818 1.5973 3.9477 -12.6981 2.1869 56.0345 -4.6977 -5.8867
Car -1 -1 -3.5047 0.0000 190.9563 0.0000 374.0000 1.4968 1.6046 3.9550 -7.0821 1.6099 2.5302 -4.6975 -5.8867
Car -1 -1 -4.6217 542.5054 180.3352 567.6760 200.6502 1.4805 1.6002 3.9490 -4.2577 2.0817 56.0311 -4.6976 -5.8867
Car -1 -1 -4.6640 582.1385 180.3830 607.4056 203.0681 1.5200 1.6233 3.9461 -1.0868 2.0796 51.6627 -4.6854 -5.8953
Car -1 -1 -4.6331 837.0997 179.5585 886.5676 219.0595 1.4389 1.5974 3.8388 10.1501 1.7280 29.0672 -4.3009 -5.9677
Car -1 -1 -4.6156 434.8373 182.8211 464.5146 206.6174 1.5286 1.6164 4.3008 -11.1954 2.2560 50.4505 -4.8333 -6.0839
