Car -1 -1 -4.4501 406.3758 180.6853 465.8417 215.7304 1.4753 1.6792 4.0145 -7.9883 1.8586 33.3118 -4.6841 5.1369
Car -1 -1 -4.5851 486.5605 178.8548 514.5902 198.9096 1.4685 1.6504 4.0903 -8.5007 1.9522 56.1330 -4.7351 1.5379
Car -1 -1 -7.6813 612.6317 177.8799 645.9470 201.7780 1.5159 1.5970 3.9610 1.3121 1.8698 48.7505 -7.6550 -0.4231
Car -1 -1 -4.4344 0.0000 187.4528 51.7933 215.3765 1.6456 1.6724 3.8261 -37.8723 2.6342 46.7912 -5.1122 -0.7726
Car -1 -1 -4.2085 115.8197 195.0648 178.3634 222.0738 1.4894 1.5946 3.9054 -28.8669 2.9382 45.0760 -4.7757 -1.6836
Car -1 -1 -4.5945 13.5272 197.0570 57.6523 226.1795 1.4599 1.5582 3.5669 -32.8581 2.9097 41.3018 -5.2636 -1.9219
Car -1 -1 -4.4036 377.0059 177.2281 419.0571 201.6961 1.6441 1.7215 4.0228 -15.0264 1.9668 51.2419 -4.6878 -2.3350
Car -1 -1 -4.9917 605.4817 178.0483 648.2345 204.7771 1.5053 1.5802 3.7916 0.9315 1.8326 43.4620 -4.9709 -2.4686
Car -1 -1 -5.9281 569.9569 177.5681 655.5075 210.3961 1.4959 1.5824 3.8003 0.0949 1.7315 34.6894 -5.9259 -2.8449
Car -1 -1 -4.7756 404.6802 179.7820 429.8501 201.3976 1.5303 1.5983 3.7452 -14.5903 2.0720 54.4137 -5.0367 -3.3936
Car -1 -1 -7.5162 628.7314 177.6854 672.2081 201.4891 1.4944 1.6355 4.1466 2.7322 1.8334 48.4326 -7.4606 -3.4138
Car -1 -1 -4.8848 148.3741 189.6426 186.6603 212.7715 1.4926 1.6389 4.2741 -31.8406 2.7481 51.8253 -5.4337 -3.6949
Car -1 -1 -7.8134 636.2914 176.5923 669.2062 206.5472 1.5425 1.6530 4.1278 2.3666 1.7596 39.8245 -7.7550 -3.7235
Car -1 -1 -4.6662 535.8674 181.0762 555.1671 198.8790 1.6172 1.6730 3.8539 -6.1884 2.4292 69.3176 -4.7553 -3.7616
Car -1 -1 -4.4543 347.6092 183.6417 375.2391 199.5733 1.4484 1.5942 3.9348 -24.2173 2.5301 70.3518 -4.7850 -3.9154
Car -1 -1 -7.9228 702.1333 170.0885 738.4429 200.3258 1.5821 1.6854 4.1473 6.0054 1.4371 39.8874 -7.7749 -3.9567
Car -1 -1 -4.1035 0.0000 208.8046 50.7911 242.0250 1.5354 1.5104 3.1530 -31.7767 3.5351 38.5085 -4.7902 -4.0215
Car -1 -1 -7.4407 290.0326 183.6833 353.0419 213.6680 1.4217 1.6266 3.8626 -14.9829 2.0150 37.5866 -7.8179 -4.0270
Car -1 -1 -4.8338 641.9990 177.3287 685.0576 209.8915 1.4925 1.6473 3.8462 2.5426 1.7250 35.5743 -4.7636 -4.0607
Car -1 -1 -3.0017 559.8470 183.2001 665.4039 224.8592 1.4124 1.5350 3.6245 0.0850 1.7992 25.9838 -2.9993 -4.2570
Car -1 -1 -5.0906 597.7231 175.9933 630.7318 195.0301 1.6604 1.6200 4.0637 0.3273 1.9561 65.8412 -5.0860 -4.3013
Car -1 -1 -2.4309 573.5335 177.8886 649.6820 207.5126 1.4944 1.5903 4.0524 0.0106 1.7794 38.9754 -2.4312 -4.3558
Car -1 -1 -2.8529 352.1839 178.7890 447.8961 211.1661 1.5031 1.6101 4.1216 -10.0620 1.7943 34.6177 -3.1341 -4.3657
Car -1 -1 -4.7619 106.9311 184.1051 138.1015 208.6269 1.6275 1.6637 4.1620 -35.2144 2.4724 52.0394 -5.3546 -4.4433
Car -1 -1 -4.4166 473.1717 176.9763 509.7207 199.7169 1.5753 1.6049 3.7653 -8.6396 1.8872 52.6705 -4.5788 -4.6565
Car -1 -1 -2.1300 200.6837 189.3381 254.4216 213.3195 1.7547 1.7472 4.3024 -30.3325 3.1020 57.1521 -2.6163 -4.9542
Car -1 -1 -4.9753 659.8519 190.8364 686.9602 208.0905 1.4561 1.5336 3.9648 5.8614 3.1858 67.3288 -4.8895 -5.0702
Car -1 -1 -4.3349 324.6486 180.2417 355.9902 195.9520 1.4688 1.5793 3.8786 -26.6079 2.2180 71.2519 -4.6914 -5.1642
Car -1 -1 -4.7843 502.7487 175.9036 531.0475 198.7339 1.5953 1.7687 4.1841 -6.9360 1.8294 53.2392 -4.9136 -5.1738
Car -1 -1 -7.3481 434.9823 175.6558 487.1890 201.9718 1.7155 1.6346 4.3340 -10.2520 1.9177 49.8400 -7.5503 -5.3103
Car -1 -1 -4.7050 421.3527 179.8592 446.3886 202.6098 1.4704 1.6253 4.2548 -12.2855 1.9802 50.2806 -4.9438 -5.3257
Car -1 -1 -7.6518 711.3747 182.6379 809.0738 254.3555 1.5002 1.6421 3.6933 3.7195 1.7668 17.6654 -7.4486 -5.3805
Car -1 -1 -5.0454 84.0900 204.8595 139.4765 235.7322 1.4562 1.5409 3.0397 -26.7789 3.2405 38.7108 -5.6476 -5.4433
Car -1 -1 -5.0971 314.3867 183.6122 349.3838 202.7097 1.6486 1.6688 3.9024 -25.6858 2.6700 66.5294 -5.4645 -5.4688
Car -1 -1 -4.8669 508.0475 181.1561 532.1619 197.0511 1.4126 1.6457 4.2163 -8.6134 2.2291 68.7314 -4.9914 -5.4742
Car -1 -1 -5.0066 409.7064 178.2291 460.8398 204.3524 1.4114 1.7159 4.3537 -10.3174 1.7430 42.2449 -5.2451 -5.5776
Car -1 -1 -4.6504 566.1201 178.1563 594.5840 201.2586 1.3698 1.5598 4.0097 -1.8741 1.7204 45.7306 -4.6915 -5.5777
Car -1 -1 -7.8305 684.3668 190.3813 707.2886 214.4875 1.6749 1.6610 4.2189 6.6102 3.0775 55.5448 -7.7133 -5.6694
Car -1 -1 -4.5733 532.7137 178.7215 565.3092 202.0139 1.3773 1.5241 3.9640 -3.8538 1.7651 45.7050 -4.6574 -5.6944
Car -1 -1 -4.8417 580.0177 176.0179 608.5258 195.5311 1.3720 1.5789 4.2302 -1.2380 1.6167 53.6594 -4.8650 -5.7059
Car -1 -1 -4.3909 152.5759 184.9928 210.8473 218.2315 1.6970 1.6653 3.8514 -23.9339 2.4110 40.3982 -4.9231 -5.8476
Car -1 -1 -4.5338 0.0000 187.7865 0.0000 215.2066 1.5238 1.6604 4.0673 -41.5240 2.4914 44.6110 -5.2805 -5.8867
Car -1 -1 -3.5532 0.0000 187.6632 0.0000 374.0000 1.4887 1.6014 3.9521 -7.0830 1.5894 2.9349 -4.6978 -5.8867
Car -1 -1 -4.6924 555.7507 179.2005 573.4235 195.2587 1.4365 1.5900 3.9819 -4.2861 2.0535 68.1664 -4.7554 -5.8867
Car -1 -1 -4.5224 437.7776 179.3634 468.9730 199.6064 1.4478 1.6046 3.9263 -11.8945 1.9603 54.8609 -4.7353 -5.8867
Car -1 -1 -4.6334 550.7615 177.8504 576.1249 197.9213 1.4094 1.5787 3.9231 -3.4550 1.7940 53.6204 -4.6978 -5.8867
Car -1 -1 -6.7853 0.0000 0.0000 1241.0000 374.0000 1.5407 1.5870 3.8022 -2.9054 1.6314 1.0046 -7.9391 -5.8867
Car -1 -1 -4.5401 0.0000 182.8886 10.4367 207.4079 1.5076 1.6507 4.0163 -41.6103 2.2085 48.2713 -5.2489 -5.8867
Car -1 -1 -4.5790 16.3209 182.7234 54.7142 205.2420 1.5063 1.6497 4.0149 -41.6094 2.2507 52.2943 -5.2488 -5.8867
Car -1 -1 -4.6299 550.0908 178.4064 571.8994 195.5229 1.4141 1.5801 3.9262 -4.2639 1.9127 62.8652 -4.6977 -5.8867
Car -1 -1 -7.3735 0.0000 180.8198 0.0000 278.7674 1.5094 1.6868 4.0528 -14.1545 1.6841 13.6625 -8.1668 -5.9035
Car -1 -1 -4.5747 507.6211 178.7223 540.1776 202.2223 1.3935 1.5247 3.9366 -5.4506 1.7815 45.7594 -4.6929 -5.9206
Car -1 -1 -4.5077 457.5796 177.3037 487.6385 196.5105 1.4232 1.5587 3.8213 -10.7049 1.7819 56.2808 -4.6951 -6.3183
Car -1 -1 -4.3246 349.6660 184.5844 386.6050 208.2303 2.0723 1.7510 4.4024 -22.6680 3.2097 67.7250 -4.6468 -6.4520
