Car -1 -1 -4.3473 302.7514 185.7772 403.8507 237.4136 1.4070 1.6156 4.1494 -8.0191 1.8527 22.8084 -4.6822 7.0585
Car -1 -1 -4.5679 456.6929 178.8751 492.8658 204.9199 1.5192 1.6726 3.8896 -8.4143 1.9107 44.9778 -4.7522 1.8387
Car -1 -1 -6.2895 13.3801 193.0857 151.7178 239.7295 1.4595 1.6134 3.9172 -18.9073 2.2376 25.9523 -6.9145 0.1176
Car -1 -1 -7.6818 319.6393 171.4374 344.3248 187.5051 1.4820 1.5847 3.6385 -26.3774 1.3511 68.4902 -8.0483 -0.9646
Car -1 -1 -5.0018 0.0000 189.0042 37.1351 217.1956 1.5739 1.6802 3.8889 -36.8279 2.6004 44.0968 -5.6948 -0.9969
Car -1 -1 -4.6269 629.9120 178.9092 662.5250 205.7331 1.4903 1.6017 4.2727 2.1840 1.8722 43.3165 -4.5774 -1.4505
Car -1 -1 -4.2976 263.4118 184.1472 335.6648 216.4661 1.4072 1.6987 4.0855 -14.9576 1.9853 34.9041 -4.7000 -1.5635
Car -1 -1 -5.1859 595.0665 177.4908 639.2242 200.3490 1.5112 1.5857 3.6694 0.4296 1.8483 50.5073 -5.1779 -2.2341
Car -1 -1 -4.1891 608.3855 180.8215 648.6281 200.5032 1.5114 1.6421 3.7501 1.5219 2.1858 59.0778 -4.1639 -2.7478
Car -1 -1 -2.9870 560.6884 178.2275 650.7881 211.7165 1.5430 1.6151 4.1353 -0.2151 1.8093 34.7020 -2.9938 -2.7663
Car -1 -1 -4.7716 605.8561 178.0322 629.9623 198.7746 1.5313 1.6438 3.8729 0.5569 1.9487 56.2292 -4.7622 -3.1605
Car -1 -1 -4.4479 430.7498 180.1898 471.8660 204.5787 1.4417 1.5900 3.8760 -10.0568 1.9273 45.8162 -4.6631 -3.5183
Car -1 -1 -2.6932 330.3131 175.3239 378.5662 191.8404 1.5782 1.6582 4.1215 -24.9008 1.8221 70.3062 -3.0327 -3.7487
Car -1 -1 -3.7750 82.6788 196.1342 156.9622 222.1076 1.4467 1.6296 3.6337 -31.0286 2.9860 45.7321 -4.3686 -3.9817
Car -1 -1 -5.4440 235.3266 186.8437 293.8584 209.6443 1.5411 1.7070 3.8141 -24.9950 2.5815 52.1546 -5.8892 -4.0311
Car -1 -1 -4.1347 325.0065 173.5078 368.3957 191.2494 1.5655 1.6578 4.2926 -24.0906 1.6272 66.1144 -4.4831 -4.0414
Car -1 -1 -4.7250 845.0094 195.8188 868.6606 218.3035 1.4413 1.5620 3.7126 17.8482 3.1713 52.3574 -4.3989 -4.5190
Car -1 -1 -4.9775 518.5306 181.9072 545.9062 198.7170 1.5473 1.6694 4.0515 -7.6989 2.4649 70.9651 -5.0856 -4.6607
Car -1 -1 -4.1915 412.4041 177.3352 454.9908 200.6243 1.7493 1.6454 3.6947 -13.9019 2.1152 56.9695 -4.4302 -4.8693
Car -1 -1 -4.9342 532.0258 177.3734 561.2755 195.9397 1.4389 1.5697 3.8455 -5.2382 1.8211 58.9970 -5.0227 -5.1386
Car -1 -1 -4.5208 496.7141 181.3231 520.1193 198.2428 1.5718 1.6174 3.5955 -9.9449 2.4229 70.7050 -4.6604 -5.1602
Car -1 -1 -4.7012 569.5004 180.6216 587.2335 196.4742 1.4604 1.6844 4.2318 -3.0968 2.2444 70.7111 -4.7453 -5.2175
Car -1 -1 -4.9067 357.0779 174.9200 382.5411 192.5577 1.6068 1.5883 3.7601 -22.7568 1.8077 68.2343 -5.2277 -5.4014
Car -1 -1 -3.9729 308.0577 182.0945 404.2900 216.3568 1.4801 1.6749 4.6856 -12.2289 1.9597 34.9921 -4.3071 -5.4721
Car -1 -1 -4.9234 629.2242 175.9410 666.0067 199.7976 1.4976 1.6813 3.7163 2.4143 1.7101 47.7739 -4.8736 -5.4805
Car -1 -1 -7.6196 739.8168 183.4328 888.6605 294.8376 1.4923 1.6000 3.5902 3.4619 1.6965 11.9943 -7.3463 -5.4895
Car -1 -1 -4.5879 443.7925 178.1164 471.8528 197.3515 1.4079 1.6369 4.0993 -11.8138 1.8320 56.0765 -4.7950 -5.5381
Car -1 -1 -4.2612 364.6176 176.3655 396.8753 192.3495 1.5162 1.6188 3.6130 -22.5980 1.8715 71.1822 -4.5678 -5.5768
Car -1 -1 -7.9436 861.9915 188.6587 887.0541 210.0626 1.7101 1.6755 4.2391 23.1265 3.1449 63.2534 -7.5952 -5.6105
Car -1 -1 -4.7080 468.0711 175.2469 491.6921 197.1195 1.7716 1.9035 4.0346 -11.0257 1.9809 61.0628 -4.8862 -5.6206
Car -1 -1 -4.5611 526.7438 178.6415 559.9161 201.8805 1.3854 1.5298 3.9607 -4.2442 1.7707 46.0447 -4.6530 -5.6705
Car -1 -1 -5.0369 753.8467 183.9694 883.4659 255.7205 1.4267 1.6579 4.1417 4.7183 1.7228 17.1210 -4.7733 -5.8139
Car -1 -1 -4.9265 569.5216 178.2895 607.4531 201.1495 1.3551 1.5549 4.1906 -1.4554 1.7184 46.0481 -4.9583 -5.8861
Car -1 -1 -4.5397 0.0000 185.8148 5.4878 211.5569 1.5538 1.6587 4.0104 -41.6059 2.4517 47.8585 -5.2527 -5.8867
Car -1 -1 -4.4418 0.0000 185.9998 0.0000 217.2608 1.5363 1.6558 4.0163 -41.6088 2.2933 39.4158 -5.2509 -5.8867
Car -1 -1 -4.5055 0.0000 185.6571 0.0000 213.1307 1.5419 1.6571 4.0122 -41.6072 2.3718 44.6409 -5.2528 -5.8867
Car -1 -1 -4.4711 0.0000 184.8256 0.0000 213.6110 1.5121 1.6488 4.0112 -41.6095 2.2414 41.8311 -5.2508 -5.8867
Car -1 -1 -4.3526 706.8293 193.6929 747.2571 218.4027 1.5855 1.5933 3.9451 8.4354 3.1468 51.9619 -4.1933 -5.9308
Car -1 -1 -4.5408 317.0399 183.2999 381.2001 223.0539 1.4399 1.7371 4.4322 -10.6755 1.9032 29.6910 -4.8835 -5.9406
Car -1 -1 -4.5516 382.2113 175.5402 406.5998 192.1438 1.5739 1.7292 3.6892 -21.1907 1.8451 70.9663 -4.8410 -5.9618
Car -1 -1 -1.8979 204.0063 195.1024 250.6456 221.9651 1.6583 1.6891 3.8616 -26.4115 3.2502 49.6958 -2.3845 -6.1871
Car -1 -1 -5.0680 396.8640 171.7086 423.5027 188.4513 1.6067 1.4343 3.3967 -19.7097 1.4965 71.0401 -5.3379 -6.2325
Car -1 -1 -4.8036 491.3827 178.0135 516.0799 195.9761 1.4153 1.6469 4.4551 -8.9791 1.8650 60.5660 -4.9505 -6.2932
