Car -1 -1 -4.3002 142.4067 191.0942 290.3980 260.9756 1.4778 1.7547 4.2418 -9.9610 2.0023 18.5771 -4.7869 6.0934
Car -1 -1 -4.4768 334.6519 187.5495 391.7342 225.8927 1.4895 1.6385 3.0399 -10.5280 2.1496 30.8354 -4.8036 5.3427
Car -1 -1 -7.8772 475.6464 178.5521 501.4290 202.9075 1.5677 1.6486 4.1451 -8.4251 1.9769 49.6600 -8.0448 1.6709
Car -1 -1 -4.5435 847.9945 167.4863 887.2002 198.4731 1.9024 1.6928 4.3216 16.6417 1.5725 46.5961 -4.2028 0.0600
Car -1 -1 -3.3868 863.2401 179.4978 926.9454 204.3333 1.6773 1.6344 3.8490 19.8156 2.1503 50.3485 -3.0143 -1.9031
Car -1 -1 -4.1909 267.1443 186.3325 322.4444 210.9341 1.5361 1.6463 4.1079 -21.5914 2.5007 49.5227 -4.6004 -2.0410
Car -1 -1 -7.7994 359.7876 178.4727 379.6527 195.5792 1.5670 1.6166 3.5750 -23.0724 2.1215 69.3047 -8.1199 -2.0743
Car -1 -1 -3.9028 787.0954 176.7033 848.7208 201.8355 1.5501 1.6167 3.7445 13.3929 1.8067 46.5739 -3.6249 -2.8658
Car -1 -1 -4.7332 571.3559 180.1713 590.4625 195.8530 1.3783 1.6957 4.6389 -2.7920 2.0916 67.9951 -4.7745 -3.4058
Car -1 -1 -4.1610 382.1075 180.1504 420.8756 198.3754 1.6637 1.7456 4.0369 -20.1407 2.3911 69.7878 -4.4413 -3.4617
Car -1 -1 -4.7725 886.3180 183.1145 907.9288 200.9766 1.5046 1.5799 3.6976 25.8460 2.4583 65.0823 -4.3965 -3.4796
Car -1 -1 -5.1954 933.9531 182.1357 973.0359 201.1972 1.7590 1.7207 4.1450 33.6028 2.6958 70.7409 -4.7540 -3.5914
Car -1 -1 -4.8827 624.4937 175.2543 654.7993 195.5812 1.6823 1.8419 4.7767 2.5090 1.8992 62.7922 -4.8434 -3.6612
Car -1 -1 -2.5870 361.2130 179.8401 438.8627 210.9236 1.7309 1.7261 4.0583 -12.2939 2.1523 42.1758 -2.8693 -4.1079
Car -1 -1 -6.9953 661.6057 177.2375 719.3642 200.6619 1.4962 1.5985 3.7140 5.3864 1.8006 48.4391 -6.8857 -4.2401
Car -1 -1 -6.6742 871.5754 180.0435 1065.2976 248.3721 1.4570 1.5781 3.6279 8.0046 1.6295 16.4577 -6.2292 -4.4697
Car -1 -1 -2.7925 835.3641 171.3475 893.0808 196.2246 1.7825 1.6968 3.6800 18.8080 1.6743 53.5224 -2.4566 -4.4717
Car -1 -1 -4.0638 122.7427 189.0080 206.1601 223.3256 1.5938 1.6305 3.9391 -23.0695 2.4781 37.4718 -4.6128 -4.5466
Car -1 -1 -5.1352 1094.7167 188.5841 1160.5298 216.2961 1.5216 1.7665 4.0081 31.5609 2.5310 44.1791 -4.5186 -4.5864
Car -1 -1 -8.7600 1136.8219 189.1702 1223.5209 219.2201 1.5394 1.5843 3.6688 32.3257 2.5125 41.0752 -8.0973 -4.6662
Car -1 -1 -4.3347 415.9682 183.6552 477.9276 217.1042 1.3988 1.5597 3.6276 -7.5007 1.9260 33.3241 -4.5549 -4.6762
Car -1 -1 -7.4627 424.6448 179.8402 483.9367 212.2857 1.5056 1.6140 3.7276 -7.8070 1.8761 36.3130 -7.6734 -4.9169
Car -1 -1 -4.4225 244.3642 190.0028 288.8034 215.8400 1.5120 1.6021 3.7124 -22.2370 2.6699 46.7772 -4.8644 -5.1105
Car -1 -1 -4.9882 838.2076 179.5209 871.9501 198.7157 1.4805 1.5584 4.0648 20.0194 2.0460 59.1583 -4.6638 -5.1151
Car -1 -1 -4.6859 840.7996 177.1098 860.1304 196.5972 1.6506 1.5375 3.6617 21.3131 2.0392 63.9624 -4.3660 -5.1330
Car -1 -1 -4.6326 345.9167 181.7709 384.0108 214.5688 1.6993 1.7223 3.8602 -13.7694 2.2264 40.5974 -4.9580 -5.1637
Car -1 -1 -2.6226 707.6176 169.3026 775.2507 194.4313 1.7446 1.6372 4.6045 9.4381 1.4977 52.1975 -2.4450 -5.4247
Car -1 -1 -4.5917 353.1447 183.1275 383.2564 204.2263 1.4345 1.6351 3.9903 -17.8268 2.2224 53.2393 -4.9136 -5.4730
Car -1 -1 -4.7246 519.9662 180.4579 548.1454 205.8779 1.3800 1.5715 3.8290 -4.5196 1.8470 42.3561 -4.8307 -5.5332
Car -1 -1 -4.9591 525.8767 181.3009 561.1353 203.1630 1.6110 1.7338 4.5363 -5.3686 2.3119 57.4711 -5.0523 -5.5990
Car -1 -1 -5.0544 608.1895 177.7068 652.1841 200.7327 1.4105 1.5813 4.1305 1.2389 1.7435 47.3406 -5.0289 -5.6769
Car -1 -1 -4.3217 23.1474 197.5486 244.4620 298.2204 1.3640 1.7212 4.5645 -8.4939 1.9024 13.3445 -4.8798 -5.7672
Car -1 -1 -4.9687 565.5811 177.4984 598.7783 197.7835 1.5018 1.6254 4.0299 -2.2478 1.8796 56.5737 -5.0087 -5.7996
Car -1 -1 -4.9637 572.4973 177.5384 603.3791 195.6690 1.4073 1.5742 4.0397 -1.8754 1.8059 59.2827 -4.9956 -5.8275
Car -1 -1 -4.3202 198.6071 184.4858 272.6487 221.5916 1.5340 1.6315 3.9176 -17.1198 2.1001 33.1143 -4.7943 -5.8408
Car -1 -1 -4.6833 361.2063 181.6620 396.9218 214.1795 1.5243 1.6293 3.9444 -11.8588 2.0027 37.0922 -4.9911 -5.8529
Car -1 -1 -4.9132 1073.2944 182.2583 1121.8505 211.0192 1.6259 1.6938 3.9748 29.8695 2.2319 44.3620 -4.3242 -5.8755
Car -1 -1 -5.4054 883.6750 173.2115 1040.5802 232.7521 1.4529 1.6322 4.0340 9.4180 1.4634 19.7899 -4.9675 -5.8786
Car -1 -1 -6.9165 0.0000 0.0000 1241.0000 374.0000 1.5443 1.5906 3.8041 -2.1023 1.6300 1.0032 -7.9392 -5.8867
Car -1 -1 -4.6705 1035.8400 172.6167 1057.9370 188.6574 1.4756 1.6380 4.0041 41.4716 1.4534 68.4947 -4.1282 -5.8867
Car -1 -1 -4.6329 551.4313 178.7393 574.5180 197.1498 1.4292 1.5871 3.9312 -3.8564 1.9283 59.2520 -4.6980 -5.8867
Car -1 -1 -4.3870 527.6508 180.1141 557.6210 196.7220 1.4758 1.6372 3.9596 -6.3409 2.1819 68.0831 -4.4799 -5.8867
Car -1 -1 -4.9653 951.7748 184.9772 981.6068 202.3767 1.5909 1.6942 3.9091 35.0189 2.8180 70.9639 -4.5090 -5.9046
Car -1 -1 -4.6853 513.6678 178.3583 537.8685 201.6830 1.5268 1.5691 3.6711 -5.8397 1.9226 50.0248 -4.8013 -5.9709
