Car -1 -1 -4.7645 310.8724 182.5632 340.2869 207.9302 1.5735 1.6367 3.9662 -19.1969 2.2552 48.5417 -5.1395 -1.5383
Car -1 -1 -3.0543 751.0416 178.7748 814.2754 205.4647 1.6576 1.6684 3.8642 11.1809 2.0531 46.8312 -2.8219 -1.9881
Car -1 -1 -7.7695 414.9434 180.7562 436.4083 199.1186 1.7177 1.7303 3.9518 -18.2240 2.5221 71.3868 -8.0189 -2.2814
Car -1 -1 -7.7781 647.1332 176.3752 670.6689 197.7571 1.8172 1.7482 4.8400 4.3974 2.1448 64.6726 -7.7110 -2.4999
Car -1 -1 -4.7797 284.0828 185.9830 319.1087 214.4258 1.5407 1.6632 4.0626 -18.5745 2.3679 43.2916 -5.1832 -2.8853
Car -1 -1 -4.7520 631.8017 183.9543 657.0840 206.3494 1.4796 1.6399 4.0806 2.4036 2.3068 51.7441 -4.7064 -2.9502
Car -1 -1 -4.2408 674.2292 184.8102 721.1131 208.6923 1.5300 1.6363 3.9613 6.1345 2.4001 50.4276 -4.1210 -3.0919
Car -1 -1 -7.9277 651.6951 180.9586 695.2213 217.1614 1.4800 1.6327 4.1157 2.7526 1.8679 32.4879 -7.8446 -3.1713
Car -1 -1 -4.8341 630.2594 180.6846 664.9230 207.3340 1.5019 1.6250 3.9541 2.2053 2.0000 43.8895 -4.7848 -3.5067
Car -1 -1 -5.4353 639.4108 180.1730 703.2199 207.7113 1.4559 1.5925 3.6627 3.4138 1.8925 41.1246 -5.3537 -3.9423
Car -1 -1 -4.8268 398.1988 181.7966 420.3438 199.2338 1.6202 1.6633 4.0186 -19.9192 2.5324 71.4493 -5.0980 -4.0026
Car -1 -1 -4.8824 727.5847 182.8430 762.8647 207.4179 1.5299 1.6824 3.8808 9.0008 2.2274 48.4552 -4.7004 -4.0371
Car -1 -1 -4.8372 618.5439 181.1524 639.5504 198.2590 1.5562 1.5773 3.5818 1.7849 2.3744 69.3052 -4.8120 -4.2328
Car -1 -1 -4.7243 615.4109 179.4217 642.6386 206.8355 1.6873 1.7176 4.6010 1.1942 2.1434 47.8279 -4.7001 -4.2935
Car -1 -1 -4.8052 617.9806 179.9456 658.9274 213.9677 1.5138 1.5980 4.1087 1.2855 1.8788 35.0750 -4.7695 -4.4587
Car -1 -1 -7.5577 311.7060 183.6581 358.5545 210.9127 1.5229 1.6138 3.8024 -16.6625 2.2078 43.8127 -7.9195 -4.4970
Car -1 -1 -4.4743 609.5306 181.1076 640.1394 201.3323 1.4735 1.5533 3.7205 1.1615 2.1388 56.1952 -4.4542 -4.5296
Car -1 -1 -4.3964 370.5294 181.6622 413.4463 205.1557 1.5787 1.7254 4.2890 -15.7611 2.2429 52.2722 -4.6882 -4.9335
Car -1 -1 -7.6440 604.0833 180.0943 662.2585 219.8995 1.4767 1.5888 4.0393 0.9812 1.7960 29.7016 -7.6119 -5.1342
Car -1 -1 -4.5668 448.2878 184.6211 481.6307 210.2843 1.6779 1.7682 3.8450 -10.2260 2.5404 50.9430 -4.7643 -5.2117
Car -1 -1 -5.7077 678.4244 186.1770 817.8220 245.2252 1.4943 1.5417 3.7246 3.8875 1.9144 20.9273 -5.5275 -5.4086
Car -1 -1 -4.8705 656.6321 182.1540 711.3970 222.0549 1.4417 1.5685 3.9328 2.8597 1.8414 29.0198 -4.7740 -5.5014
Car -1 -1 -5.0656 695.9189 180.2150 783.4568 225.4502 1.4029 1.6518 4.1572 4.3835 1.6830 25.2871 -4.8966 -5.6017
Car -1 -1 -4.6270 559.7104 181.8744 589.5715 206.6614 1.4710 1.5761 4.1200 -2.2669 2.0772 46.4264 -4.6760 -5.6306
Car -1 -1 -4.6500 524.9388 182.8944 552.3926 207.3728 1.4753 1.5416 4.0031 -4.6589 2.1597 47.1770 -4.7484 -5.6794
Car -1 -1 -4.6968 548.3348 182.2846 568.1353 199.8343 1.4095 1.6460 4.2526 -4.4746 2.2538 62.4505 -4.7684 -5.6855
Car -1 -1 -4.5562 497.0561 183.2202 531.2451 207.7197 1.4749 1.5924 4.1830 -6.2720 2.1849 47.3335 -4.6877 -5.6947
Car -1 -1 -4.8018 468.2497 183.4914 490.5540 201.6855 1.5786 1.6913 4.0209 -12.2284 2.6024 67.2979 -4.9812 -5.7019
Car -1 -1 -4.3237 594.2328 180.6349 629.9293 199.5192 1.6665 1.7156 4.7283 0.2224 2.4293 68.2559 -4.3209 -5.7022
Car -1 -1 -5.0221 784.0108 179.0484 948.7516 267.0248 1.3264 1.6128 3.9406 4.3862 1.4558 13.1309 -4.7072 -5.7101
Car -1 -1 -4.7005 592.2393 180.7663 612.3900 200.7242 1.6455 1.7073 4.1489 -0.6744 2.3610 63.2085 -4.7116 -5.7123
Car -1 -1 -5.3582 715.3353 181.9757 891.3687 255.8886 1.4416 1.7108 4.2901 4.2910 1.6848 16.9517 -5.1153 -5.7175
Car -1 -1 -4.6902 576.6569 183.8430 596.6055 203.6899 1.6171 1.6545 3.6684 -2.0283 2.5995 62.6755 -4.7229 -5.7337
Car -1 -1 -4.7187 718.6276 183.8389 755.5090 220.0032 1.6086 1.6853 3.8862 6.1684 2.1785 35.3967 -4.5482 -5.7740
Car -1 -1 -4.0079 0.0000 187.3876 6.4347 305.0438 1.4310 1.5879 4.1430 -12.0081 1.7042 11.4403 -4.8058 -5.7915
Car -1 -1 -4.7375 590.5047 180.6507 612.3516 200.3572 1.4214 1.5776 4.0866 -0.7209 2.0459 55.7540 -4.7508 -5.8212
Car -1 -1 -4.6623 546.0929 180.9352 570.5809 203.1428 1.5496 1.6286 3.9060 -3.8445 2.1733 53.7500 -4.7338 -5.8332
Car -1 -1 -4.4838 489.2769 182.7133 518.8084 201.2424 1.4839 1.6461 4.0185 -9.0978 2.3598 62.0575 -4.6292 -5.8392
Car -1 -1 -4.5069 425.9146 183.6470 463.0120 208.1616 1.5134 1.6047 4.2094 -11.1115 2.2707 48.5282 -4.7312 -5.8471
Car -1 -1 -4.7072 574.0906 180.0061 596.8279 202.2619 1.5472 1.6202 3.8712 -1.8372 2.0954 53.3777 -4.7419 -5.8482
Car -1 -1 -4.5455 472.5189 183.4217 507.5767 207.9583 1.4895 1.6084 4.2196 -7.9170 2.2192 47.7320 -4.7094 -5.8672
Car -1 -1 -4.7101 587.2490 182.2010 612.6009 206.6734 1.4502 1.5584 4.1482 -0.6809 2.0783 46.4317 -4.7252 -5.8791
Car -1 -1 -5.5854 1161.7012 0.0000 1241.0000 374.0000 1.5822 1.8044 4.4672 4.2634 1.3304 2.4998 -4.5950 -5.8807
Car -1 -1 -6.9167 0.0000 0.0000 1241.0000 374.0000 1.5554 1.5919 3.8073 -2.1012 1.6712 1.0036 -7.9391 -5.8867
Car -1 -1 -4.5855 515.0185 180.8895 542.2419 201.5088 1.4887 1.5997 3.9524 -6.2649 2.1301 55.6317 -4.6975 -5.8867
Car -1 -1 -4.6577 571.4622 179.0317 590.9662 195.4806 1.4369 1.5862 3.9325 -2.6478 2.0228 66.4917 -4.6977 -5.8867
Car -1 -1 -4.6384 556.9729 180.0798 577.7737 197.3002 1.4710 1.5944 3.9457 -3.8510 2.1444 65.2863 -4.6975 -5.8867
Car -1 -1 -3.5324 0.0000 199.9516 0.0000 374.0000 1.5209 1.6089 3.9631 -7.4854 1.7056 2.9330 -4.6975 -5.8867
Car -1 -1 -3.5420 0.0000 196.6472 0.0000 374.0000 1.5142 1.6080 3.9621 -5.4742 1.6499 2.1307 -4.6977 -5.8867
Car -1 -1 -4.5026 447.4581 181.6208 484.4557 206.0556 1.4959 1.6031 3.9550 -9.4828 2.0980 47.5878 -4.6986 -5.8867
Car -1 -1 -6.7023 0.0000 0.0000 1241.0000 374.0000 1.5586 1.5911 3.8072 -3.7084 1.7045 1.0034 -7.9389 -5.8867
Car -1 -1 -4.4559 411.6412 184.7802 451.0264 207.2972 1.4404 1.6137 4.4355 -12.5375 2.3158 50.7494 -4.6972 -5.9925
