Car -1 -1 -5.8028 116.7825 171.2534 186.4163 196.7800 1.6601 1.6729 3.5300 -30.4194 1.5557 47.9038 -6.3662 -0.6277
Car -1 -1 -8.5384 634.8856 185.0802 691.6856 210.1371 1.5137 1.6184 3.9271 3.4434 2.3565 47.6816 -8.4673 -1.1878
Car -1 -1 -5.2146 283.7501 185.0489 337.9828 212.1167 1.5550 1.5216 3.6902 -18.6188 2.3410 44.7753 -5.6069 -1.5309
Car -1 -1 -4.7173 623.0333 180.7265 644.1850 200.7912 1.5166 1.6479 4.2517 1.8685 2.1766 58.3698 -4.6859 -1.9724
Car -1 -1 -4.3383 357.8616 184.6745 406.6136 206.3157 1.3254 1.7698 4.0410 -15.2882 2.1543 48.5381 -4.6423 -2.2823
Car -1 -1 -3.1360 646.2008 182.0152 728.1748 216.4493 1.5050 1.5983 3.6443 3.4845 1.9370 33.0566 -3.0326 -2.6334
Car -1 -1 -4.7547 425.9736 180.9734 446.7849 199.2025 1.5129 1.6197 4.1745 -15.4730 2.2590 64.1003 -4.9910 -3.4575
Car -1 -1 -4.8758 640.5660 179.6370 680.8541 209.9688 1.5629 1.6047 3.9122 2.7290 1.9587 40.1089 -4.8090 -3.6536
Car -1 -1 -2.5916 237.8008 184.8685 315.6152 209.5950 1.4218 1.5706 4.0352 -20.1003 2.1628 43.5006 -3.0224 -3.6648
Car -1 -1 -4.7439 441.8178 181.9948 460.4877 198.5064 1.4574 1.5958 3.9318 -15.0384 2.3467 68.1158 -4.9607 -3.6672
Car -1 -1 -4.5418 401.7325 180.0857 433.4155 202.6964 1.6719 1.7043 4.3482 -15.1869 2.2657 57.0280 -4.8013 -3.9406
Car -1 -1 -4.6883 617.1369 178.7751 645.9908 207.2386 1.5859 1.6327 4.2661 1.2994 1.9585 43.2786 -4.6590 -3.9441
Car -1 -1 -4.2824 412.6618 179.6106 452.4126 199.9881 1.6028 1.6948 4.0434 -14.8114 2.1875 60.3226 -4.5225 -3.9826
Car -1 -1 -4.4690 438.1277 178.1314 469.0611 199.0422 1.7710 1.7439 4.1493 -13.9104 2.2561 64.2687 -4.6817 -4.3139
Car -1 -1 -5.1591 306.2318 187.8238 343.9210 207.7572 1.6840 1.6077 4.0545 -26.0589 3.0915 65.8835 -5.5347 -4.5782
Car -1 -1 -7.6952 367.5834 173.2132 397.1877 199.5762 2.1238 1.7381 4.0599 -19.0096 2.1546 60.3188 -7.9996 -4.6150
Car -1 -1 -5.1108 401.9237 180.1301 444.9445 204.5670 1.5864 1.6155 3.5815 -12.9605 2.1085 49.8942 -5.3641 -4.6463
Car -1 -1 -2.4193 24.0263 197.4261 142.1307 237.7270 1.4779 1.5266 3.6908 -20.8373 2.4813 28.5376 -3.0458 -4.6509
Car -1 -1 -4.5365 688.4144 186.2595 722.5610 217.0608 1.8470 1.6408 3.3229 6.1771 2.7482 46.6916 -4.4065 -4.7830
Car -1 -1 -7.8331 616.0667 177.7910 659.4557 219.9867 1.5760 1.6509 3.9520 1.1245 1.7910 29.4428 -7.7960 -4.7867
Car -1 -1 -5.1826 878.7931 205.8478 1010.2919 283.6014 1.6118 1.4991 3.6721 8.3262 2.5395 18.4202 -4.7654 -4.8094
Car -1 -1 -5.3065 631.7887 180.1411 679.3636 202.3075 1.4768 1.5745 3.6973 3.1749 2.0154 51.3723 -5.2456 -4.9121
Car -1 -1 -4.2048 592.4923 180.9004 641.7908 204.2283 1.5411 1.6284 4.3181 0.5296 2.1407 51.5177 -4.1951 -5.2045
Car -1 -1 -5.4559 670.9411 179.7879 805.0725 239.5309 1.6133 1.7371 4.0774 3.7704 1.8470 22.1728 -5.2905 -5.3099
Car -1 -1 -4.3600 436.6692 180.8043 485.3850 209.2343 1.6034 1.6629 3.8785 -9.0337 2.1090 43.8759 -4.5623 -5.3274
Car -1 -1 -2.3993 0.0000 190.4477 0.0000 323.2828 1.6565 1.6261 3.9437 -11.4698 1.9297 10.2382 -3.2283 -5.3419
Car -1 -1 -7.3607 299.0912 185.9301 367.3531 212.7141 1.3480 1.7630 4.3105 -15.5788 2.1273 40.7649 -7.7239 -5.3560
Car -1 -1 -4.7117 513.3240 181.0764 532.6021 197.8844 1.4798 1.7513 4.7081 -8.2646 2.2862 68.3540 -4.8319 -5.3981
Car -1 -1 -7.8888 355.1721 179.5654 378.0810 204.3079 1.8032 1.5468 3.6619 -18.8210 2.3390 55.6478 -8.2139 -5.4554
Car -1 -1 -5.0454 539.0735 179.3688 573.8925 200.2664 1.5032 1.5348 3.6618 -4.1502 2.0185 55.1230 -5.1206 -5.4828
Car -1 -1 -4.3151 586.7156 180.6972 623.5129 199.9649 1.6735 1.6830 4.8703 -0.4277 2.4331 67.3356 -4.3219 -5.5111
Car -1 -1 -5.2560 808.2926 212.0650 954.8575 293.7684 1.5993 1.7258 3.6806 6.5564 2.6843 17.9956 -4.9133 -5.5925
Car -1 -1 -4.7149 318.8730 189.2086 343.2330 210.6763 1.4204 1.6240 4.3336 -20.7436 2.6870 53.5800 -5.0829 -5.6358
Car -1 -1 -4.5023 572.3678 182.1329 610.7197 208.6998 1.4780 1.5620 3.7805 -1.1037 2.0633 43.5400 -4.5280 -5.6517
Car -1 -1 -5.0548 782.0649 175.7074 962.5454 266.8673 1.3470 1.6529 4.0694 4.3626 1.4056 12.8433 -4.7351 -5.6728
Car -1 -1 -5.0310 748.2913 182.2970 871.9176 247.4528 1.3576 1.6392 4.2318 4.7162 1.6189 17.8263 -4.7773 -5.6805
Car -1 -1 -4.4233 544.7024 182.1263 573.2430 198.2918 1.4397 1.6436 4.0092 -4.8538 2.3516 68.8463 -4.4938 -5.7101
Car -1 -1 -3.5046 0.0000 193.7354 0.0000 374.0000 1.5033 1.6058 3.9572 -7.0817 1.6338 2.5302 -4.6974 -5.8867
Car -1 -1 -4.6939 162.7588 181.0672 184.1211 198.1406 1.5264 1.6629 4.0600 -41.5972 2.3336 68.7710 -5.2364 -5.8867
Car -1 -1 -4.9913 790.6671 179.0144 885.0170 236.1208 1.5052 1.6029 3.9556 6.5901 1.7049 21.4370 -4.6976 -5.8867
Car -1 -1 -5.2949 982.8322 178.1809 1241.0000 328.6869 1.5098 1.6041 3.9578 6.5875 1.5934 9.3697 -4.6976 -5.8867
Car -1 -1 -4.6444 558.0988 179.9766 585.0277 202.8154 1.4802 1.6010 3.9527 -2.6580 1.9930 49.9913 -4.6977 -5.8867
Car -1 -1 -6.7851 0.0000 0.0000 1241.0000 374.0000 1.5489 1.5886 3.8043 -2.9048 1.6622 1.0039 -7.9390 -5.8867
Car -1 -1 -4.7178 125.0227 173.2917 148.6783 191.1272 1.5034 1.6836 4.1178 -41.4108 1.5427 63.1092 -5.2968 -5.8867
Car -1 -1 -4.6542 568.0523 178.0314 589.2751 195.5269 1.4092 1.5774 3.9244 -2.6564 1.8626 61.2567 -4.6977 -5.8867
Car -1 -1 -4.4955 443.5877 180.6009 479.0418 203.2366 1.4638 1.5938 3.9442 -10.2872 2.0217 50.0017 -4.6977 -5.8867
Car -1 -1 -1.9719 174.6266 180.4890 211.0513 196.9718 1.5229 1.6540 3.9695 -40.6428 2.2855 70.2407 -2.4950 -5.8867
Car -1 -1 -4.6824 146.0657 178.9018 168.8403 195.8930 1.4764 1.6502 4.0230 -41.6217 2.0505 66.3810 -5.2408 -5.8867
Car -1 -1 -4.7896 665.1426 178.6304 690.8528 199.5285 1.4639 1.5922 3.9427 4.9885 1.9087 53.6209 -4.6978 -5.8867
Car -1 -1 -7.2260 0.0000 177.5716 36.1281 274.3064 1.7154 1.9061 4.7896 -15.0265 1.8330 15.5381 -7.9861 -5.9539
Car -1 -1 -4.6273 226.3722 191.8552 250.8941 209.2835 1.5266 1.7717 4.2808 -36.3015 3.4458 70.5704 -5.1012 -5.9680
Car -1 -1 -4.8158 595.1766 181.9373 622.9501 204.5041 1.6830 1.7973 4.1012 -0.1392 2.4355 57.6650 -4.8187 -6.5771
