Car -1 -1 -4.3005 147.0649 191.8362 268.6655 257.2888 1.4681 1.6221 3.1419 -10.3729 2.0045 18.7682 -4.7998 5.8464
Car -1 -1 -8.1663 434.0204 179.9023 481.7773 206.8755 1.4846 1.5995 4.0993 -9.1518 1.9259 43.0273 -8.3750 0.9697
Car -1 -1 -5.0626 699.2275 177.7539 731.3459 197.3647 1.7558 1.6668 4.1270 9.8444 2.2314 67.8882 -4.9197 -1.9922
Car -1 -1 -5.3814 957.7114 181.5614 1012.0710 204.0011 1.5280 1.6080 3.6167 27.2171 2.1853 52.5590 -4.9063 -2.0260
Car -1 -1 -5.0260 473.6241 185.9328 508.2263 205.7422 1.4815 1.6902 3.7907 -9.7557 2.5839 58.7676 -5.1902 -2.9346
Car -1 -1 -5.1789 843.2278 180.5636 882.1204 200.9322 1.4440 1.5922 2.9156 18.8022 2.0360 53.8782 -4.8453 -2.9903
Car -1 -1 -7.8852 637.9673 175.2001 663.0255 198.3184 1.5837 1.6633 4.0388 2.8459 1.7587 51.8800 -7.8311 -3.1671
Car -1 -1 -4.5208 725.2153 173.6300 753.1851 194.7269 1.6908 1.5976 3.8279 10.7567 1.7573 60.0526 -4.3448 -3.4110
Car -1 -1 -7.7976 969.5526 181.7429 1006.4989 212.8395 1.4326 1.4718 3.0623 18.7931 1.8954 35.9011 -7.3193 -3.5317
Car -1 -1 -7.9933 1022.5270 175.3073 1064.5730 207.8916 1.9323 1.7056 3.9755 27.1085 2.0933 45.2778 -7.4572 -3.8711
Car -1 -1 -3.1974 845.4821 185.0959 916.1137 210.0496 1.4550 1.6448 4.0118 16.7102 2.2380 44.7963 -2.8431 -3.9202
Car -1 -1 -5.1679 464.9511 185.4623 503.1205 205.1699 1.5619 1.6524 3.9579 -10.8675 2.6805 61.9420 -5.3413 -3.9487
Car -1 -1 -8.0467 555.9100 181.1333 577.9412 194.2608 1.1882 1.5139 3.2488 -4.1775 2.0032 69.2904 -8.1071 -3.9776
Car -1 -1 -4.6563 807.4952 177.8546 838.2008 203.8383 1.7139 1.8338 4.7526 15.0903 2.0856 51.1204 -4.3713 -4.0242
Car -1 -1 -8.2003 1122.3103 198.6109 1230.8667 248.6350 1.4608 1.7151 4.0161 19.7996 2.4477 25.4820 -7.5462 -4.2570
Car -1 -1 -4.6255 81.7788 183.4008 123.4056 212.9032 1.4770 1.5467 3.5897 -27.7266 2.0818 39.4529 -5.2351 -4.2724
Car -1 -1 -5.0068 1018.4399 175.7841 1074.2068 209.2767 1.8384 1.6551 4.0767 25.3761 2.0181 42.1633 -4.4686 -4.3748
Car -1 -1 -5.9960 342.1044 182.4830 443.4934 219.1185 1.5180 1.5841 3.8973 -9.3530 1.9435 31.1132 -6.2861 -4.4758
Car -1 -1 -6.3071 300.0493 178.1652 353.3886 199.0765 1.6971 1.7031 4.1419 -23.9455 2.1571 60.9482 -6.6802 -4.5177
Car -1 -1 -4.7007 1003.5738 185.3774 1031.8961 212.3834 1.6262 1.5568 3.4088 26.5580 2.4748 47.0444 -4.1901 -4.5240
Car -1 -1 -3.1709 776.2187 174.8724 858.8677 205.8269 1.6936 1.7213 4.4267 11.7028 1.8119 41.0295 -2.8955 -4.5738
Car -1 -1 -6.8371 744.6480 180.4113 804.0302 200.4015 1.4770 1.6739 4.2425 12.7037 2.0779 55.9170 -6.6153 -4.6011
Car -1 -1 -5.1483 486.9238 182.8321 529.9825 203.1852 1.5487 1.7470 4.5867 -8.4646 2.4066 59.6553 -5.2891 -4.6603
Car -1 -1 -7.1861 847.1192 173.5573 906.5740 199.3681 1.7451 1.7652 4.0996 18.7361 1.7960 50.7100 -6.8344 -4.8637
Car -1 -1 -2.2110 0.0000 194.9047 190.4893 301.9748 1.4045 1.6219 3.9909 -8.9228 1.7909 11.3310 -2.8668 -4.8746
Car -1 -1 -4.9455 531.8834 177.9724 567.0906 202.9051 1.7421 1.7125 4.0160 -4.5550 2.1366 53.4833 -5.0305 -5.3069
Car -1 -1 -2.4688 0.0000 200.2277 179.7546 314.6115 1.3518 1.7109 4.2553 -8.5991 1.7613 9.8854 -3.1715 -5.3594
Car -1 -1 -4.5181 512.6692 180.7770 545.0159 203.1217 1.5246 1.5678 4.2586 -5.9415 2.1299 52.9683 -4.6297 -5.3628
Car -1 -1 -4.8261 590.2655 180.2367 611.1339 196.4120 1.4421 1.5630 3.5726 -0.9202 2.1558 67.9096 -4.8401 -5.5439
Car -1 -1 -5.8870 859.5353 170.4703 936.7827 200.3891 1.8605 1.8700 4.2862 18.7067 1.7120 47.0350 -5.5110 -5.5755
Car -1 -1 -4.4787 503.0338 181.2764 536.9067 201.7303 1.4860 1.6592 4.4161 -7.0391 2.1729 56.5893 -4.6023 -5.6005
Car -1 -1 -4.6380 833.6230 181.2329 855.5467 200.2151 1.5707 1.5630 3.8929 20.6942 2.3339 63.6524 -4.3255 -5.6849
Car -1 -1 -4.7625 510.9114 180.8916 533.0002 201.1342 1.5992 1.6448 3.9670 -7.4672 2.2991 60.7626 -4.8847 -5.7095
Car -1 -1 -4.4485 360.2555 183.7803 406.1964 214.2716 1.6759 1.6376 3.9616 -13.5208 2.3588 43.1093 -4.7511 -5.7382
Car -1 -1 -4.9251 355.2684 182.8573 389.3850 203.0143 1.4633 1.6292 4.6089 -18.8931 2.2887 57.1606 -5.2432 -5.7952
Car -1 -1 -5.3414 900.1542 175.9996 1081.6122 244.4014 1.3985 1.6638 4.0951 8.7413 1.4821 17.1061 -4.8765 -5.8838
Car -1 -1 -4.6812 1043.8256 172.9668 1065.9167 189.2892 1.4733 1.6397 3.9885 41.4750 1.4838 67.2724 -4.1309 -5.8867
Car -1 -1 -4.6118 535.6293 178.8085 559.9012 197.3593 1.4293 1.5873 3.9319 -5.0686 1.9309 58.8411 -4.6977 -5.8867
Car -1 -1 -4.6548 799.5607 177.8404 821.3369 195.8342 1.5142 1.6446 3.9719 17.7954 1.9714 64.0517 -4.3854 -5.8867
Car -1 -1 -4.7046 1066.1088 173.7756 1088.8052 191.2825 1.4972 1.6464 3.9905 41.4766 1.5814 64.0498 -4.1323 -5.8867
Car -1 -1 -4.1848 429.9409 180.7319 482.1123 204.2086 1.4675 1.6434 4.0202 -10.3697 2.0228 48.7216 -4.3938 -5.8867
Car -1 -1 -4.7399 1102.9653 172.4987 1129.1844 191.1566 1.4768 1.6375 3.9880 41.4750 1.4483 59.2250 -4.1316 -5.8867
Car -1 -1 -4.7225 1084.2158 173.5289 1108.2812 191.7966 1.5027 1.6498 3.9971 41.4762 1.5620 61.6350 -4.1326 -5.8867
Car -1 -1 -4.6559 1029.9369 172.7903 1052.5099 188.6738 1.4770 1.6440 4.0207 41.3683 1.4707 69.2205 -4.1193 -5.8867
Car -1 -1 -4.7497 875.8674 176.8822 899.0873 195.7973 1.4949 1.6446 3.9479 23.0396 1.8418 60.0665 -4.3854 -5.8867
Car -1 -1 -4.8337 555.2244 177.5537 580.9505 196.2442 1.4308 1.6019 3.9845 -3.4511 1.8246 58.3985 -4.8928 -5.8867
Car -1 -1 -4.6042 530.5230 179.7848 553.8267 197.6063 1.4559 1.5943 3.9415 -5.8645 2.0747 62.4684 -4.6978 -5.8867
Car -1 -1 -6.9166 0.0000 0.0000 1241.0000 374.0000 1.5458 1.5898 3.8042 -2.1018 1.6379 1.0035 -7.9391 -5.8867
Car -1 -1 -7.9059 615.8649 177.9232 640.0869 200.0314 1.4981 1.5266 3.9396 1.2272 1.8757 51.7966 -7.8828 -5.9828
Car -1 -1 -5.1191 517.0626 179.9183 550.0859 196.2880 1.4435 1.5858 4.0940 -7.2207 2.1270 67.6734 -5.2254 -7.2744
Car -1 -1 -5.3180 900.9585 187.3986 960.0403 214.8319 1.6873 1.6853 3.9457 21.5272 2.7110 48.7006 -4.9047 -7.4704
Car -1 -1 -4.0141 528.8622 179.3373 574.4597 195.8479 1.4233 1.6998 4.4761 -5.3433 2.0399 66.3382 -4.0946 -7.5151
