Car -1 -1 -4.9136 250.0844 184.4435 286.0095 207.4741 1.6285 1.6753 4.2810 -26.3445 2.5547 55.4648 -5.3554 -1.6810
Car -1 -1 -5.7823 618.8793 176.6498 669.0797 195.0114 1.6112 1.6769 4.3024 3.0678 1.9672 65.9062 -5.7364 -1.8251
Car -1 -1 -4.3537 261.5551 188.1171 310.7480 217.7915 1.6170 1.5592 3.4263 -19.2235 2.5610 42.8834 -4.7731 -2.4700
Car -1 -1 -4.6332 634.0038 177.5287 669.1702 208.3672 1.6101 1.6533 4.1341 2.3432 1.8861 40.4866 -4.5763 -2.6677
Car -1 -1 -4.8717 144.5615 186.2247 174.7875 204.3860 1.4930 1.6885 3.9272 -40.2036 2.7229 64.3488 -5.4285 -2.8461
Car -1 -1 -4.4335 197.4230 188.6650 255.4941 222.9379 1.4642 1.5509 3.4206 -18.2258 2.2567 34.3486 -4.9184 -3.1261
Car -1 -1 -6.7545 968.0967 168.4486 1164.8298 230.6742 1.5497 1.6529 4.0644 11.8051 1.4397 18.9522 -6.2049 -3.3018
Car -1 -1 -4.5720 271.1691 181.5592 296.2610 199.6753 1.6699 1.6767 4.1679 -32.0378 2.5518 70.8918 -4.9953 -3.3337
Car -1 -1 -2.4327 0.0000 174.3463 79.4260 203.8246 1.9650 1.8115 4.2646 -38.9723 2.0685 49.1911 -3.1002 -3.4303
Car -1 -1 -3.6952 630.4117 181.2509 702.6940 207.2519 1.4596 1.6458 4.0617 3.3637 1.9819 43.2431 -3.6187 -3.7765
Car -1 -1 -4.7381 58.8643 178.2842 89.0929 205.3063 1.9305 1.7342 4.2910 -40.6640 2.3584 54.6663 -5.3755 -3.7932
Car -1 -1 -4.6389 628.4888 176.8067 652.2665 197.3026 1.6153 1.6774 4.1021 2.5249 1.9544 59.8220 -4.5973 -3.8363
Car -1 -1 -3.3969 578.9936 179.4540 651.8881 205.9907 1.4790 1.6112 3.9754 0.2665 1.8755 42.1170 -3.3911 -3.8541
Car -1 -1 -7.7543 311.0732 181.2298 352.3301 211.6975 1.5554 1.7218 4.4083 -15.5837 2.0523 40.4808 -8.1200 -4.1940
Car -1 -1 -4.6657 617.7499 178.3354 645.8486 202.9161 1.5177 1.6709 3.9301 1.4381 1.8934 47.4759 -4.6361 -4.2646
Car -1 -1 -4.8829 426.3591 179.2422 454.9643 200.1902 1.7038 1.7013 4.2968 -14.7024 2.2764 62.4045 -5.1136 -4.3056
Car -1 -1 -7.8813 648.3889 177.5593 684.6741 211.4695 1.5604 1.6688 4.2980 2.7250 1.8091 35.9945 -7.8070 -4.3134
Car -1 -1 -4.8141 223.1429 188.0986 251.2043 208.2066 1.5538 1.6906 4.4053 -31.8596 2.9028 61.5589 -5.2902 -4.3868
Car -1 -1 -7.2947 84.7148 204.7401 159.9779 236.8615 1.4861 1.6291 3.7432 -26.3257 3.2949 39.0414 -7.8851 -4.4112
Car -1 -1 -4.8033 243.9314 192.9158 280.0836 220.7007 1.4522 1.5797 4.0227 -20.7692 2.7045 42.9204 -5.2519 -4.4360
Car -1 -1 -4.7736 195.2719 184.7804 218.7112 203.1232 1.5724 1.6472 4.1994 -37.4335 2.7152 66.9435 -5.2820 -4.5601
Car -1 -1 -7.0966 280.2311 182.3343 326.6407 200.7317 1.6939 1.7063 4.3247 -30.1939 2.6590 71.1519 -7.4969 -4.6445
Car -1 -1 -4.6571 685.4097 184.0234 711.9992 209.3821 1.6095 1.6149 3.7093 6.0842 2.4059 49.4974 -4.5361 -4.7060
Car -1 -1 -4.4353 379.7088 181.2318 417.7198 203.2021 1.4644 1.6573 3.6504 -15.0103 2.0812 51.3193 -4.7188 -4.7073
Car -1 -1 -8.3952 980.2949 140.5363 1241.0000 360.2784 1.7070 1.8544 4.6182 5.9917 1.4556 7.9840 -7.7696 -4.7085
Car -1 -1 -2.0631 328.0993 185.6421 376.9725 208.8208 1.5423 1.6118 4.0285 -18.6507 2.5001 52.1115 -2.4055 -4.8339
Car -1 -1 -5.0389 441.9270 180.3238 475.8456 200.0368 1.6340 1.6884 4.1429 -13.3957 2.3161 63.6984 -5.2457 -4.9640
Car -1 -1 -4.6684 245.6476 185.8503 270.2626 206.2903 1.6582 1.7761 3.4964 -30.7188 2.8275 62.9800 -5.1209 -5.0193
Car -1 -1 -4.7796 544.6253 178.7551 566.1512 196.4958 1.4706 1.6098 4.0539 -4.8462 2.0058 63.3453 -4.8561 -5.0631
Car -1 -1 -4.4548 518.1636 178.9706 546.9398 197.6155 1.5676 1.5744 4.0148 -6.8712 2.1289 64.1472 -4.5615 -5.2599
Car -1 -1 -4.4936 59.4042 204.7656 121.6812 238.3808 1.4748 1.7784 4.3561 -27.6357 3.2801 38.4739 -5.1135 -5.3560
Car -1 -1 -2.8987 581.8218 177.5751 644.0847 202.0066 1.6537 1.6087 4.1019 0.1880 1.9930 50.6143 -2.8955 -5.4080
Car -1 -1 -4.2854 203.1659 199.7571 246.2921 221.1009 1.4945 1.6643 3.5938 -30.4171 3.6889 57.0174 -4.7739 -5.5004
Car -1 -1 -4.6583 468.3360 180.5051 489.1960 197.9020 1.4218 1.5755 3.9872 -11.4287 2.1102 62.8706 -4.8377 -5.8110
Car -1 -1 -4.9879 810.0339 181.4718 988.1390 282.9436 1.3167 1.5645 3.9552 4.3972 1.4809 11.7377 -4.6385 -5.8578
Car -1 -1 -4.4616 269.3105 184.2169 302.3546 202.5206 1.4537 1.6218 4.1190 -27.9021 2.4664 62.1616 -4.8822 -5.8678
Car -1 -1 -4.9104 578.2212 178.0811 613.8050 200.8298 1.4383 1.6219 4.0998 -1.0233 1.8073 48.7980 -4.9317 -5.8849
Car -1 -1 -4.5621 581.2584 178.8887 605.7950 195.9388 1.4667 1.6503 4.0305 -1.4890 2.0332 65.6639 -4.5851 -5.8857
Car -1 -1 -6.9169 0.0000 0.0000 1241.0000 374.0000 1.5420 1.5883 3.8030 -2.1017 1.6253 1.0043 -7.9391 -5.8867
Car -1 -1 -4.6959 151.9744 182.8591 173.7811 200.4176 1.5227 1.6553 4.0193 -41.6150 2.4837 67.1739 -5.2490 -5.8867
Car -1 -1 -4.7576 554.3803 179.3239 573.9955 196.2560 1.4646 1.6084 3.9806 -4.2417 2.0752 66.0577 -4.8218 -5.8867
Car -1 -1 -4.7415 171.4905 181.5850 193.2604 198.6057 1.5330 1.6854 4.2022 -41.2268 2.4005 69.4956 -5.2754 -5.8867
Car -1 -1 -4.6380 555.2355 179.0016 578.5928 198.0024 1.4424 1.5899 3.9375 -3.4607 1.9535 58.0370 -4.6977 -5.8867
Car -1 -1 -4.1806 188.8336 180.6136 229.4838 196.8954 1.5142 1.6533 4.0941 -39.4836 2.3012 71.1417 -4.6859 -5.8867
Car -1 -1 -4.5237 0.0000 179.6503 0.0000 204.5867 1.5112 1.6586 4.0284 -41.5580 1.9745 47.0587 -5.2444 -5.8867
Car -1 -1 -4.6222 80.3629 183.9774 111.8708 205.8141 1.6289 1.6970 4.2012 -41.5349 2.5627 58.3502 -5.2388 -5.9242
Car -1 -1 -4.5933 442.2278 182.0231 471.0561 203.5870 1.5248 1.6749 4.0532 -11.6545 2.2487 54.8953 -4.8019 -5.9408
Car -1 -1 -7.2467 649.6509 171.4542 692.9875 191.8477 1.7782 1.7969 4.2487 5.5441 1.6559 65.1249 -7.1625 -6.0847
Car -1 -1 -6.2532 0.0000 156.2275 68.2817 190.8991 2.0832 1.8352 4.2330 -36.7428 1.0839 45.3625 -6.9313 -6.3123
