Car -1 -1 -4.5025 621.7090 181.7629 669.9395 216.6825 1.5584 1.5968 3.8401 1.7678 2.0195 35.3120 -4.4536 -2.1792
Car -1 -1 -4.7564 629.1379 184.8563 660.0996 212.6313 1.5329 1.6774 4.2062 2.0183 2.2953 43.7450 -4.7113 -2.2475
Car -1 -1 -8.0825 291.0441 182.0440 327.6349 207.0740 1.7728 1.7460 3.7903 -22.8298 2.4947 54.6561 -8.4767 -2.3588
Car -1 -1 -4.5694 617.7922 185.3404 648.1694 208.8205 1.4704 1.5731 3.6173 1.5677 2.3537 49.1426 -4.5383 -2.8185
Car -1 -1 -4.6371 597.7025 180.1871 627.6693 206.8409 1.6068 1.6438 4.0735 0.1812 2.1028 46.7441 -4.6338 -3.3275
Car -1 -1 -5.8601 154.7629 200.2511 232.5771 225.1887 1.4843 1.5912 4.0080 -26.5817 3.2720 46.1018 -6.3809 -3.7156
Car -1 -1 -4.7193 624.1277 180.7870 654.8707 211.6647 1.6194 1.6517 3.5641 1.6035 2.0851 40.5771 -4.6807 -3.7330
Car -1 -1 -4.7488 187.0367 185.4693 217.3423 213.3748 1.7248 1.6356 4.3756 -27.7359 2.6206 48.9625 -5.2621 -3.8179
Car -1 -1 -4.5957 346.5932 184.2228 373.4428 205.7008 1.5047 1.4859 3.8326 -18.9531 2.3988 54.7315 -4.9279 -3.8455
Car -1 -1 -3.3828 575.8929 184.9323 630.2976 206.2749 1.6289 1.7092 4.0753 -0.5931 2.6205 57.9166 -3.3935 -4.0384
Car -1 -1 -3.8120 212.1834 184.0851 280.1831 210.1970 1.7184 1.6330 4.2570 -26.0317 2.5585 51.7146 -4.2766 -4.1477
Car -1 -1 -7.9697 605.7312 180.8931 656.4375 221.8189 1.5445 1.6330 4.1491 0.7691 1.9047 30.2121 -7.9453 -4.2485
Car -1 -1 -4.7984 601.2167 185.7496 621.5055 202.1039 1.4185 1.5923 3.4595 0.0824 2.6511 67.1973 -4.7977 -4.3100
Car -1 -1 -3.7676 314.6153 186.4334 372.6302 208.4196 1.5618 1.6805 3.9984 -20.6585 2.6557 56.0116 -4.1198 -4.3443
Car -1 -1 -7.5716 651.1623 185.0838 699.2797 217.3718 1.5291 1.5976 3.4530 3.3951 2.1967 37.5077 -7.4828 -4.3704
Car -1 -1 -4.6565 553.0721 189.9627 575.4122 210.4789 1.5246 1.6049 3.9758 -3.7331 2.9691 58.9394 -4.7200 -4.4452
Car -1 -1 -2.7958 560.1633 184.4932 646.0975 214.0201 1.4266 1.5748 4.1694 -0.3921 2.0530 37.4174 -2.8068 -4.4465
Car -1 -1 -4.6889 608.2671 185.4666 629.5753 206.9767 1.5364 1.5600 3.6711 0.6857 2.5402 55.5817 -4.6772 -4.5844
Car -1 -1 -5.0089 363.1589 181.0058 401.9960 203.7221 1.4961 1.5866 3.7552 -16.1199 2.0940 50.9510 -5.3142 -4.6019
Car -1 -1 -4.4518 368.6053 183.7780 406.3845 205.5973 1.5674 1.7613 4.2971 -17.2996 2.4508 56.1936 -4.7495 -4.6829
Car -1 -1 -4.5581 527.7688 187.6081 556.9562 208.5570 1.5779 1.7836 4.1187 -5.5562 2.8359 59.4276 -4.6514 -4.6961
Car -1 -1 -8.0891 637.5418 180.8918 694.2150 218.5261 1.4693 1.5968 3.6557 2.2861 1.8350 30.9282 -8.0167 -4.7151
Car -1 -1 -7.9328 1029.0363 187.3418 1108.1985 249.6337 1.5439 1.5904 3.8447 13.1348 2.0054 20.9215 -7.3793 -4.8259
Car -1 -1 -4.8795 609.2126 184.1850 633.1048 203.4869 1.5919 1.5213 3.6074 0.9333 2.6208 63.6369 -4.8655 -4.9189
Car -1 -1 -3.2929 916.9158 179.6646 1134.8229 246.9823 1.5648 1.7278 4.6697 10.4919 1.7564 18.7152 -2.7893 -5.1877
Car -1 -1 -4.4827 443.0965 189.9096 475.5508 212.5544 1.4582 1.4915 3.4511 -10.6082 2.7007 50.8337 -4.6879 -5.3481
Car -1 -1 -4.5187 681.4591 192.9461 705.0576 210.4434 1.4499 1.5274 3.3481 7.5945 3.3332 65.8132 -4.4049 -5.4346
Car -1 -1 -4.3989 355.7238 183.7051 397.9639 207.6527 1.4532 1.5483 3.7738 -15.2900 2.1939 47.3853 -4.7098 -5.4687
Car -1 -1 -4.6411 539.1229 181.0404 568.8195 205.8985 1.4281 1.5593 3.9787 -3.4695 1.9583 44.7599 -4.7185 -5.5707
Car -1 -1 -4.6729 588.6978 183.7488 615.2094 207.8151 1.5656 1.7134 4.0310 -0.5613 2.3635 50.8225 -4.6844 -5.6164
Car -1 -1 -5.0160 737.4471 183.1288 832.1662 234.7841 1.3632 1.6184 4.0704 5.1435 1.7054 21.9646 -4.7897 -5.7445
Car -1 -1 -5.4454 944.9642 188.2434 1241.0000 325.4497 1.4243 1.6598 4.2486 6.7635 1.6895 10.2208 -4.8748 -5.7810
Car -1 -1 -4.7537 379.1534 182.9854 410.5728 211.4935 1.5775 1.6541 3.9852 -13.0739 2.2198 43.6107 -5.0437 -5.7897
Car -1 -1 -4.7148 383.1380 182.0921 417.7426 215.7601 1.6157 1.6596 3.9472 -11.0521 2.1282 37.9215 -4.9969 -5.8129
Car -1 -1 -5.3806 810.5837 184.1282 1002.1492 263.1359 1.4252 1.6540 4.1069 6.2307 1.7071 15.8517 -5.0132 -5.8502
Car -1 -1 -4.3620 400.8226 183.4156 450.6889 211.4660 1.5543 1.6601 3.9486 -11.0970 2.2218 43.5730 -4.6103 -5.8634
Car -1 -1 -4.4050 398.9787 183.8954 441.7430 207.6070 1.5072 1.6971 4.0994 -13.0883 2.3026 49.9034 -4.6606 -5.8670
Car -1 -1 -4.1992 359.7535 183.6759 423.3857 213.0079 1.5058 1.6441 4.0926 -12.3158 2.1504 40.8241 -4.4909 -5.8793
Car -1 -1 -3.7070 0.0000 190.6705 66.4213 374.0000 1.5086 1.6066 3.9616 -4.2767 1.6198 2.5242 -4.6976 -5.8867
Car -1 -1 -6.7849 0.0000 0.0000 1241.0000 374.0000 1.5561 1.5908 3.8066 -2.9047 1.6867 1.0032 -7.9389 -5.8867
Car -1 -1 -3.4940 0.0000 192.9695 0.0000 374.0000 1.5016 1.6038 3.9575 -6.2783 1.6162 2.1317 -4.6977 -5.8867
Car -1 -1 -5.0140 808.6274 177.9896 902.6487 232.2470 1.4947 1.6008 3.9522 7.3937 1.6669 22.2415 -4.6977 -5.8867
Car -1 -1 -4.6430 559.9825 179.3151 581.1584 196.7442 1.4452 1.5878 3.9354 -3.4525 2.0292 63.2737 -4.6977 -5.8867
Car -1 -1 -4.6084 531.2830 181.0169 559.2219 203.2993 1.4997 1.6057 3.9571 -4.6595 2.1103 52.0105 -4.6978 -5.8867
Car -1 -1 -4.4428 402.9695 180.6630 439.1820 201.7020 1.4509 1.5897 3.9407 -13.9134 2.0480 53.2122 -4.6977 -5.8867
Car -1 -1 -4.5765 504.4871 181.4168 538.9889 207.5539 1.5025 1.6042 3.9574 -5.4644 2.0571 44.7710 -4.6977 -5.8867
Car -1 -1 -5.8187 1241.0000 82.9078 1241.0000 374.0000 1.5029 1.6052 3.9763 6.1842 1.4359 2.5488 -4.6790 -5.8867
Car -1 -1 -5.4003 1085.1797 173.8760 1241.0000 320.0290 1.4899 1.5989 3.9514 8.1949 1.5057 9.3704 -4.6977 -5.8867
Car -1 -1 -7.5861 38.6490 0.0000 1241.0000 374.0000 1.4963 1.5975 3.8457 -0.4783 1.5541 1.3731 -7.8744 -5.8867
Car -1 -1 -4.5472 580.1028 180.9810 606.3642 198.9209 1.4554 1.6511 3.9376 -1.4424 2.1820 62.4736 -4.5706 -5.8867
Car -1 -1 -3.5142 0.0000 196.9789 0.0000 374.0000 1.5090 1.6050 3.9580 -7.8859 1.6733 2.9348 -4.6976 -5.8867
Car -1 -1 -4.1917 0.0000 187.7408 0.0000 329.4507 1.4525 1.6145 4.2016 -11.9222 1.7074 10.1176 -5.0456 -5.9822
Car -1 -1 -3.9457 345.9678 182.5514 556.8004 285.1856 1.4624 1.4376 3.6543 -2.6488 1.6570 12.5742 -4.1501 -5.9912
Car -1 -1 -4.9940 663.9174 192.2799 693.6281 210.8974 1.5261 1.6397 3.9868 6.1996 3.3506 65.6652 -4.9009 -6.1242
Car -1 -1 -4.9820 590.2901 184.6340 619.9545 203.4278 1.7090 1.8007 4.4071 -0.5369 2.9055 70.9432 -4.9900 -6.4425
