Car -1 -1 -4.8417 555.2858 182.6403 576.6143 199.2862 1.5485 1.6462 3.6269 -4.3976 2.5419 71.3343 -4.9034 -0.5304
Car -1 -1 -4.3577 113.9011 195.1000 178.3347 226.8748 1.4572 1.5925 3.9064 -24.4257 2.6949 38.0763 -4.9251 -0.8656
Car -1 -1 -4.7244 460.6469 174.6322 488.2337 206.6361 2.2306 1.9068 4.3644 -9.9892 2.3663 52.8746 -4.9106 -0.9658
Car -1 -1 -7.8801 299.4258 183.6450 363.0094 239.9889 1.4181 1.5891 4.1777 -8.3060 1.7690 21.2495 -8.2490 -0.9774
Car -1 -1 -4.2482 773.2944 194.1124 821.9656 221.3163 1.5612 1.5501 3.6651 12.0238 2.9794 46.2549 -3.9962 -1.8673
Car -1 -1 -4.3583 271.2742 190.2744 321.5181 218.4648 1.6348 1.7433 3.7725 -20.0288 2.7955 46.1585 -4.7660 -2.0952
Car -1 -1 -4.5225 842.8435 194.0635 881.3989 221.3870 1.5003 1.5897 3.7578 15.6473 2.8760 44.7860 -4.1892 -2.3804
Car -1 -1 -7.3924 0.0000 195.3793 61.2439 239.7064 1.4797 1.5553 3.7833 -23.3246 2.4213 28.1536 -8.0797 -2.4746
Car -1 -1 -4.8363 640.9394 179.4579 681.7241 210.1838 1.4814 1.6143 4.1569 2.5942 1.8467 37.8203 -4.7689 -2.6020
Car -1 -1 -7.8185 0.0000 205.8548 46.3454 245.0434 1.4750 1.6178 3.9375 -26.6474 3.0638 32.6861 -8.4986 -2.6767
Car -1 -1 -4.9192 200.5657 176.8579 235.7748 198.7607 1.7212 1.7257 4.2496 -32.4580 2.0641 59.6748 -5.4157 -2.7084
Car -1 -1 -7.9621 583.2115 180.7003 613.0848 205.0915 1.5811 1.6336 4.1690 -0.8990 2.1518 50.3386 -7.9804 -3.1443
Car -1 -1 -3.8404 282.2433 189.1799 329.0797 208.9396 1.6806 1.5894 3.8921 -28.2038 3.2418 66.9215 -4.2382 -3.6041
Car -1 -1 -4.8866 583.8000 181.0212 615.3763 203.0059 1.5149 1.6403 4.1453 -0.8432 2.1454 53.5376 -4.9027 -3.7718
Car -1 -1 -5.2016 610.4930 180.0374 661.5521 204.7341 1.4929 1.6238 4.0087 1.6117 1.9823 47.0297 -5.1681 -3.7773
Car -1 -1 -4.9454 538.5063 182.8708 564.8685 200.0127 1.5782 1.6811 4.1323 -5.8086 2.5981 71.2569 -5.0269 -3.8346
Car -1 -1 -4.8739 170.7943 186.6103 216.5214 218.4372 1.4979 1.5118 3.5057 -21.6380 2.2453 37.3829 -5.3958 -3.8694
Car -1 -1 -4.6993 177.6461 180.1652 203.3904 202.9704 1.6449 1.6586 4.3440 -32.4382 2.2335 55.8183 -5.2239 -4.0662
Car -1 -1 -4.3433 568.2322 182.9922 598.5945 199.1140 1.4896 1.6593 4.0647 -2.6225 2.5263 71.6157 -4.3803 -4.4317
Car -1 -1 -4.8546 592.0415 178.2774 627.2699 204.8258 1.5863 1.6883 4.0051 -0.1014 1.9481 46.0749 -4.8573 -4.4632
Car -1 -1 -4.4800 310.7400 191.8147 350.8846 217.8009 1.5998 1.6977 3.9707 -19.1424 2.9560 49.5390 -4.8473 -4.5009
Car -1 -1 -3.0547 143.0427 189.2703 217.1628 216.0448 1.5720 1.7132 3.9206 -27.3411 2.6545 45.9717 -3.5890 -4.5044
Car -1 -1 -4.4058 325.4303 191.5328 362.7525 213.7709 1.5517 1.6499 3.6856 -20.3883 3.0336 55.3783 -4.7574 -4.5563
Car -1 -1 -4.8273 486.0975 181.7083 512.0489 207.4171 1.9405 1.6139 3.9756 -8.9834 2.6789 58.0608 -4.9806 -4.9274
Car -1 -1 -4.7674 499.7128 181.1292 524.3477 202.4856 1.4640 1.5756 4.0485 -7.2917 2.0989 53.2536 -4.9033 -5.0193
Car -1 -1 -5.6215 227.1617 184.6728 288.9376 204.7622 1.5217 1.6318 4.3276 -27.9962 2.4816 57.3704 -6.0740 -5.1943
Car -1 -1 -4.7948 564.5063 182.6515 583.8909 200.0059 1.5675 1.5774 3.2983 -3.4580 2.5260 68.8727 -4.8452 -5.2653
Car -1 -1 -5.2048 641.7842 177.8204 700.4661 205.0909 1.4657 1.6065 4.1477 3.4412 1.7685 41.8111 -5.1237 -5.5938
Car -1 -1 -2.2756 29.8825 192.1821 250.5103 283.6868 1.6309 1.6009 3.9824 -9.6446 2.0624 14.7745 -2.8460 -5.5942
Car -1 -1 -4.6626 528.3098 177.9624 555.5522 203.1303 1.7325 1.7737 4.2447 -4.9613 2.1206 52.7042 -4.7564 -5.6283
Car -1 -1 -4.8142 678.9285 178.4174 718.8654 207.3522 1.4056 1.6484 4.2160 4.5825 1.7145 37.9873 -4.6956 -5.6463
Car -1 -1 -4.9971 637.3787 179.2832 678.9001 202.1633 1.4039 1.6482 4.0697 3.0945 1.8475 47.6556 -4.9331 -5.6696
Car -1 -1 -4.3065 534.4916 181.5383 577.0673 203.9300 1.4641 1.5826 3.9089 -3.8104 2.1020 50.9175 -4.3813 -5.6834
Car -1 -1 -5.2480 790.2471 178.3332 913.2611 230.4979 1.3963 1.6379 4.1263 7.1561 1.5795 21.9686 -4.9376 -5.7383
Car -1 -1 -7.1545 188.8441 193.4090 278.7450 226.1298 1.4850 1.6339 4.6035 -19.8378 2.6426 38.2197 -7.6308 -5.7564
Car -1 -1 -5.1398 743.5897 178.0121 836.3416 219.8724 1.3487 1.6338 4.1579 6.3138 1.5499 25.9853 -4.9046 -5.8219
Car -1 -1 -4.9962 1168.0861 186.6570 1226.4664 217.9978 1.6159 1.6223 3.5248 33.1311 2.4341 40.8476 -4.3189 -5.8485
Car -1 -1 -9.0413 1138.4962 75.0969 1241.0000 374.0000 1.7358 1.8644 4.7898 5.7113 1.5703 3.7658 -8.0894 -5.8619
Car -1 -1 -8.9128 0.0000 0.0000 1241.0000 374.0000 1.5416 1.5878 3.8031 1.9183 1.5808 1.0045 -7.9392 -5.8867
Car -1 -1 -7.1454 50.9092 0.0000 1241.0000 374.0000 1.5529 1.5935 3.8068 -1.2982 1.6507 1.0021 -7.9391 -5.8867
Car -1 -1 -6.7023 0.0000 0.0000 1241.0000 374.0000 1.5570 1.5897 3.8064 -3.7081 1.7016 1.0036 -7.9388 -5.8867
Car -1 -1 -3.5046 0.0000 195.1382 0.0000 374.0000 1.5066 1.6063 3.9582 -7.0814 1.6459 2.5303 -4.6974 -5.8867
Car -1 -1 -8.1633 0.0000 0.0000 853.5451 374.0000 1.5507 1.5914 3.8061 0.3102 1.6279 1.0034 -7.9391 -5.8867
Car -1 -1 -4.1259 293.0884 184.3909 361.7895 216.0523 1.6278 1.6535 4.0407 -15.9350 2.3145 40.8143 -4.4963 -5.8919
Car -1 -1 -4.9761 517.3864 183.1388 546.5331 200.2782 1.5005 1.6945 4.2069 -7.4258 2.5041 68.1581 -5.0846 -5.9034
Car -1 -1 -5.3600 789.2059 175.7955 901.0248 220.1856 1.4411 1.7436 3.9788 8.2638 1.5552 25.8787 -5.0547 -5.9216
Car -1 -1 -5.2715 1126.2827 189.0829 1202.9825 223.4805 1.7824 1.7247 3.7556 31.5088 2.7520 41.1736 -4.6224 -5.9411
Car -1 -1 -5.7791 0.0000 197.4510 30.5855 374.0000 1.6738 1.8786 4.4098 -8.1863 1.9471 6.3204 -6.6716 -5.9709
Car -1 -1 -4.1763 201.3954 198.9052 261.5486 229.3105 1.7920 1.7500 3.9927 -25.1685 3.6009 48.0673 -4.6568 -6.1108
Car -1 -1 -4.9297 604.8022 180.7316 638.6353 203.8980 1.5170 1.5829 3.8034 0.7514 2.0917 50.6458 -4.9155 -6.4874
Car -1 -1 -5.1429 193.0131 196.7230 242.6164 220.5533 1.5883 1.6719 4.1590 -29.3177 3.4328 53.8478 -5.6397 -7.0431
