Car -1 -1 -4.4790 427.0825 182.1286 479.8618 212.4125 1.4084 1.6954 4.2977 -7.9992 1.9122 37.0501 -4.6906 4.7176
Car -1 -1 -4.6705 495.1284 179.0285 517.0112 198.1493 1.4989 1.6397 3.7465 -8.6047 2.0267 59.7648 -4.8132 1.5900
Car -1 -1 -4.5652 617.2416 178.2385 648.9831 201.3271 1.5168 1.6276 4.2420 1.6347 1.9114 50.6753 -4.5336 -1.3616
Car -1 -1 -4.5062 0.0000 190.7299 18.7959 216.5565 1.4961 1.6844 4.0182 -40.0710 2.7130 46.9649 -5.2099 -1.7230
Car -1 -1 -4.6864 147.7118 194.5818 175.8684 218.7274 1.5171 1.5831 3.4024 -31.4064 3.0958 50.5670 -5.2401 -1.8897
Car -1 -1 -3.4647 62.1005 193.2842 156.0457 222.8107 1.5712 1.7361 4.3605 -30.3600 2.8751 43.7943 -4.0682 -1.9906
Car -1 -1 -6.1736 626.9390 176.7854 690.5671 200.5784 1.5550 1.6404 4.1332 3.2787 1.8265 48.7130 -6.1072 -1.9984
Car -1 -1 -4.4528 385.7766 177.3290 424.8370 201.3006 1.6550 1.7207 4.2078 -14.9297 1.9948 52.7230 -4.7278 -2.5427
Car -1 -1 -4.6261 406.4605 178.5689 434.1375 200.9866 1.6526 1.7343 4.2996 -14.8677 2.1186 56.6104 -4.8821 -2.8778
Car -1 -1 -4.8030 158.2772 201.5282 192.3981 226.5029 1.4482 1.6367 3.6329 -29.1318 3.4435 48.2659 -5.3439 -3.1316
Car -1 -1 -5.1633 424.2807 177.9789 473.6763 199.8035 1.4634 1.6998 4.4073 -11.6076 1.8462 51.6930 -5.3834 -3.2082
Car -1 -1 -4.9816 13.0633 189.9337 64.4913 215.7921 1.5782 1.6929 4.0575 -38.3752 2.7684 48.4090 -5.6494 -3.3454
Car -1 -1 -8.1413 478.4186 173.1226 507.8296 189.4124 1.5387 1.7517 4.0624 -11.4584 1.5654 70.4381 -8.3023 -3.7263
Car -1 -1 -4.4349 509.9855 179.0055 542.9097 200.0579 1.6545 1.6975 3.9779 -6.9357 2.1840 60.0343 -4.5498 -3.9478
Car -1 -1 -4.4565 363.8938 185.8571 389.1699 201.2028 1.4113 1.5534 3.4198 -22.9868 2.7235 71.0780 -4.7685 -3.9844
Car -1 -1 -2.2778 0.0000 186.7782 8.3743 214.5119 1.6352 1.9458 4.6826 -40.6326 2.5298 45.0989 -3.0083 -4.1538
Car -1 -1 -4.5498 539.5320 180.2645 560.3103 195.6646 1.4592 1.5521 3.2563 -5.9637 2.2123 71.6719 -4.6329 -4.4082
Car -1 -1 -4.9452 1152.7732 198.5891 1212.1786 229.5794 1.4973 1.6984 4.1392 32.2492 3.0323 40.8092 -4.2807 -4.4435
Car -1 -1 -4.9335 429.5988 177.5034 468.3131 197.9030 1.4973 1.9140 5.0431 -12.7715 1.8808 56.8734 -5.1537 -4.6190
Car -1 -1 -4.5255 633.5522 175.9789 672.0414 203.2837 1.6492 1.7113 4.2643 2.7665 1.8596 46.3770 -4.4668 -4.6678
Car -1 -1 -8.4428 748.4323 178.9865 831.8107 220.4942 1.6379 1.5838 3.8933 7.6540 1.9206 31.1935 -8.2050 -4.6742
Car -1 -1 -5.2554 100.0811 205.6216 161.7678 235.7504 1.5036 1.5082 3.0573 -26.7646 3.3922 40.2552 -5.8394 -4.6883
Car -1 -1 -4.1651 469.8381 177.9203 516.8568 199.3163 1.5773 1.6170 4.3428 -9.1231 1.9907 56.6027 -4.3245 -4.6965
Car -1 -1 -4.1736 347.4506 185.4739 378.8918 200.4130 1.3675 1.4200 3.3128 -24.2070 2.6364 70.8011 -4.5022 -4.7073
Car -1 -1 -4.1508 17.8439 208.3779 83.3483 238.3998 1.4452 1.4185 3.1583 -31.1692 3.5072 40.2505 -4.8067 -4.7157
Car -1 -1 -5.1853 522.4808 179.6437 565.2195 200.1990 1.5390 1.6577 4.2238 -5.3583 2.1028 57.7201 -5.2779 -4.7326
Car -1 -1 -4.9771 518.4249 180.2667 548.8666 195.3526 1.3834 1.8213 4.6686 -7.5854 2.1397 71.1358 -5.0833 -4.9228
Car -1 -1 -5.6736 1099.0862 199.1098 1191.1522 228.2896 1.4308 1.7278 3.9615 30.5727 3.0158 41.4101 -5.0417 -5.2022
Car -1 -1 -7.4666 454.4279 176.1328 496.6924 202.0671 1.7511 1.6231 3.8369 -9.5351 1.9931 51.2785 -7.6499 -5.2965
Car -1 -1 -4.5460 0.0000 183.5968 36.6775 209.0653 1.6250 1.7861 4.2189 -41.4724 2.4064 50.2297 -5.2338 -5.3447
Car -1 -1 -4.9955 534.0452 178.0149 567.6194 196.5308 1.4434 1.6568 4.2067 -4.9656 1.8868 59.7686 -5.0784 -5.3951
Car -1 -1 -4.6477 679.3202 192.7756 704.4724 216.1792 1.5107 1.5700 3.5655 5.8645 2.9898 51.6893 -4.5361 -5.4731
Car -1 -1 -4.5833 527.9041 179.1082 559.3384 202.0856 1.3823 1.5217 3.9637 -4.2700 1.8026 46.5101 -4.6748 -5.8114
Car -1 -1 -4.5106 461.7296 178.6019 490.7707 196.5922 1.4078 1.5821 4.0783 -11.0750 1.9004 59.8274 -4.6931 -5.8126
Car -1 -1 -5.1147 568.9176 177.5872 619.1843 200.6905 1.3732 1.6080 4.4109 -1.1132 1.6912 46.1846 -5.1391 -5.8754
Car -1 -1 -4.4404 0.0000 184.5919 0.0000 215.4119 1.5221 1.6530 4.0159 -41.6108 2.1980 39.4194 -5.2496 -5.8867
Car -1 -1 -4.6089 52.1116 184.4228 85.6845 206.0560 1.5311 1.6537 4.0103 -41.6053 2.4552 55.5079 -5.2499 -5.8867
Car -1 -1 -4.6672 553.9705 177.6119 574.7403 194.9713 1.3910 1.5759 3.9145 -3.8472 1.8051 60.8696 -4.7304 -5.8867
Car -1 -1 -4.5865 21.0539 185.1374 58.6715 208.2707 1.5473 1.6572 4.0098 -41.6052 2.4805 52.6863 -5.2526 -5.8867
Car -1 -1 -4.9022 454.7841 178.9548 485.1145 198.9695 1.4794 1.6190 3.9734 -11.0820 1.9774 56.7855 -5.0944 -5.8867
Car -1 -1 -4.4325 479.1247 178.7831 519.3290 201.7930 1.3853 1.5139 4.0236 -7.1366 1.7852 46.6105 -4.5840 -5.9846
Car -1 -1 -7.7580 506.4315 182.0977 536.5491 205.5799 1.4149 1.5969 3.6410 -5.7317 2.0372 46.7642 -7.8797 -6.0131
