Car -1 -1 -5.4053 631.4968 182.6635 680.9840 203.6367 1.5186 1.6579 4.0317 3.5439 2.3131 56.3424 -5.3433 -0.4447
Car -1 -1 -4.2242 247.6180 186.8454 313.4149 218.3778 1.3841 1.5285 3.2729 -15.8806 2.0921 34.8457 -4.6492 -0.9841
Car -1 -1 -4.3674 380.7277 181.8574 423.3396 204.9646 1.5805 1.6574 4.3210 -15.3257 2.2727 53.2850 -4.6465 -2.2527
Car -1 -1 -6.8838 127.2429 188.6402 219.0916 225.6271 1.4805 1.6079 3.1412 -19.4361 2.2221 32.1482 -7.4242 -2.6924
Car -1 -1 -4.7582 387.3704 185.1163 408.3143 203.6574 1.5294 1.6137 4.0067 -19.0194 2.6623 64.5261 -5.0440 -2.8004
Car -1 -1 -4.4670 669.3660 181.9811 704.5712 205.3534 1.6601 1.7107 4.2390 5.9140 2.3885 55.3188 -4.3616 -3.1624
Car -1 -1 -4.7550 645.7020 185.5215 677.5049 214.6480 1.3973 1.5052 3.6908 2.6449 2.0986 38.0999 -4.6868 -3.4897
Car -1 -1 -4.6272 626.5942 181.6757 651.0600 201.9339 1.5471 1.6576 4.2217 2.3736 2.2977 59.2152 -4.5878 -3.5608
Car -1 -1 -4.7192 618.4103 182.4378 651.9086 211.2824 1.3764 1.6558 3.6754 1.2507 1.8992 37.5235 -4.6867 -3.9555
Car -1 -1 -5.2786 549.6508 183.4772 592.8188 203.9717 1.5193 1.6294 3.8477 -3.1564 2.3977 57.6410 -5.3335 -4.2050
Car -1 -1 -5.0778 602.9737 184.0061 639.6971 203.5635 1.4604 1.7132 3.8120 0.8520 2.3940 58.3400 -5.0637 -4.5115
Car -1 -1 -2.4253 352.6091 171.0603 403.0763 188.9154 1.6896 1.7242 4.6789 -22.5446 1.5196 69.9934 -2.7360 -4.5666
Car -1 -1 -4.9478 409.5856 180.4705 445.4744 204.8571 1.6625 1.6708 3.9028 -13.3725 2.2401 52.6282 -5.1959 -4.5942
Car -1 -1 -4.8491 616.6243 178.9919 648.1116 201.7182 1.5032 1.6345 4.4389 1.5119 1.9584 51.2586 -4.8203 -4.6267
Car -1 -1 -7.9385 237.1307 186.4998 273.4120 216.4118 1.5209 1.5343 3.4344 -19.8570 2.3173 40.2586 -8.3944 -4.6845
Car -1 -1 -4.5551 450.2688 181.7344 472.5512 200.5561 1.7177 1.5213 3.8625 -14.3357 2.5989 69.6644 -4.7576 -4.7355
Car -1 -1 -3.8056 624.8898 183.3743 680.8508 206.4726 1.3906 1.5177 3.3831 2.7405 2.0910 46.4717 -3.7476 -4.8278
Car -1 -1 -5.1364 628.2389 177.5148 659.4822 197.6892 1.8947 1.7375 3.5675 3.2679 2.3636 70.6580 -5.0908 -5.3691
Car -1 -1 -4.7279 450.8030 181.6888 471.5848 201.1238 1.4603 1.5780 3.9434 -12.0577 2.1984 58.2145 -4.9316 -5.5522
Car -1 -1 -4.8765 618.4238 180.8844 642.9987 199.4681 1.6302 1.7094 3.5595 1.8680 2.3942 66.7983 -4.8491 -5.6011
Car -1 -1 -7.5991 706.7609 182.4880 751.2543 213.1860 1.6763 1.6531 4.0501 7.0962 2.2787 42.9584 -7.4371 -5.6254
Car -1 -1 -4.6010 279.2857 188.9542 308.5914 213.2183 1.7340 1.6718 3.9348 -24.7386 3.0421 56.5113 -5.0123 -5.7721
Car -1 -1 -4.4433 478.4685 181.1048 512.7755 200.6421 1.4533 1.6655 4.1423 -9.1174 2.1367 57.6406 -4.5998 -5.8303
Car -1 -1 -4.6138 585.8500 180.0004 613.8425 200.5818 1.3899 1.6205 4.3482 -0.7284 1.9319 52.5139 -4.6281 -5.8323
Car -1 -1 -5.0462 757.6991 186.4064 899.1504 263.8000 1.3407 1.5837 3.9428 4.3666 1.6641 15.2207 -4.7729 -5.8851
Car -1 -1 -4.6453 558.9318 180.0217 585.4210 202.5172 1.4822 1.6034 3.9531 -2.6578 2.0062 50.7948 -4.6977 -5.8867
Car -1 -1 -4.6541 567.8036 178.6141 589.2766 196.5146 1.4292 1.5861 3.9310 -2.6495 1.9306 60.8595 -4.6978 -5.8867
Car -1 -1 -4.5202 466.2756 181.2271 493.9066 199.6915 1.4811 1.5996 3.9491 -11.0895 2.2195 61.6657 -4.6978 -5.8867
Car -1 -1 -6.7849 0.0000 0.0000 1241.0000 374.0000 1.5563 1.5925 3.8075 -2.9053 1.6829 1.0031 -7.9390 -5.8867
Car -1 -1 -4.5087 455.1440 181.5427 487.6029 203.0410 1.4905 1.6021 3.9525 -10.2871 2.1598 53.6201 -4.6978 -5.8867
Car -1 -1 -3.5046 0.0000 198.6489 0.0000 374.0000 1.5158 1.6092 3.9616 -7.0813 1.6771 2.5298 -4.6974 -5.8867
Car -1 -1 -4.6237 542.8962 180.5321 569.9422 202.6141 1.4886 1.6027 3.9533 -3.8559 2.0629 52.0109 -4.6978 -5.8867
Car -1 -1 -4.9502 586.3606 181.7915 626.6584 206.9528 1.3995 1.5285 4.0302 -0.2967 1.9682 43.7938 -4.9575 -5.9303
Car -1 -1 -7.1948 393.8800 180.2126 438.5746 201.5248 1.7913 1.8642 3.8717 -17.2395 2.4684 64.2726 -7.4562 -6.0866
