Car -1 -1 -4.1336 0.0000 192.1838 252.9720 301.8046 1.4421 1.6364 4.1776 -8.0250 1.8283 12.3297 -4.7011 7.0434
Car -1 -1 -4.4752 408.4362 180.6912 464.7282 214.9348 1.4816 1.6650 4.1403 -8.1904 1.8758 34.2416 -4.7087 4.3767
Car -1 -1 -1.9036 250.8866 180.4753 281.9750 197.6654 1.5007 1.5594 3.3882 -31.6059 2.2192 66.3008 -2.3471 -1.1463
Car -1 -1 -4.6597 273.5942 175.2080 298.5429 194.7282 1.5968 1.7235 4.3279 -27.7810 1.8061 61.9159 -5.0801 -2.0731
Car -1 -1 -5.2358 63.8006 181.0102 125.7382 207.7228 1.6110 1.6619 3.5478 -32.8237 2.1466 45.9201 -5.8538 -2.2527
Car -1 -1 -4.7732 617.6524 177.4269 644.0495 201.1045 1.5477 1.5803 3.9191 1.3754 1.8763 49.9150 -4.7463 -2.4563
Car -1 -1 -4.8376 620.0262 176.6740 656.4171 205.8355 1.5810 1.6090 3.9377 1.5460 1.8122 41.6842 -4.8013 -2.6562
Car -1 -1 -4.9888 633.9387 179.6013 678.5925 207.7187 1.5520 1.6229 3.9504 2.6629 1.9729 42.9382 -4.9278 -3.2778
Car -1 -1 -4.4348 613.8578 180.7769 643.6753 199.5108 1.5782 1.6205 4.1012 1.6994 2.3141 64.8447 -4.4092 -3.2996
Car -1 -1 -4.5706 116.8842 182.3968 156.3897 208.6188 1.5987 1.6392 3.8937 -31.2281 2.2564 47.6380 -5.1485 -3.4744
Car -1 -1 -5.5778 0.0000 203.9426 66.3527 235.6303 1.5560 1.5651 3.4841 -30.8926 3.2231 37.8734 -6.2588 -3.8057
Car -1 -1 -7.5385 268.1211 178.1486 301.9452 196.5443 1.6387 1.7301 3.9953 -30.3958 2.1494 67.5508 -7.9601 -3.9554
Car -1 -1 -4.1142 496.8363 178.4188 540.5378 199.6344 1.6047 1.6423 3.7469 -7.2885 2.0651 57.6892 -4.2397 -4.0181
Car -1 -1 -7.8491 345.9972 181.3724 370.6624 204.9506 1.5917 1.6308 3.9509 -18.2862 2.2351 52.3848 -8.1837 -4.0953
Car -1 -1 -4.7275 540.7759 180.0095 560.7701 197.5302 1.6109 1.8681 3.6420 -5.7726 2.3216 69.7965 -4.8101 -4.1081
Car -1 -1 -4.4467 349.1900 188.8428 377.7542 206.7818 1.5466 1.5392 4.0302 -23.1914 3.0973 67.9354 -4.7748 -4.2689
Car -1 -1 -4.8571 743.1722 200.9095 783.8677 229.4789 1.3786 1.6569 4.2862 8.6898 3.0695 41.3056 -4.6521 -4.3545
Car -1 -1 -7.0460 289.1327 174.4151 338.8323 195.1179 1.7385 1.6894 3.9431 -25.8440 1.8793 63.0589 -7.4337 -4.4658
Car -1 -1 -4.7786 61.2327 170.7612 93.7129 193.8594 1.6040 1.6332 4.0047 -38.5506 1.4583 52.1617 -5.4128 -4.5472
Car -1 -1 -2.7189 177.6632 188.4484 273.5322 220.3710 1.5136 1.5872 3.9195 -19.1704 2.3116 36.0224 -3.2052 -4.7528
Car -1 -1 -4.9045 527.7806 177.4648 557.1317 197.4861 1.5141 1.6034 3.9592 -5.4594 1.8959 57.6691 -4.9989 -4.7670
Car -1 -1 -4.6445 437.9752 181.0352 466.3194 204.1946 1.4235 1.5778 3.7874 -10.4387 1.9871 47.7426 -4.8590 -4.9423
Car -1 -1 -4.4791 281.8187 186.3100 337.7491 216.5370 1.3293 1.6312 4.2049 -14.8914 2.0396 35.8985 -4.8700 -5.1680
Car -1 -1 -7.7565 921.6896 191.8440 952.5624 217.0397 1.5380 1.5575 3.9455 22.3510 2.8907 49.3075 -7.3338 -5.3151
Car -1 -1 -5.1387 595.0062 177.5315 636.2010 200.8672 1.6794 1.6206 4.0007 0.3554 2.0493 54.9479 -5.1327 -5.3920
Car -1 -1 -5.1208 1074.0601 206.5607 1146.5006 240.4207 1.4324 1.5723 3.9436 25.3438 3.2468 36.7607 -4.5218 -5.4990
Car -1 -1 -4.7690 421.6109 178.5830 458.6661 207.3510 1.5850 1.8961 4.6261 -10.2630 1.9477 43.2307 -5.0011 -5.6544
Car -1 -1 -6.2897 213.3888 177.4524 360.4962 248.5181 1.6787 1.5752 3.3331 -8.3221 1.8061 18.6265 -6.7050 -5.6768
Car -1 -1 -4.8574 570.1373 178.2762 604.7954 202.4374 1.4061 1.5916 4.0006 -1.4854 1.7601 45.0468 -4.8906 -5.7270
Car -1 -1 -5.2282 781.9043 186.2178 981.3477 274.6923 1.3160 1.6209 4.0850 4.7863 1.6065 13.5403 -4.8961 -5.7707
Car -1 -1 -4.1889 26.1837 185.4422 216.1684 269.9889 1.6624 1.7876 4.2269 -11.2781 1.9962 16.9905 -4.7680 -5.8110
Car -1 -1 -2.2685 77.5119 182.5355 245.6488 251.0987 1.6949 1.6930 4.0615 -12.2684 1.9782 19.6902 -2.8199 -5.8126
Car -1 -1 -4.6572 1099.0819 181.4432 1126.5060 200.8512 1.4936 1.6548 3.7712 41.3103 2.2229 59.2931 -4.0514 -5.8333
Car -1 -1 -4.7249 1163.6427 184.6303 1195.1552 209.1268 1.6212 1.7068 3.6110 40.6337 2.4947 51.5836 -4.0609 -5.8337
Car -1 -1 -4.8658 1241.0000 169.0061 1241.0000 193.4709 1.4727 1.6383 3.9912 41.4702 1.2407 45.5505 -4.1306 -5.8867
Car -1 -1 -4.7162 553.0737 177.4629 573.2216 195.5126 1.3864 1.5746 3.9301 -3.8322 1.7724 58.4657 -4.7818 -5.8867
Car -1 -1 -4.6987 1068.4421 174.6024 1091.8844 193.3940 1.5918 1.6869 4.0172 41.4743 1.7509 63.6565 -4.1237 -5.8867
Car -1 -1 -4.5814 12.0074 176.0065 50.5423 196.9610 1.4255 1.6402 4.0394 -41.5905 1.6613 51.8875 -5.2548 -5.8867
Car -1 -1 -4.8490 1124.6897 185.9741 1158.4567 207.4857 1.5527 1.6313 3.6573 41.5599 2.6163 56.5129 -4.2179 -5.9075
Car -1 -1 -4.5176 493.3326 179.9399 528.3207 203.2084 1.3703 1.4892 3.7672 -6.2556 1.8366 45.5871 -4.6536 -5.9515
Car -1 -1 -4.6405 84.7784 176.7715 114.0066 195.8950 1.4753 1.6470 4.0753 -41.5388 1.8056 58.7233 -5.2542 -6.0033
Car -1 -1 -4.6113 976.9672 200.0289 1021.1517 231.3852 1.3372 1.6038 3.6444 19.4723 2.7713 36.1265 -4.1211 -6.0082
Car -1 -1 -4.6146 1131.7900 186.1323 1171.2802 211.7778 1.6763 1.8528 4.5049 38.8929 2.6718 51.8233 -3.9741 -6.0267
Car -1 -1 -4.0926 201.9604 193.4613 259.7780 222.6858 1.6839 1.4874 3.5316 -24.1580 3.0513 46.0366 -4.5738 -6.0271
Car -1 -1 -4.7545 994.8644 188.6638 1020.1331 209.8513 1.6308 1.6879 3.8904 33.4414 3.0095 60.8154 -4.2544 -6.1891
Car -1 -1 -4.6302 104.3401 176.7899 134.2244 196.0998 1.5521 1.7541 4.1387 -41.5609 1.8975 61.1415 -5.2254 -6.2906
Car -1 -1 -7.0402 248.5086 192.7179 308.8231 219.6823 1.7322 1.5356 3.9369 -23.6505 3.2099 51.5761 -7.4686 -7.3355
