Car -1 -1 -5.1917 860.0019 194.4690 918.9732 224.1972 1.5395 1.6562 3.7476 16.2245 2.8610 42.1663 -4.8275 -0.9644
Car -1 -1 -7.9382 261.7632 185.8586 308.2096 223.3209 1.4470 1.5353 3.5420 -14.1006 2.0423 31.1239 -8.3607 -1.1567
Car -1 -1 -3.9306 157.6085 198.1772 220.1329 225.4375 1.6237 1.6865 3.4331 -28.1799 3.3855 48.3333 -4.4564 -2.2211
Car -1 -1 -4.8773 624.6407 177.9608 664.4897 206.6421 1.5409 1.6492 3.9816 1.9032 1.8496 41.5785 -4.8324 -2.4317
Car -1 -1 -7.0504 26.4628 184.4126 116.0614 215.6117 1.5224 1.6286 3.7699 -28.8119 2.1737 38.6799 -7.6875 -2.4395
Car -1 -1 -4.9950 586.6690 181.7748 620.0040 201.6816 1.5633 1.6953 4.2346 -0.6292 2.3450 60.9725 -5.0058 -2.4408
Car -1 -1 -2.8635 89.1255 188.0316 177.1367 219.6544 1.6301 1.6775 3.7379 -26.2949 2.4967 39.8541 -3.4439 -2.7863
Car -1 -1 -7.9776 219.5904 187.0346 274.6055 225.1112 1.4309 1.6327 3.8276 -15.5196 2.0739 30.6840 -8.4427 -3.1670
Car -1 -1 -4.7847 835.9130 195.9096 869.7888 225.4847 1.5870 1.6627 3.9762 14.7818 3.0662 44.1717 -4.4646 -3.1718
Car -1 -1 -4.6430 600.8522 178.3942 627.8513 203.7263 1.6105 1.5585 3.9771 0.2980 2.0006 48.8065 -4.6375 -3.2887
Car -1 -1 -4.2126 244.4422 196.0597 309.6967 223.3051 1.3936 1.7086 4.1732 -19.6455 2.8353 42.6962 -4.6418 -3.4914
Car -1 -1 -6.3257 766.4224 186.3246 839.2903 214.3149 1.5063 1.6158 3.9466 10.9144 2.2977 41.2010 -6.0691 -3.6358
Car -1 -1 -8.4612 823.4056 185.6954 896.1663 218.7688 1.4241 1.5628 3.4746 11.8009 2.0699 34.4190 -8.1342 -3.6491
Car -1 -1 -4.0453 16.4110 191.1632 119.5744 228.9697 1.4381 1.5326 3.8094 -23.3734 2.2793 31.2372 -4.6838 -4.0254
Car -1 -1 -5.2231 280.0374 191.2108 317.0551 209.8872 1.6513 1.6842 3.6523 -29.8465 3.4536 69.0722 -5.6300 -4.2607
Car -1 -1 -4.0422 604.2214 177.8818 671.0037 203.3093 1.5571 1.8789 4.7110 1.8405 1.9048 47.5353 -4.0043 -4.2737
Car -1 -1 -8.1023 585.3411 175.3225 619.8636 202.3264 2.0417 1.7136 4.3610 -0.6598 2.2454 57.3056 -8.1143 -4.3855
Car -1 -1 -7.8637 165.3941 181.3521 205.6847 216.8805 1.6558 1.6927 4.3284 -21.8233 2.1185 37.0155 -8.3935 -4.3970
Car -1 -1 -7.4623 765.6987 177.1507 823.2910 209.9290 1.6582 1.6581 3.9305 10.0070 1.9032 39.1170 -7.2142 -4.4075
Car -1 -1 -4.6182 883.4867 184.3439 923.8951 218.8503 1.5006 1.4963 3.2485 13.9725 2.0757 34.3530 -4.2355 -4.4351
Car -1 -1 -4.6740 444.3320 179.3781 461.6709 197.7363 1.7388 1.5496 3.3440 -15.5303 2.4001 71.3875 -4.8878 -4.5178
Car -1 -1 -5.6057 47.4096 176.6045 146.1361 216.5126 1.8116 1.7064 3.4828 -24.1006 1.9925 33.8957 -6.2203 -5.1250
Car -1 -1 -4.6728 661.2752 190.6518 681.3536 211.3973 1.5199 1.4719 3.6177 4.9243 2.9964 57.9844 -4.5892 -5.2368
Car -1 -1 -7.4946 353.4315 184.8193 383.3504 202.5601 1.6300 1.5689 3.7304 -23.6680 2.8341 70.7389 -7.8167 -5.2945
Car -1 -1 -7.2412 294.6467 194.7608 337.8066 211.5057 1.3702 1.6596 4.0822 -27.2105 3.4675 66.9118 -7.6264 -5.6524
Car -1 -1 -7.7521 456.8527 172.9164 493.0595 207.4918 2.2512 1.9329 5.1346 -9.2540 2.2554 49.6271 -7.9359 -5.6858
Car -1 -1 -4.6848 559.2392 181.4962 581.1982 200.9948 1.4318 1.6192 4.0865 -3.1319 2.1375 56.8782 -4.7400 -5.6888
Car -1 -1 -4.8240 523.8333 179.4390 551.5308 201.8908 1.5817 1.6427 3.8349 -5.4821 2.0936 54.0797 -4.9250 -5.7039
Car -1 -1 -4.9791 675.8458 176.9721 728.9483 207.5339 1.4425 1.6431 4.1076 4.6006 1.6645 36.7869 -4.8561 -5.7055
Car -1 -1 -2.9975 863.6449 175.9274 1011.0123 230.8839 1.5021 1.7500 3.8307 9.7575 1.6017 21.6793 -2.5803 -5.7848
Car -1 -1 -8.3592 1089.9802 176.0807 1241.0000 374.0000 1.5472 1.7214 4.2500 4.0114 1.5730 3.5444 -7.5532 -5.8185
Car -1 -1 -4.5968 565.0416 180.8080 587.6235 196.5694 1.4012 1.6483 4.4593 -3.1932 2.1837 68.7295 -4.6435 -5.8309
Car -1 -1 -4.8330 549.7828 178.3652 578.1281 199.7801 1.4660 1.5980 3.8613 -3.4143 1.8823 52.4925 -4.8980 -5.8500
Car -1 -1 -4.6501 583.1028 179.8751 601.8010 196.3820 1.4848 1.5552 3.4981 -1.6567 2.1654 68.1927 -4.6748 -5.8626
Car -1 -1 -3.5046 0.0000 195.7127 0.0000 374.0000 1.5080 1.6068 3.9587 -7.0814 1.6510 2.5301 -4.6974 -5.8867
Car -1 -1 -7.2113 156.2243 0.0000 1241.0000 374.0000 1.4994 1.6003 3.8471 -1.2828 1.5696 1.3719 -7.8745 -5.8867
Car -1 -1 -8.1633 0.0000 0.0000 853.5678 374.0000 1.5524 1.5919 3.8068 0.3103 1.6330 1.0034 -7.9392 -5.8867
Car -1 -1 -6.7849 0.0000 0.0000 1241.0000 374.0000 1.5577 1.5922 3.8076 -2.9050 1.6895 1.0031 -7.9390 -5.8867
Car -1 -1 -8.9127 0.0000 0.0000 1241.0000 374.0000 1.5419 1.5876 3.8033 1.9184 1.5824 1.0048 -7.9392 -5.8867
Car -1 -1 -4.6208 541.6098 178.3819 566.9538 198.0443 1.4209 1.5838 3.9277 -4.2589 1.8589 55.2280 -4.6978 -5.8867
Car -1 -1 -6.0344 1190.4753 23.3187 1241.0000 374.0000 1.5361 1.7865 4.7968 5.8009 1.3800 3.3080 -5.0197 -5.9412
Car -1 -1 -4.7986 751.8149 174.4673 793.4031 207.1309 1.4024 1.5231 3.7771 7.3709 1.4806 33.1448 -4.5821 -6.1380
Car -1 -1 -5.1955 821.0162 172.0505 938.1204 225.6552 1.4383 1.5972 3.8763 7.7952 1.4164 21.3894 -4.8510 -6.4680
Car -1 -1 -5.1013 759.4353 173.6793 837.5240 211.8250 1.4080 1.6267 3.9098 7.3724 1.4429 28.7710 -4.8534 -6.5224
