Car -1 -1 -7.8965 642.8235 178.0108 675.7376 207.9657 1.5650 1.6570 3.9373 2.6743 1.8674 40.3677 -7.8314 -0.9332
Car -1 -1 -4.7242 619.3702 179.4117 646.6938 206.4957 1.4754 1.5219 3.6315 1.2779 1.8737 42.0211 -4.6946 -1.9754
Car -1 -1 -4.4627 705.5908 194.6068 751.1944 226.8218 1.5781 1.6651 3.5973 6.5677 2.8435 40.0029 -4.3020 -2.5249
Car -1 -1 -6.2088 265.3190 184.5799 347.4088 214.6606 1.5348 1.6610 4.0108 -16.5135 2.1969 39.3427 -6.6041 -2.6130
Car -1 -1 -4.9811 170.7534 186.2384 203.1710 202.7686 1.4739 1.6709 4.1120 -40.8811 2.8035 69.6616 -5.5104 -2.7614
Car -1 -1 -4.7408 627.1695 177.9941 647.3986 195.8128 1.5267 1.6953 4.5329 2.4191 2.0085 65.4055 -4.7044 -2.8272
Car -1 -1 -7.8213 626.2336 179.4425 652.9759 205.1507 1.5252 1.5767 3.7678 1.8760 1.9602 45.7348 -7.7811 -2.8502
Car -1 -1 -4.2836 631.9052 181.8530 676.2571 205.1087 1.4482 1.5764 3.7174 2.9696 2.0779 48.5012 -4.2233 -2.9060
Car -1 -1 -7.7041 323.9742 186.0521 357.2883 209.9865 1.5280 1.6368 3.6833 -18.7290 2.4820 50.2053 -8.0598 -2.9441
Car -1 -1 -7.6502 375.4158 177.8663 407.4363 199.6432 1.6410 1.6535 4.0364 -17.3730 2.0540 57.4133 -7.9430 -2.9463
Car -1 -1 -4.8067 252.1082 189.4422 278.4327 207.8546 1.5369 1.7889 4.4959 -32.0195 3.1299 66.9179 -5.2517 -3.0146
Car -1 -1 -5.1763 263.0475 188.0638 301.4339 205.6292 1.5340 1.6076 4.1855 -31.0719 3.0147 68.3168 -5.6020 -3.5342
Car -1 -1 -4.4004 276.8177 184.8692 305.4817 200.7812 1.4804 1.5659 3.6493 -31.7483 2.7088 71.8882 -4.8152 -3.9844
Car -1 -1 -4.5017 604.4976 176.9466 640.3016 201.2143 1.5813 1.6385 4.2182 0.8742 1.8773 50.0102 -4.4848 -4.0822
Car -1 -1 -4.7737 144.2991 184.8641 169.3408 204.3244 1.6645 1.7322 3.5006 -41.5046 2.7952 66.0219 -5.3333 -4.3334
Car -1 -1 -6.4555 292.9021 183.2631 367.1401 211.0240 1.5173 1.5825 3.8504 -16.4569 2.1522 42.3594 -6.8243 -4.3489
Car -1 -1 -8.2157 876.0276 177.0613 959.4075 220.5127 1.4008 1.5388 3.4725 10.6678 1.5587 25.3619 -7.8222 -4.4499
Car -1 -1 -4.9696 119.4569 173.7190 164.3338 202.9708 2.2721 1.9992 4.3928 -37.9333 2.3444 58.3940 -5.5438 -4.5343
Car -1 -1 -4.6439 422.2613 180.7926 444.9633 199.1864 1.4963 1.6378 4.1449 -15.3321 2.2105 62.7611 -4.8829 -4.7216
Car -1 -1 -4.7514 286.1714 190.1615 307.5571 210.1985 1.5321 1.5061 3.6063 -26.2979 3.0297 60.4940 -5.1602 -4.8010
Car -1 -1 -4.5173 678.8369 190.3690 706.1193 214.1141 1.6613 1.4670 3.2330 6.2656 3.0352 54.8460 -4.4048 -4.9473
Car -1 -1 -4.2256 266.5797 188.7118 325.0033 212.8838 1.4268 1.7326 4.2824 -20.7140 2.5229 47.6830 -4.6337 -5.0552
Car -1 -1 -4.6933 419.1138 175.8353 443.2057 200.2809 1.8889 1.8162 4.8892 -14.5989 2.1429 58.9684 -4.9352 -5.1527
Car -1 -1 -4.5559 448.9251 178.1299 476.6004 196.4521 1.4193 1.6073 4.0743 -12.0576 1.8667 59.1553 -4.7564 -5.1767
Car -1 -1 -4.5982 500.7997 179.1743 525.7882 196.8073 1.4543 1.6871 4.3625 -8.4669 2.0275 63.2808 -4.7311 -5.3029
Car -1 -1 -5.0471 539.8676 178.8221 572.3763 196.2023 1.4540 1.6103 4.1205 -4.8441 2.0021 64.0910 -5.1226 -5.4085
Car -1 -1 -4.9527 760.3616 178.1420 931.5433 290.5901 1.6082 1.8137 4.0968 3.8194 1.7156 12.6037 -4.6660 -5.6304
Car -1 -1 -4.6012 606.5912 177.0872 632.1549 197.2922 1.6365 1.6963 4.5780 0.8169 2.0128 61.8133 -4.5885 -5.6314
Car -1 -1 -4.5933 46.4664 174.2229 84.5241 195.7672 1.5641 1.8524 3.8796 -41.3249 1.6718 54.7976 -5.2373 -5.6430
Car -1 -1 -4.3217 405.4781 178.6742 451.2539 200.7467 1.3717 1.5642 3.9501 -12.0570 1.7752 47.9975 -4.5668 -5.7188
Car -1 -1 -5.0634 754.4159 181.5912 894.4872 255.0627 1.4184 1.6685 4.2479 4.6930 1.6460 16.6340 -4.7939 -5.7242
Car -1 -1 -4.8311 575.1199 179.0803 605.4993 201.0077 1.3840 1.5712 4.1376 -1.4082 1.8246 48.9314 -4.8601 -5.7458
Car -1 -1 -4.5545 302.5294 185.3257 328.1992 201.6352 1.4174 1.6159 4.1332 -27.8558 2.6350 68.2619 -4.9408 -5.7883
Car -1 -1 -4.3574 180.1826 188.7861 234.4469 219.3315 1.7295 1.6766 3.9838 -25.1449 2.7720 45.1343 -4.8634 -5.7978
Car -1 -1 -5.0113 593.3801 178.1553 624.5521 194.0707 1.4143 1.7042 4.4316 -0.1584 1.9316 68.0677 -5.0140 -5.8172
Car -1 -1 -3.5479 0.0000 189.2263 0.0000 374.0000 1.4958 1.6034 3.9549 -6.2778 1.5980 2.5312 -4.6975 -5.8867
Car -1 -1 -6.7854 0.0000 0.0000 1241.0000 374.0000 1.5413 1.5871 3.8025 -2.9053 1.6337 1.0048 -7.9391 -5.8867
Car -1 -1 -4.6697 118.8321 181.6837 144.2954 200.7944 1.5523 1.6700 4.0277 -41.5986 2.3464 62.7569 -5.2533 -5.8867
Car -1 -1 -4.6424 73.6893 178.0448 104.0652 198.9998 1.5758 1.6777 4.0227 -41.4935 2.0044 57.4764 -5.2656 -5.8867
Car -1 -1 -5.0540 836.7797 176.4296 1014.1025 275.4327 1.4869 1.6066 3.9348 5.3749 1.5609 12.9807 -4.6702 -5.8867
Car -1 -1 -4.6262 543.8466 179.6857 572.6815 203.1085 1.4686 1.5968 3.9482 -3.4626 1.9452 48.3829 -4.6977 -5.8867
Car -1 -1 -4.7974 570.7478 180.2476 591.7098 198.5539 1.5528 1.5803 3.4339 -2.6166 2.2316 64.4630 -4.8382 -5.9246
Car -1 -1 -4.7592 344.7173 181.3455 367.1875 202.6068 1.5305 1.4755 2.9864 -19.3855 2.1962 54.9277 -5.0973 -6.0797
Car -1 -1 -4.3074 150.6421 198.0674 205.2084 227.1038 1.5782 1.5884 3.5858 -26.5317 3.1940 44.3665 -4.8440 -6.4032
