Car -1 -1 -4.1416 0.0000 197.2360 140.7462 299.5876 1.4749 1.6480 3.1850 -10.1674 1.9648 12.8475 -4.8012 5.2071
Car -1 -1 -7.8544 425.7748 181.6560 457.1806 209.8568 1.4213 1.6066 4.0739 -9.3505 1.9339 39.8832 -8.0836 1.9177
Car -1 -1 -7.6862 475.4600 183.3078 499.0762 200.3395 1.5742 1.6613 3.9298 -12.0753 2.6321 71.0692 -7.8543 -0.4323
Car -1 -1 -4.8036 963.7089 174.0430 1006.6346 208.3537 1.6291 1.5659 3.7309 18.8383 1.6922 36.4226 -4.3300 -0.9315
Car -1 -1 -4.9405 987.2325 182.7578 1028.3059 207.7189 1.6010 1.6435 3.8719 27.4839 2.3159 50.0198 -4.4410 -0.9746
Car -1 -1 -6.1086 846.1752 180.5752 905.3992 201.3693 1.6007 1.6721 4.2965 21.5748 2.2476 58.6803 -5.7584 -1.0366
Car -1 -1 -7.5064 189.5661 187.3312 236.2814 212.5061 1.6248 1.6401 3.9567 -28.0534 2.6904 51.0426 -8.0070 -1.3526
Car -1 -1 -4.5569 1030.2457 183.0399 1071.1642 208.6824 1.5074 1.6473 3.9887 28.1549 2.1870 46.1057 -4.0120 -1.8699
Car -1 -1 -5.1238 697.0566 180.3799 734.1769 200.5059 1.7162 1.7034 4.4287 9.5392 2.4253 65.6547 -4.9807 -1.9737
Car -1 -1 -6.5824 13.0920 188.4845 142.2523 228.1693 1.5044 1.6718 4.1988 -22.9950 2.2284 31.2534 -7.2128 -2.1784
Car -1 -1 -3.9959 838.7889 178.3825 896.5585 201.2517 1.6061 1.6871 4.1894 19.0132 2.0276 53.2907 -3.6554 -2.5041
Car -1 -1 -7.9920 831.9401 188.0285 868.9485 215.6810 1.5985 1.6597 4.3530 15.4073 2.6246 46.5126 -7.6747 -2.9772
Car -1 -1 -4.6758 283.1342 191.7517 322.6866 227.6705 1.4882 1.5710 3.3933 -14.3429 2.4200 33.7225 -5.0755 -3.0530
Car -1 -1 -5.2267 118.5044 193.3530 189.6460 224.2403 1.4829 1.5712 3.7193 -24.2525 2.6156 38.3052 -5.7882 -3.2431
Car -1 -1 -5.1486 481.3780 186.9953 517.5078 207.7728 1.6383 1.6823 3.5916 -9.4771 2.8822 61.5227 -5.3013 -3.3500
Car -1 -1 -7.0776 992.4089 176.2481 1093.5475 212.3436 1.5966 1.6964 4.0330 20.0423 1.7602 33.5044 -6.5428 -3.4061
Car -1 -1 -2.8710 575.5549 177.2763 630.9041 197.6053 1.5346 1.6088 4.0385 -0.5465 1.8875 56.3307 -2.8811 -3.4400
Car -1 -1 -4.6998 924.9022 183.5886 947.6364 204.1389 1.4795 1.5619 3.7867 25.3676 2.3447 56.1298 -4.2778 -3.7955
Car -1 -1 -5.4442 610.7237 176.5265 664.7827 197.9052 1.5255 1.6629 4.2342 2.0221 1.8131 54.3873 -5.4077 -3.9877
Car -1 -1 -2.7292 155.0038 190.4145 333.0858 249.7097 1.4309 1.6318 3.8186 -9.5034 1.9117 18.8586 -3.1907 -4.1081
Car -1 -1 -7.9250 551.0272 182.1461 569.4078 195.3810 1.1915 1.5189 3.3897 -4.8178 2.1060 69.2495 -7.9946 -4.5678
Car -1 -1 -4.5347 9.5563 173.7455 70.7671 208.6178 1.6496 1.6795 4.3302 -28.8119 1.6973 36.5554 -5.1988 -4.6285
Car -1 -1 -5.3424 818.0089 181.8225 861.6982 200.7197 1.4812 1.5771 3.7490 19.2048 2.2583 60.5103 -5.0370 -4.6615
Car -1 -1 -5.0443 604.7549 177.0301 639.8359 197.9644 1.6046 1.6468 3.8909 0.9273 1.9537 58.2522 -5.0289 -4.8735
Car -1 -1 -2.3817 124.5852 191.4902 324.7754 258.8088 1.4232 1.6460 4.3213 -9.3123 1.9078 17.3951 -2.8672 -4.9120
Car -1 -1 -4.2062 551.7391 178.3080 601.2829 202.3764 1.5624 1.6425 4.1208 -2.3039 1.9572 50.0530 -4.2524 -5.0237
Car -1 -1 -4.6068 952.9712 181.3978 989.2065 208.9851 1.6293 1.6875 3.7636 22.9742 2.1969 45.9189 -4.1460 -5.0578
Car -1 -1 -7.9325 249.9157 189.7641 294.8504 230.5711 1.6927 1.6131 3.6479 -15.7812 2.5254 33.5586 -8.3694 -5.0730
Car -1 -1 -4.3746 515.5823 179.5595 555.0065 203.7534 1.7202 1.6968 4.1498 -5.6472 2.2493 54.7456 -4.4773 -5.2461
Car -1 -1 -3.3359 716.4770 168.0497 792.9335 195.6041 1.5741 1.5831 4.1331 8.3467 1.2993 42.0099 -3.1415 -5.4053
Car -1 -1 -4.6637 302.1721 184.7078 333.5397 210.5440 1.5401 1.7025 4.0461 -19.1011 2.3514 47.2112 -5.0465 -5.5939
Car -1 -1 -6.2539 265.1523 177.6263 339.6436 204.5120 1.7579 1.6841 4.6181 -21.0105 2.0950 49.3771 -6.6546 -5.7519
Car -1 -1 -4.2404 541.6945 178.5923 587.6558 199.4383 1.4479 1.6348 4.3061 -3.3490 1.8928 53.6814 -4.3028 -5.7845
Car -1 -1 -4.4859 493.3288 180.5768 527.2704 201.3110 1.4655 1.6510 4.2042 -7.5507 2.0747 54.7808 -4.6226 -5.8469
Car -1 -1 -4.6152 539.9521 178.5135 568.0776 199.8655 1.3999 1.5818 3.9655 -3.9007 1.8102 50.3619 -4.6925 -5.8469
Car -1 -1 -4.8618 805.1954 177.9789 832.9755 196.9768 1.5077 1.6537 3.9462 17.4489 1.9513 60.4389 -4.5824 -5.8867
Car -1 -1 -4.2501 376.9660 178.8946 438.9344 208.4122 1.5106 1.6302 4.1369 -11.1602 1.8636 40.0069 -4.5209 -6.0336
Car -1 -1 -5.2427 1047.8450 169.1681 1138.7048 207.3859 2.0683 2.0400 5.0829 27.6902 1.8685 41.6404 -4.6595 -6.2054
Car -1 -1 -3.9096 518.9151 180.0147 566.6447 197.3423 1.5018 1.7346 4.4277 -6.1926 2.1851 66.6354 -4.0023 -8.5168
