Car -1 -1 -7.8432 550.6616 180.5031 567.6302 196.6079 1.4955 1.6164 3.8005 -4.9889 2.2663 70.7943 -7.9137 0.5852
Car -1 -1 -4.6147 466.3092 175.4195 492.2052 198.7520 1.8823 1.7482 4.1913 -11.0111 2.1060 60.8433 -4.7933 -0.8103
Car -1 -1 -6.1432 312.7178 180.7031 421.6564 221.8932 1.4980 1.6052 3.7889 -9.3159 1.8124 27.8022 -6.4641 -2.2765
Car -1 -1 -4.3922 114.6509 190.1478 178.2545 224.9937 1.5768 1.6618 3.5575 -23.3989 2.4974 36.4918 -4.9593 -2.8007
Car -1 -1 -4.0133 1020.5473 174.1841 1105.7510 207.0258 1.5710 1.6207 3.6751 22.5359 1.6395 35.9660 -3.4577 -3.0236
Car -1 -1 -5.4796 1045.0363 178.4650 1131.4886 209.3439 1.7319 1.7282 4.4723 28.7973 2.0896 43.6830 -4.9003 -3.1921
Car -1 -1 -5.1807 762.9333 179.0454 812.2245 203.6270 1.5097 1.5519 3.8732 11.5782 1.9340 47.4163 -4.9431 -3.2354
Car -1 -1 -3.9370 913.7551 176.7865 976.5784 202.0895 1.5935 1.6103 3.6992 21.9297 1.8586 47.2900 -3.5056 -3.3322
Car -1 -1 -5.4976 905.1113 185.3708 983.8934 220.7584 1.7605 1.7334 3.7767 18.1629 2.4802 39.4330 -5.0695 -3.3377
Car -1 -1 -4.7143 797.7615 193.7699 822.3381 218.6882 1.5969 1.6417 3.9608 14.3537 3.1637 51.9347 -4.4468 -3.4718
Car -1 -1 -4.7683 308.8455 185.3243 334.6864 208.5831 1.5970 1.5829 3.6869 -21.5046 2.5595 53.6992 -5.1478 -3.7002
Car -1 -1 -7.1780 15.2561 204.8731 175.1959 267.6696 1.4992 1.6581 4.0872 -15.1369 2.5440 21.4561 -7.7869 -3.9037
Car -1 -1 -7.8561 938.9319 198.3327 982.5440 237.8118 1.5116 1.6586 3.5592 15.5449 2.7150 32.1246 -7.4099 -4.1236
Car -1 -1 -4.3343 222.7262 179.7971 259.8289 198.6931 1.5739 1.6176 3.7965 -32.4276 2.2037 63.5093 -4.8049 -4.2077
Car -1 -1 -8.0690 963.4150 182.2073 1012.9221 212.4509 1.6168 1.7091 4.0636 21.9580 2.1907 42.1079 -7.5918 -4.4957
Car -1 -1 -6.0150 744.8270 169.8284 800.6731 195.7962 1.5295 1.6080 2.9985 9.8698 1.3510 43.9124 -5.7957 -4.5104
Car -1 -1 -4.8388 550.4486 180.9510 574.1626 198.6483 1.5599 1.7340 3.8921 -4.5163 2.3412 67.5747 -4.9057 -4.5280
Car -1 -1 -3.0601 688.4854 166.6248 751.0291 194.8263 2.0248 1.8173 4.4280 8.0787 1.5773 53.1965 -2.9106 -4.6428
Car -1 -1 -5.4378 787.6558 175.2632 845.2085 200.9951 1.5174 1.5672 3.3964 12.7260 1.6728 44.7683 -5.1630 -4.7814
Car -1 -1 -7.2041 201.1701 197.6054 304.8908 238.2123 1.4666 1.6753 4.4285 -15.3548 2.6181 31.2411 -7.6579 -4.8081
Car -1 -1 -4.8167 208.0926 178.8315 234.7800 198.0923 1.5829 1.6512 3.8382 -33.7688 2.1184 62.6236 -5.3097 -4.9588
Car -1 -1 -4.5935 958.2836 182.3208 1002.5112 219.5397 1.8760 1.7310 3.7727 20.2517 2.4203 39.4597 -4.1230 -5.0051
Car -1 -1 -7.9705 987.9857 182.6330 1035.7395 213.8947 1.4724 1.7412 3.3775 20.5383 2.0000 37.0596 -7.4683 -5.1340
Car -1 -1 -4.9427 933.8710 173.6286 977.1898 199.1778 1.5076 1.6492 3.4674 21.2474 1.5572 44.5591 -4.5006 -5.1395
Car -1 -1 -7.4577 283.3753 183.5796 318.8128 206.0135 2.0364 1.6563 4.1762 -29.7621 3.1017 69.5920 -7.8608 -5.1850
Car -1 -1 -7.2629 269.6010 189.9496 321.3374 216.7446 1.6262 1.5863 3.2678 -20.8066 2.7994 47.7753 -7.6720 -5.2816
Car -1 -1 -4.4743 326.6670 182.3071 359.7717 206.7991 1.7274 1.5281 3.5815 -20.0244 2.4615 54.1953 -4.8269 -5.3228
Car -1 -1 -8.4523 975.0729 188.5298 1056.7451 223.4786 1.4668 1.6127 3.5152 18.8473 2.2393 33.7450 -7.9473 -5.3604
Car -1 -1 -4.8358 632.5159 177.7668 663.9782 199.5989 1.4635 1.7011 4.4705 2.6621 1.8308 51.6905 -4.7851 -5.4623
Car -1 -1 -5.1944 557.3358 178.9703 609.2052 203.8773 1.5497 1.6808 4.2505 -1.8720 1.9778 48.2674 -5.2334 -5.5731
Car -1 -1 -2.7924 152.3439 188.1310 346.8390 248.6339 1.5396 1.7236 4.5077 -9.8962 1.9861 20.0073 -3.2468 -5.6027
Car -1 -1 -4.4291 459.1423 182.6666 501.0421 206.0455 1.4499 1.6513 4.3121 -8.7684 2.1444 48.8536 -4.6062 -5.6794
Car -1 -1 -5.0589 536.0975 178.2511 576.7634 201.4887 1.5200 1.6286 3.7819 -3.7987 1.9107 50.2123 -5.1344 -5.7507
Car -1 -1 -5.0096 552.6189 179.9364 592.6506 201.2431 1.4039 1.6329 4.3694 -2.7430 1.9313 51.4261 -5.0630 -5.7742
Car -1 -1 -4.7132 513.4223 179.2886 536.3218 200.9468 1.4934 1.6088 3.8392 -6.2782 1.9831 52.9441 -4.8310 -5.7795
Car -1 -1 -4.7050 513.5581 183.1245 531.6188 201.2019 1.5994 1.6500 4.1750 -8.2997 2.6046 68.4688 -4.8256 -5.8338
Car -1 -1 -4.4152 532.1862 179.9254 567.4332 199.9363 1.4639 1.6337 4.0558 -4.6935 2.0380 56.4615 -4.4981 -5.8362
Car -1 -1 -4.8736 427.6156 181.4190 455.3700 200.7834 1.4892 1.5957 4.0827 -13.9799 2.2227 59.6206 -5.1033 -5.8732
Car -1 -1 -4.6166 533.4344 178.5821 560.0176 199.1420 1.4288 1.5860 3.9327 -4.6602 1.8666 53.2159 -4.7039 -5.8867
Car -1 -1 -4.6129 502.3327 181.0283 526.7314 200.4214 1.4941 1.6027 3.9686 -7.8371 2.1883 59.2924 -4.7442 -5.8867
Car -1 -1 -4.9037 675.9930 175.1935 715.3922 200.8176 1.4352 1.5880 3.9334 4.9957 1.5802 42.8040 -4.7888 -5.8867
Car -1 -1 -7.5646 152.1768 0.0000 1241.0000 374.0000 1.5413 1.5879 3.8030 -0.4937 1.6052 1.0047 -7.9392 -5.8867
Car -1 -1 -6.9170 0.0000 0.0000 1241.0000 374.0000 1.5427 1.5876 3.8030 -2.1014 1.6294 1.0045 -7.9391 -5.8867
Car -1 -1 -4.5896 518.4548 180.2349 544.4469 199.7671 1.4662 1.5948 3.9434 -6.2669 2.0758 57.6431 -4.6978 -5.8867
Car -1 -1 -4.5725 362.5923 182.4971 392.4730 203.5081 1.4675 1.6043 3.9684 -17.5145 2.2223 54.4065 -4.8828 -5.8867
Car -1 -1 -3.5046 0.0000 192.0802 0.0000 374.0000 1.4990 1.6045 3.9555 -7.0817 1.6191 2.5302 -4.6974 -5.8867
Car -1 -1 -4.5342 692.1731 176.1023 726.3644 199.0204 1.4133 1.5507 3.9247 6.4989 1.6350 47.1993 -4.3986 -6.0423
Car -1 -1 -4.7532 266.8969 181.4806 288.3935 206.6714 2.2658 1.6910 4.1537 -31.6701 3.1132 68.6639 -5.1842 -6.1782
Car -1 -1 -5.0331 728.8180 174.9986 786.7495 206.4453 1.4145 1.6059 3.7640 6.9930 1.5231 34.6893 -4.8363 -6.1826
Car -1 -1 -4.7496 459.9421 185.1973 479.9352 203.9410 1.7169 1.7809 4.1946 -13.8829 2.9745 71.2918 -4.9416 -6.4598
Car -1 -1 -4.7060 154.2883 187.0731 191.1725 221.8311 1.8609 1.7871 3.9984 -25.8129 2.7427 42.5855 -5.2484 -6.4909
Car -1 -1 -4.9872 1116.2401 190.5498 1179.6611 225.1052 1.6659 1.7373 3.9078 29.0241 2.6771 39.1064 -4.3530 -6.5494
Car -1 -1 -5.2109 701.9099 175.5260 762.2308 203.4737 1.4224 1.5544 3.8765 6.5291 1.5750 39.2077 -5.0476 -6.7550
