Car -1 -1 -4.6784 625.1226 182.1392 650.1471 206.0075 1.5453 1.6157 4.0109 1.9316 2.2198 50.3745 -4.6409 -1.2663
Car -1 -1 -4.3626 310.8709 187.1338 363.0436 213.4335 1.4708 1.6973 4.1514 -16.8742 2.3964 44.6983 -4.7219 -2.1161
Car -1 -1 -7.5332 0.0000 181.5633 44.4007 220.2001 1.5812 1.6023 3.7133 -27.1428 1.9971 32.4611 -8.2257 -2.7339
Car -1 -1 -7.9802 611.4866 183.0530 652.0975 212.8175 1.4503 1.6312 4.4527 1.0803 2.0341 39.0273 -7.9534 -3.1674
Car -1 -1 -4.7301 648.3530 182.8667 680.6876 213.2912 1.4832 1.6362 4.1350 2.8378 2.0489 38.6730 -4.6580 -3.4333
Car -1 -1 -3.9980 587.5856 181.0095 646.6205 206.1619 1.5424 1.6702 4.0269 0.4751 2.1039 47.6449 -3.9886 -3.5956
Car -1 -1 -4.6052 407.4514 178.7056 429.7870 196.4373 1.6148 1.6653 3.8352 -18.3070 2.1909 69.0631 -4.8637 -3.9749
Car -1 -1 -7.0218 99.1228 185.2253 180.3729 215.1068 1.4666 1.5558 3.5436 -25.3114 2.1662 38.9088 -7.5957 -4.1041
Car -1 -1 -4.7546 359.1771 182.4621 390.3612 210.6235 1.6119 1.6785 3.9359 -14.7043 2.2379 44.8942 -5.0697 -4.4448
Car -1 -1 -5.4617 633.8519 181.7829 690.2776 205.2997 1.4407 1.6308 3.6943 3.3678 2.0539 47.6322 -5.3921 -4.6087
Car -1 -1 -4.5900 622.7595 182.2588 644.7036 200.8391 1.5970 1.5454 3.9472 2.1828 2.4863 66.1802 -4.5576 -4.8525
Car -1 -1 -4.8763 572.2314 173.2167 614.3083 205.6317 1.7117 1.7145 3.9428 -1.0225 1.7327 40.2453 -4.9020 -4.8968
Car -1 -1 -4.5159 0.0000 188.2424 56.7400 227.9078 1.5339 1.5399 3.3794 -25.2859 2.2385 31.1962 -5.1930 -4.9186
Car -1 -1 -4.9583 443.1605 179.1541 471.8491 195.9122 1.4584 1.6218 4.1870 -14.1513 2.0602 66.7129 -5.1669 -5.1831
Car -1 -1 -4.5825 545.1751 174.5816 586.9365 211.8222 1.9422 1.8245 3.7787 -2.4067 2.0418 39.7598 -4.6431 -5.2003
Car -1 -1 -7.7309 237.4691 186.2503 311.7384 241.5050 1.4609 1.6013 3.6362 -10.1779 1.9059 22.0095 -8.1599 -5.3225
Car -1 -1 -4.4754 622.5474 182.2345 653.3364 202.1346 1.5464 1.6761 4.0246 2.3453 2.3579 60.2755 -4.4372 -5.3423
Car -1 -1 -4.3187 336.5331 179.3766 379.8112 205.5997 1.8155 1.6899 3.7213 -18.4074 2.3098 52.8105 -4.6528 -5.3605
Car -1 -1 -4.0946 0.0000 181.1972 10.0843 221.5821 1.5074 1.6759 3.2504 -26.5139 1.8661 29.3463 -4.8250 -5.4345
Car -1 -1 -4.5770 527.2421 182.4099 559.3712 206.7231 1.4422 1.5351 3.9915 -4.2809 2.0835 46.4206 -4.6689 -5.6133
Car -1 -1 -4.7471 453.8620 182.1037 473.5638 199.2737 1.4117 1.5667 3.7849 -12.9256 2.2517 63.5264 -4.9474 -5.6324
Car -1 -1 -4.4285 407.8725 183.4814 450.9717 208.6044 1.4687 1.5678 4.1456 -11.5014 2.1779 46.0638 -4.6722 -5.6785
Car -1 -1 -4.8647 545.7004 181.7428 571.6436 199.9236 1.4601 1.6370 3.9899 -4.4774 2.2517 62.1542 -4.9367 -5.7197
Car -1 -1 -4.6351 553.6516 181.5344 583.3908 208.2271 1.5986 1.6285 3.6578 -2.6558 2.1770 46.2575 -4.6926 -5.7515
Car -1 -1 -4.6184 584.8414 180.4949 608.7465 199.3188 1.5249 1.6837 4.1781 -1.1316 2.2075 62.3406 -4.6369 -5.8242
Car -1 -1 -4.6116 170.0721 184.2092 254.6195 246.1028 1.4783 1.6475 4.0386 -11.0626 1.8304 20.2143 -5.1072 -5.8271
Car -1 -1 -4.4971 156.5783 181.7805 248.4860 235.9680 1.4825 1.6572 4.0563 -12.6944 1.7893 22.6393 -5.0034 -5.8330
Car -1 -1 -4.5577 166.5884 181.6518 240.2668 227.7345 1.4319 1.6336 4.0895 -14.2810 1.7689 25.4609 -5.0647 -5.8642
Car -1 -1 -4.3822 220.4578 180.1319 311.4531 226.2651 1.4291 1.6347 3.9741 -11.8690 1.7025 25.0665 -4.8207 -5.8867
Car -1 -1 -4.6484 562.0759 179.8870 586.8140 200.9173 1.4776 1.6030 3.9511 -2.6571 2.0232 54.0125 -4.6977 -5.8867
Car -1 -1 -4.6434 582.7000 179.5903 608.5364 200.9080 1.4746 1.6389 3.9617 -1.0555 1.9899 53.2053 -4.6636 -5.8867
Car -1 -1 -4.4607 473.5984 181.8730 504.1024 200.5535 1.4831 1.6339 3.9006 -10.2680 2.2735 61.2421 -4.6265 -5.8867
Car -1 -1 -6.9164 0.0000 0.0000 1241.0000 374.0000 1.5633 1.5943 3.8096 -2.1010 1.6987 1.0026 -7.9390 -5.8867
Car -1 -1 -4.4733 588.5907 179.0556 615.9893 196.0572 1.4715 1.6308 3.9140 -0.6951 2.0571 66.0673 -4.4842 -5.8867
Car -1 -1 -4.4048 381.3303 180.9698 426.1820 205.6597 1.4583 1.6018 4.0266 -13.1193 1.9983 45.9945 -4.6815 -5.8867
Car -1 -1 -4.6439 263.8065 181.8416 313.9972 220.5889 1.4576 1.6421 4.0606 -13.4721 1.8625 30.3461 -5.0588 -5.8867
Car -1 -1 -4.7575 294.8878 184.8301 328.0204 212.1765 1.5052 1.6774 4.1980 -18.2545 2.2717 43.9471 -5.1493 -5.9311
