Car -1 -1 -5.9540 67.6530 190.1761 218.8972 234.8411 1.4341 1.6796 4.1665 -16.3967 2.0771 25.4884 -6.5212 -1.5475
Car -1 -1 -4.7282 492.8910 179.5349 515.5681 200.6030 1.4876 1.6209 3.6993 -7.9929 2.0068 54.1454 -4.8744 -1.6550
Car -1 -1 -4.3375 183.3955 187.0831 224.3862 207.8292 1.5188 1.5903 3.7139 -32.3024 2.6897 57.4421 -4.8480 -1.9626
Car -1 -1 -3.6978 616.7836 174.8106 684.0966 203.9846 1.6487 1.6198 3.6644 2.3584 1.7682 42.5809 -3.6434 -2.0638
Car -1 -1 -4.7774 164.4516 184.4224 191.9864 204.6425 1.5624 1.7079 4.4088 -36.3659 2.5720 60.6857 -5.3155 -2.3620
Car -1 -1 -4.4572 174.6533 189.3061 216.3727 212.5012 1.5571 1.6922 4.1860 -30.9027 2.8359 53.8572 -4.9763 -2.4723
Car -1 -1 -4.6262 79.2528 187.2453 110.1118 207.9051 1.4659 1.6263 3.7809 -40.0391 2.6250 56.0840 -5.2441 -2.5778
Car -1 -1 -2.2619 156.1709 198.5221 239.3981 232.7496 1.4413 1.6311 3.3408 -19.3259 2.6906 33.7722 -2.7786 -2.6750
Car -1 -1 -7.0173 200.0513 180.9670 250.2455 199.7512 1.5370 1.5957 3.7538 -33.4865 2.2661 62.8347 -7.5054 -2.9091
Car -1 -1 -4.8325 155.4836 193.0366 191.0132 216.3334 1.5110 1.7333 4.2376 -32.0303 3.0498 52.8201 -5.3756 -3.1256
Car -1 -1 -4.5669 309.7738 184.0159 351.5216 213.7424 1.4930 1.6155 3.7213 -15.3610 2.1380 39.7269 -4.9340 -3.2112
Car -1 -1 -4.1155 587.0277 178.4200 650.5462 206.6211 1.4613 1.6137 3.9384 0.5038 1.7878 40.2860 -4.1037 -3.3755
Car -1 -1 -4.7643 640.0470 176.0647 673.9456 206.4191 1.5493 1.6161 4.1463 2.4759 1.7333 39.3481 -4.7025 -3.4384
Car -1 -1 -4.3940 178.0681 197.4050 225.8178 225.1755 1.5362 1.5777 3.4897 -25.4643 3.1331 45.0746 -4.9060 -3.4426
Car -1 -1 -4.6668 183.5861 182.9544 210.1797 203.5000 1.6391 1.7967 3.9051 -35.3817 2.5343 61.8230 -5.1850 -4.0259
Car -1 -1 -3.0353 538.6935 181.9119 582.7442 198.3044 1.5534 1.6929 4.1279 -4.7986 2.4474 70.3188 -3.1037 -4.1271
Car -1 -1 -4.6484 55.3382 189.2252 86.2139 209.8334 1.4139 1.6234 4.0762 -41.1413 2.7121 55.0748 -5.2879 -4.3226
Car -1 -1 -4.6455 612.6124 176.0260 641.8899 200.9874 1.5262 1.6204 4.3609 1.1311 1.7421 46.9315 -4.6221 -4.3781
Car -1 -1 -7.6339 761.0611 199.1874 818.5133 242.5160 1.5151 1.5427 3.6280 7.3798 2.6665 29.5894 -7.3928 -4.4851
Car -1 -1 -4.9078 630.0965 175.2014 663.8027 200.5015 1.7207 1.6387 4.0651 2.5676 1.8952 51.5997 -4.8589 -4.6367
Car -1 -1 -7.3064 261.4596 182.6471 316.4329 209.1778 1.4549 1.5625 3.1039 -18.8567 2.0526 42.4201 -7.7226 -4.8485
Car -1 -1 -4.7446 635.7678 175.4102 662.6157 201.1123 1.5906 1.6095 3.9815 2.4854 1.7642 47.0591 -4.6926 -4.9214
Car -1 -1 -4.2490 457.5650 181.8367 503.8179 204.2201 1.5143 1.6851 4.0752 -9.4315 2.1982 52.7673 -4.4254 -4.9933
Car -1 -1 -4.6065 574.9998 179.2766 594.5264 193.9471 1.3855 1.5771 3.4864 -2.4968 2.0377 71.5080 -4.6417 -5.2239
Car -1 -1 -4.6616 555.3474 179.3735 581.3502 202.0696 1.3754 1.4943 3.7416 -2.6944 1.8138 46.6781 -4.7194 -5.3917
Car -1 -1 -4.7051 101.2429 187.8372 128.9521 209.7935 1.5440 1.7205 4.2974 -38.4687 2.7555 56.0915 -5.3043 -5.5083
Car -1 -1 -4.5222 413.8160 180.1012 450.4175 202.9115 1.3636 1.5302 4.1818 -11.4712 1.8529 46.6123 -4.7626 -5.6320
Car -1 -1 -4.8544 572.5015 178.7430 605.8976 202.0032 1.3930 1.5649 4.1896 -1.4195 1.7903 46.5220 -4.8852 -5.7616
Car -1 -1 -4.4755 457.6749 177.4503 491.8974 197.6189 1.4425 1.6030 4.2312 -10.2384 1.8047 54.7438 -4.6599 -5.7841
Car -1 -1 -4.6402 91.1871 181.0697 119.8565 200.3114 1.4815 1.6470 4.0184 -41.6103 2.1836 59.5379 -5.2482 -5.8867
Car -1 -1 -4.5497 0.0000 183.0390 15.1894 207.7359 1.5320 1.6580 4.0155 -41.6033 2.2491 48.6765 -5.2544 -5.8867
Car -1 -1 -4.6334 550.7126 178.2722 576.1639 198.5665 1.4229 1.5847 3.9283 -3.4551 1.8400 53.6187 -4.6978 -5.8867
Car -1 -1 -4.3553 356.5668 187.7283 384.9606 206.6344 1.7469 1.5488 3.4539 -23.5883 3.2503 71.1867 -4.6745 -6.1271
Car -1 -1 -3.9583 325.9738 186.6742 373.4209 209.6921 1.9996 1.6622 4.3555 -24.4274 3.3426 67.8051 -4.3032 -6.6955
