Car -1 -1 -7.7519 610.6630 177.0169 640.1643 201.2446 1.5460 1.6084 3.9063 1.0473 1.8389 48.7788 -7.7310 -1.5579
Car -1 -1 -8.1837 622.1691 178.2048 661.9498 201.7018 1.5380 1.6029 3.8340 2.1561 1.9255 50.2344 -8.1415 -2.1933
Car -1 -1 -4.7911 625.4017 178.8815 659.3552 206.7323 1.4948 1.6450 3.7843 1.7807 1.8571 41.4791 -4.7491 -2.4990
Car -1 -1 -5.4180 240.9983 184.4883 296.4381 207.4385 1.8500 1.7693 4.5312 -29.1968 2.8721 61.6657 -5.8588 -2.6153
Car -1 -1 -4.4043 332.8829 183.5119 373.3870 205.4913 1.4928 1.6371 4.1031 -18.8730 2.3074 53.0947 -4.7445 -3.0158
Car -1 -1 -4.8951 595.1312 176.9575 632.8676 204.5045 1.5713 1.6234 3.7476 0.1626 1.8311 43.7395 -4.8920 -3.7296
Car -1 -1 -4.9157 606.6752 175.6145 637.9247 198.7717 1.7250 1.6528 4.0358 0.8940 1.9486 56.3936 -4.9004 -4.0428
Car -1 -1 -7.2633 168.2941 193.2688 258.1140 227.0364 1.3890 1.6602 4.2717 -18.9123 2.4285 34.5476 -7.7613 -4.1728
Car -1 -1 -4.3629 361.1323 184.0555 399.8308 205.0249 1.6126 1.7214 4.2129 -19.0291 2.5757 59.9158 -4.6695 -4.3691
Car -1 -1 -7.4194 249.4453 190.4773 312.6917 218.1031 1.4006 1.6900 4.1745 -18.7965 2.4614 41.3504 -7.8439 -4.4170
Car -1 -1 -4.9273 892.6746 189.0797 943.0652 220.0009 1.3805 1.5315 3.8244 15.4009 2.2431 36.3531 -4.5302 -4.4908
Car -1 -1 -6.6849 797.6343 177.0550 1004.2590 254.4250 1.4721 1.5656 3.5657 5.7574 1.5621 14.6656 -6.3184 -4.7307
Car -1 -1 -4.5860 853.9976 182.1488 895.8694 214.0039 1.3752 1.4348 3.5925 12.5526 1.8403 34.1987 -4.2376 -4.8348
Car -1 -1 -4.9515 368.8541 180.1120 404.4875 201.4782 1.5084 1.6406 4.1461 -16.9725 2.0798 54.6337 -5.2517 -4.8669
Car -1 -1 -4.8272 535.8629 177.1869 565.4612 202.1224 1.6774 1.6401 4.0729 -4.2992 1.9990 51.4454 -4.9106 -4.9329
Car -1 -1 -8.1226 1081.6044 174.5524 1133.7041 201.0741 1.3811 1.5124 3.3140 27.2215 1.4783 39.6178 -7.5243 -4.9668
Car -1 -1 -4.5743 511.2702 178.0607 542.0505 199.4449 1.4470 1.6376 4.2300 -5.9916 1.8374 51.9979 -4.6888 -5.5778
Car -1 -1 -5.1202 739.1345 171.2968 838.2396 217.3844 1.4177 1.7052 4.1682 5.8635 1.3695 24.3956 -4.8876 -5.6478
Car -1 -1 -8.0454 325.9007 181.8906 356.9568 203.9185 1.8031 1.8411 3.8394 -23.4675 2.6173 62.9165 -8.4013 -5.7008
Car -1 -1 -4.8503 443.4876 180.4310 475.5010 204.7534 1.5937 1.6650 4.0261 -10.6653 2.1498 50.8097 -5.0565 -5.7857
Car -1 -1 -4.5114 489.0801 179.9000 523.1689 201.5335 1.4485 1.6114 4.2443 -7.4518 1.9761 51.8895 -4.6537 -5.7936
Car -1 -1 -4.5608 809.4731 180.0703 863.0049 214.8869 1.4571 1.7546 4.2840 10.5080 1.8145 33.4636 -4.2596 -5.8010
Car -1 -1 -4.5415 445.3886 182.0363 476.2729 202.8446 1.5534 1.7262 4.2735 -11.9587 2.3180 57.9390 -4.7445 -5.8066
Car -1 -1 -4.8350 547.5095 177.5013 579.6846 202.2773 1.4890 1.5942 3.7812 -3.0382 1.7987 46.1220 -4.9008 -5.8126
Car -1 -1 -8.7171 1120.5547 179.3300 1241.0000 304.7708 1.5952 1.6407 4.1936 10.6326 1.7186 11.5893 -7.9880 -5.8138
Car -1 -1 -4.9346 504.7772 178.4162 541.5568 203.2750 1.5549 1.6180 3.8703 -5.8685 1.9420 48.1639 -5.0557 -5.8198
Car -1 -1 -4.3997 372.3665 182.7583 414.1631 206.3612 1.5634 1.6741 4.1217 -15.4763 2.3002 51.6172 -4.6900 -5.8211
Car -1 -1 -5.0236 514.8668 178.5842 550.5114 199.0776 1.5306 1.6404 4.0761 -6.2060 2.0029 57.3144 -5.1314 -5.8224
Car -1 -1 -4.8695 391.8372 181.9836 428.1076 207.8804 1.5073 1.6095 3.9466 -12.7196 2.1112 45.6259 -5.1403 -5.8539
Car -1 -1 -4.4623 418.8513 180.8586 453.2694 201.5754 1.4617 1.5960 3.9437 -13.1020 2.0871 54.4239 -4.6978 -5.8867
Car -1 -1 -4.5953 523.4445 180.0049 547.7808 198.3741 1.4597 1.5941 3.9421 -6.2665 2.0822 60.8616 -4.6979 -5.8867
Car -1 -1 -4.4363 398.2288 181.1625 433.8505 201.7972 1.4653 1.5966 3.9467 -14.7168 2.1191 54.8201 -4.6977 -5.8867
Car -1 -1 -4.6127 535.2383 179.1323 559.6449 197.9587 1.4390 1.5882 3.9335 -5.0608 1.9645 58.4472 -4.6991 -5.8867
Car -1 -1 -4.6305 549.3989 177.4844 573.2517 195.9873 1.3921 1.5754 3.9158 -3.8564 1.7717 57.2401 -4.6979 -5.8867
Car -1 -1 -3.5047 0.0000 190.6998 0.0000 374.0000 1.4962 1.6044 3.9548 -7.0821 1.6077 2.5303 -4.6975 -5.8867
Car -1 -1 -6.7852 0.0000 0.0000 1241.0000 374.0000 1.5432 1.5876 3.8028 -2.9053 1.6409 1.0043 -7.9390 -5.8867
Car -1 -1 -4.5181 461.8413 180.0604 494.6110 201.5576 1.4510 1.5926 3.9398 -9.4849 1.9900 52.0125 -4.6979 -5.8867
Car -1 -1 -4.6744 532.3079 178.9375 558.3898 201.7331 1.4149 1.5757 4.0412 -4.2914 1.8362 47.9423 -4.7636 -5.8952
Car -1 -1 -6.0224 1162.8123 95.0055 1241.0000 374.0000 1.6235 1.8413 4.7630 5.2666 1.5851 2.8976 -4.9973 -6.0198
