Car -1 -1 -4.0827 258.5064 184.2089 333.6012 216.2637 1.4846 1.5995 3.7694 -15.9913 2.0961 36.8601 -4.4897 -1.6161
Car -1 -1 -2.7398 664.0737 185.2666 731.6401 213.6229 1.5761 1.6232 3.6668 5.2067 2.3456 43.1345 -2.6211 -2.0909
Car -1 -1 -4.8008 647.6751 182.9031 685.1284 213.1781 1.4652 1.6185 3.9806 2.8998 2.0255 38.2506 -4.7263 -2.2955
Car -1 -1 -4.1991 596.5632 184.0574 651.0539 211.4358 1.4639 1.6001 3.6528 0.8149 2.1493 42.1806 -4.1805 -2.7998
Car -1 -1 -4.7523 631.5146 183.4516 656.6981 205.5412 1.4910 1.6638 4.2648 2.4329 2.2990 52.8905 -4.7071 -2.8797
Car -1 -1 -4.6212 654.5135 182.6524 675.4529 199.7239 1.5788 1.7107 3.9904 5.4381 2.5749 71.2607 -4.5459 -3.5049
Car -1 -1 -5.9177 746.4225 185.3977 818.8458 214.7903 1.5295 1.5907 3.6417 9.6733 2.2653 40.6628 -5.6864 -3.5424
Car -1 -1 -4.4165 749.3129 180.5036 794.7441 209.4876 1.6127 1.5979 3.9189 9.7409 2.0942 43.3526 -4.1975 -3.5557
Car -1 -1 -4.4000 397.6286 181.8294 434.2208 204.9066 1.7003 1.6443 3.9453 -15.2397 2.4308 56.7379 -4.6616 -3.6137
Car -1 -1 -4.6909 355.9651 187.9955 379.2224 209.2458 1.4770 1.6007 3.7743 -18.5063 2.6758 55.0981 -5.0138 -3.6713
Car -1 -1 -6.8325 656.2099 181.8650 762.6003 219.4592 1.4494 1.6662 4.1529 4.1206 1.8461 30.1862 -6.6988 -3.7565
Car -1 -1 -4.8835 637.1063 180.6394 660.0062 198.2018 1.6461 1.6390 3.7527 3.7649 2.4366 71.3288 -4.8314 -3.7725
Car -1 -1 -4.5343 667.0033 188.9048 696.3207 209.6501 1.5389 1.7036 4.0529 5.8768 2.9014 59.0823 -4.4363 -3.7905
Car -1 -1 -5.2634 666.0435 182.0942 772.0931 234.6040 1.4791 1.6062 3.7494 3.3381 1.8005 23.0811 -5.1224 -3.8315
Car -1 -1 -4.4890 418.6732 178.9052 442.0639 195.1127 1.5393 1.5516 3.3168 -17.7797 2.1523 71.4515 -4.7323 -3.9199
Car -1 -1 -4.6218 640.8602 182.3857 676.9072 211.8428 1.5445 1.6880 4.4292 2.8366 2.1251 41.6529 -4.5549 -4.0027
Car -1 -1 -4.8256 400.5154 180.5829 422.1794 196.1742 1.4417 1.6217 3.8984 -19.5678 2.2237 70.9228 -5.0942 -4.1444
Car -1 -1 -8.6644 650.0464 180.5638 698.2379 207.0753 1.9710 1.6663 3.6122 4.9822 2.5965 56.6566 -8.5777 -4.2413
Car -1 -1 -4.8834 630.7774 179.8294 668.4778 208.5151 1.6568 1.6520 4.1069 2.3778 2.1108 44.8507 -4.8314 -4.2546
Car -1 -1 -4.7548 651.4069 178.9599 691.1238 216.0579 1.6231 1.6888 4.3184 2.8262 1.9331 34.4788 -4.6744 -4.4338
Car -1 -1 -5.4304 635.8716 183.5546 690.2108 206.3176 1.4542 1.6191 3.8485 3.6059 2.2257 50.0194 -5.3594 -4.4600
Car -1 -1 -7.8317 407.6991 183.1163 427.8759 203.7993 1.7446 1.6710 4.1057 -17.3676 2.7031 65.2266 -8.0913 -4.5661
Car -1 -1 -4.5380 258.3528 186.2919 301.2639 215.3600 1.5187 1.5819 4.0119 -19.1089 2.3370 41.8160 -4.9645 -4.7700
Car -1 -1 -7.4504 140.1222 196.2701 223.1388 238.4584 1.3783 1.5080 3.2984 -16.1095 2.3177 27.2257 -7.9808 -4.8446
Car -1 -1 -7.7068 609.2964 181.1278 651.1802 211.9612 1.4890 1.6235 4.2072 1.0899 1.9526 38.2436 -7.6791 -5.0345
Car -1 -1 -4.5511 433.5972 183.0808 463.5823 204.1772 1.5765 1.7125 4.1378 -12.9768 2.4295 58.0863 -4.7703 -5.0479
Car -1 -1 -4.3551 316.6257 187.8739 372.4960 214.2908 1.3971 1.6799 4.3870 -15.7188 2.3348 42.8605 -4.7050 -5.0862
Car -1 -1 -4.5934 623.6847 182.2169 647.2801 201.1309 1.6815 1.7323 4.4960 2.4449 2.6049 68.8306 -4.5585 -5.2692
Car -1 -1 -7.4692 492.9597 184.0182 521.1210 200.6776 1.5399 1.5489 3.4972 -10.1352 2.6689 71.1024 -7.6106 -5.3210
Car -1 -1 -5.9376 366.7812 183.8918 424.1772 206.5372 1.6543 1.6328 3.8325 -16.2156 2.5025 54.5381 -6.2257 -5.4231
Car -1 -1 -4.6056 530.4958 182.7708 560.4762 206.7309 1.4698 1.5628 4.0811 -4.2840 2.1577 48.0164 -4.6946 -5.6070
Car -1 -1 -4.4738 389.3665 182.7583 433.6905 209.8279 1.4423 1.5719 4.0417 -11.5213 2.0463 41.9805 -4.7404 -5.6491
Car -1 -1 -4.8986 610.3474 179.3118 637.8235 199.6656 1.5830 1.5271 4.1147 1.1024 2.1358 59.6410 -4.8807 -5.6737
Car -1 -1 -4.8536 460.3786 185.6462 485.8041 204.6202 1.5193 1.5882 4.3476 -12.0493 2.6807 63.2108 -5.0416 -5.6907
Car -1 -1 -4.3757 358.9024 182.1037 407.3143 206.6469 1.5581 1.8496 4.3234 -15.5734 2.2224 49.6508 -4.6785 -5.7184
Car -1 -1 -7.3452 268.7320 193.5683 316.1881 215.4447 1.5683 1.7026 4.0912 -25.4242 3.2898 57.8559 -7.7579 -5.7327
Car -1 -1 -4.5903 577.9437 181.6536 608.9655 205.8795 1.4883 1.5812 4.0630 -1.0907 2.0985 47.9531 -4.6134 -5.7650
Car -1 -1 -4.5977 440.7101 182.3692 469.3813 205.4524 1.6488 1.7035 3.9818 -11.8639 2.4050 55.3023 -4.8084 -5.7725
Car -1 -1 -4.8498 551.8668 182.9158 577.0584 201.2318 1.5313 1.6904 4.2824 -4.1634 2.4701 65.0799 -4.9139 -5.7762
Car -1 -1 -4.6316 555.6721 182.6611 583.8733 207.2496 1.5094 1.5519 4.0706 -2.6688 2.1893 47.9857 -4.6874 -5.7940
Car -1 -1 -4.6053 225.8080 182.8835 270.3216 212.8828 1.5458 1.7903 4.5243 -20.6476 2.1525 41.2380 -5.0672 -5.8829
Car -1 -1 -4.6354 552.6557 180.8311 577.4236 201.6455 1.5030 1.6084 3.9608 -3.4603 2.1397 55.6221 -4.6977 -5.8867
Car -1 -1 -4.5222 467.3225 182.0087 496.6676 202.0639 1.5074 1.6053 3.9571 -10.2837 2.2688 58.0420 -4.6972 -5.8867
Car -1 -1 -6.7022 0.0000 0.0000 1241.0000 374.0000 1.5628 1.5921 3.8085 -3.7082 1.7196 1.0031 -7.9388 -5.8867
Car -1 -1 -4.4666 589.3036 180.7039 615.9521 197.2614 1.4791 1.6101 4.0088 -0.6888 2.2485 68.6174 -4.4771 -5.8867
Car -1 -1 -4.6645 574.7491 179.0473 597.6235 198.8645 1.4505 1.5921 3.9389 -1.8462 1.9482 56.0319 -4.6978 -5.8867
Car -1 -1 -4.6005 526.4042 181.2688 552.7196 201.9434 1.5021 1.6042 3.9555 -5.4621 2.1785 56.0325 -4.6977 -5.8867
Car -1 -1 -3.5047 0.0000 198.1905 0.0000 374.0000 1.5142 1.6080 3.9610 -7.0811 1.6727 2.5304 -4.6973 -5.8867
Car -1 -1 -4.5161 590.9993 179.9144 621.5644 199.9697 1.4589 1.6429 3.9241 -0.2792 2.0272 56.0346 -4.5215 -5.8867
Car -1 -1 -6.9166 0.0000 0.0000 1241.0000 374.0000 1.5635 1.5932 3.8094 -2.1006 1.7012 1.0031 -7.9389 -5.8867
Car -1 -1 -4.4030 436.3392 180.7954 460.5913 196.3101 1.4736 1.5095 3.0024 -16.0451 2.2796 71.6948 -4.6227 -6.0197
Car -1 -1 -4.8071 325.4131 182.0855 352.1605 203.8954 1.5489 1.5416 4.0296 -20.8084 2.2825 55.2105 -5.1662 -6.4681
