Car -1 -1 -2.7930 706.3412 188.7192 774.3208 215.5646 1.5744 1.6612 3.9379 8.2687 2.6238 46.0354 -2.6171 0.2761
Car -1 -1 -5.8285 643.3342 182.3289 725.6987 214.6661 1.4870 1.6020 3.7433 3.6419 1.9790 35.8223 -5.7286 -2.0274
Car -1 -1 -4.9091 221.4950 185.8626 268.6830 217.0244 1.5372 1.5862 3.7590 -19.8987 2.2792 39.2060 -5.3764 -2.0676
Car -1 -1 -7.4706 317.5230 184.0173 371.8849 212.3981 1.5726 1.6381 4.2003 -16.0547 2.2826 43.7804 -7.8205 -2.1581
Car -1 -1 -4.7645 640.7141 179.3842 672.4210 208.0638 1.5594 1.6286 4.0112 2.6405 1.9589 42.1629 -4.7029 -2.3979
Car -1 -1 -4.9382 635.4306 182.3216 672.0634 206.4600 1.5558 1.6361 4.2526 2.9802 2.2473 50.4907 -4.8802 -2.8248
Car -1 -1 -3.5592 582.7631 179.9557 656.6128 208.7998 1.4984 1.6486 3.7142 0.4940 1.9036 39.7066 -3.5474 -3.3149
Car -1 -1 -3.4654 420.5375 182.2003 468.4460 199.9789 1.6353 1.6889 4.2193 -16.0869 2.5666 70.1021 -3.6906 -3.3376
Car -1 -1 -7.7041 760.4840 188.8946 795.2715 213.9845 1.4460 1.6897 3.2445 10.6345 2.5028 45.7301 -7.4776 -3.5476
Car -1 -1 -3.4960 659.9742 179.6637 770.6575 219.0893 1.5027 1.6553 4.1086 4.1857 1.7895 29.1763 -3.3556 -3.7271
Car -1 -1 -4.5132 614.5485 182.6649 649.7958 206.1434 1.4495 1.6113 3.9956 1.4994 2.1370 48.4532 -4.4830 -3.7297
Car -1 -1 -2.4194 104.3476 209.7670 191.2058 243.1358 1.5214 1.6050 3.4965 -23.2706 3.4332 36.3125 -2.9863 -3.9349
Car -1 -1 -7.6163 658.2932 182.3395 689.6179 205.9144 1.8739 1.7466 4.0773 5.4484 2.7090 61.3418 -7.5287 -4.2017
Car -1 -1 -2.2068 353.9779 186.0276 403.7859 207.3714 1.6463 1.7829 4.2296 -19.2732 2.7779 60.0349 -2.5165 -4.2489
Car -1 -1 -4.4457 300.4644 186.7491 338.7028 211.6163 1.4719 1.4811 3.1934 -18.6029 2.3943 46.2445 -4.8265 -4.4375
Car -1 -1 -4.3256 297.3460 197.0139 332.3400 215.8079 1.4925 1.5305 3.8809 -26.2503 3.7079 64.2302 -4.7126 -5.0004
Car -1 -1 -4.7076 616.4473 180.0881 646.6461 209.0525 1.5747 1.6889 4.4074 1.2405 2.0236 42.5733 -4.6792 -5.1553
Car -1 -1 -4.8711 614.0011 181.6169 638.3246 201.0810 1.7674 1.6882 4.2815 1.5095 2.6416 69.7680 -4.8500 -5.1720
Car -1 -1 -4.8097 616.7356 180.0667 644.8371 202.3660 1.5588 1.6873 4.2598 1.4873 2.1205 54.0350 -4.7828 -5.1798
Car -1 -1 -4.8012 636.2331 180.8802 668.1958 206.0949 1.4868 1.6545 4.2335 2.6140 2.0226 46.0522 -4.7454 -5.2340
Car -1 -1 -4.9937 682.8455 182.6026 725.4227 207.5800 1.5930 1.8240 4.1657 6.4261 2.2970 49.9326 -4.8670 -5.6018
Car -1 -1 -7.6639 586.8078 179.1351 618.4972 199.1845 1.4291 1.6811 4.0419 -0.5474 1.9254 54.9085 -7.6743 -5.6414
Car -1 -1 -4.5086 436.7863 183.3563 473.7952 207.8546 1.5000 1.5963 4.1781 -10.2855 2.2298 48.0674 -4.7187 -5.6884
Car -1 -1 -4.6200 522.0770 182.5966 552.0247 207.5182 1.4776 1.5525 4.0164 -4.6801 2.1306 46.3694 -4.7206 -5.6943
Car -1 -1 -4.6904 550.7123 181.6846 571.3005 200.2092 1.4648 1.6533 4.1166 -4.1468 2.2385 61.1453 -4.7582 -5.7063
Car -1 -1 -4.9524 736.3376 183.7312 832.9275 240.1891 1.3587 1.6398 4.1955 4.7207 1.6960 20.2869 -4.7277 -5.7300
Car -1 -1 -4.5791 496.6737 182.6394 529.3448 207.4043 1.4805 1.5674 4.1288 -6.2821 2.1433 46.8317 -4.7122 -5.7371
Car -1 -1 -4.3311 393.9886 182.9806 440.7615 206.1961 1.4270 1.6225 4.0798 -12.8717 2.1347 48.3265 -4.5905 -5.7434
Car -1 -1 -5.1507 801.6895 181.8192 1026.1622 290.9364 1.3365 1.6070 3.8633 4.3515 1.4994 11.1510 -4.7884 -5.7798
Car -1 -1 -4.8690 590.2327 180.5671 616.6907 200.3602 1.5851 1.6440 4.0117 -0.6161 2.2654 61.5475 -4.8794 -5.7918
Car -1 -1 -4.8776 677.6163 179.2469 721.4451 210.1109 1.4964 1.6166 4.0977 4.6063 1.8506 37.9288 -4.7582 -5.8460
Car -1 -1 -4.7083 548.3654 180.8329 574.5778 205.6963 1.4593 1.5856 4.0977 -3.1072 1.9885 45.7886 -4.7762 -5.8682
Car -1 -1 -5.0310 578.0580 181.3272 623.6427 206.8194 1.4661 1.6301 4.1404 -0.6611 2.0227 45.1988 -5.0461 -5.8683
Car -1 -1 -4.6486 550.0165 180.7038 575.6360 202.9938 1.5282 1.6258 3.9622 -3.4499 2.1245 52.8486 -4.7139 -5.8865
Car -1 -1 -4.6041 528.5981 181.2170 555.7734 202.7628 1.5072 1.6085 3.9623 -5.0686 2.1560 54.0137 -4.6977 -5.8867
Car -1 -1 -3.4938 0.0000 196.9237 0.0000 374.0000 1.5118 1.6084 3.9612 -6.2787 1.6490 2.1299 -4.6977 -5.8867
Car -1 -1 -6.9169 0.0000 0.0000 1241.0000 374.0000 1.5506 1.5903 3.8057 -2.1013 1.6554 1.0040 -7.9391 -5.8867
Car -1 -1 -4.6559 567.8367 179.2980 592.0386 200.0094 1.4584 1.5937 3.9421 -2.2471 1.9582 54.0222 -4.6978 -5.8867
Car -1 -1 -4.6625 574.5652 180.2214 594.7720 197.9483 1.4849 1.6016 3.9520 -2.2452 2.1592 64.0788 -4.6978 -5.8867
Car -1 -1 -4.6382 556.5681 180.8103 577.6142 198.4877 1.4970 1.6033 3.9542 -3.8523 2.2341 64.8824 -4.6977 -5.8867
Car -1 -1 -6.7024 0.0000 0.0000 1241.0000 374.0000 1.5560 1.5898 3.8064 -3.7083 1.6967 1.0039 -7.9389 -5.8867
Car -1 -1 -5.0620 739.0808 175.9259 871.3297 242.8840 1.3611 1.6562 4.0458 4.3591 1.4419 16.9568 -4.8153 -5.9785
