Car -1 -1 -7.2099 202.2469 200.0603 280.0200 229.6059 1.3182 1.6420 3.8823 -19.3858 2.8294 38.0306 -7.6789 -2.1696
Car -1 -1 -4.5382 830.5443 193.9770 870.5374 222.5309 1.5528 1.6666 4.1847 14.9360 2.9292 44.7869 -4.2190 -2.4262
Car -1 -1 -4.7605 600.1702 180.4014 626.6037 203.1551 1.4843 1.6430 4.2574 0.1683 2.0366 50.6679 -4.7577 -2.9032
Car -1 -1 -4.4133 70.5178 180.1707 142.8586 221.4279 1.8154 1.7177 4.0757 -24.1584 2.1897 34.7325 -5.0177 -2.9061
Car -1 -1 -8.0827 609.4798 181.6419 641.0258 205.8226 1.8972 1.7245 4.2135 1.2122 2.6608 60.4806 -8.0633 -2.9874
Car -1 -1 -4.8307 198.4289 195.1344 231.4185 223.1355 1.7773 1.6188 3.7060 -27.9394 3.4107 50.9263 -5.3306 -3.0621
Car -1 -1 -5.2086 660.7498 177.7171 741.0848 217.7157 1.5235 1.6105 3.9830 3.6691 1.7409 30.1532 -5.0893 -3.1439
Car -1 -1 -4.6118 76.1187 191.0444 122.5655 222.6975 1.6008 1.7588 4.0158 -29.1106 2.6936 41.1789 -5.2244 -3.1811
Car -1 -1 -4.9068 611.4073 182.2463 648.8054 205.9881 1.4294 1.6657 4.1896 1.2375 2.0747 47.3899 -4.8814 -3.2712
Car -1 -1 -4.6372 136.9054 182.8557 167.9993 206.2645 1.5496 1.5933 3.7165 -32.6455 2.2911 51.5010 -5.2000 -3.5436
Car -1 -1 -1.9724 107.1599 183.6976 168.6191 215.7955 1.7570 1.7233 3.6883 -27.8041 2.4204 42.4178 -2.5500 -3.6487
Car -1 -1 -4.6186 559.4728 178.2377 579.7183 197.5972 1.8000 1.6213 3.7456 -3.9161 2.3366 70.0480 -4.6746 -3.7236
Car -1 -1 -4.7263 348.3487 184.1389 366.5061 200.5822 1.5108 1.6406 4.0106 -25.0429 2.6615 71.4309 -5.0626 -3.7668
Car -1 -1 -7.7570 460.2376 173.6558 493.1862 207.1157 2.2557 1.8739 4.3895 -9.4038 2.3147 51.0182 -7.9388 -3.8546
Car -1 -1 -4.9059 794.8672 192.5236 833.6125 221.0041 1.5414 1.5446 3.7582 12.2695 2.7838 43.6543 -4.6344 -3.9031
Car -1 -1 -4.3544 184.2622 176.2851 233.4890 201.8817 1.9182 1.9088 4.6030 -31.7082 2.2011 57.1355 -4.8593 -3.9627
Car -1 -1 -4.8830 619.1165 179.0798 657.9781 207.0708 1.5764 1.6581 4.1768 1.6441 1.9727 43.7850 -4.8463 -3.9629
Car -1 -1 -4.7266 591.3713 179.8676 617.3996 204.6330 1.5170 1.6362 3.9723 -0.4343 1.9963 47.3370 -4.7362 -4.4058
Car -1 -1 -4.3979 288.5015 189.8277 320.7823 208.3286 1.6750 1.8185 3.8590 -30.0190 3.3918 70.9938 -4.7969 -4.5584
Car -1 -1 -4.9096 627.1210 178.1163 671.8990 209.0455 1.5698 1.6374 4.2478 2.0688 1.8745 39.5974 -4.8584 -4.6601
Car -1 -1 -4.3995 344.4137 182.3018 373.1408 200.0251 1.5965 1.6195 3.3589 -23.8368 2.5154 68.5005 -4.7335 -4.7264
Car -1 -1 -7.5776 513.3087 173.2352 571.7182 208.1832 1.5441 1.6634 4.2146 -3.1579 1.5630 34.1517 -7.6696 -4.7341
Car -1 -1 -8.0264 147.2974 191.7661 200.9030 221.6078 1.3677 1.7068 4.3229 -23.0602 2.4220 38.0406 -8.5685 -4.7880
Car -1 -1 -4.9414 367.4958 188.8609 396.9753 210.5367 1.7498 1.5990 4.0439 -20.1164 3.2074 63.5668 -5.2471 -4.8682
Car -1 -1 -4.6959 78.1220 195.6695 117.3651 228.6891 1.5380 1.6288 3.6693 -27.1850 2.8116 38.3124 -5.3100 -4.8783
Car -1 -1 -8.4630 1215.9052 164.3486 1241.0000 208.1802 1.5329 1.7026 4.2224 25.4147 1.2352 27.4396 -7.7214 -5.1153
Car -1 -1 -7.3249 295.5683 190.1291 353.6474 216.2458 1.6294 1.7612 4.4606 -19.9028 2.8930 50.4501 -7.6993 -5.1409
Car -1 -1 -5.4285 479.8272 177.5844 541.1388 204.9061 1.8107 1.7677 4.4638 -7.0566 2.1567 50.6905 -5.5666 -5.1962
Car -1 -1 -7.5500 0.0000 199.8728 89.4831 249.2516 1.6713 1.7272 4.2228 -22.8257 2.8497 29.1971 -8.2093 -5.2978
Car -1 -1 -4.6038 264.9607 192.0441 311.0346 227.5634 1.6444 1.7657 4.2613 -17.0064 2.7208 38.1851 -5.0206 -5.3098
Car -1 -1 -4.3638 159.3087 183.8491 197.3160 206.4235 1.5269 1.4054 3.0010 -31.0838 2.3431 51.9744 -4.9007 -5.3222
Car -1 -1 -3.8037 0.0000 193.1130 107.7909 237.6852 1.7842 1.8321 4.6011 -26.2549 2.7954 33.5696 -4.4638 -5.3707
Car -1 -1 -8.2813 593.1258 180.6522 650.3774 211.2620 1.4721 1.5839 3.7245 0.5208 1.9017 37.7548 -8.2682 -5.5700
Car -1 -1 -4.7443 684.3173 177.3342 719.4651 205.7896 1.3703 1.6656 4.0963 4.6887 1.6162 37.5287 -4.6214 -5.6754
Car -1 -1 -4.5779 555.8654 181.4564 581.7310 200.5718 1.5240 1.6683 4.1179 -3.5035 2.2827 61.5472 -4.6350 -5.7365
Car -1 -1 -4.9024 544.0730 179.4842 575.1625 201.0885 1.5214 1.6231 3.8506 -3.8459 2.0377 54.1519 -4.9734 -5.7463
Car -1 -1 -5.6764 828.1631 184.1841 986.1923 237.8898 1.4065 1.7600 4.2055 8.9064 1.7880 22.0792 -5.2983 -5.8155
Car -1 -1 -5.0612 633.9839 179.0041 678.5584 203.4470 1.5121 1.6483 4.0815 2.9875 1.9390 47.9288 -4.9998 -5.8830
Car -1 -1 -7.8472 0.0000 0.0000 1110.2463 374.0000 1.5510 1.5938 3.8080 -0.1040 1.6277 0.9958 -7.9398 -5.8867
Car -1 -1 -7.0087 0.0000 0.0000 1241.0000 374.0000 1.5532 1.5933 3.8077 -1.7119 1.6561 0.9959 -7.9397 -5.8867
Car -1 -1 -3.8054 0.0000 191.8560 195.9305 374.0000 1.5164 1.6109 3.9646 -3.4726 1.6351 2.5231 -4.6976 -5.8867
Car -1 -1 -4.8616 661.5723 178.8107 697.0710 204.1974 1.4575 1.5899 3.9600 4.1826 1.8404 44.3948 -4.7688 -5.8867
Car -1 -1 -8.7979 0.0000 0.0000 1144.5662 374.0000 1.5479 1.5915 3.8072 1.5038 1.6020 0.9965 -7.9397 -5.8867
Car -1 -1 -4.6081 532.3364 179.3753 557.8571 199.0160 1.4463 1.5884 3.9377 -5.0689 1.9739 56.4286 -4.6977 -5.8867
Car -1 -1 -3.5478 0.0000 193.3672 0.0000 374.0000 1.5056 1.6054 3.9581 -6.2773 1.6338 2.5311 -4.6974 -5.8867
Car -1 -1 -4.5819 564.6215 179.5499 592.8882 200.4274 1.4655 1.6148 3.9583 -2.3303 1.9852 53.9985 -4.6253 -5.9404
Car -1 -1 -8.4006 1077.0732 178.0636 1241.0000 374.0000 1.5669 1.7425 4.3104 4.0044 1.6087 3.5274 -7.5933 -5.9529
Car -1 -1 -7.5282 468.0284 181.6351 510.8190 207.5532 1.8108 1.6774 5.0475 -9.1192 2.5096 54.8162 -7.6927 -6.0802
Car -1 -1 -4.7645 744.4748 175.9648 781.4108 207.4096 1.4246 1.5395 3.8516 7.3494 1.5844 35.1085 -4.5603 -6.1221
Car -1 -1 -9.0955 1187.8361 47.5095 1241.0000 374.0000 1.7295 1.8272 4.6418 5.7987 1.5558 3.4720 -8.1014 -6.1985
Car -1 -1 -4.5759 738.5876 177.1144 774.6346 203.1369 1.4028 1.5581 3.6554 8.4377 1.6594 41.5263 -4.3772 -6.3092
Car -1 -1 -7.2557 142.6227 183.2692 208.5141 210.9993 1.5577 1.5154 3.8783 -26.4412 2.2211 44.0003 -7.7943 -6.3429
Car -1 -1 -5.1888 743.3385 174.2831 824.5095 211.5932 1.4075 1.5403 4.0038 6.9712 1.4699 29.5129 -4.9596 -6.4871
Car -1 -1 -4.2585 208.2185 189.2089 289.8419 227.7763 1.6916 1.6515 4.9374 -18.0194 2.5683 36.2183 -4.7176 -6.5578
