Car -1 -1 -4.4659 384.7099 180.4566 448.8925 219.2208 1.4915 1.6908 4.0097 -8.1385 1.8345 30.5670 -4.7244 5.9615
Car -1 -1 -4.0017 0.0000 198.8096 139.4613 364.6978 1.3864 1.6307 4.2924 -8.0302 1.7823 8.8593 -4.7232 5.4126
Car -1 -1 -7.9003 69.8380 182.7434 106.0662 210.8317 1.6162 1.6610 3.7133 -32.5259 2.2579 44.8744 -8.5248 -2.0689
Car -1 -1 -4.7549 246.2431 179.1048 267.9126 196.7843 1.5012 1.5881 3.8419 -31.7365 2.0802 64.7977 -5.2090 -2.5487
Car -1 -1 -4.4301 355.6827 178.8942 401.6442 204.8720 1.5532 1.6638 4.3383 -14.8241 1.9592 46.3481 -4.7383 -2.5642
Car -1 -1 -4.7732 617.7654 176.5601 648.9096 205.5432 1.5502 1.5337 3.6754 1.2475 1.7697 40.9296 -4.7435 -2.9182
Car -1 -1 -4.6266 630.3189 175.2742 659.9236 199.2982 1.4982 1.6173 3.9563 2.3160 1.6641 47.4807 -4.5786 -3.1397
Car -1 -1 -4.2611 120.3721 202.7238 187.0927 233.2964 1.5062 1.6615 4.0315 -26.3306 3.3203 41.7341 -4.8213 -3.6695
Car -1 -1 -4.6133 357.1114 185.2149 378.7236 202.5944 1.5580 1.5874 4.1003 -23.4563 2.7933 69.9517 -4.9361 -3.7152
Car -1 -1 -3.4005 575.6195 177.3543 641.0225 201.4146 1.4640 1.6097 3.8540 -0.1531 1.7565 45.6602 -3.4043 -3.8286
Car -1 -1 -4.5909 318.1758 185.2591 345.1616 207.3649 1.6623 1.5952 3.7713 -22.5745 2.7034 58.5511 -4.9577 -4.1245
Car -1 -1 -8.0839 382.4040 177.1353 432.3550 212.4011 1.6987 1.6079 4.0638 -10.6038 1.9335 37.4490 -8.3584 -4.2609
Car -1 -1 -5.0895 765.0165 183.7128 795.6202 201.7346 1.6239 1.6175 3.6590 16.2953 2.6951 69.2696 -4.8599 -4.3345
Car -1 -1 -3.4276 0.0000 179.0477 82.0247 209.8531 1.6514 1.6985 4.5216 -33.7305 2.0314 41.9600 -4.1018 -4.3836
Car -1 -1 -2.2507 0.0000 188.5533 40.4885 219.8898 1.4988 1.7600 4.4329 -31.9860 2.3321 37.0470 -2.9595 -4.4739
Car -1 -1 -4.1924 253.0284 190.4342 309.2717 217.0874 1.6999 1.6815 4.3690 -23.3053 3.0031 51.2461 -4.6176 -4.5478
Car -1 -1 -4.5836 954.4893 195.9646 991.8387 222.5050 1.4604 1.6062 4.1396 22.9703 2.9913 45.6404 -4.1206 -4.6034
Car -1 -1 -4.7848 585.6379 180.1024 605.1813 196.2966 1.4359 1.5549 3.8355 -1.4153 2.1359 67.7333 -4.8060 -4.7299
Car -1 -1 -5.0336 946.6443 193.7285 984.9119 214.4362 1.3829 1.4875 3.6022 26.4820 2.9955 53.8676 -4.5795 -4.8376
Car -1 -1 -4.9311 734.6208 196.7368 775.8522 226.3609 1.5553 1.6254 3.6358 8.5034 3.0284 42.6795 -4.7366 -4.8551
Car -1 -1 -3.9497 764.6274 191.2720 807.8340 210.3754 1.5634 1.6015 3.7144 15.6085 3.2385 63.9597 -3.7120 -4.8703
Car -1 -1 -4.7003 21.1477 189.9147 62.6946 223.0269 1.4722 1.5688 3.9399 -28.5103 2.3768 36.2273 -5.3636 -4.9176
Car -1 -1 -4.6356 18.9889 175.6513 54.1657 196.3569 1.4057 1.6424 4.3320 -41.1814 1.6151 51.8494 -5.3044 -4.9279
Car -1 -1 -4.9413 522.0004 181.0845 546.5267 198.0582 1.5171 1.4956 3.7642 -7.2339 2.3209 68.4748 -5.0466 -4.9768
Car -1 -1 -4.5019 631.9057 183.9453 666.4366 208.2151 1.5957 1.5926 4.4497 2.8362 2.4301 51.9485 -4.4483 -4.9769
Car -1 -1 -4.6154 534.6578 177.5226 560.5476 196.9708 1.4403 1.6273 4.1626 -4.8790 1.8193 56.5294 -4.7015 -5.0412
Car -1 -1 -5.0310 466.5784 177.9928 496.7501 195.9189 1.6063 1.6277 3.9971 -12.1495 2.1058 68.0307 -5.2074 -5.1672
Car -1 -1 -4.2716 428.1842 179.9668 472.9822 204.2806 1.5186 1.5685 3.5004 -10.6008 2.0105 48.0471 -4.4880 -5.2106
Car -1 -1 -4.6290 606.4453 179.9236 630.1349 201.1976 1.5810 1.5626 3.7679 0.6555 2.1570 56.8674 -4.6180 -5.3293
Car -1 -1 -4.6543 396.1582 179.9027 427.7635 204.0875 1.3338 1.5910 3.9566 -11.8240 1.7752 43.1167 -4.9207 -5.4795
Car -1 -1 -4.8351 1149.3934 196.0847 1194.8066 226.2740 1.5398 1.6235 3.6265 32.4749 2.9492 41.8131 -4.1789 -5.4991
Car -1 -1 -4.9250 616.5596 179.9398 644.1659 200.9440 1.6517 1.5918 3.4359 1.6329 2.2568 59.8137 -4.8984 -5.6041
Car -1 -1 -4.1906 509.0973 178.9266 548.0740 198.1448 1.4536 1.5509 3.5197 -6.5037 1.9552 57.7129 -4.3026 -5.6241
Car -1 -1 -4.6678 967.4331 197.7719 1006.7639 230.6830 1.5299 1.7206 3.7439 20.2198 2.9370 38.7000 -4.1903 -5.6320
Car -1 -1 -4.6926 558.8896 177.8509 586.0492 202.4748 1.4263 1.6002 3.7381 -2.3118 1.7470 44.4566 -4.7447 -5.6662
Car -1 -1 -4.7493 509.6870 179.7686 528.9391 195.5307 1.3940 1.6400 4.2536 -8.5940 2.0668 68.0041 -4.8748 -5.6754
Car -1 -1 -4.6852 408.6904 178.4109 435.5404 201.4856 1.3949 1.5724 4.5084 -12.2624 1.7758 47.1331 -4.9387 -5.7062
Car -1 -1 -7.6359 485.7872 180.6517 524.0834 204.6071 1.3955 1.6214 3.6388 -6.5590 1.9031 45.1260 -7.7799 -5.7189
Car -1 -1 -3.5950 164.7275 197.0013 243.8605 227.3329 1.6282 1.5034 3.9520 -24.7377 3.1707 44.0490 -4.1044 -5.7225
Car -1 -1 -5.2313 795.7004 187.8492 1022.7605 289.3561 1.3379 1.6332 4.1891 4.7652 1.6401 12.3574 -4.8722 -5.7310
Car -1 -1 -4.7760 430.1173 183.4394 454.5014 203.2180 1.5268 1.7295 3.9333 -14.0242 2.4397 60.1147 -5.0046 -5.7458
Car -1 -1 -4.5410 537.6168 179.1186 559.2252 195.2845 1.4779 1.5080 3.3830 -5.8906 2.0925 69.0717 -4.6261 -5.8135
Car -1 -1 -4.7061 1109.4340 183.3876 1135.9806 203.9142 1.5352 1.6959 3.8290 41.2697 2.4134 58.1206 -4.0915 -5.8472
Car -1 -1 -4.8851 1241.0000 170.5734 1241.0000 196.3819 1.4958 1.6451 3.9905 41.4720 1.3633 43.9370 -4.1322 -5.8867
Car -1 -1 -4.6317 549.2451 177.5389 575.2712 197.9858 1.4036 1.5775 3.9217 -3.4625 1.7564 52.4060 -4.6977 -5.8867
Car -1 -1 -4.9112 1241.0000 168.0208 1241.0000 195.1832 1.4835 1.6423 3.9941 41.4698 1.2193 41.5280 -4.1303 -5.8867
Car -1 -1 -4.6450 561.3344 176.1042 583.7313 193.6672 1.3670 1.5675 3.9038 -3.0521 1.6406 58.8511 -4.6969 -5.8867
Car -1 -1 -4.6768 1046.0149 174.0164 1068.9865 191.4733 1.5595 1.6780 4.0142 41.4754 1.6704 66.8773 -4.1239 -5.8867
Car -1 -1 -6.7853 0.0000 0.0000 1241.0000 374.0000 1.5408 1.5871 3.8023 -2.9054 1.6319 1.0046 -7.9391 -5.8867
Car -1 -1 -7.3783 1008.9089 170.5033 1047.7524 186.5042 1.5189 1.6443 3.9666 40.7232 1.2954 70.2549 -6.8550 -5.8867
Car -1 -1 -3.5045 0.0000 190.4295 0.0000 374.0000 1.4986 1.6047 3.9552 -7.0817 1.6084 2.5306 -4.6973 -5.8867
Car -1 -1 -4.5159 0.0000 178.6581 29.2145 201.3058 1.4685 1.6250 3.8625 -41.6986 1.8866 49.9374 -5.2091 -5.8898
Car -1 -1 -4.4254 0.0000 185.0971 61.3284 284.2081 1.4608 1.6428 4.2151 -11.8744 1.7270 13.4511 -5.1389 -5.8991
Car -1 -1 -3.7139 1000.1694 192.6431 1091.6251 218.6963 1.3165 1.6728 3.9255 23.3150 2.4034 38.7376 -3.1761 -5.9243
Car -1 -1 -4.5119 438.6753 178.9696 477.3176 202.4282 1.3634 1.5532 4.2297 -9.4918 1.7639 45.1612 -4.7183 -5.9256
Car -1 -1 -4.7725 1194.4668 183.1268 1230.4774 208.4655 1.6071 1.6581 3.5834 41.0579 2.3358 49.2683 -4.0812 -5.9368
Car -1 -1 -4.1863 0.0000 183.1493 0.0000 316.2502 1.4140 1.5014 3.6288 -10.7089 1.5831 9.9192 -4.9965 -5.9742
Car -1 -1 -6.6744 288.8289 175.8722 336.9468 199.6504 1.9551 1.6514 3.4271 -25.3583 2.2198 61.5732 -7.0638 -6.0290
Car -1 -1 -4.7765 1090.5159 194.5195 1134.7736 223.4637 1.2948 1.6262 3.2553 25.5460 2.4542 36.8076 -4.1742 -6.0535
Car -1 -1 -4.5918 83.2636 174.5146 118.1337 194.4126 1.5459 1.8346 4.0553 -41.3698 1.6857 58.6482 -5.2042 -6.1532
Car -1 -1 -5.1697 248.7050 183.6557 297.9022 207.1935 1.6527 1.7187 4.1279 -25.4479 2.4966 54.4271 -5.6055 -6.2263
Car -1 -1 -7.6039 410.4485 175.6583 464.1280 213.8913 1.8520 1.7285 4.1278 -8.8997 2.0049 37.3341 -7.8368 -6.3596
Car -1 -1 -4.5830 432.1004 176.7877 457.2021 196.1964 1.7350 1.7596 4.2337 -15.4696 2.1151 67.5804 -4.8075 -6.6208
Car -1 -1 -4.9043 613.4255 176.0137 644.3079 202.5635 1.8203 1.5792 3.4359 1.2886 2.0545 51.7303 -4.8801 -7.3460
