Car -1 -1 -4.4057 347.0717 183.2440 430.2599 227.9811 1.4358 1.6597 4.3233 -8.0018 1.8460 26.3390 -4.6983 6.4264
Car -1 -1 -4.6065 468.0527 180.1491 500.8080 203.3376 1.4527 1.7289 4.4103 -8.4877 1.9694 48.8802 -4.7780 2.0967
Car -1 -1 -7.4874 613.1208 180.5170 661.9473 205.8808 1.4585 1.6279 4.2905 1.7450 1.9623 45.1695 -7.4496 1.1986
Car -1 -1 -7.7634 325.7653 171.1883 346.7639 187.4933 1.5409 1.5884 3.5881 -26.5975 1.3832 70.1317 -8.1248 -1.3621
Car -1 -1 -4.2182 102.7464 194.6894 160.4520 220.2623 1.5043 1.6929 3.5046 -31.3692 2.9926 47.3715 -4.8007 -1.9527
Car -1 -1 -4.7603 451.3121 179.3470 478.3615 203.5064 1.5670 1.6405 4.2790 -10.1855 2.0397 50.2965 -4.9595 -2.3368
Car -1 -1 -5.7664 566.3864 179.4182 652.9010 211.5166 1.4915 1.6279 4.0272 -0.0748 1.8335 35.9222 -5.7691 -3.1618
Car -1 -1 -4.6296 23.8667 188.9534 62.1272 215.6629 1.5466 1.6146 3.7298 -36.2820 2.6217 46.1949 -5.2927 -3.3575
Car -1 -1 -4.3218 321.2954 183.8833 378.7709 211.9458 1.4690 1.6612 4.1222 -14.9156 2.1355 41.5192 -4.6650 -3.3946
Car -1 -1 -2.9337 63.5545 189.5070 186.0025 229.6115 1.4138 1.5405 3.7014 -18.7541 2.0920 27.9974 -3.5197 -3.4026
Car -1 -1 -4.2026 629.6467 178.1468 686.2222 204.7538 1.5263 1.6765 4.1345 2.9682 1.8681 44.4516 -4.1369 -3.6351
Car -1 -1 -4.4048 421.0509 181.8390 460.8101 204.2729 1.5021 1.6741 3.9327 -12.1539 2.1741 51.9622 -4.6338 -3.6917
Car -1 -1 -4.2336 41.9684 187.1226 112.9477 215.8169 1.5636 1.6515 4.3286 -32.2773 2.4749 43.8353 -4.8656 -3.7401
Car -1 -1 -4.9832 620.9282 178.0132 667.6999 207.5676 1.5634 1.6419 3.9677 1.8573 1.8716 41.0257 -4.9389 -4.1346
Car -1 -1 -5.0294 424.2249 177.5431 460.1146 199.0687 1.5957 1.6252 3.8087 -13.1831 1.9754 56.4291 -5.2582 -4.1834
Car -1 -1 -7.9064 639.2811 179.5812 674.2291 210.2110 1.4427 1.5684 3.5722 2.2862 1.8000 36.5659 -7.8451 -4.3865
Car -1 -1 -3.6819 315.0020 177.9843 364.2898 195.3153 1.5264 1.5984 4.0281 -25.0323 2.0162 66.8490 -4.0392 -4.5354
Car -1 -1 -4.6915 818.7889 205.0078 850.8040 240.3667 1.5145 1.4733 3.7314 11.3749 3.2322 36.5502 -4.3931 -4.5913
Car -1 -1 -5.2205 361.9535 180.9429 423.0666 207.8974 1.4563 1.6641 4.0414 -12.7881 1.9515 42.1910 -5.5134 -4.8259
Car -1 -1 -4.4850 607.4462 179.3353 632.7436 196.7085 1.5582 1.5730 3.8369 0.9644 2.1898 68.2964 -4.4714 -4.8660
Car -1 -1 -4.4379 664.3664 191.2214 692.4086 207.9982 1.4219 1.6758 3.7231 6.4194 3.1957 67.6548 -4.3443 -4.8932
Car -1 -1 -7.8844 477.1061 173.1203 498.9746 192.9045 1.7185 1.7996 4.8716 -11.0948 1.7433 65.3088 -8.0523 -4.9453
Car -1 -1 -4.7219 195.5146 189.6470 240.4609 228.9147 1.3925 1.5193 3.9528 -16.0658 2.1271 29.4782 -5.2174 -4.9513
Car -1 -1 -4.9578 532.5635 177.6936 561.6324 196.0564 1.4523 1.5461 3.7439 -5.3002 1.8691 60.1554 -5.0457 -4.9968
Car -1 -1 -4.9240 500.6938 176.0395 538.4257 200.9106 1.5549 1.6369 4.1895 -6.0856 1.7762 47.9333 -5.0500 -5.0620
Car -1 -1 -4.9116 605.3244 178.0663 633.3444 199.0737 1.6113 1.5679 3.6238 0.6949 2.0456 58.2271 -4.9002 -5.1274
Car -1 -1 -4.9719 66.7936 207.5898 117.9482 235.1016 1.3745 1.5827 3.5234 -30.2972 3.4871 42.1560 -5.5923 -5.1820
Car -1 -1 -4.8912 296.8315 177.8593 321.6187 195.2770 1.5482 1.5139 3.6031 -28.0381 2.0272 67.1651 -5.2855 -5.3036
Car -1 -1 -4.8284 446.6017 177.6541 473.0673 196.4217 1.4276 1.6289 4.0405 -12.1635 1.8287 58.1710 -5.0339 -5.5154
Car -1 -1 -4.9086 370.4107 178.9140 399.0189 197.3487 1.5875 1.6798 4.3488 -20.6484 2.1607 65.9662 -5.2111 -5.6504
Car -1 -1 -5.2676 688.2112 193.7918 727.0031 212.9345 1.3727 1.5832 3.2481 7.7201 3.0934 57.4986 -5.1355 -5.6532
Car -1 -1 -4.8206 418.8647 177.1796 438.2916 193.3335 1.5470 1.5639 2.9103 -18.0389 1.9858 71.6110 -5.0667 -5.7278
Car -1 -1 -4.5807 529.8143 178.9608 560.7993 201.4122 1.3760 1.5202 3.9460 -4.2339 1.7931 47.3147 -4.6699 -5.7480
Car -1 -1 -4.9115 363.8953 182.1185 422.4583 215.5380 1.3900 1.7538 4.5478 -10.2540 1.8544 33.7698 -5.2045 -5.8030
Car -1 -1 -4.5349 72.0149 186.3366 116.6038 212.2292 1.5428 1.6797 4.1193 -33.9327 2.4721 47.5272 -5.1525 -5.8203
Car -1 -1 -4.5316 368.7005 180.4694 413.3951 209.7085 1.4580 1.6032 4.1346 -11.8794 1.8945 39.2404 -4.8241 -5.8322
Car -1 -1 -4.8696 571.2646 178.5469 605.5558 200.9511 1.3676 1.5969 4.2494 -1.4981 1.7591 47.4175 -4.9014 -5.8370
Car -1 -1 -7.6092 740.2842 185.4812 863.4787 273.2137 1.4222 1.5794 3.2876 3.7713 1.6995 14.0419 -7.3531 -5.8578
Car -1 -1 -4.5574 0.0000 184.9433 28.9444 209.1762 1.5311 1.6540 4.0105 -41.6064 2.4024 49.8757 -5.2502 -5.8867
Car -1 -1 -4.5157 0.0000 183.9840 0.0000 209.9389 1.5063 1.6473 4.0094 -41.6094 2.2464 45.8556 -5.2499 -5.8867
Car -1 -1 -4.4805 0.0000 185.4383 0.0000 214.0256 1.5292 1.6537 4.0132 -41.6083 2.3100 42.6346 -5.2507 -5.8867
Car -1 -1 -4.7168 551.2559 178.5494 570.5083 196.1919 1.4265 1.5895 3.9458 -4.2333 1.9290 61.6741 -4.7854 -5.8867
Car -1 -1 -4.6180 392.6681 176.6530 413.6088 192.8991 1.5421 1.6395 3.8317 -20.4806 1.9289 71.4751 -4.8964 -6.0070
Car -1 -1 -4.6575 483.2108 175.0149 505.5487 193.4771 1.5285 1.6923 3.8878 -9.9650 1.7207 62.2316 -4.8159 -6.0093
Car -1 -1 -4.7386 831.0934 188.9787 852.2166 208.5459 1.6218 1.7081 3.8225 20.9100 3.1269 65.2925 -4.4306 -6.5682
Car -1 -1 -7.7603 283.1827 178.9592 315.8553 205.5125 1.5125 1.4684 3.9537 -18.9964 1.9038 44.1755 -8.1645 -7.0571
