Car -1 -1 -7.4816 233.6379 191.3233 296.0134 221.8066 1.4980 1.6671 4.3668 -19.2697 2.5892 40.4042 -7.9244 -0.5445
Car -1 -1 -4.5823 13.6303 188.6710 73.5514 228.8751 1.5533 1.5856 3.5492 -24.5562 2.2821 31.3291 -5.2431 -1.7552
Car -1 -1 -4.0987 65.9344 182.8777 147.0081 213.8627 1.5422 1.6284 3.9422 -27.2626 2.1135 39.1696 -4.7037 -2.3508
Car -1 -1 -4.5378 624.4413 177.9214 663.3058 206.5721 1.5846 1.6290 4.0551 2.0230 1.9002 42.8255 -4.4915 -2.6855
Car -1 -1 -2.7309 791.0646 200.6490 867.5554 230.5906 1.4882 1.6608 3.8349 12.4564 3.1474 41.2088 -2.4402 -2.7406
Car -1 -1 -7.8430 149.4607 185.8311 190.3214 222.5949 1.6187 1.6208 3.4263 -21.3434 2.2816 34.9887 -8.3876 -2.8511
Car -1 -1 -4.9054 611.0955 178.3000 648.8588 203.7087 1.5470 1.6815 4.1748 1.2197 1.9186 47.0711 -4.8802 -3.1444
Car -1 -1 -4.5867 442.9012 185.7939 464.5227 202.5951 1.5041 1.5809 3.7264 -15.0417 2.7845 69.4854 -4.7995 -3.3081
Car -1 -1 -6.5165 624.0523 177.8973 699.7762 204.4304 1.4449 1.6385 4.0043 2.8772 1.7381 40.8579 -6.4472 -3.4367
Car -1 -1 -4.6250 594.7106 178.2333 623.0189 202.8694 1.5605 1.5823 3.7911 -0.0731 1.9364 48.5132 -4.6270 -3.5765
Car -1 -1 -5.0221 632.0078 180.7988 665.5720 202.1988 1.5572 1.5305 3.7233 2.9441 2.1952 55.9793 -4.9703 -3.5904
Car -1 -1 -4.3453 385.4498 191.7764 419.0923 211.2714 1.5687 1.6012 3.8037 -18.3593 3.2940 63.8375 -4.6247 -3.6411
Car -1 -1 -3.0363 118.6392 181.2674 192.8113 207.3007 1.5929 1.6704 3.9148 -29.4136 2.1570 46.7964 -3.5951 -3.9296
Car -1 -1 -2.3458 0.0000 175.2557 67.5502 208.6148 1.6071 1.6724 4.0833 -29.6576 1.7300 35.9674 -3.0318 -4.3835
Car -1 -1 -7.9879 598.3417 179.2354 636.3623 207.4913 1.4689 1.5806 4.2262 0.3248 1.8479 40.6964 -7.9805 -4.3893
Car -1 -1 -7.4636 151.0171 182.4823 323.7188 269.0187 1.4969 1.6478 4.3382 -7.6348 1.7290 15.1957 -7.9227 -4.6798
Car -1 -1 -6.1029 883.5507 179.7215 1035.2419 241.5496 1.5378 1.5753 3.5682 9.5918 1.7438 19.9975 -5.6621 -4.7057
Car -1 -1 -7.4059 261.2149 188.7438 324.9563 218.7108 1.4969 1.6352 4.1123 -17.6653 2.4308 40.3377 -7.8166 -4.8105
Car -1 -1 -7.4090 112.2329 180.3815 179.0407 210.2030 1.5511 1.6510 3.8552 -26.0472 1.9949 40.5595 -7.9771 -4.8501
Car -1 -1 -3.1117 745.0358 166.8913 840.8080 205.0441 1.9983 1.7441 4.9496 9.9041 1.6857 39.3020 -2.8671 -5.0181
Car -1 -1 -3.4166 615.3259 181.6715 669.7725 202.9028 1.5051 1.4973 3.7491 2.3623 2.1700 53.2727 -3.3730 -5.1314
Car -1 -1 -5.1190 582.8912 173.6796 621.9524 200.5609 1.9904 1.6700 3.7150 -0.6488 2.0561 55.5881 -5.1311 -5.2564
Car -1 -1 -4.9129 580.9867 180.2700 606.4656 197.8148 1.5522 1.6695 3.7263 -1.5728 2.2665 67.5278 -4.9366 -5.2602
Car -1 -1 -2.7284 0.0000 173.8011 71.0350 318.8747 1.6163 1.6735 4.1079 -9.9690 1.6306 9.5937 -3.5190 -5.4704
Car -1 -1 -6.6873 782.3210 171.6133 887.1042 213.2634 1.4897 1.4769 3.3980 8.2378 1.4451 26.7263 -6.3919 -5.5530
Car -1 -1 -4.4753 561.5936 180.1398 596.0479 202.5491 1.5979 1.6527 4.3958 -2.3691 2.1790 55.2702 -4.5184 -5.6084
Car -1 -1 -8.3933 1083.9288 176.6936 1241.0000 374.0000 1.5515 1.7101 4.1629 3.9595 1.5815 3.4726 -7.5844 -5.6697
Car -1 -1 -4.8446 523.1970 183.9695 546.7396 201.1062 1.4742 1.6538 4.0200 -7.0177 2.5392 67.0045 -4.9490 -5.7303
Car -1 -1 -5.0654 896.3849 183.5565 948.9446 212.3558 1.5935 1.6858 3.7375 18.6369 2.2631 43.2514 -4.6615 -5.7711
Car -1 -1 -4.9208 514.7715 181.6684 548.0815 204.1575 1.5371 1.6338 4.0434 -5.8610 2.2132 53.1962 -5.0305 -5.7721
Car -1 -1 -4.8500 552.9575 177.8540 582.9456 200.3961 1.5009 1.6015 3.7957 -3.0359 1.8677 50.9539 -4.9096 -5.8154
Car -1 -1 -8.1914 1062.6149 184.5857 1138.6987 223.4373 1.6361 1.7026 3.9713 22.8373 2.2203 33.8101 -7.6020 -5.8790
Car -1 -1 -4.6469 386.0415 183.3342 412.1021 205.5042 1.5448 1.6266 3.9982 -15.8978 2.3658 54.4153 -4.9302 -5.8860
Car -1 -1 -4.6069 531.1672 179.2279 557.1390 199.1267 1.4444 1.5897 3.9384 -5.0692 1.9530 55.6240 -4.6977 -5.8867
Car -1 -1 -4.6965 560.8024 181.5169 578.4459 197.6975 1.4446 1.6151 4.0116 -3.8361 2.2928 68.6355 -4.7525 -5.8867
Car -1 -1 -8.4289 0.0000 0.0000 948.8097 374.0000 1.5501 1.5924 3.8076 0.6999 1.6185 0.9962 -7.9397 -5.8867
Car -1 -1 -4.5881 517.0928 180.5782 543.5813 200.5748 1.4777 1.5983 3.9477 -6.2668 2.1071 56.8381 -4.6978 -5.8867
Car -1 -1 -4.8749 756.0193 174.1578 808.5500 209.6873 1.4451 1.5909 3.9387 7.4079 1.5053 31.5119 -4.6465 -5.8867
Car -1 -1 -3.9356 0.0000 191.8830 325.1581 374.0000 1.5200 1.6117 3.9661 -2.6686 1.6388 2.5231 -4.6976 -5.8867
Car -1 -1 -3.5046 0.0000 195.7714 0.0000 374.0000 1.5085 1.6073 3.9590 -7.0815 1.6518 2.5300 -4.6974 -5.8867
Car -1 -1 -4.4879 402.1615 183.5591 429.2976 201.0158 1.5395 1.6327 3.9561 -18.3193 2.5794 68.1032 -4.7500 -5.8867
Car -1 -1 -7.3170 149.2567 0.0000 1241.0000 374.0000 1.5563 1.5931 3.8087 -0.9079 1.6597 0.9962 -7.9397 -5.8867
Car -1 -1 -4.4049 547.4722 179.3289 582.5312 199.0581 1.4461 1.6310 3.8985 -3.5007 1.9702 56.3475 -4.4671 -5.8867
Car -1 -1 -3.7069 0.0000 192.1113 66.7071 374.0000 1.5133 1.6091 3.9637 -4.2766 1.6335 2.5238 -4.6976 -5.8867
Car -1 -1 -5.1129 698.2448 173.6485 769.7217 210.5137 1.5308 1.6811 4.0450 5.4058 1.5683 32.2171 -4.9487 -5.8984
Car -1 -1 -6.0053 1198.2013 0.0000 1241.0000 374.0000 1.5577 1.7956 4.8377 5.8104 1.3890 3.2544 -4.9831 -6.0969
Car -1 -1 -5.3429 799.6605 171.7255 911.0562 218.1633 1.4313 1.6351 3.7386 8.0878 1.3963 24.2699 -5.0253 -6.9268
Car -1 -1 -7.1849 289.5611 192.1442 461.1303 295.3960 1.3907 1.2322 2.7061 -3.7545 1.7444 11.7570 -7.4884 -6.9686
