Car -1 -1 -4.9620 620.3386 176.8717 665.9552 205.5924 1.5417 1.6051 4.2875 1.8145 1.7858 41.6268 -4.9193 -0.6411
Car -1 -1 -7.5547 650.6464 178.3938 686.5821 201.2956 1.5644 1.5797 3.6957 4.2513 1.9809 52.2694 -7.4745 -1.2835
Car -1 -1 -6.2980 102.7980 185.9265 202.8413 226.6568 1.6288 1.6376 3.6220 -20.0088 2.2314 31.6014 -6.8589 -2.3182
Car -1 -1 -5.1545 420.0718 188.1356 463.6472 211.3637 1.5337 1.6425 3.6975 -12.2171 2.6799 52.1754 -5.3839 -3.5196
Car -1 -1 -2.9718 829.2120 201.9660 908.1855 235.7261 1.5480 1.5487 3.6426 13.3393 3.1177 37.3470 -2.6322 -3.5940
Car -1 -1 -6.8859 242.2563 189.6955 320.5824 217.7574 1.4800 1.6240 4.0084 -19.4352 2.5275 42.7535 -7.3105 -3.6954
Car -1 -1 -7.4444 202.5553 190.0833 276.6481 223.1091 1.4842 1.7107 4.5578 -19.0063 2.4273 37.1802 -7.9144 -3.7115
Car -1 -1 -4.1920 0.0000 184.4110 51.3804 218.8230 1.4840 1.6583 3.6251 -28.6253 2.0646 34.3374 -4.8832 -4.0561
Car -1 -1 -4.9424 964.1400 196.5078 1018.5873 231.3374 1.5309 1.5860 3.8084 19.1895 2.7950 36.5275 -4.4628 -4.1434
Car -1 -1 -4.6797 143.8735 186.8911 179.4132 221.2357 1.9169 1.7107 3.9739 -27.4338 2.8179 44.1776 -5.2329 -4.4283
Car -1 -1 -5.6064 548.9038 181.1664 603.5072 203.7166 1.5590 1.5974 3.8508 -2.5293 2.1895 52.9734 -5.6544 -4.5263
Car -1 -1 -4.6278 592.9808 177.1806 624.2352 203.5223 1.5435 1.6291 3.8622 -0.0812 1.8245 44.9246 -4.6301 -4.5485
Car -1 -1 -5.1732 482.8229 183.9518 522.7117 204.2706 1.5659 1.6029 4.1570 -8.9965 2.5237 60.1321 -5.3216 -4.6398
Car -1 -1 -5.0713 954.0127 195.8310 1009.0268 226.0388 1.5715 1.6126 3.8685 21.8263 2.9921 42.6086 -4.6015 -4.7568
Car -1 -1 -2.8713 71.9372 173.6449 143.6911 203.4533 1.8227 1.7518 3.3736 -31.6849 1.8738 45.5740 -3.4763 -4.8121
Car -1 -1 -4.3208 285.8607 189.1968 336.6594 214.0695 1.4345 1.6726 3.7754 -19.0072 2.5186 45.9857 -4.7111 -4.9623
Car -1 -1 -4.8037 388.7109 180.4942 414.9441 199.8385 1.4585 1.6551 4.3350 -16.9509 2.1027 58.5531 -5.0846 -5.3007
Car -1 -1 -6.3787 635.6646 176.7718 724.6127 205.1442 1.4951 1.7099 4.6527 3.7121 1.7119 39.1203 -6.2853 -5.3140
Car -1 -1 -2.2313 223.8473 189.2537 277.4471 210.1651 1.6732 1.7281 4.5272 -31.0378 3.1279 62.2564 -2.6923 -5.3498
Car -1 -1 -8.7675 1128.1283 0.0000 1241.0000 374.0000 1.7522 1.9066 4.9785 5.0731 1.5357 3.3990 -7.8269 -5.4092
Car -1 -1 -6.0715 996.6625 179.4908 1241.0000 354.1185 1.5962 1.7163 3.8169 7.0097 1.6950 8.7600 -5.4138 -5.4259
Car -1 -1 -4.8687 602.1667 177.9551 632.5682 198.2372 1.5383 1.7501 4.6228 0.5239 1.9676 58.3554 -4.8603 -5.5185
Car -1 -1 -4.5253 542.9485 177.8588 577.6348 202.6914 1.6297 1.6284 4.4492 -3.4656 1.9963 50.5880 -4.5938 -5.5810
Car -1 -1 -4.5096 451.9566 182.2210 486.4187 205.0120 1.5532 1.6699 4.2170 -10.3288 2.2688 53.0300 -4.7014 -5.7404
Car -1 -1 -4.9642 519.6700 180.4780 551.8719 199.1481 1.4201 1.6406 4.0926 -6.1205 2.0653 58.8854 -5.0677 -5.7704
Car -1 -1 -4.3788 513.1501 181.0423 552.6155 202.1277 1.4921 1.6833 4.2992 -5.8673 2.1432 55.1168 -4.4848 -5.7760
Car -1 -1 -4.8697 515.5645 178.4255 548.2764 202.1249 1.5279 1.6274 3.9857 -5.4444 1.9276 49.6603 -4.9787 -5.8118
Car -1 -1 -4.8990 493.6441 179.9193 527.6085 203.5190 1.5515 1.6451 4.0540 -7.0840 2.0713 50.9270 -5.0370 -5.8269
Car -1 -1 -4.7325 441.5749 183.0211 465.0183 206.1149 1.6128 1.6433 3.9568 -11.8650 2.4085 54.3691 -4.9468 -5.8333
Car -1 -1 -4.8594 554.2950 177.6813 587.1156 201.8392 1.4913 1.6074 3.7749 -2.6506 1.8213 47.3560 -4.9155 -5.8552
Car -1 -1 -4.2982 336.8973 181.5033 378.0591 200.9965 1.4999 1.6619 4.1840 -20.8189 2.2395 59.5775 -4.6333 -5.8669
Car -1 -1 -4.4653 421.9627 181.2296 454.7884 201.1889 1.4713 1.5978 3.9476 -13.5028 2.1539 56.8404 -4.6979 -5.8867
Car -1 -1 -4.5980 525.7485 179.7867 549.3157 197.5695 1.4527 1.5926 3.9405 -6.2664 2.0717 62.4713 -4.6979 -5.8867
Car -1 -1 -4.3427 380.8206 181.7924 422.3718 203.4363 1.5046 1.6299 4.0528 -15.5638 2.1989 53.9779 -4.6225 -5.8867
Car -1 -1 -8.1634 0.0000 0.0000 853.1155 374.0000 1.5414 1.5878 3.8033 0.3103 1.5967 1.0050 -7.9392 -5.8867
Car -1 -1 -4.6263 546.7432 178.5854 569.9449 196.7893 1.4236 1.5833 3.9300 -4.2645 1.9128 59.6468 -4.6977 -5.8867
Car -1 -1 -4.5378 477.6996 179.6640 508.3562 200.3315 1.4419 1.5896 3.9362 -8.6807 1.9663 53.6217 -4.6979 -5.8867
Car -1 -1 -6.9165 0.0000 0.0000 1241.0000 374.0000 1.5488 1.5908 3.8051 -2.1017 1.6481 1.0033 -7.9391 -5.8867
Car -1 -1 -4.6188 541.9498 179.3849 563.9314 196.5460 1.4412 1.5876 3.9340 -5.0605 2.0388 64.0778 -4.6977 -5.8867
Car -1 -1 -3.5047 0.0000 196.4022 0.0000 374.0000 1.5100 1.6073 3.9596 -7.0814 1.6573 2.5303 -4.6974 -5.8867
Car -1 -1 -4.7805 566.0543 177.6836 589.3876 195.7236 1.3813 1.6160 3.9320 -2.6687 1.7855 58.3885 -4.8263 -5.8867
Car -1 -1 -4.4456 406.7820 181.2950 439.6995 200.6375 1.4673 1.5966 3.9460 -15.1105 2.1740 58.4496 -4.6979 -5.8867
Car -1 -1 -4.4979 962.0486 195.4109 1010.6598 227.2146 1.5213 1.5837 3.8270 20.4931 2.8114 39.2995 -4.0211 -6.1629
Car -1 -1 -4.4820 358.0399 181.0774 391.0261 199.4427 1.4141 1.7240 3.9501 -19.3721 2.1143 59.4254 -4.7961 -6.2788
