Car -1 -1 -2.1397 296.8419 185.8211 351.9397 211.2021 1.5548 1.6197 3.7625 -18.9524 2.4442 47.7533 -2.5160 -1.5187
Car -1 -1 -4.7597 613.4646 182.8697 640.8542 206.9833 1.4860 1.6309 3.9095 1.0739 2.1805 48.0807 -4.7381 -2.0112
Car -1 -1 -4.8603 661.9276 181.3414 727.0409 230.2020 1.5184 1.6457 4.0806 2.8149 1.8391 25.2132 -4.7512 -2.3807
Car -1 -1 -4.3580 354.6542 183.7916 401.4448 206.5441 1.4671 1.7258 4.3781 -16.3212 2.2720 50.8910 -4.6672 -2.5205
Car -1 -1 -4.7926 634.1861 184.1028 665.7931 208.3962 1.4944 1.7685 4.3991 2.6172 2.2875 48.6679 -4.7397 -2.8026
Car -1 -1 -4.6471 622.3054 182.2494 652.7390 210.5313 1.5141 1.5316 3.6405 1.5933 2.0824 41.7732 -4.6098 -3.1754
Car -1 -1 -6.7290 648.0853 185.9838 746.5903 221.1072 1.4418 1.6448 4.0394 3.8366 2.0520 32.1188 -6.6119 -3.2423
Car -1 -1 -6.6925 588.2025 185.3830 640.8397 206.3082 1.5025 1.6027 3.6797 0.3157 2.4830 55.0190 -6.6873 -3.3446
Car -1 -1 -4.5039 329.1866 186.7626 367.9521 209.8199 1.4138 1.6310 4.2635 -17.7803 2.4038 49.1490 -4.8497 -3.4137
Car -1 -1 -6.1989 163.6470 189.4044 261.9007 223.9340 1.4292 1.6224 3.7868 -18.0037 2.2160 32.8122 -6.6976 -3.4673
Car -1 -1 -4.8372 616.3466 180.8024 658.6577 214.9754 1.5617 1.6109 3.9659 1.2752 1.9802 35.9735 -4.8027 -3.5655
Car -1 -1 -3.8121 319.4336 184.1042 377.7379 210.7968 1.8538 1.8202 3.7890 -19.5345 2.7275 53.9634 -4.1582 -3.7529
Car -1 -1 -4.8313 618.5671 183.9973 665.8862 219.9048 1.4474 1.6325 4.1384 1.3452 1.9824 32.5317 -4.7910 -4.4749
Car -1 -1 -4.1879 389.4536 182.7924 435.9630 203.5347 1.5763 1.8107 4.2290 -16.1793 2.4240 59.2898 -4.4536 -4.5011
Car -1 -1 -4.9101 695.0309 178.9484 727.2609 204.0583 1.7387 1.5929 3.9111 7.3477 2.2023 52.9320 -4.7734 -4.5116
Car -1 -1 -4.4567 424.7014 184.8333 456.1973 203.4136 1.5897 1.7432 4.5934 -15.7258 2.7410 67.0433 -4.6867 -4.5522
Car -1 -1 -7.8125 614.4022 178.8835 667.2538 229.5172 1.5310 1.6221 3.6925 1.0506 1.7487 24.1791 -7.7704 -4.5819
Car -1 -1 -4.9391 402.4969 181.7350 439.2500 206.5224 1.6664 1.6883 4.1376 -13.7820 2.3375 52.3245 -5.1958 -4.6680
Car -1 -1 -4.7706 642.5500 180.4987 676.7876 211.7391 1.5652 1.6068 4.0294 2.6095 2.0012 39.1600 -4.7051 -4.7406
Car -1 -1 -4.8523 647.5968 186.9346 691.4153 219.4989 1.3825 1.5729 3.4508 2.7064 2.0790 33.9351 -4.7741 -5.1163
Car -1 -1 -4.7223 638.8164 183.2251 666.0485 208.9178 1.4808 1.6297 3.9625 2.5993 2.1597 45.2324 -4.6659 -5.4194
Car -1 -1 -7.9680 551.7233 168.5627 607.1109 215.6597 1.7162 1.6764 4.4730 -1.3380 1.5595 28.6346 -8.0149 -5.4746
Car -1 -1 -4.7359 567.3435 188.3715 589.9851 209.6463 1.4794 1.6319 4.2112 -2.4696 2.7185 55.4760 -4.7808 -5.5323
Car -1 -1 -4.8554 283.2888 183.8989 318.4019 211.7164 1.6864 1.5722 4.0077 -20.4370 2.4464 47.5466 -5.2597 -5.6026
Car -1 -1 -4.8502 503.4131 185.3735 528.8041 202.4453 1.4640 1.7553 4.5385 -8.8840 2.6830 67.8479 -4.9803 -5.6221
Car -1 -1 -4.5831 553.8181 182.0600 588.8199 209.2456 1.4651 1.5481 4.0177 -2.2592 2.0314 42.3441 -4.6366 -5.6437
Car -1 -1 -4.5274 489.1326 183.3230 528.3274 211.1926 1.4817 1.5445 4.0077 -5.8681 2.1193 41.9294 -4.6661 -5.6508
Car -1 -1 -4.5688 518.1062 184.1022 554.8870 213.4763 1.5635 1.5768 3.9760 -4.2624 2.2490 41.9713 -4.6700 -5.6625
Car -1 -1 -4.8118 526.2816 186.1228 548.0656 205.8600 1.7192 1.6437 3.9976 -6.8937 3.0052 67.8259 -4.9132 -5.6862
Car -1 -1 -5.1175 743.0308 188.9610 882.2997 260.6658 1.4441 1.6784 4.3306 4.7582 1.8921 17.8159 -4.8616 -5.7145
Car -1 -1 -4.5123 452.3831 183.5307 493.8341 212.1416 1.5124 1.5823 4.0232 -7.8853 2.1586 41.6717 -4.6987 -5.7347
Car -1 -1 -4.5107 437.5717 180.4838 472.0658 206.8953 1.7818 1.6798 3.8487 -11.1087 2.3488 51.7242 -4.7217 -5.7635
Car -1 -1 -4.8063 585.3155 181.8871 615.5768 206.7119 1.5805 1.7233 3.6172 -0.7194 2.2199 49.2049 -4.8214 -5.7921
Car -1 -1 -4.4760 191.8813 201.6630 239.1592 231.2240 1.5602 1.6719 3.8976 -24.1707 3.4114 44.2717 -4.9736 -5.7977
Car -1 -1 -3.8758 197.0349 195.3118 263.7510 224.4259 1.7761 1.6462 3.9651 -25.9867 3.3824 49.4718 -4.3576 -5.7983
Car -1 -1 -4.4470 400.7296 183.2733 440.6129 206.3203 1.4468 1.6169 4.0676 -12.8820 2.1863 49.1847 -4.7022 -5.8000
Car -1 -1 -4.9521 709.4636 185.5406 786.4244 231.4818 1.3834 1.6280 4.2675 4.6426 1.8629 25.1095 -4.7721 -5.8132
Car -1 -1 -4.4092 427.3914 181.2261 462.4973 201.0264 1.4664 1.5876 4.0152 -13.0753 2.1542 57.2456 -4.6331 -5.8392
Car -1 -1 -4.6311 556.3737 180.4516 584.9429 204.4210 1.5136 1.6175 3.9485 -2.6557 2.0484 48.8222 -4.6856 -5.8698
Car -1 -1 -3.5479 0.0000 192.3509 0.0000 374.0000 1.5025 1.6040 3.9568 -6.2771 1.6243 2.5314 -4.6974 -5.8867
Car -1 -1 -3.9356 0.0000 191.5306 324.9869 374.0000 1.5179 1.6101 3.9646 -2.6686 1.6345 2.5232 -4.6976 -5.8867
Car -1 -1 -4.6523 566.2194 179.1102 588.5345 197.8792 1.4448 1.5874 3.9358 -2.6564 1.9718 58.8414 -4.6976 -5.8867
Car -1 -1 -3.5142 0.0000 196.6877 0.0000 374.0000 1.5082 1.6048 3.9578 -7.8859 1.6706 2.9349 -4.6977 -5.8867
Car -1 -1 -7.1470 52.5771 0.0000 1241.0000 374.0000 1.5502 1.5881 3.8052 -1.2966 1.6491 1.0051 -7.9390 -5.8867
Car -1 -1 -4.4635 417.4118 180.6595 456.3317 204.2326 1.4602 1.5929 3.9432 -11.4948 2.0005 47.9896 -4.6977 -5.8867
Car -1 -1 -4.5084 587.2858 180.8557 616.0837 200.0113 1.4937 1.6436 3.9047 -0.6826 2.1825 60.0691 -4.5202 -5.8867
Car -1 -1 -7.7646 659.2041 181.8284 679.9301 204.4890 2.0375 1.6579 3.4056 5.6265 2.9072 68.1350 -7.6831 -6.1061
