Car -1 -1 -4.2503 145.6690 188.1892 321.6785 268.7355 1.4380 1.6623 4.2189 -8.0340 1.8183 15.7967 -4.7144 7.6078
Car -1 -1 -4.5046 427.5654 180.1873 476.1370 210.3000 1.4474 1.6492 4.2095 -8.2570 1.8529 37.8177 -4.7185 4.7624
Car -1 -1 -6.6477 0.0000 200.3719 78.3217 259.7586 1.4687 1.6266 3.8311 -18.7203 2.3801 21.8337 -7.3505 -1.3792
Car -1 -1 -4.4139 597.4677 175.5148 640.1972 202.3273 1.5664 1.5970 3.8026 0.5576 1.7382 44.6145 -4.4019 -2.0381
Car -1 -1 -4.5456 12.3381 197.9724 64.9399 228.7809 1.4825 1.6508 4.0444 -31.9737 2.9652 40.4303 -5.2117 -2.8218
Car -1 -1 -7.1231 65.1899 188.1073 212.4848 238.4079 1.3858 1.6490 4.1164 -15.1049 1.9250 23.3550 -7.6922 -2.9421
Car -1 -1 -6.4978 205.8745 185.8295 269.6631 210.6998 1.5416 1.5571 3.5428 -24.9028 2.4401 48.2535 -6.9722 -3.0336
Car -1 -1 -4.7364 609.2521 179.5351 626.0280 193.7891 1.3391 1.5651 3.7633 0.7163 2.0180 71.4537 -4.7269 -3.0912
Car -1 -1 -4.3202 45.5791 211.2235 113.1706 244.5242 1.4665 1.5784 3.7401 -28.1814 3.6145 38.3957 -4.9503 -3.3709
Car -1 -1 -7.6232 618.3802 176.2156 657.1674 200.5376 1.5070 1.6622 4.0985 1.8428 1.7383 47.5099 -7.5851 -3.4790
Car -1 -1 -5.2910 89.3898 183.7960 150.2150 209.1753 1.5874 1.6725 3.5475 -32.5340 2.3348 47.8446 -5.8858 -3.6145
Car -1 -1 -4.8284 612.4550 176.6337 641.2452 201.6375 1.7003 1.5758 4.2874 1.1415 1.9837 51.9430 -4.8070 -4.0694
Car -1 -1 -4.5714 270.2794 175.1025 294.6141 190.6462 1.4123 1.5933 3.6385 -30.9020 1.6304 68.0990 -4.9962 -4.1246
Car -1 -1 -5.0042 522.7228 181.2780 548.3206 197.2884 1.4237 1.5079 3.2951 -7.0492 2.2371 67.8797 -5.1077 -4.1606
Car -1 -1 -3.7029 0.0000 161.1476 322.0089 374.0000 1.5301 1.7676 4.7830 -3.7717 1.5122 3.6166 -4.4729 -4.3218
Car -1 -1 -7.6646 42.7567 197.8354 123.3516 244.2746 1.3429 1.6206 3.2686 -17.9481 2.2592 24.6510 -8.2890 -4.3485
Car -1 -1 -4.4125 514.4171 177.8863 549.2460 198.1792 1.5316 1.6916 3.8811 -6.2195 1.9470 57.5480 -4.5200 -4.3826
Car -1 -1 -4.9484 623.7126 175.7555 663.5668 201.4979 1.4953 1.6207 3.6725 1.9852 1.6810 44.3097 -4.9044 -4.4400
Car -1 -1 -5.1475 664.6910 189.9718 702.9573 210.2252 1.4829 1.5961 3.8610 5.9113 2.9184 58.4384 -5.0478 -4.5782
Car -1 -1 -5.2928 262.3659 182.7288 312.3654 204.1599 1.6079 1.6927 4.0685 -25.8027 2.4209 57.6148 -5.7124 -4.6575
Car -1 -1 -5.2917 99.5751 168.4105 159.5638 192.8938 1.7337 1.6969 4.0731 -35.1047 1.4187 52.6757 -5.8773 -4.6616
Car -1 -1 -5.1740 335.9536 181.8109 382.1572 206.7568 1.7321 1.6386 3.9690 -18.6585 2.4203 53.4899 -5.5085 -4.6627
Car -1 -1 -4.8013 300.3468 173.2109 325.3715 194.3328 1.8404 1.7254 4.2042 -26.9012 1.8734 65.2072 -5.1914 -4.7216
Car -1 -1 -4.9017 612.7526 179.9028 637.8934 197.2504 1.5388 1.7045 3.5580 1.3832 2.2159 67.4414 -4.8817 -4.9005
Car -1 -1 -4.7990 445.9718 179.3142 476.0071 202.5378 1.4061 1.5789 3.8818 -9.7598 1.8447 46.9322 -5.0033 -4.9112
Car -1 -1 -4.7829 536.1213 177.3482 561.0272 197.0530 1.4540 1.6402 4.2607 -4.8711 1.8195 56.4927 -4.8689 -5.1239
Car -1 -1 -4.7351 990.8403 191.3381 1022.9862 216.0251 1.3751 1.6718 4.2459 25.1434 2.6079 45.8615 -4.2369 -5.1552
Car -1 -1 -6.1317 919.3346 184.2771 1053.1630 245.8515 1.5089 1.4550 3.0679 10.2036 1.8443 19.7176 -5.6610 -5.1706
Car -1 -1 -8.0680 905.9768 187.7717 934.4831 205.8063 1.5482 1.6100 4.0972 29.0375 2.9920 67.6836 -7.6649 -5.2111
Car -1 -1 -4.6760 337.4103 183.6314 358.4953 203.9268 1.6301 1.5694 3.7615 -22.5629 2.5883 62.1412 -5.0233 -5.2826
Car -1 -1 -4.5838 709.2336 198.9995 757.9315 240.3916 1.6484 1.7291 4.3483 5.8456 2.9650 34.0116 -4.4160 -5.3800
Car -1 -1 -4.6395 202.6827 184.4732 276.0702 236.6134 1.4199 1.7411 4.5826 -11.8359 1.8326 23.1915 -5.1071 -5.5672
Car -1 -1 -4.6033 426.2979 178.7237 458.1410 201.1698 1.4237 1.6568 4.2516 -11.4077 1.8411 49.1300 -4.8306 -5.6421
Car -1 -1 -5.6146 689.7241 181.1581 886.4089 262.1536 1.5331 1.7644 4.0552 3.8123 1.7441 16.2278 -5.3888 -5.8491
Car -1 -1 -4.7128 1080.8241 173.8888 1104.7325 192.4035 1.5315 1.6624 4.0011 41.4744 1.6232 62.0469 -4.1261 -5.8867
Car -1 -1 -4.7466 1109.5038 172.6946 1136.6469 191.7202 1.4846 1.6402 3.9890 41.4751 1.4718 58.4197 -4.1318 -5.8867
Car -1 -1 -4.5971 1023.0590 171.2009 1048.3617 187.0322 1.4833 1.6591 4.0589 41.1364 1.3281 69.7221 -4.0662 -5.8867
Car -1 -1 -4.6251 544.1533 177.3443 570.2858 197.4595 1.3931 1.5744 3.9167 -3.8583 1.7337 52.8179 -4.6980 -5.8867
Car -1 -1 -4.6961 567.3992 176.5709 590.1526 196.6656 1.3849 1.5904 3.8835 -2.2680 1.6647 52.4159 -4.7395 -5.8867
Car -1 -1 -4.2721 376.4683 180.1584 418.2056 200.0032 1.5032 1.6440 4.1087 -17.1841 2.1160 58.4003 -4.5573 -5.8867
Car -1 -1 -4.6830 1051.4858 174.2165 1074.4348 191.8403 1.5537 1.6733 4.0096 41.4745 1.6821 66.0705 -4.1248 -5.8867
Car -1 -1 -4.5046 451.6216 179.1486 484.7245 199.9710 1.4211 1.5826 3.9275 -10.2881 1.8953 52.4146 -4.6978 -5.8867
Car -1 -1 -1.7656 141.5748 169.3735 180.0237 198.3839 2.0972 1.6928 4.1179 -33.8237 1.8453 54.2436 -2.3211 -6.0210
Car -1 -1 -4.9988 572.6174 177.2125 615.0251 200.4253 1.3453 1.5403 4.0536 -1.0890 1.6287 44.7961 -5.0234 -6.0570
Car -1 -1 -5.0143 884.1261 189.2973 924.3051 213.4120 1.7028 1.7019 4.2039 22.7735 3.0296 56.0663 -4.6310 -6.2139
Car -1 -1 -4.6918 901.5710 200.1592 936.2599 233.3882 1.6302 1.7371 3.9627 17.5929 3.2677 41.1160 -4.2910 -6.2763
Car -1 -1 -4.0071 245.5196 182.0329 307.1361 206.3342 1.6170 1.5710 4.3766 -24.0348 2.3088 52.0824 -4.4378 -6.8182
Car -1 -1 -7.8166 242.9212 181.7036 320.4061 253.5118 1.7756 1.8319 3.9537 -9.2888 2.0540 20.5533 -8.2366 -7.1350
