Car -1 -1 -4.1986 262.6833 183.1719 302.0023 201.9990 1.6734 1.6676 3.9472 -31.0336 2.6805 68.4081 -4.6233 -1.1011
Car -1 -1 -4.7321 162.4580 184.3935 183.9686 201.2976 1.4479 1.6286 3.9205 -40.4488 2.5487 66.7529 -5.2753 -1.3777
Car -1 -1 -6.4217 161.7913 183.8708 260.2144 219.3745 1.5506 1.6691 3.9293 -19.0848 2.1052 34.5006 -6.9240 -1.8527
Car -1 -1 -7.1631 0.0000 193.1597 79.5650 230.5905 1.4352 1.5967 3.6433 -25.3508 2.3728 31.4913 -7.8369 -1.9623
Car -1 -1 -4.2047 621.5443 180.7876 679.0688 208.5250 1.4653 1.5938 3.9190 2.3245 1.9431 41.3919 -4.1495 -1.9755
Car -1 -1 -5.3222 0.0000 183.9097 43.2289 217.3474 1.5098 1.5927 3.6310 -29.4431 2.0592 34.6342 -6.0231 -2.4430
Car -1 -1 -7.0344 14.8314 184.6012 104.2335 216.1595 1.5113 1.5930 3.6150 -28.8503 2.1592 37.8985 -7.6818 -2.4960
Car -1 -1 -7.2746 285.7346 182.8790 352.3983 212.6427 1.4500 1.6016 3.5422 -15.4177 2.0085 38.3218 -7.6550 -2.8360
Car -1 -1 -4.7045 88.5296 176.6712 114.8521 199.2726 1.7262 1.6789 3.8249 -40.7506 2.0428 57.8509 -5.3162 -3.0872
Car -1 -1 -7.7940 263.4912 183.3358 290.1068 206.4671 1.6939 1.6626 4.1275 -26.3444 2.5551 57.0779 -8.2249 -3.2979
Car -1 -1 -4.7524 615.6081 179.3532 634.9468 198.1537 1.5162 1.4832 4.0336 1.2535 2.0893 61.6252 -4.7326 -3.3272
Car -1 -1 -4.6963 636.0021 177.5345 662.9539 204.4313 1.6092 1.6406 4.2449 2.5181 1.9221 46.1008 -4.6426 -3.5507
Car -1 -1 -7.9483 616.2509 178.9683 636.3297 195.2877 1.4990 1.5894 3.6934 1.5268 2.1045 69.5978 -7.9268 -3.5654
Car -1 -1 -4.6356 225.4428 185.0237 247.5599 201.4373 1.4892 1.6189 4.0775 -36.6902 2.7218 70.9079 -5.1118 -3.6956
Car -1 -1 -4.7172 275.3071 183.0904 293.8421 200.6257 1.6196 1.6246 3.7390 -32.0739 2.6564 71.0622 -5.1401 -3.8017
Car -1 -1 -5.2556 134.4250 187.0012 175.5498 203.6319 1.4193 1.5892 3.4933 -41.4016 2.7348 65.6143 -5.8169 -3.8074
Car -1 -1 -4.7155 615.9164 176.2800 641.3893 201.6288 1.6474 1.6767 4.4086 1.2415 1.8937 49.7142 -4.6912 -3.9028
Car -1 -1 -4.0387 295.0428 183.9018 332.0406 200.1767 1.5128 1.5967 3.4334 -29.3517 2.6356 71.4815 -4.4273 -3.9685
Car -1 -1 -4.9294 693.0660 181.5987 735.5531 210.9296 1.5512 1.6088 3.8108 5.8783 2.0751 41.2913 -4.7896 -4.1887
Car -1 -1 -6.9916 18.7439 189.9052 130.9958 227.5145 1.4764 1.6529 3.8910 -23.8622 2.2885 32.2961 -7.6242 -4.5363
Car -1 -1 -4.1000 32.2072 173.2405 97.3292 200.5888 1.8210 1.7663 3.7408 -37.7247 1.8485 49.9948 -4.7440 -4.6981
Car -1 -1 -3.7141 799.2648 163.7581 1166.8765 320.9149 1.7247 1.7163 3.7703 4.4465 1.6246 9.0102 -3.2696 -4.8894
Car -1 -1 -4.9747 535.1097 179.2962 564.2878 197.5889 1.5120 1.5678 3.9746 -5.3444 2.0958 63.2797 -5.0590 -4.9169
Car -1 -1 -4.4425 60.7311 157.3614 111.8917 189.4648 2.1072 1.8304 4.0200 -35.9256 1.0900 49.5619 -5.0673 -4.9218
Car -1 -1 -4.6398 442.0530 182.8768 465.5131 202.5895 1.3785 1.4657 3.6280 -11.7516 2.1587 54.2872 -4.8523 -5.0253
Car -1 -1 -4.6810 523.7611 176.4575 543.4813 196.3433 1.6638 1.5926 4.1201 -6.6897 1.9899 63.2467 -4.7864 -5.3452
Car -1 -1 -4.9864 457.7841 178.2775 488.1996 195.1521 1.4016 1.5996 4.0112 -12.1052 1.8946 63.4676 -5.1745 -5.4817
Car -1 -1 -7.7956 219.9052 178.5524 265.0868 215.0448 1.7332 1.8151 4.5995 -19.0683 2.0487 37.5125 -8.2632 -5.5947
Car -1 -1 -4.5326 281.2563 183.5043 310.3842 200.9927 1.4370 1.6636 4.1051 -27.9080 2.4158 64.1415 -4.9418 -5.6696
Car -1 -1 -4.9595 544.9585 179.0703 573.6835 196.6478 1.4964 1.6374 4.0665 -4.6323 2.0763 65.1588 -5.0305 -5.7632
Car -1 -1 -4.4332 490.6621 179.4783 521.1493 196.6587 1.4199 1.6320 3.9092 -9.1112 2.0192 63.2591 -4.5760 -5.8867
Car -1 -1 -4.4429 578.4636 177.3515 607.7756 194.3479 1.4504 1.6309 3.9961 -1.5042 1.8676 64.8408 -4.4664 -5.8867
Car -1 -1 -4.7498 582.8257 180.0569 607.9125 201.5074 1.3520 1.5405 4.1222 -1.0607 1.8618 48.9926 -4.7718 -5.9419
Car -1 -1 -1.8795 53.4758 174.8472 104.3003 202.3451 2.0359 1.8736 4.5659 -41.1420 2.1956 55.8269 -2.5125 -5.9850
Car -1 -1 -3.2783 222.3405 190.5862 273.3508 209.5814 1.5094 1.6624 3.7491 -31.2994 3.0840 62.3376 -3.7422 -6.0679
Car -1 -1 -4.0605 499.3468 180.9538 541.2458 197.4017 1.4489 1.5963 4.3791 -8.4451 2.2389 68.1106 -4.1838 -6.0810
Car -1 -1 -4.1110 118.3597 196.6421 194.6528 230.1239 1.6642 1.6775 3.9964 -25.5679 3.0756 40.7857 -4.6683 -6.1239
Car -1 -1 -4.4982 0.0000 179.2077 26.4073 202.4220 1.4808 1.6525 4.0497 -41.5341 1.9346 49.3932 -5.1949 -6.2943
