Car -1 -1 -4.2294 284.5414 189.7684 349.8440 218.4051 1.3834 1.6598 3.9166 -15.8977 2.3518 39.2890 -4.6119 0.8969
Car -1 -1 -5.3488 628.3652 181.9274 675.2858 201.5014 1.5046 1.7009 4.2156 3.3961 2.2838 59.7571 -5.2928 -0.2408
Car -1 -1 -4.7688 630.6726 181.8972 657.4117 203.9328 1.4271 1.6274 4.1635 2.3146 2.0864 50.5372 -4.7238 -2.1081
Car -1 -1 -4.7921 645.6349 181.1917 682.8107 212.0158 1.5403 1.6731 4.2058 2.8616 2.0185 39.3057 -4.7206 -2.8598
Car -1 -1 -4.4608 604.3395 181.3004 636.6342 201.6439 1.5614 1.6848 4.1452 0.8779 2.2829 59.4437 -4.4466 -2.9619
Car -1 -1 -2.9074 675.5807 190.7692 738.7294 217.4973 1.5129 1.6047 3.5498 5.9054 2.6415 44.0819 -2.7758 -3.1777
Car -1 -1 -4.3660 277.6150 200.4287 313.6717 221.7023 1.5361 1.5732 3.5475 -25.5273 3.8462 58.6363 -4.7754 -3.5020
Car -1 -1 -7.8784 253.5242 185.7588 289.4811 217.3242 1.5240 1.6527 3.9936 -18.2549 2.2554 38.7546 -8.3163 -3.8518
Car -1 -1 -5.5200 718.7001 187.8324 786.2806 219.2051 1.7138 1.7334 3.8604 8.4992 2.6590 43.4728 -5.3289 -3.9604
Car -1 -1 -4.7817 618.8725 181.6566 643.7925 202.5625 1.4604 1.5937 3.8211 1.5344 2.1424 53.9827 -4.7540 -4.2094
Car -1 -1 -4.2288 594.1877 178.9182 651.3047 205.0086 1.5734 1.7554 4.6860 0.8640 1.9901 47.1396 -4.2111 -4.2498
Car -1 -1 -2.6501 333.2063 187.8184 392.9376 209.4951 1.6114 1.7269 4.0921 -19.3263 2.8065 56.4545 -2.9789 -4.3804
Car -1 -1 -4.7085 624.1886 181.4861 645.7536 202.6631 1.5720 1.6562 4.5028 1.9745 2.2892 57.6997 -4.6750 -4.5042
Car -1 -1 -4.8122 640.1948 182.1127 674.5744 209.4184 1.5027 1.6390 4.1085 2.7533 2.0835 43.2042 -4.7495 -4.5642
Car -1 -1 -6.6346 651.1067 180.4140 761.4208 219.3371 1.5158 1.6913 4.2033 3.9163 1.8422 29.8898 -6.5063 -4.5728
Car -1 -1 -4.5345 324.5096 185.2018 366.0859 216.4837 1.5820 1.5496 3.5355 -14.6010 2.2957 39.8440 -4.8840 -4.6462
Car -1 -1 -4.6999 616.3725 180.4425 648.7230 210.7870 1.5283 1.6801 4.3818 1.2245 1.9687 39.6773 -4.6699 -4.6817
Car -1 -1 -4.3804 374.9814 190.0950 409.2612 210.2480 1.4530 1.5383 3.4590 -17.1352 2.8516 56.7881 -4.6725 -5.1877
Car -1 -1 -4.5477 428.2514 180.9318 458.6960 201.3394 1.4666 1.5976 4.3877 -12.8739 2.1168 55.8640 -4.7735 -5.2012
Car -1 -1 -4.2168 46.9850 198.9552 132.4399 238.2269 1.5821 1.6352 3.7470 -24.1780 2.8694 33.6334 -4.8365 -5.2387
Car -1 -1 -4.8521 521.7278 181.7394 544.9463 201.3165 1.6055 1.4960 3.8133 -6.7493 2.4066 63.0484 -4.9588 -5.2389
Car -1 -1 -4.4404 375.7478 184.3234 417.3423 206.7715 1.4924 1.7382 4.5826 -15.5327 2.3653 52.6279 -4.7264 -5.3114
Car -1 -1 -7.6815 411.8804 178.8328 438.0439 200.2679 1.8967 1.6880 4.0360 -17.1864 2.4694 67.0808 -7.9317 -5.5366
Car -1 -1 -4.7790 461.4627 183.2647 483.1085 201.4758 1.4789 1.5984 3.9136 -12.0895 2.4190 63.0846 -4.9680 -5.5964
Car -1 -1 -4.5631 502.4557 182.7620 535.9392 207.5560 1.4810 1.5648 4.0926 -5.8778 2.1519 46.8134 -4.6878 -5.5983
Car -1 -1 -4.6333 547.4085 182.2069 576.7486 206.5374 1.4432 1.5662 4.1324 -3.0785 2.0722 46.4722 -4.6996 -5.6939
Car -1 -1 -5.6633 665.9260 180.9378 802.3397 240.2685 1.6490 1.7225 3.9330 3.7655 1.9242 22.5946 -5.5011 -5.7070
Car -1 -1 -4.7722 551.6889 182.2374 573.4280 200.1582 1.4372 1.6250 4.0213 -4.1396 2.2725 62.1575 -4.8389 -5.7100
Car -1 -1 -4.4686 370.6148 183.2199 416.8780 211.1157 1.4507 1.5742 4.1285 -12.3119 2.0721 41.1798 -4.7577 -5.7199
Car -1 -1 -4.6644 573.7817 181.8932 600.7910 206.7547 1.4772 1.5471 4.0128 -1.4559 2.0829 46.3580 -4.6961 -5.7281
Car -1 -1 -4.6037 585.2950 180.1905 610.3976 198.6325 1.4708 1.6904 4.2551 -1.0248 2.1180 61.4867 -4.6207 -5.7978
Car -1 -1 -5.2172 725.9213 185.5107 862.5833 246.1721 1.3634 1.6400 4.3260 4.7480 1.7453 19.4819 -4.9825 -5.8065
Car -1 -1 -4.3916 492.6275 183.5233 525.8623 201.8345 1.4746 1.6635 4.0771 -8.7465 2.4343 62.7712 -4.5299 -5.8179
Car -1 -1 -4.6500 550.3961 180.7456 575.7762 202.9332 1.5327 1.6274 3.9679 -3.4566 2.1365 53.2431 -4.7150 -5.8863
Car -1 -1 -4.6552 568.9039 178.9924 589.8062 196.5780 1.4406 1.5886 3.9356 -2.6488 1.9886 62.4689 -4.6978 -5.8867
Car -1 -1 -4.6703 578.4591 179.6866 602.3313 200.9831 1.4745 1.5988 3.9483 -1.4432 1.9970 53.2170 -4.6977 -5.8867
Car -1 -1 -4.5978 523.8387 181.0981 551.0933 202.3513 1.4990 1.6051 3.9564 -5.4629 2.1433 54.4241 -4.6978 -5.8867
Car -1 -1 -3.5046 0.0000 199.2726 0.0000 374.0000 1.5173 1.6095 3.9621 -7.0812 1.6826 2.5298 -4.6973 -5.8867
Car -1 -1 -4.5308 475.3468 181.1757 500.7857 198.4492 1.4793 1.5977 3.9474 -11.0883 2.2595 65.6886 -4.6977 -5.8867
Car -1 -1 -4.6445 561.4039 180.2903 582.0154 197.6622 1.4828 1.6006 3.9518 -3.4583 2.1757 65.2769 -4.6977 -5.8867
Car -1 -1 -4.5611 590.4578 179.1517 614.6924 195.8483 1.4368 1.6369 3.9242 -0.6674 2.0278 65.6987 -4.5716 -5.8867
Car -1 -1 -6.9166 0.0000 0.0000 1241.0000 374.0000 1.5594 1.5923 3.8082 -2.1008 1.6871 1.0033 -7.9390 -5.8867
Car -1 -1 -6.7022 0.0000 0.0000 1241.0000 374.0000 1.5596 1.5913 3.8074 -3.7084 1.7085 1.0031 -7.9388 -5.8867
Car -1 -1 -7.4883 62.0856 157.9554 127.1945 188.5959 1.7241 1.6588 4.4577 -30.6163 0.8855 42.9640 -8.1046 -6.0296
Car -1 -1 -2.6533 266.6877 188.5584 328.0813 213.6337 1.4832 1.5290 3.1389 -19.3664 2.4747 44.6807 -3.0605 -6.1448
