Car -1 -1 -6.1378 333.6413 177.6467 438.9881 213.3907 1.5299 1.6690 4.3125 -9.9854 1.7521 32.3443 -6.4353 -0.3136
Car -1 -1 -4.1772 1097.5953 182.8161 1177.5635 213.0330 1.5344 1.6660 4.1019 28.6713 2.0979 39.2603 -3.5505 -1.4649
Car -1 -1 -4.7479 730.1835 175.6709 754.8345 199.1758 1.6103 1.6031 3.5167 9.4379 1.8192 51.7304 -4.5689 -1.5270
Car -1 -1 -8.4941 938.4471 172.7812 1011.1201 201.8173 1.6203 1.6996 4.0774 21.3172 1.6160 42.4219 -8.0316 -1.7846
Car -1 -1 -7.9874 414.1759 183.2382 436.4840 200.5506 1.5262 1.5781 3.5033 -17.4024 2.5298 67.8328 -8.2380 -2.0424
Car -1 -1 -4.7060 1045.5361 186.8773 1076.1428 212.8093 1.5266 1.6203 3.6739 29.0848 2.4707 46.6101 -4.1515 -2.5834
Car -1 -1 -7.7022 40.0052 178.7264 89.7281 210.0148 1.6792 1.6611 4.2828 -31.5835 2.0381 41.8595 -8.3456 -2.6354
Car -1 -1 -7.7315 466.9555 175.3685 493.0517 198.4134 2.0158 1.7961 4.6368 -11.8695 2.2538 65.9968 -7.9091 -2.7503
Car -1 -1 -5.4154 1181.8138 188.7602 1241.0000 228.3921 1.5679 1.7154 3.9601 27.8352 2.3195 32.1230 -4.7065 -2.8592
Car -1 -1 -8.1134 1140.2551 180.6174 1212.0421 217.6867 1.6964 1.7214 4.5158 28.4365 2.1142 36.4454 -7.4553 -3.1780
Car -1 -1 -4.2257 0.0000 186.5209 60.6261 225.7024 1.6154 1.6829 4.1248 -27.6014 2.2904 33.4628 -4.9117 -3.3435
Car -1 -1 -6.9983 1003.0170 172.5805 1075.5905 202.9793 1.6734 1.5783 3.3053 24.2117 1.6580 40.7958 -6.4663 -3.4248
Car -1 -1 -5.2024 583.9897 176.4572 629.9485 198.4488 1.5717 1.7060 4.1684 -0.3034 1.8550 54.5410 -5.2084 -3.7644
Car -1 -1 -4.9201 888.6600 175.3485 922.5087 197.4215 1.6602 1.7479 3.5621 23.1177 1.8622 56.6082 -4.5346 -3.8871
Car -1 -1 -4.8814 585.1643 176.5956 613.1548 198.0804 1.6635 1.6284 3.9456 -0.9427 1.9783 58.6825 -4.8978 -3.8873
Car -1 -1 -7.9697 547.7792 181.6231 567.1464 194.6078 1.1857 1.5009 3.2898 -5.1374 2.0577 70.0184 -8.0430 -3.9796
Car -1 -1 -4.6475 926.2970 189.4479 956.6119 216.6878 1.6486 1.6143 3.6753 22.0927 2.8007 48.1080 -4.2200 -4.0492
Car -1 -1 -5.9948 1147.8827 192.4831 1241.0000 233.1064 1.5295 1.7801 3.9915 26.0795 2.4419 31.3974 -5.3070 -4.0894
Car -1 -1 -4.3682 50.0806 185.5141 113.3385 218.1749 1.6638 1.6213 3.9412 -29.6109 2.4116 40.5182 -4.9963 -4.2034
Car -1 -1 -4.8975 663.9335 177.2211 705.1313 206.4106 1.5223 1.5939 3.8119 4.0612 1.7771 40.1858 -4.7980 -4.4913
Car -1 -1 -5.4798 739.2720 189.4301 790.3021 211.1848 1.6499 1.7393 4.2015 12.8810 3.0882 60.3802 -5.2712 -4.5156
Car -1 -1 -3.9918 72.5308 185.9737 156.9521 220.4603 1.5709 1.5139 3.5500 -24.7431 2.2613 36.1317 -4.5890 -4.5340
Car -1 -1 -7.6686 786.2609 183.8950 823.0591 211.3238 1.6076 1.6010 3.8037 12.4136 2.3429 46.0098 -7.4073 -4.6645
Car -1 -1 -7.8450 1012.3873 171.7771 1059.0294 210.4432 1.6489 1.7374 4.1485 19.4193 1.6027 32.9968 -7.3174 -4.7154
Car -1 -1 -4.7277 983.9098 173.1613 1014.0430 201.3648 1.5910 1.4963 3.4490 22.9004 1.6096 42.6192 -4.2379 -4.9501
Car -1 -1 -5.1353 465.1414 182.6434 503.0112 202.6120 1.6075 1.7304 3.9997 -10.9317 2.4818 62.3246 -5.3086 -5.0123
Car -1 -1 -4.8328 985.0111 169.2604 1019.0974 194.6683 1.7499 1.6548 4.1162 28.1241 1.5021 51.9121 -4.3390 -5.1931
Car -1 -1 -4.9138 523.0956 183.8375 552.3804 204.4530 1.5078 1.6168 3.5082 -5.7380 2.4002 56.7286 -5.0147 -5.2104
Car -1 -1 -7.9711 532.2257 178.9349 552.7198 192.7240 1.2691 1.5230 4.0637 -6.6380 1.8806 70.4464 -8.0651 -5.3535
Car -1 -1 -4.6262 575.5318 179.1247 596.3096 195.1498 1.4843 1.6754 4.2908 -2.3491 2.1177 70.7282 -4.6597 -5.5293
Car -1 -1 -7.5157 502.9139 180.2628 545.0157 205.3712 1.7363 1.7239 4.4682 -6.3699 2.3113 53.6620 -7.6337 -5.6360
Car -1 -1 -4.8479 455.1806 182.2350 484.2624 204.4523 1.5591 1.6406 3.9087 -10.6629 2.2953 54.5327 -5.0405 -5.7799
Car -1 -1 -4.9104 493.3948 177.6813 527.2351 200.5121 1.5027 1.6103 3.8658 -7.0398 1.8540 50.4638 -5.0486 -5.8158
Car -1 -1 -4.2116 395.4753 180.1028 462.1838 211.0114 1.5032 1.6745 4.0865 -9.5758 1.9098 38.3072 -4.4554 -5.8542
Car -1 -1 -4.8906 521.6000 177.9911 555.9616 200.0054 1.4348 1.6500 4.2629 -5.0463 1.8093 50.3667 -4.9903 -5.8754
Car -1 -1 -4.5928 522.1133 179.6465 545.6060 197.1240 1.4474 1.5921 3.9381 -6.6685 2.0614 63.2728 -4.6978 -5.8867
Car -1 -1 -4.5848 512.2928 179.6122 537.5322 197.8798 1.4333 1.5936 3.9982 -7.0786 2.0148 60.1051 -4.7019 -5.8867
Car -1 -1 -4.7665 1133.8905 172.7827 1164.2761 192.9441 1.4946 1.6464 3.9928 41.4741 1.4890 55.6087 -4.1284 -5.8867
Car -1 -1 -4.7962 864.2845 176.7670 890.9782 196.4497 1.4702 1.6349 3.9213 21.0165 1.7896 56.8398 -4.4441 -5.8867
Car -1 -1 -4.7448 1112.8301 172.3717 1140.2626 191.7149 1.4987 1.6497 3.9982 41.4733 1.4610 58.0256 -4.1269 -5.8867
Car -1 -1 -4.7932 1164.8099 170.9678 1199.6562 192.3992 1.4932 1.6478 3.9994 41.4717 1.3615 52.3950 -4.1267 -5.8867
Car -1 -1 -4.6292 489.2749 180.7148 515.2110 201.0475 1.4540 1.6371 4.0109 -8.2414 2.0779 55.2409 -4.7770 -5.8867
Car -1 -1 -4.4181 492.9185 187.4227 519.1760 204.5665 1.3690 1.3428 3.3117 -8.9730 2.6618 62.3081 -4.5610 -5.9582
Car -1 -1 -5.3316 707.7771 171.5967 776.9580 198.9996 1.3945 1.6694 3.9523 7.0223 1.3302 38.8617 -5.1545 -6.0716
Car -1 -1 -8.8348 1052.7172 173.5982 1241.0000 363.0235 1.7260 1.7569 3.7592 7.5673 1.7367 8.6393 -8.1331 -6.4486
Car -1 -1 -4.7884 501.2834 180.7706 521.7170 197.9941 1.4660 1.5354 3.9641 -8.9816 2.2068 65.4458 -4.9246 -6.7355
Car -1 -1 -4.3483 541.1964 176.5781 574.2097 194.7610 1.5683 1.6560 4.0252 -4.7157 1.9162 65.2875 -4.4205 -6.8915
Car -1 -1 -5.7956 1002.3029 186.2539 1067.4391 213.4895 1.7288 1.5762 3.5288 29.1249 2.6852 49.5986 -5.2678 -7.0135
Car -1 -1 -5.1046 509.4520 180.0865 541.4934 196.0657 1.4182 1.5939 3.9955 -8.0289 2.1220 68.1036 -5.2219 -7.1475
Car -1 -1 -5.2965 678.0900 173.9153 733.4805 198.4329 1.4844 1.6442 3.8383 6.0138 1.5548 45.9516 -5.1676 -7.2708
