Car -1 -1 -4.3562 160.4677 189.3109 207.5417 215.6707 1.6412 1.6399 3.4904 -28.9655 2.8034 49.1092 -4.8870 -0.4280
Car -1 -1 -7.1702 245.3700 190.3160 322.9717 221.9608 1.5504 1.7254 4.0758 -17.9897 2.5702 39.9616 -7.5911 -1.6147
Car -1 -1 -4.7420 629.0253 184.6353 654.5809 208.2738 1.4383 1.5655 3.6340 2.0303 2.2441 47.5481 -4.7001 -1.7107
Car -1 -1 -4.6843 611.3318 182.9381 650.0217 220.1803 1.4918 1.6111 4.0023 0.9283 1.9681 32.0529 -4.6563 -1.9769
Car -1 -1 -7.8517 75.1221 190.2427 112.4188 221.2985 1.5119 1.5884 3.6629 -28.1110 2.5050 39.2686 -8.4700 -2.0139
Car -1 -1 -4.6443 613.3129 181.5476 645.2574 210.4812 1.5576 1.5979 4.1239 1.1367 2.0920 42.2496 -4.6182 -2.0375
Car -1 -1 -4.6615 275.8170 186.5885 305.6883 212.7184 1.6514 1.6871 4.1036 -22.1749 2.6479 50.1503 -5.0762 -2.5614
Car -1 -1 -4.7760 635.9147 182.5420 672.2764 213.3356 1.5030 1.6599 4.3369 2.2757 2.0523 38.7588 -4.7185 -2.9035
Car -1 -1 -7.0503 123.2229 191.1310 236.1958 231.1208 1.4578 1.6823 4.0613 -18.0851 2.2849 30.4804 -7.5822 -3.0683
Car -1 -1 -7.9789 644.3450 182.8410 690.7476 219.6513 1.4891 1.5901 3.7149 2.4601 1.9594 32.1107 -7.9038 -3.3043
Car -1 -1 -7.5405 309.7881 181.5253 393.8808 236.5918 1.7548 1.6989 3.7963 -9.0643 2.0842 25.5159 -7.8791 -3.5380
Car -1 -1 -4.8453 1221.0073 129.3758 1241.0000 222.5858 1.5249 1.6642 3.9720 13.0514 0.8133 13.9087 -4.1021 -3.7935
Car -1 -1 -4.5746 628.0669 181.1216 673.0756 217.4051 1.5895 1.6110 4.2199 1.9784 2.0140 34.8486 -4.5191 -4.0907
Car -1 -1 -6.0069 548.0350 186.6936 605.0173 208.4810 1.5906 1.7713 4.0646 -2.5956 2.6838 55.6836 -6.0539 -4.3412
Car -1 -1 -7.8681 1138.9597 134.7324 1241.0000 213.1173 1.4632 1.5678 3.5893 12.2234 0.7513 15.3725 -7.2055 -4.3610
Car -1 -1 -4.0826 578.7425 181.9462 642.8347 211.0078 1.6166 1.6777 4.3017 0.0676 2.1958 43.7637 -4.0817 -4.6643
Car -1 -1 -3.3279 551.7708 184.8235 661.3073 225.0308 1.4021 1.5158 3.8737 -0.2030 1.8673 26.9451 -3.3361 -4.7920
Car -1 -1 -6.3837 226.8407 186.4646 291.1736 209.7961 1.3873 1.5646 3.5820 -22.5834 2.2922 46.3803 -6.8348 -4.8289
Car -1 -1 -4.6465 322.0114 183.0412 359.3354 213.5617 1.5474 1.6748 4.2173 -15.0403 2.1487 40.3497 -5.0015 -4.9299
Car -1 -1 -4.6849 610.1669 184.8232 632.4656 206.9446 1.5905 1.6296 4.0813 0.8844 2.5567 56.1941 -4.6698 -4.9691
Car -1 -1 -2.1877 153.4694 189.6855 246.2695 224.0981 1.4346 1.6629 4.0984 -18.9733 2.2488 33.2925 -2.7025 -5.2045
Car -1 -1 -4.7902 532.5491 188.8235 556.0422 209.5989 1.4938 1.5519 3.7538 -5.2373 2.7968 56.9057 -4.8821 -5.6061
Car -1 -1 -4.5530 329.1204 180.6097 367.5281 207.4829 1.5161 1.6104 3.7872 -15.8944 2.0090 43.8769 -4.8989 -5.6872
Car -1 -1 -4.4136 313.4116 185.1527 375.1042 217.1790 1.3677 1.6527 3.9828 -12.6256 1.9885 34.4047 -4.7632 -5.7563
Car -1 -1 -4.6799 334.6831 185.2338 379.6600 224.2100 1.5020 1.7078 4.2041 -11.0112 2.0810 31.5029 -5.0139 -5.8371
Car -1 -1 -4.7136 369.2959 181.4527 403.4888 211.5588 1.4503 1.6436 4.2645 -11.9173 1.9341 38.3409 -5.0134 -5.8512
Car -1 -1 -4.3215 349.3531 182.0863 404.9901 210.7569 1.4877 1.6190 3.9073 -13.1136 2.0345 40.7486 -4.6313 -5.8867
Car -1 -1 -7.1457 51.0932 0.0000 1241.0000 374.0000 1.5526 1.5931 3.8069 -1.2981 1.6491 1.0027 -7.9392 -5.8867
