Car -1 -1 -7.7923 338.6284 185.4556 367.5870 209.5682 1.5366 1.6640 3.7684 -17.8467 2.4478 50.1528 -8.1328 0.0334
Car -1 -1 -2.9657 628.0848 184.3905 690.6665 206.5166 1.6404 1.6949 4.6498 3.8376 2.5627 56.3182 -2.8986 -0.6047
Car -1 -1 -4.6831 615.5532 181.4632 645.9986 210.8251 1.6019 1.6876 4.3836 1.2448 2.1403 42.9135 -4.6549 -2.3554
Car -1 -1 -4.8034 625.5120 181.7528 654.6478 206.4725 1.5390 1.5982 3.7907 1.9413 2.1576 48.2473 -4.7640 -2.5847
Car -1 -1 -4.3137 417.9406 183.5267 455.9409 204.6080 1.6710 1.6559 4.1974 -14.7557 2.6149 61.6312 -4.5481 -3.0407
Car -1 -1 -4.4092 374.5638 186.2896 413.7690 206.7535 1.3905 1.6288 4.1808 -16.0927 2.4328 53.8894 -4.6984 -3.1257
Car -1 -1 -4.7734 641.2151 182.5706 675.3785 211.0997 1.5406 1.7340 4.4295 2.7690 2.1451 42.6914 -4.7096 -3.1920
Car -1 -1 -4.8420 641.9719 182.8999 682.9006 213.9087 1.5306 1.6705 4.1903 2.7487 2.1052 39.1453 -4.7730 -3.3065
Car -1 -1 -4.6520 316.6265 185.9627 349.2024 210.9903 1.5838 1.8622 4.4244 -19.3912 2.5454 50.5542 -5.0169 -3.4628
Car -1 -1 -7.8689 618.1006 179.9597 657.0365 216.3589 1.4908 1.6357 3.8645 1.1531 1.8274 32.2610 -7.8341 -3.5206
Car -1 -1 -4.8227 648.1163 184.5828 690.3173 217.3509 1.4612 1.6222 4.1138 2.8341 2.0758 35.7475 -4.7449 -3.6108
Car -1 -1 -7.2240 164.4930 194.3635 260.3051 233.5272 1.4467 1.6905 3.7434 -16.8888 2.4226 30.7801 -7.7226 -3.6789
Car -1 -1 -4.7236 616.1457 180.3774 648.4512 212.1463 1.5986 1.6688 4.0553 1.1473 2.0295 39.3152 -4.6953 -3.8244
Car -1 -1 -4.3036 256.3928 193.7998 311.5286 221.7010 1.4379 1.5731 3.6796 -18.8588 2.7050 41.8106 -4.7253 -3.9348
Car -1 -1 -7.8244 575.9870 170.9710 622.3906 212.7730 1.6412 1.8233 3.7841 -0.4426 1.5670 30.2340 -7.8395 -4.0994
Car -1 -1 -4.4717 653.2100 185.8306 713.8788 225.1099 1.3817 1.5775 3.6626 2.9405 1.9330 28.6845 -4.3713 -4.1604
Car -1 -1 -2.4093 342.7777 185.0447 402.0418 207.9597 1.5470 1.6465 3.9671 -17.1272 2.4500 51.9153 -2.7268 -4.4888
Car -1 -1 -4.4838 606.7872 184.2605 636.6281 205.4294 1.5255 1.6090 3.2626 0.9042 2.4337 55.6898 -4.4682 -4.5716
Car -1 -1 -4.9887 410.0808 183.1175 446.1855 205.4091 1.5946 1.6700 4.0185 -14.1154 2.4181 55.7586 -5.2359 -4.7417
Car -1 -1 -3.6304 197.2752 200.3345 267.6347 225.4122 1.5073 1.5901 4.0618 -26.2109 3.4977 50.1461 -4.1102 -4.9774
Car -1 -1 -2.8411 132.3559 181.0444 239.3717 211.7766 1.5103 1.7020 4.4931 -21.9859 1.9508 37.5038 -3.3685 -5.0080
Car -1 -1 -4.6297 452.0235 183.8723 479.1429 209.9938 1.8114 1.6510 4.1921 -10.8057 2.6696 54.0464 -4.8265 -5.0439
Car -1 -1 -2.2658 213.8444 194.5668 278.1084 222.2728 1.4203 1.4204 3.3118 -20.3985 2.6740 40.3570 -2.7314 -5.0909
Car -1 -1 -7.6640 678.5054 177.6413 711.8505 205.6231 2.0733 1.7451 4.7794 6.7332 2.4672 56.8742 -7.5473 -5.1555
Car -1 -1 -2.3292 287.3840 185.2829 344.4597 209.9216 1.5593 1.5749 3.5120 -19.8251 2.4203 48.5614 -2.7152 -5.3566
Car -1 -1 -4.7003 422.2596 178.3679 438.2961 195.6092 1.6378 1.5005 3.1209 -17.7623 2.1953 71.3119 -4.9438 -5.4081
Car -1 -1 -4.7258 478.4265 185.5956 500.4924 207.1903 1.5492 1.6402 3.9330 -9.4605 2.5799 56.3012 -4.8920 -5.4678
Car -1 -1 -4.8967 758.4736 185.4927 912.5336 296.9569 1.6362 1.8153 4.6556 3.9204 1.9151 13.5363 -4.6218 -5.5009
Car -1 -1 -7.9731 735.4442 184.8547 774.1468 216.1466 1.6426 1.6900 4.1505 8.2630 2.3704 41.6438 -7.7792 -5.5306
Car -1 -1 -4.8695 432.5174 181.4311 461.9513 200.1881 1.4137 1.6506 4.5690 -13.3793 2.1440 59.0301 -5.0918 -5.5506
Car -1 -1 -4.5987 520.9264 182.2660 554.5941 208.9013 1.4518 1.5436 3.9856 -4.2698 2.0353 42.7484 -4.6981 -5.5554
Car -1 -1 -4.6307 556.0276 181.0967 587.6014 207.3840 1.4389 1.5521 3.9722 -2.2562 1.9501 42.7623 -4.6836 -5.5763
Car -1 -1 -4.4953 463.3789 181.7086 503.5877 207.8027 1.4246 1.5339 3.9332 -7.4779 1.9734 42.7481 -4.6678 -5.6028
Car -1 -1 -5.4837 673.5417 184.4822 818.5625 248.7099 1.5577 1.6998 4.0037 3.6794 1.9206 20.4050 -5.3088 -5.6272
Car -1 -1 -4.9628 654.8052 181.1206 694.6776 206.1864 1.5163 1.6261 4.0771 4.1505 2.0815 47.2072 -4.8762 -5.7259
Car -1 -1 -4.4791 586.9822 182.4214 616.8243 202.8484 1.7607 1.7649 4.5481 -0.7298 2.6790 66.8645 -4.4905 -5.7416
Car -1 -1 -4.8809 536.9549 184.8778 566.5388 205.3795 1.4626 1.6320 4.0563 -4.5999 2.4346 56.1827 -4.9627 -5.8112
Car -1 -1 -4.5229 583.3576 181.7789 617.0959 205.2644 1.5004 1.6578 3.6678 -0.6640 2.1369 49.5304 -4.5368 -5.8184
Car -1 -1 -4.6054 544.5899 181.4593 574.2583 206.5193 1.6061 1.6412 3.7299 -3.4596 2.2179 49.4370 -4.6754 -5.8260
Car -1 -1 -6.9727 0.0000 0.0000 1241.0000 374.0000 1.4973 1.5977 3.8455 -2.0863 1.5757 1.3728 -7.8744 -5.8867
Car -1 -1 -3.4554 0.0000 194.8149 0.0000 374.0000 1.5031 1.6056 3.9581 -7.0827 1.6283 2.1305 -4.6977 -5.8867
Car -1 -1 -6.7025 0.0000 0.0000 1241.0000 374.0000 1.5501 1.5881 3.8045 -3.7085 1.6764 1.0043 -7.9389 -5.8867
Car -1 -1 -4.6529 566.7866 179.7441 588.8536 198.5539 1.4653 1.5936 3.9433 -2.6559 2.0535 59.6453 -4.6976 -5.8867
Car -1 -1 -4.4420 0.0000 208.9521 31.0828 258.0454 1.7144 1.7905 4.0255 -26.3535 3.3571 30.6383 -5.1482 -5.9208
Car -1 -1 -3.9718 0.0000 190.9912 5.8874 317.7192 1.5274 1.7273 4.8047 -12.7317 1.8868 11.8555 -4.7816 -6.0415
Car -1 -1 -5.4907 152.5089 182.4538 222.0491 207.7646 1.6396 1.6675 4.1301 -28.7879 2.3105 49.1046 -6.0188 -6.0973
Car -1 -1 -4.4784 657.6957 179.6553 681.6674 198.4580 1.7429 1.5623 3.4798 5.8066 2.4217 70.1504 -4.3966 -6.2601
