Car -1 -1 -4.4481 509.6794 180.5506 538.7938 197.9329 1.4741 1.6202 4.0113 -7.7293 2.1913 65.1559 -4.5661 0.4170
Car -1 -1 -4.5791 123.7127 188.3794 153.6594 206.2244 1.3697 1.6055 4.0115 -40.0160 2.7346 61.2914 -5.1557 -1.7061
Car -1 -1 -4.9453 248.0632 183.6138 280.2135 203.4978 1.7195 1.7154 4.4626 -32.2274 2.7542 67.1330 -5.3915 -1.7105
Car -1 -1 -4.7491 640.4308 180.7750 668.3329 205.9641 1.4747 1.6012 3.7877 2.7184 1.9933 45.3550 -4.6901 -2.0290
Car -1 -1 -4.7062 212.4836 188.4406 236.9445 209.1426 1.5171 1.6996 4.4278 -31.3888 2.8375 58.7803 -5.1951 -2.2490
Car -1 -1 -4.3288 610.6538 178.7193 643.0129 195.9619 1.4529 1.6029 3.7279 1.5063 1.9910 64.2064 -4.3059 -2.2675
Car -1 -1 -5.4818 628.3442 179.4191 700.8819 207.7491 1.5283 1.6858 4.3201 3.0970 1.9314 42.1388 -5.4095 -2.9688
Car -1 -1 -4.8907 613.6513 180.2665 648.0902 205.8082 1.5159 1.5754 3.5136 1.2507 2.0048 45.7573 -4.8641 -3.2480
Car -1 -1 -7.7625 223.2150 185.3645 247.5418 203.8548 1.5948 1.6381 4.2356 -35.0688 2.8056 67.5775 -8.2398 -3.2712
Car -1 -1 -4.7785 421.8321 180.4781 444.4045 199.8280 1.5771 1.6346 4.1501 -15.4427 2.2637 62.7865 -5.0190 -3.2990
Car -1 -1 -4.7292 628.3968 180.7574 657.2793 209.7219 1.5157 1.5512 3.6953 1.7750 1.9810 40.6431 -4.6864 -3.3751
Car -1 -1 -7.7560 630.4312 176.3313 656.1642 197.8997 1.5857 1.6227 3.8213 2.5740 1.8635 55.7015 -7.7105 -3.4494
Car -1 -1 -4.1334 17.5439 178.5898 77.3526 203.5046 1.6978 1.6439 3.6830 -40.4521 2.1256 51.9465 -4.7927 -3.5026
Car -1 -1 -6.3508 172.8853 186.7034 287.7829 224.9454 1.4870 1.6925 4.3020 -16.4477 2.1217 31.2368 -6.8322 -3.8278
Car -1 -1 -4.0075 0.0000 182.8456 34.9345 220.4273 1.6278 1.8153 3.8084 -29.6982 2.1273 34.1791 -4.7191 -3.8458
Car -1 -1 -4.7373 232.8201 188.3379 256.2321 208.8317 1.5501 1.6376 3.8348 -30.3319 2.8775 59.7905 -5.2053 -4.1655
Car -1 -1 -4.7884 223.9370 185.7581 247.9878 203.9733 1.4650 1.5859 3.6905 -32.6143 2.6239 62.8317 -5.2657 -4.2034
Car -1 -1 -4.5971 222.6364 194.3253 262.9078 225.7419 1.5135 1.5343 3.8208 -20.1504 2.7537 39.6303 -5.0652 -4.2680
Car -1 -1 -5.7359 230.6912 184.0578 288.7893 203.7215 1.6178 1.6711 4.2071 -29.8910 2.5897 61.5773 -6.1864 -4.6060
Car -1 -1 -4.6578 573.9559 176.5685 595.5250 197.6101 1.7598 1.6635 4.2345 -2.2057 2.0960 63.2311 -4.6929 -4.6305
Car -1 -1 -4.8101 643.0789 178.6121 682.5295 210.3065 1.5360 1.6418 4.2592 2.6772 1.8554 37.9022 -4.7407 -4.6506
Car -1 -1 -6.0529 0.0000 166.8182 75.9435 193.5539 1.5595 1.6785 3.7873 -34.8613 1.2072 43.6556 -6.7239 -4.6688
Car -1 -1 -6.0119 275.1183 174.8461 345.2335 201.6905 1.7576 1.7160 4.0400 -20.1319 1.8942 48.4979 -6.4037 -4.6778
Car -1 -1 -4.1127 329.6139 191.0810 369.6352 206.6860 1.3797 1.6232 4.2126 -25.6881 3.2365 71.2748 -4.4577 -4.8054
Car -1 -1 -4.6329 453.2418 182.1271 472.7093 198.7746 1.5225 1.5591 3.7974 -14.2910 2.4494 70.1708 -4.8334 -4.8739
Car -1 -1 -3.8240 481.5453 179.0571 529.0598 198.4323 1.5768 1.7108 3.8147 -8.9897 2.1263 61.9729 -3.9678 -5.0123
Car -1 -1 -4.2667 39.0896 198.0927 124.8859 237.9357 1.6084 1.6732 4.0270 -24.7650 2.8705 33.9583 -4.8933 -5.2934
Car -1 -1 -6.3651 254.4920 183.8293 307.2207 202.6445 1.5938 1.7209 4.1941 -29.6462 2.6086 64.9617 -6.7920 -5.3306
Car -1 -1 -4.9646 536.8282 178.7740 564.8076 196.4515 1.5068 1.5934 3.8614 -5.3829 2.0568 64.9838 -5.0473 -5.3639
Car -1 -1 -4.6455 588.8544 179.1271 609.8937 196.3494 1.4540 1.6194 3.9824 -0.9432 2.0315 64.4263 -4.6605 -5.4025
Car -1 -1 -5.0905 220.8213 187.5145 272.3632 214.9301 1.7968 1.7268 4.6085 -26.1483 2.8931 51.7934 -5.5563 -5.4266
Car -1 -1 -7.2911 0.0000 181.7298 78.7072 221.3922 1.7650 1.8962 4.2290 -28.3667 2.2261 35.3018 -7.9645 -5.5494
Car -1 -1 -4.8223 443.5144 181.2759 471.8881 202.2606 1.4945 1.6632 4.4024 -11.8053 2.1709 55.6252 -5.0308 -5.6438
Car -1 -1 -4.9497 581.8993 178.1668 620.8209 200.0886 1.3774 1.6462 4.3372 -0.6674 1.7531 48.7582 -4.9638 -5.8192
Car -1 -1 -4.6262 543.7834 180.5040 572.7458 204.3678 1.4921 1.6045 3.9575 -3.4622 2.0259 48.3823 -4.6977 -5.8867
Car -1 -1 -3.5045 0.0000 197.2440 0.0000 374.0000 1.5122 1.6085 3.9602 -7.0815 1.6647 2.5295 -4.6974 -5.8867
Car -1 -1 -4.7043 157.7733 183.3594 178.8525 200.7855 1.5275 1.6514 4.0082 -41.6034 2.5481 67.9751 -5.2520 -5.8867
Car -1 -1 -4.1801 188.7925 180.3798 229.5199 196.7030 1.5194 1.6581 4.0962 -39.4835 2.2827 71.1413 -4.6853 -5.8867
Car -1 -1 -6.9168 0.0000 0.0000 1241.0000 374.0000 1.5489 1.5897 3.8050 -2.1013 1.6499 1.0040 -7.9391 -5.8867
Car -1 -1 -4.6868 140.5122 182.7243 163.4792 200.7817 1.5283 1.6549 4.0147 -41.6057 2.4543 65.5645 -5.2506 -5.8867
Car -1 -1 -6.7023 0.0000 0.0000 1241.0000 374.0000 1.5532 1.5888 3.8052 -3.7083 1.6878 1.0038 -7.9389 -5.8867
Car -1 -1 -4.6380 555.2024 179.6105 578.6288 198.9028 1.4616 1.5948 3.9445 -3.4604 2.0233 58.0367 -4.6977 -5.8867
Car -1 -1 -4.5462 659.8420 192.6427 684.0967 211.9660 1.6258 1.6500 3.7247 5.7453 3.5134 66.8304 -4.4615 -6.2564
