Car -1 -1 -4.6198 504.9988 179.9568 528.7003 198.3031 1.4753 1.6462 4.0010 -7.9467 2.1016 61.6223 -4.7479 1.4982
Car -1 -1 -4.7515 616.1316 177.5292 642.4370 201.3699 1.4947 1.5932 3.5060 1.2099 1.8149 47.6940 -4.7268 -1.2850
Car -1 -1 -7.1687 237.1065 181.4659 282.6465 200.1414 1.5754 1.6172 3.8343 -31.4200 2.3732 64.8130 -7.6187 -1.3697
Car -1 -1 -7.5427 117.3435 192.7410 192.8722 234.1281 1.4616 1.5695 3.5233 -18.3583 2.3187 29.2068 -8.1000 -1.4784
Car -1 -1 -4.6205 345.9090 189.3425 367.4574 205.9338 1.4921 1.6485 3.9744 -24.9997 3.1685 71.2457 -4.9571 -1.9748
Car -1 -1 -7.4728 0.0000 178.6529 46.6056 205.8634 1.7399 1.6545 3.8010 -40.1840 2.1506 49.0767 -8.1564 -2.0067
Car -1 -1 -4.6248 111.3041 186.1199 140.0458 205.5588 1.4745 1.6321 3.9341 -40.0824 2.6115 59.7384 -5.2139 -2.4922
Car -1 -1 -4.7389 193.1347 186.7356 216.2600 205.0584 1.4855 1.6842 4.3013 -36.1235 2.7647 64.2274 -5.2497 -2.6192
Car -1 -1 -4.6312 612.9506 178.1029 634.4880 196.3242 1.5012 1.5725 3.7122 1.1904 1.9694 62.4789 -4.6126 -2.7011
Car -1 -1 -6.6135 644.8436 180.0517 722.4086 210.2674 1.4484 1.5804 3.5635 3.6475 1.8222 36.3267 -6.5148 -3.0037
Car -1 -1 -7.9725 615.4904 177.1616 648.2696 204.1266 1.5449 1.5587 3.6545 1.2541 1.8176 43.8343 -7.9446 -3.2410
Car -1 -1 -4.6490 325.7283 186.3464 355.4248 211.1969 1.4816 1.5811 3.8268 -17.6585 2.4046 47.3154 -5.0047 -3.2531
Car -1 -1 -4.8537 612.5954 177.7600 644.1745 201.5876 1.5852 1.6408 4.2742 1.2276 1.9476 51.1343 -4.8303 -3.5022
Car -1 -1 -4.8165 196.4154 194.4021 240.4635 226.4836 1.4530 1.6186 3.9218 -20.4475 2.6358 37.5416 -5.3125 -3.5668
Car -1 -1 -4.8221 211.5638 188.6337 240.9651 209.7184 1.5370 1.6624 3.9296 -30.8015 2.8470 57.8213 -5.3099 -3.5814
Car -1 -1 -5.3476 632.3476 177.5822 691.2675 202.5415 1.5440 1.6590 4.2887 3.3393 1.8713 47.7429 -5.2787 -3.6650
Car -1 -1 -4.9609 179.3201 189.7407 218.6037 210.4287 1.4517 1.6645 4.2606 -32.0650 2.8159 56.1922 -5.4776 -3.6779
Car -1 -1 -3.0183 575.5690 179.8263 653.7029 210.4122 1.4627 1.5768 3.7337 0.2204 1.8201 35.9936 -3.0128 -3.7911
Car -1 -1 -4.7560 215.5700 186.3334 244.7652 211.2661 1.5787 1.6264 3.8676 -26.3864 2.5516 50.0156 -5.2395 -4.2407
Car -1 -1 -7.6684 214.0707 185.2034 242.8415 203.8453 1.5741 1.5821 4.1827 -34.9388 2.7436 66.1158 -8.1532 -4.3276
Car -1 -1 -4.8032 619.1008 177.3824 653.4749 207.5430 1.5489 1.5442 3.6315 1.3578 1.8079 39.4686 -4.7696 -4.3418
Car -1 -1 -7.8622 250.2608 184.0293 291.1974 218.7302 1.4242 1.6098 4.0028 -15.6360 1.9707 33.1521 -8.3001 -4.3432
Car -1 -1 -7.7556 621.1183 177.6552 647.7177 201.3248 1.6943 1.6543 3.6731 1.8422 2.0685 54.3598 -7.7224 -4.4380
Car -1 -1 -4.9732 606.2249 179.0122 630.9503 193.8154 1.3879 1.5398 3.6794 0.8022 2.0127 71.2640 -4.9624 -4.7243
Car -1 -1 -4.3328 341.4555 182.6720 395.0244 208.1287 1.4516 1.7458 4.1398 -15.0027 2.0910 44.8954 -4.6538 -4.7899
Car -1 -1 -7.8276 638.3724 178.0076 666.9468 204.2236 1.4838 1.6288 3.9529 2.5845 1.8100 43.6782 -7.7694 -4.8206
Car -1 -1 -3.7958 473.2483 178.1783 524.3589 198.5996 1.5674 1.7096 3.8413 -8.9970 2.0126 58.3909 -3.9484 -4.8998
Car -1 -1 -7.8822 644.9040 179.1882 677.9996 208.4779 1.4403 1.6285 4.2970 2.6641 1.7980 38.6020 -7.8144 -5.0180
Car -1 -1 -4.5147 84.3886 187.9934 118.3584 207.2565 1.4264 1.5535 3.6968 -41.2772 2.6974 58.5854 -5.1266 -5.0348
Car -1 -1 -5.0727 537.4697 178.4809 571.7173 196.1976 1.4481 1.6288 4.0576 -4.8620 1.9525 62.5432 -5.1504 -5.4348
Car -1 -1 -6.6152 1100.5533 168.8608 1241.0000 259.7337 1.5282 1.5598 4.0084 11.7573 1.4607 13.5861 -5.9129 -5.4768
Car -1 -1 -4.5468 16.5689 182.5101 57.8370 205.6694 1.5509 1.6739 4.1789 -41.5769 2.2820 52.4158 -5.2151 -5.6783
Car -1 -1 -4.9204 445.7509 180.0537 474.9793 196.7540 1.5335 1.9047 4.5702 -14.7494 2.2650 70.8633 -5.1252 -5.7248
Car -1 -1 -4.7976 575.1370 178.4959 603.8578 200.9596 1.3850 1.5456 4.0768 -1.4259 1.7739 47.6609 -4.8278 -5.8051
Car -1 -1 -8.0545 735.3453 188.1376 855.2708 272.3010 1.4946 1.6730 4.0165 3.7812 1.8675 15.5861 -7.8219 -5.8392
Car -1 -1 -4.5279 265.4498 183.0392 295.0046 201.0479 1.4564 1.6362 3.9860 -28.7258 2.3740 62.8951 -4.9550 -5.8834
Car -1 -1 -4.6809 137.4539 181.6172 160.9186 199.4852 1.5083 1.6554 4.0214 -41.6077 2.3256 65.1688 -5.2475 -5.8867
Car -1 -1 -4.6981 154.9258 181.9145 176.4055 199.0982 1.5043 1.6512 4.0171 -41.6065 2.3797 67.5812 -5.2484 -5.8867
Car -1 -1 -4.6644 118.6652 181.9961 144.2099 200.6704 1.5140 1.6550 4.0215 -41.6076 2.3360 62.7540 -5.2481 -5.8867
Car -1 -1 -6.7851 0.0000 0.0000 1241.0000 374.0000 1.5423 1.5883 3.8029 -2.9056 1.6357 1.0041 -7.9391 -5.8867
Car -1 -1 -4.2675 0.0000 187.8725 0.0000 301.9854 1.4065 1.6177 4.3696 -13.0951 1.7010 11.8350 -5.0921 -6.0070
Car -1 -1 -4.1202 0.0000 171.3765 0.8137 202.3679 1.6953 1.7865 4.2919 -37.7427 1.6142 41.7194 -4.8525 -6.0757
Car -1 -1 -4.8033 211.9103 184.9453 239.2081 204.8186 1.5488 1.6629 4.3042 -32.6759 2.6124 61.2335 -5.2919 -6.3805
Car -1 -1 -4.6879 0.0000 181.4947 29.0180 208.2011 1.5669 1.4929 2.7975 -37.1741 2.1230 44.9049 -5.3766 -7.5924
