Car -1 -1 -5.2772 305.8777 186.0558 359.7378 211.3449 1.5665 1.5530 3.8400 -18.6122 2.4826 48.3121 -5.6434 -1.4314
Car -1 -1 -3.2051 639.0967 180.1649 720.3464 211.8287 1.5447 1.6482 3.9870 3.4364 1.9231 36.4888 -3.1125 -2.5597
Car -1 -1 -4.8376 682.7928 185.1718 713.0460 208.9044 1.4846 1.5862 3.5658 5.8744 2.3477 48.7818 -4.7191 -2.5734
Car -1 -1 -4.9639 399.8320 179.7962 428.9091 200.0819 1.7621 1.6624 3.8708 -17.9966 2.4189 66.2018 -5.2286 -2.9228
Car -1 -1 -3.2578 686.8192 190.2693 744.3318 214.0425 1.4730 1.5215 3.5259 6.7666 2.6192 46.6948 -3.1154 -3.1658
Car -1 -1 -2.6189 585.5505 179.3066 649.6528 203.7937 1.5500 1.6524 3.9993 0.4629 1.9971 48.3068 -2.6099 -3.3193
Car -1 -1 -2.5229 266.5164 185.0500 346.9795 210.1952 1.5434 1.7751 4.6713 -19.7710 2.3611 47.0088 -2.9194 -3.3239
Car -1 -1 -3.6912 152.5210 191.9397 247.3372 227.8253 1.4919 1.5838 3.5878 -19.3022 2.4433 34.0268 -4.2042 -3.4420
Car -1 -1 -7.8089 236.5628 192.0073 276.8430 224.9768 1.4448 1.6311 3.7280 -17.6193 2.4546 36.0179 -8.2613 -3.7284
Car -1 -1 -4.9596 636.8558 180.3101 678.1597 206.5064 1.5662 1.6611 4.2576 2.9831 2.0713 46.6614 -4.8967 -3.8608
Car -1 -1 -7.7197 211.3500 170.2419 239.2589 189.2147 1.7361 1.7506 4.4493 -36.4500 1.4968 68.4144 -8.2078 -3.8613
Car -1 -1 -4.7824 619.0120 180.4647 653.7398 210.5148 1.4375 1.5356 3.5003 1.2787 1.8482 37.1929 -4.7489 -3.9824
Car -1 -1 -4.5540 613.9159 179.2991 645.2035 201.1808 1.6224 1.7943 4.5384 1.5711 2.1554 57.3051 -4.5272 -3.9838
Car -1 -1 -4.7089 444.8918 180.4953 463.9986 199.3279 1.6679 1.7078 4.3873 -14.6948 2.4135 68.1106 -4.9209 -4.0305
Car -1 -1 -4.4885 629.1382 180.1966 669.8281 207.9617 1.4861 1.5619 3.7354 2.2894 1.9305 41.6929 -4.4346 -4.0387
Car -1 -1 -4.6286 202.6945 189.4988 236.0433 217.0562 1.7198 1.6752 4.3187 -27.1227 2.9295 50.1391 -5.1225 -4.0493
Car -1 -1 -8.0191 657.3950 178.3770 715.2455 220.2634 1.5122 1.6369 3.8940 2.9017 1.7459 28.5718 -7.9196 -4.2628
Car -1 -1 -4.4742 624.8253 181.5157 661.5130 203.4264 1.3910 1.5863 4.2101 2.3044 2.0158 49.8239 -4.4288 -4.3945
Car -1 -1 -7.8665 372.7125 183.9669 393.8905 204.4836 1.5610 1.6065 3.7675 -18.6314 2.5031 59.1481 -8.1707 -4.4160
Car -1 -1 -4.5785 464.5074 182.6397 491.7085 203.0440 1.5079 1.6235 3.8213 -10.4346 2.3089 57.1355 -4.7587 -4.5275
Car -1 -1 -4.4398 408.1952 180.6051 444.2200 202.8912 1.6118 1.6450 4.1205 -14.1676 2.2323 55.7090 -4.6880 -4.7344
Car -1 -1 -8.2489 547.3427 179.4270 587.5936 201.3195 1.5686 1.6119 4.1089 -3.3250 2.0914 55.2193 -8.3092 -4.7364
Car -1 -1 -4.4151 605.4487 176.6614 645.6276 200.8784 1.6506 1.7169 4.3343 1.1445 1.9383 52.2390 -4.3938 -4.8002
Car -1 -1 -4.5365 327.3286 189.2681 351.4085 206.5404 1.5187 1.5290 3.7437 -25.9363 3.1373 69.1845 -4.8943 -4.8163
Car -1 -1 -5.0957 534.4279 181.1424 565.5703 200.8542 1.7573 1.5861 3.8968 -5.7204 2.5643 68.1848 -5.1796 -4.8972
Car -1 -1 -7.9228 477.0067 179.0022 499.9724 199.1658 1.6802 1.7007 4.4286 -10.8171 2.2445 63.9109 -8.0902 -5.1154
Car -1 -1 -4.7142 580.2529 180.6974 597.1697 197.2989 1.4949 1.5701 4.1867 -2.0647 2.2686 69.0894 -4.7444 -5.1154
Car -1 -1 -7.4444 24.0835 183.2009 96.2264 214.6324 1.4468 1.5656 3.6495 -27.7247 1.9973 36.4579 -8.0912 -5.1668
Car -1 -1 -7.6424 170.2108 181.9845 232.8292 220.5469 1.7479 1.8687 4.2118 -20.3648 2.2331 36.0769 -8.1534 -5.2427
Car -1 -1 -4.7224 451.9874 181.4208 474.4036 202.2843 1.5577 1.7024 4.2666 -11.8475 2.2729 57.9961 -4.9234 -5.2533
Car -1 -1 -4.5887 456.6010 180.5606 477.7289 197.5349 1.6074 1.6440 3.4901 -14.1976 2.3928 71.7603 -4.7837 -5.3087
Car -1 -1 -2.2659 0.0000 194.8979 0.0000 374.0000 1.4879 1.6857 4.4709 -9.3175 1.7319 7.0981 -3.1673 -5.5680
Car -1 -1 -4.5897 509.1924 181.7243 533.2631 198.4569 1.4724 1.7120 4.5822 -8.3747 2.3388 68.2132 -4.7118 -5.6002
Car -1 -1 -4.3141 162.2579 191.6640 221.0794 222.8606 1.7690 1.8405 3.8640 -26.2704 3.0050 45.3945 -4.8365 -5.6493
Car -1 -1 -4.6699 476.6873 180.2766 495.6775 196.4259 1.4330 1.5943 4.1617 -11.6917 2.1563 68.1789 -4.8395 -5.6690
Car -1 -1 -4.6428 586.5820 178.8683 613.3375 199.7117 1.4088 1.6348 4.5500 -0.7184 1.8648 52.4231 -4.6569 -5.6786
Car -1 -1 -4.9259 716.9704 176.9980 801.9961 226.6494 1.3439 1.6476 4.1740 4.3838 1.4820 21.9843 -4.7323 -5.7345
Car -1 -1 -5.1806 769.8785 186.2426 949.3380 267.1739 1.3179 1.6351 4.2629 4.7946 1.6322 14.7231 -4.8725 -5.7370
Car -1 -1 -4.5219 245.0946 188.8382 281.7636 215.6054 1.7733 1.6874 3.9061 -25.1526 2.9807 52.4146 -4.9677 -5.7458
Car -1 -1 -5.2040 737.0001 183.3738 879.0503 245.8102 1.3238 1.6206 4.2249 4.7882 1.6230 18.2992 -4.9528 -5.7729
Car -1 -1 -6.9170 0.0000 0.0000 1241.0000 374.0000 1.5453 1.5883 3.8038 -2.1013 1.6384 1.0044 -7.9391 -5.8867
Car -1 -1 -4.6444 558.1017 179.9182 585.0245 202.7269 1.4785 1.6007 3.9520 -2.6581 1.9871 49.9913 -4.6977 -5.8867
Car -1 -1 -3.4555 0.0000 193.1928 0.0000 374.0000 1.4992 1.6038 3.9568 -7.0826 1.6151 2.1315 -4.6978 -5.8867
Car -1 -1 -6.7024 0.0000 0.0000 1241.0000 374.0000 1.5505 1.5879 3.8044 -3.7083 1.6791 1.0042 -7.9389 -5.8867
Car -1 -1 -5.4766 593.0298 180.6308 636.3319 197.5613 1.4427 1.5752 4.0167 0.3740 2.1680 65.3210 -5.4714 -5.8909
Car -1 -1 -5.0385 812.7589 183.1509 1009.4379 289.4297 1.3190 1.5862 3.8260 4.3835 1.5072 11.2705 -4.6773 -5.9453
Car -1 -1 -4.1730 0.0000 186.5762 0.0000 277.8464 1.4542 1.6505 4.4910 -15.5561 1.7768 14.5969 -4.9810 -6.0647
Car -1 -1 -4.8676 578.5099 181.8072 607.6777 201.9934 1.4831 1.6421 4.4624 -1.4142 2.2246 57.4330 -4.8926 -6.3762
