Car -1 -1 -4.6220 499.2409 178.9049 523.8079 198.0420 1.4525 1.6043 4.0286 -7.9222 1.9566 58.1067 -4.7573 1.3908
Car -1 -1 -2.6146 208.2186 190.1482 302.0383 221.6887 1.5361 1.6773 4.0487 -18.2913 2.4510 37.2015 -3.0691 -0.3875
Car -1 -1 -7.7335 202.2671 185.8430 236.7134 210.8703 1.5308 1.5848 3.7172 -26.0982 2.4355 48.2497 -8.2273 -0.5461
Car -1 -1 -4.7437 95.4412 184.9300 121.5747 204.7756 1.4684 1.6061 3.7902 -40.2340 2.4693 57.8220 -5.3497 -0.7579
Car -1 -1 -4.3444 379.4464 179.1356 423.1563 201.6513 1.5167 1.6758 4.0333 -14.9683 1.9859 51.8473 -4.6244 -1.3317
Car -1 -1 -4.4759 312.4134 181.3833 355.0979 208.2218 1.5673 1.6127 4.0328 -17.4204 2.1306 45.5740 -4.8394 -1.7672
Car -1 -1 -4.5421 202.3322 183.1124 232.3374 202.0014 1.5613 1.6535 4.2312 -35.0070 2.5084 64.3713 -5.0387 -2.5697
Car -1 -1 -4.4010 680.8852 189.4829 723.4349 216.8742 1.5488 1.5788 3.7659 5.7938 2.6398 45.3145 -4.2753 -2.9506
Car -1 -1 -4.6701 189.2032 190.5627 215.4543 211.6038 1.4356 1.5693 3.8211 -30.9267 2.8296 54.7527 -5.1825 -2.9827
Car -1 -1 -7.3996 0.0000 179.5096 31.4098 206.0613 1.6418 1.6302 3.8262 -40.2548 2.1004 47.6973 -8.0980 -3.0672
Car -1 -1 -4.4996 343.1890 186.3020 371.2382 205.5228 1.7364 1.7284 4.2369 -24.6689 3.0909 70.4813 -4.8355 -3.0916
Car -1 -1 -5.1544 412.1461 179.2997 462.0370 202.3241 1.5477 1.7120 4.5665 -12.5618 2.0337 52.1140 -5.3902 -3.1584
Car -1 -1 -4.7874 179.8654 184.2356 206.3826 203.1381 1.5114 1.6846 4.1806 -36.1841 2.5325 62.5469 -5.3103 -3.2945
Car -1 -1 -4.1050 156.0053 191.1524 239.9027 226.2826 1.5169 1.6447 3.8522 -20.0500 2.4605 35.2261 -4.6195 -3.4745
Car -1 -1 -4.6577 203.2617 184.1465 229.4242 204.5760 1.5568 1.6695 4.1882 -32.5665 2.5263 59.7190 -5.1553 -3.5837
Car -1 -1 -4.8222 134.3424 183.9595 163.2874 204.0680 1.5325 1.5888 3.8933 -37.9048 2.4749 59.2305 -5.3896 -3.6017
Car -1 -1 -4.8440 644.9944 177.0382 687.1729 209.2116 1.5475 1.6425 4.0307 2.8024 1.7754 37.2993 -4.7702 -3.6265
Car -1 -1 -4.3293 622.4243 175.8625 657.4563 195.4491 1.5727 1.6079 3.8942 2.5282 1.8342 60.6871 -4.2882 -3.7007
Car -1 -1 -3.1560 578.6323 177.8637 656.6182 205.4807 1.4641 1.6056 4.1679 0.3649 1.7427 39.3615 -3.1473 -3.9618
Car -1 -1 -8.2201 655.2010 175.5376 741.7446 226.8566 1.6715 1.6712 4.2012 3.0296 1.7762 25.9785 -8.1060 -4.1754
Car -1 -1 -5.1019 109.1914 191.2029 199.4803 232.8360 1.3806 1.6001 3.6876 -17.2296 2.1151 27.1689 -5.6629 -4.2026
Car -1 -1 -4.3089 616.7125 180.3797 650.8654 198.3821 1.5771 1.6531 4.2555 2.2383 2.3035 67.3927 -4.2763 -4.2067
Car -1 -1 -4.5761 493.0598 177.8631 522.2541 200.5007 1.6212 1.6752 3.8430 -7.7132 2.0123 54.4502 -4.7165 -4.4432
Car -1 -1 -5.0474 67.0452 187.0587 110.3385 208.2309 1.5404 1.6232 3.7163 -40.8977 2.6875 56.5512 -5.6715 -4.4802
Car -1 -1 -4.5430 227.5374 185.6238 254.2320 203.9024 1.5112 1.5224 3.6578 -32.9214 2.6852 64.3807 -5.0143 -4.7348
Car -1 -1 -7.9063 649.3138 172.4906 677.7242 195.3932 1.5938 1.8217 4.3292 3.8131 1.5682 52.3935 -7.8344 -4.9316
Car -1 -1 -7.9580 775.4366 186.2174 907.4241 296.0419 1.4775 1.6396 4.0572 3.7174 1.7460 12.3710 -7.6738 -5.0933
Car -1 -1 -3.7159 459.9055 178.3204 509.0927 201.2726 1.6516 1.5754 3.3368 -9.4804 2.0768 54.4476 -3.8879 -5.1478
Car -1 -1 -7.8691 632.2886 175.1773 655.3857 198.9290 1.6537 1.6138 4.5398 2.4180 1.8314 52.9788 -7.8242 -5.5212
Car -1 -1 -4.8434 227.4885 185.5672 258.4434 205.9545 1.4500 1.6260 4.1172 -28.6261 2.4774 56.1679 -5.3131 -5.5734
Car -1 -1 -4.6740 429.5778 178.7126 453.7144 199.2298 1.4573 1.6209 4.2755 -12.7743 1.9201 54.7872 -4.9024 -5.7000
Car -1 -1 -4.9185 570.8391 177.9104 608.3564 200.9232 1.3678 1.5675 4.1500 -1.3839 1.7056 46.0524 -4.9488 -5.7031
Car -1 -1 -4.6210 547.1252 178.7812 576.6627 201.9429 1.3820 1.5268 3.9963 -3.0672 1.7770 46.1019 -4.6875 -5.7640
Car -1 -1 -4.6638 115.4772 181.5180 141.1549 199.9830 1.4891 1.6467 4.0149 -41.6089 2.2633 62.3491 -5.2504 -5.8867
Car -1 -1 -4.5638 452.5980 178.4858 481.0214 197.6050 1.4013 1.6031 3.9180 -11.1122 1.8540 56.0517 -4.7590 -5.8867
Car -1 -1 -4.6878 143.4808 182.3990 166.1539 200.1031 1.5092 1.6504 4.0148 -41.6059 2.4100 65.9708 -5.2489 -5.8867
Car -1 -1 -4.5826 0.0000 181.9355 38.3463 205.5505 1.5327 1.6692 4.0804 -41.5380 2.1976 50.6773 -5.2668 -5.8867
Car -1 -1 -4.7895 639.6934 177.7252 675.5054 205.1209 1.4419 1.7009 3.9447 2.5967 1.7295 40.6658 -4.7267 -6.0010
Car -1 -1 -8.1140 653.9374 185.4315 687.5209 209.5646 1.8242 1.6364 4.5160 4.9233 2.9002 59.3768 -8.0323 -6.0713
Car -1 -1 -4.2464 306.3664 186.7714 340.7105 204.2197 1.5998 1.5787 3.8839 -28.3046 3.0145 71.3583 -4.6231 -6.6086
