Car -1 -1 -4.3862 260.9069 188.6301 342.8626 238.2038 1.5244 1.7059 2.9893 -10.5187 2.0988 24.7286 -4.7850 5.4665
Car -1 -1 -4.1327 0.0000 196.4616 167.4295 308.6242 1.4501 1.8283 4.4030 -9.8804 1.9344 12.5472 -4.7896 5.4604
Car -1 -1 -7.8278 459.8259 179.0614 488.2623 205.4289 1.5787 1.6889 4.1657 -8.7379 1.9966 46.4230 -8.0133 0.9627
Car -1 -1 -5.0963 969.9351 185.5246 1015.3928 209.2506 1.6004 1.6012 3.8411 27.9022 2.5620 52.7861 -4.6129 -0.4926
Car -1 -1 -4.6762 1003.3646 179.4183 1039.7816 210.4705 1.6748 1.7111 4.1550 23.9953 2.0774 42.0721 -4.1614 -1.0482
Car -1 -1 -8.1085 928.6622 185.9264 974.0512 212.8535 1.5476 1.6784 3.7295 21.3743 2.4055 45.3844 -7.6714 -1.3715
Car -1 -1 -5.4309 643.2046 179.2920 692.3705 202.0139 1.4635 1.5462 3.3098 3.8849 1.9188 49.2751 -5.3531 -2.2732
Car -1 -1 -7.7538 747.2565 173.4082 776.2253 196.6369 1.5145 1.6055 3.3339 10.2919 1.5532 48.9636 -7.5483 -2.2752
Car -1 -1 -4.4823 893.8419 181.2985 923.0916 200.6734 1.5983 1.6005 3.5670 26.1012 2.3590 63.1079 -4.0923 -2.3302
Car -1 -1 -4.3906 220.9049 196.5122 269.7453 223.5399 1.4581 1.6166 3.5543 -22.2517 2.9647 44.0825 -4.8560 -2.4253
Car -1 -1 -8.1058 627.2782 176.4965 660.0724 197.4902 1.5316 1.6404 3.6658 2.5148 1.8203 55.2829 -8.0610 -2.4490
Car -1 -1 -4.7611 808.5086 176.7384 834.4654 203.4003 1.8421 1.6201 3.6158 15.2835 2.1342 52.3657 -4.4792 -2.5839
Car -1 -1 -7.8583 224.0131 181.6304 251.6990 209.7141 1.9544 1.7746 4.1427 -27.8108 2.6366 53.8642 -8.3331 -2.9496
Car -1 -1 -4.8500 703.0519 179.0258 725.5502 196.8376 1.6695 1.6696 3.8283 10.1966 2.2918 70.8759 -4.7081 -3.0947
Car -1 -1 -4.6847 214.4387 183.7557 242.4345 208.8154 1.5732 1.5750 3.6740 -25.9216 2.3439 49.0301 -5.1690 -3.2536
Car -1 -1 -5.2323 492.7492 184.5680 532.4185 204.4169 1.5053 1.6026 3.6591 -8.0112 2.4934 58.9469 -5.3673 -3.3871
Car -1 -1 -4.5551 685.7643 176.1797 729.0335 207.6044 1.5734 1.6685 4.2804 5.2670 1.7629 38.9004 -4.4220 -3.4511
Car -1 -1 -8.2294 682.6708 173.5775 712.3929 189.8658 1.5609 1.6447 3.7672 8.6045 1.6342 71.3552 -8.1102 -3.4534
Car -1 -1 -7.2937 198.4490 192.7366 272.9559 221.1449 1.3888 1.6943 4.2811 -20.9741 2.5670 40.5650 -7.7685 -3.4661
Car -1 -1 -4.7461 476.7909 178.7225 505.8345 207.4290 1.5897 1.5660 3.8696 -7.1192 1.9546 42.8477 -4.9102 -3.7755
Car -1 -1 -7.5450 78.0792 193.7559 199.3275 262.6311 1.5025 1.6341 3.4817 -12.1591 2.1011 18.7808 -8.1134 -4.0567
Car -1 -1 -4.8517 718.2899 186.2385 740.2617 201.5226 1.4074 1.6483 3.6610 11.7773 2.7682 71.5267 -4.6896 -4.0609
Car -1 -1 -4.6688 844.0908 181.8338 868.3451 204.8463 1.7469 1.7032 3.9777 20.0045 2.5032 58.6240 -4.3420 -4.2162
Car -1 -1 -8.3407 929.0952 187.1986 994.3929 217.3316 1.4839 1.6105 3.7452 19.0109 2.3017 39.2465 -7.8931 -4.2921
Car -1 -1 -4.8070 869.8121 185.6423 895.0886 207.8566 1.7055 1.6072 3.5996 22.4390 2.7958 59.5844 -4.4490 -4.2962
Car -1 -1 -3.9165 0.0000 191.3045 146.8485 270.6446 1.5069 1.6627 4.2676 -13.3407 1.9974 16.9673 -4.5754 -4.3564
Car -1 -1 -4.7361 612.3826 176.2298 632.0490 194.8416 1.5838 1.6453 4.0716 1.0360 1.8933 64.1826 -4.7205 -4.4001
Car -1 -1 -5.1424 90.8290 182.7145 157.2675 212.3917 1.5419 1.6402 3.8216 -27.2022 2.1157 40.3134 -5.7332 -4.4399
Car -1 -1 -5.3055 1159.3776 199.6363 1241.0000 235.6625 1.4332 1.6482 4.0017 27.9429 2.7661 33.8479 -4.6204 -4.5622
Car -1 -1 -7.0300 930.2672 176.5473 1153.0480 263.8828 1.4886 1.5549 3.4762 7.9885 1.5635 13.5393 -6.5071 -4.6504
Car -1 -1 -2.7295 324.1499 185.3223 440.0555 222.8581 1.4472 1.6716 4.2157 -9.3390 1.9764 29.5815 -3.0332 -4.9127
Car -1 -1 -7.2622 56.0128 186.1660 152.7643 220.4451 1.4378 1.8052 3.9487 -23.5896 2.0977 33.7946 -7.8681 -5.2434
Car -1 -1 -7.6060 858.9583 176.0618 899.0795 203.0343 1.8163 1.7621 3.9516 19.0978 2.0532 51.2209 -7.2515 -5.3683
Car -1 -1 -5.6806 338.7168 185.9032 441.3794 225.4988 1.7323 1.7880 4.4025 -10.4193 2.3760 34.0875 -5.9755 -5.5047
Car -1 -1 -2.8316 382.6233 177.8898 463.1222 212.4654 1.6928 1.5227 3.6452 -9.4547 1.9529 36.4432 -3.0841 -5.5971
Car -1 -1 -4.7466 563.2010 178.4226 583.9969 196.2455 1.4190 1.6062 4.1094 -3.1251 1.9049 60.8847 -4.7981 -5.7319
Car -1 -1 -4.6866 1051.8003 174.0835 1074.2235 191.0737 1.4986 1.6469 3.9922 41.4769 1.6145 66.0674 -4.1283 -5.8867
Car -1 -1 -4.7100 1072.0376 173.4448 1095.0725 191.0948 1.4918 1.6430 3.9913 41.4766 1.5450 63.2461 -4.1320 -5.8867
Car -1 -1 -4.6550 1029.8990 172.9187 1052.5312 188.8889 1.4847 1.6455 4.0200 41.3682 1.4908 69.2216 -4.1185 -5.8867
Car -1 -1 -7.8898 563.6766 180.5352 581.0724 193.8935 1.2061 1.5355 3.3120 -3.6289 1.9569 68.8399 -7.9426 -6.0341
Car -1 -1 -5.0698 529.8837 176.9142 569.5158 202.5450 1.8236 1.6611 4.0140 -4.5981 2.1404 54.1922 -5.1545 -6.0546
Car -1 -1 -5.1928 710.1470 173.8160 759.3017 197.1215 1.4421 1.6159 3.6775 8.0067 1.5068 46.8093 -5.0248 -7.0497
Car -1 -1 -3.8629 532.5779 176.3363 579.2249 194.5324 1.5987 1.7398 4.1624 -4.9635 1.9284 66.2907 -3.9377 -10.7539
