Car -1 -1 -4.2809 341.6657 183.8936 395.3773 207.1540 1.3536 1.7230 4.0253 -15.3826 2.0903 46.0734 -4.6018 -0.7689
Car -1 -1 -2.1277 264.6142 185.9566 326.7945 214.1867 1.5541 1.5831 3.9050 -18.8363 2.3687 43.1156 -2.5377 -0.7751
Car -1 -1 -4.6218 156.8175 188.2632 192.8824 215.0460 1.5087 1.5928 3.6392 -27.0719 2.5100 44.9135 -5.1619 -1.0550
Car -1 -1 -4.6084 277.8539 188.0173 300.1013 205.2127 1.5488 1.6078 3.7269 -31.3880 3.0742 70.5755 -5.0258 -1.7065
Car -1 -1 -4.6303 623.4092 180.4756 648.4560 200.6552 1.4804 1.6409 4.0844 2.0424 2.1010 56.6606 -4.5950 -1.9349
Car -1 -1 -4.8504 640.9550 179.1991 679.7867 209.2260 1.4957 1.5713 3.6597 2.6097 1.8515 38.6171 -4.7840 -2.7557
Car -1 -1 -4.5952 246.2624 187.3529 295.2479 220.1731 1.3738 1.6422 3.9372 -16.0523 2.1036 34.2073 -5.0313 -3.0675
Car -1 -1 -4.7337 130.2879 167.6460 162.1194 195.6647 1.7536 1.6734 4.2145 -30.5128 1.4273 47.3736 -5.3035 -3.1427
Car -1 -1 -7.7046 147.6259 164.6537 179.6705 186.5034 1.8230 1.7505 4.1850 -38.6181 1.1385 62.4697 -8.2565 -3.1599
Car -1 -1 -2.6347 219.5808 184.8706 302.6459 210.8495 1.4308 1.6213 4.0246 -20.0751 2.1375 41.5237 -3.0828 -3.4234
Car -1 -1 -4.8941 308.9538 190.0551 335.7156 210.3113 1.6475 1.5790 3.5962 -25.5303 3.2175 63.9271 -5.2729 -3.6062
Car -1 -1 -4.8437 682.3510 183.3710 714.4470 209.0853 1.5313 1.5566 3.7667 5.6104 2.2351 46.4100 -4.7248 -3.7213
Car -1 -1 -4.3153 124.4230 167.0005 171.6224 187.3897 1.5867 1.7301 4.1725 -37.3155 1.1309 58.3522 -4.8824 -3.8213
Car -1 -1 -4.9305 843.9047 189.1969 905.7660 232.4192 1.5359 1.5440 3.7051 10.5308 2.2372 29.0381 -4.5866 -4.0051
Car -1 -1 -7.8553 617.0226 177.2515 648.9116 208.8802 1.5610 1.5971 3.7036 1.1629 1.8038 38.0065 -7.8255 -4.0442
Car -1 -1 -4.2541 386.9297 182.4893 438.8528 208.3062 1.5218 1.5781 4.0549 -12.6082 2.1680 46.2718 -4.5190 -4.4545
Car -1 -1 -4.3533 26.4723 194.5387 118.4712 241.7430 1.5222 1.5766 3.6145 -20.0472 2.3925 27.0157 -4.9872 -4.5341
Car -1 -1 -7.9558 87.0759 198.1168 146.5707 240.8013 1.4903 1.6224 4.1397 -20.4507 2.6069 29.7918 -8.5534 -4.6060
Car -1 -1 -4.6620 629.6581 180.3328 657.1941 204.5442 1.5187 1.6607 3.9078 2.2514 2.0424 48.5337 -4.6165 -4.8383
Car -1 -1 -2.6070 274.3485 186.9881 336.7778 211.1090 1.4478 1.5087 3.3162 -19.1768 2.3563 45.4223 -3.0047 -4.8666
Car -1 -1 -4.5101 455.0470 180.5086 493.4148 208.1859 1.5702 1.5863 3.6527 -8.2275 2.0540 43.7923 -4.6952 -4.8966
Car -1 -1 -4.1620 592.2227 179.2788 639.3318 200.3570 1.5794 1.6826 4.4828 0.4838 2.1150 57.8411 -4.1542 -4.9003
Car -1 -1 -4.2820 534.1650 183.3860 565.1284 201.2930 1.5577 1.4992 3.6067 -5.5953 2.5639 67.0089 -4.3654 -4.9921
Car -1 -1 -4.7679 440.7750 179.3477 462.9946 198.9708 1.7090 1.7588 4.5365 -14.7038 2.3323 66.8645 -4.9839 -5.0963
Car -1 -1 -4.7773 447.2699 182.0682 467.7988 198.5719 1.5065 1.6928 4.2325 -14.9756 2.4375 70.6597 -4.9858 -5.2819
Car -1 -1 -4.3354 576.7079 183.3709 607.9378 201.1626 1.5422 1.6205 3.7936 -1.6311 2.5491 67.0387 -4.3601 -5.3937
Car -1 -1 -3.0413 499.4321 183.1756 545.5472 201.6795 1.6424 1.8563 4.0288 -8.0069 2.6014 66.0935 -3.1618 -5.3996
Car -1 -1 -2.1061 0.0000 191.2999 0.4603 302.1755 1.5264 1.5676 3.9063 -12.1587 1.8527 11.5582 -2.9052 -5.4248
Car -1 -1 -4.8304 614.9252 180.8034 635.4070 198.1967 1.4815 1.4516 3.3164 1.3160 2.2136 64.7536 -4.8106 -5.5974
Car -1 -1 -5.0858 701.0383 179.2593 812.8758 243.7672 1.5861 1.6978 3.9990 3.9412 1.7847 20.2835 -4.8975 -5.6201
Car -1 -1 -5.0575 757.6962 182.1727 892.7177 252.8841 1.3721 1.6384 4.0829 4.7292 1.6139 16.6500 -4.7862 -5.6346
Car -1 -1 -4.6964 584.4287 180.3728 611.8604 205.7935 1.3988 1.5519 3.7713 -0.7099 1.8632 42.7067 -4.7134 -5.6831
Car -1 -1 -4.5073 0.0000 0.0000 1241.0000 374.0000 1.8472 1.7448 4.3967 -0.5977 1.5367 1.9583 -4.7733 -5.7481
Car -1 -1 -4.8254 581.6991 179.9327 610.7990 201.4739 1.4105 1.5694 4.3026 -1.0430 1.9320 50.9517 -4.8463 -5.7495
Car -1 -1 -5.0541 789.1729 179.2122 975.6032 276.2065 1.3525 1.6467 3.9587 4.3382 1.4782 12.3106 -4.7236 -5.7528
Car -1 -1 -4.4761 441.2010 181.0656 478.0812 203.0314 1.3949 1.5495 4.1334 -10.2897 1.9815 49.4748 -4.6805 -5.7624
Car -1 -1 -4.5291 467.4516 180.9142 500.8412 203.3664 1.4379 1.5668 3.9586 -8.6421 2.0142 49.6251 -4.7011 -5.7903
Car -1 -1 -4.3607 414.1073 181.8433 459.1342 203.7513 1.3810 1.5965 4.3794 -11.8882 2.0270 49.6117 -4.5950 -5.8420
Car -1 -1 -4.2239 255.2847 198.7585 292.9335 218.4862 1.6067 1.6680 3.4228 -30.2955 4.0074 65.1239 -4.6581 -5.8679
Car -1 -1 -4.6273 544.8878 180.7425 573.3471 204.3304 1.4993 1.6069 3.9602 -3.4619 2.0585 49.1866 -4.6977 -5.8867
Car -1 -1 -4.6784 134.3871 180.7535 158.1984 198.7101 1.5111 1.6574 4.0254 -41.6105 2.2434 64.7669 -5.2478 -5.8867
Car -1 -1 -4.9770 777.4839 176.2736 877.0732 236.6157 1.4735 1.5968 3.9470 5.7843 1.5766 19.8296 -4.6978 -5.8867
Car -1 -1 -3.5142 0.0000 193.6652 0.0000 374.0000 1.5002 1.6027 3.9553 -7.8862 1.6419 2.9353 -4.6977 -5.8867
Car -1 -1 -4.6178 56.6590 176.4949 89.3745 196.3772 1.4596 1.6519 4.0493 -41.5962 1.7524 55.9205 -5.2552 -5.8867
Car -1 -1 -3.5479 0.0000 188.7922 0.0000 374.0000 1.4948 1.6033 3.9545 -6.2779 1.5943 2.5312 -4.6975 -5.8867
Car -1 -1 -6.7866 0.0000 0.0000 1241.0000 374.0000 1.5437 1.5858 3.8026 -2.9047 1.6471 1.0053 -7.9400 -5.8867
Car -1 -1 -4.2492 267.2836 185.1364 317.3216 208.2638 1.4961 1.6459 3.9099 -22.3270 2.3943 50.7877 -4.6618 -5.8867
Car -1 -1 -5.3821 1044.4747 177.8258 1241.0000 369.9099 1.5087 1.6032 3.9566 6.5872 1.5756 7.7603 -4.6976 -5.8867
Car -1 -1 -7.4007 668.8778 184.7605 710.4689 206.1530 1.5893 1.6499 4.2555 6.4546 2.5887 58.3395 -7.2916 -5.9315
Car -1 -1 -4.6829 152.2933 183.9973 175.4327 202.2911 1.5775 1.7046 4.2671 -41.5755 2.6512 67.2649 -5.2349 -5.9559
Car -1 -1 -1.7821 115.0329 182.1407 173.6720 218.2823 1.9308 1.9491 4.6345 -27.2275 2.5020 42.0734 -2.3538 -6.0027
Car -1 -1 -4.1458 0.0000 187.4555 0.0000 280.1765 1.4201 1.6773 4.6779 -15.1231 1.7592 14.2998 -4.9499 -6.0501
Car -1 -1 -4.4975 201.3838 192.5557 247.2038 221.7076 1.6264 1.6987 4.1202 -24.2653 2.9279 45.4600 -4.9857 -6.4575
