Car -1 -1 -4.6544 612.9241 184.3283 637.8252 205.6546 1.4693 1.6333 4.2228 1.1614 2.3657 54.2147 -4.6336 -2.1470
Car -1 -1 -2.0661 235.0427 187.9651 282.4455 210.9353 1.6988 1.6853 4.0539 -28.1260 2.9457 57.6865 -2.5182 -2.9609
Car -1 -1 -2.8103 569.4018 185.1078 627.6927 207.1124 1.5140 1.6158 3.9341 -0.8578 2.4297 52.5556 -2.8271 -2.9687
Car -1 -1 -4.4852 387.3908 182.5292 413.0793 200.5743 1.6905 1.6685 3.6240 -20.7540 2.6730 71.4384 -4.7673 -3.0839
Car -1 -1 -4.6126 297.8917 190.1317 332.6868 216.0856 1.4632 1.6583 3.7373 -18.5306 2.5987 45.4035 -4.9984 -3.3176
Car -1 -1 -7.4647 669.9737 179.4966 724.2323 210.6036 1.6863 1.6824 4.2412 5.1294 2.0966 42.3420 -7.3456 -3.5338
Car -1 -1 -4.7179 626.6295 183.0302 652.5416 208.5024 1.3910 1.4702 3.8194 1.7062 2.0228 42.8811 -4.6790 -3.7075
Car -1 -1 -4.5314 308.6653 190.3701 339.1736 211.5988 1.5195 1.5548 3.9815 -22.6706 2.9594 57.2223 -4.9074 -3.7135
Car -1 -1 -4.8155 609.1228 181.7873 639.1359 206.5276 1.5870 1.6404 4.2656 0.9061 2.2337 50.0651 -4.7981 -3.7202
Car -1 -1 -2.4649 584.7499 182.5647 661.3646 213.5175 1.5328 1.6335 3.9684 0.6301 2.0804 38.8155 -2.4494 -3.7573
Car -1 -1 -7.1965 386.3624 190.7826 443.7345 215.5743 1.5194 1.6433 4.1027 -13.3775 2.8071 49.6256 -7.4590 -3.8227
Car -1 -1 -4.5853 596.7892 178.8336 632.3945 207.6958 1.5841 1.6256 3.8298 0.2780 1.9521 42.4373 -4.5794 -4.4514
Car -1 -1 -4.9895 613.7195 183.5057 645.7761 203.1988 1.4856 1.5795 3.9690 1.5458 2.3852 58.8405 -4.9639 -4.8103
Car -1 -1 -4.6847 602.0441 183.7446 629.2281 208.8372 1.4726 1.6312 3.8421 0.3607 2.1957 45.9830 -4.6775 -4.9810
Car -1 -1 -1.9947 216.6827 185.8342 266.9784 211.2509 1.8089 1.7356 4.5524 -28.4240 2.8466 55.5989 -2.4656 -5.0140
Car -1 -1 -4.6421 488.1458 187.5858 512.5325 209.2521 1.5473 1.5991 4.2994 -8.6132 2.7505 56.7368 -4.7926 -5.0813
Car -1 -1 -4.6781 622.8636 183.4796 650.2238 210.5088 1.5945 1.6209 3.6610 1.6890 2.2983 45.9281 -4.6421 -5.1931
Car -1 -1 -4.7047 631.8400 180.8727 655.5146 202.8046 1.5273 1.7068 4.7928 2.5272 2.1594 54.4677 -4.6590 -5.2522
Car -1 -1 -5.9498 1088.7694 224.0976 1241.0000 374.0000 1.3731 1.5087 3.6024 3.8121 1.6852 2.4560 -5.0055 -5.3204
Car -1 -1 -4.7150 742.6922 178.3818 796.5273 222.6553 1.3437 1.6491 4.2983 5.3994 1.5504 24.7407 -4.5032 -5.5212
Car -1 -1 -4.0787 572.8780 182.4279 625.2426 204.4618 1.6538 1.7056 4.8880 -0.8635 2.4668 58.8034 -4.0938 -5.5797
Car -1 -1 -4.5890 403.6915 187.0283 446.5072 217.8034 1.5313 1.7906 4.3159 -10.2802 2.3656 40.2306 -4.8381 -5.6920
Car -1 -1 -4.8943 521.7792 183.6101 551.4397 205.7566 1.6155 1.6362 3.9103 -5.8372 2.4931 56.7851 -4.9967 -5.7300
Car -1 -1 -3.9029 0.0000 190.9453 17.7126 297.9380 1.4199 1.5827 4.2186 -12.7987 1.7843 12.4188 -4.6926 -5.7572
Car -1 -1 -4.6792 541.4141 181.6464 571.4283 211.4526 1.5547 1.5657 3.8760 -3.0235 2.0752 40.7660 -4.7533 -5.7591
Car -1 -1 -4.5470 522.2946 182.8607 556.5330 208.1418 1.6612 1.7066 4.5883 -5.0272 2.4093 51.6165 -4.6441 -5.7774
Car -1 -1 -4.7840 415.2116 184.0041 438.9010 205.2165 1.6609 1.6566 3.9484 -15.4854 2.6342 60.8722 -5.0324 -5.7878
Car -1 -1 -4.7872 538.3850 180.1044 567.1873 204.7324 1.5129 1.6079 3.7019 -3.8278 2.0088 47.4262 -4.8677 -5.8041
Car -1 -1 -5.1398 772.2921 177.9938 890.2458 234.9995 1.4644 1.6951 4.1255 6.2606 1.6297 21.0879 -4.8557 -5.8060
Car -1 -1 -4.8973 571.3057 181.1641 607.5471 205.6142 1.4694 1.6532 3.9098 -1.4135 2.0330 46.8688 -4.9278 -5.8155
Car -1 -1 -4.5800 478.7073 182.4340 510.5063 207.7921 1.6107 1.6446 3.9018 -7.8718 2.2911 49.2923 -4.7380 -5.8162
Car -1 -1 -4.6865 510.1734 181.6396 535.7946 206.8788 1.5859 1.6196 3.7385 -5.8621 2.2013 48.6243 -4.8063 -5.8464
Car -1 -1 -4.9914 647.1004 181.3112 688.2964 206.7020 1.5709 1.6639 4.1273 3.7758 2.1623 48.2885 -4.9144 -5.8518
Car -1 -1 -4.4236 411.1249 185.0362 455.9089 210.8585 1.5319 1.6671 4.3507 -11.4900 2.3644 47.1098 -4.6619 -5.8661
Car -1 -1 -4.5539 423.0434 182.3091 456.0675 206.5668 1.5711 1.6363 3.9655 -11.8799 2.2573 50.3551 -4.7848 -5.8758
Car -1 -1 -6.7369 0.0000 0.0000 1241.0000 374.0000 1.5414 1.5871 3.8024 -3.3203 1.6400 0.9969 -7.9397 -5.8867
Car -1 -1 -4.8735 647.5233 180.2662 678.2327 202.2397 1.4932 1.6038 3.9427 3.7726 2.0525 52.4391 -4.8026 -5.8867
Car -1 -1 -3.6012 0.0000 189.0258 0.0000 374.0000 1.4990 1.6023 3.9555 -5.4729 1.6000 2.5322 -4.6973 -5.8867
Car -1 -1 -7.2121 156.9363 0.0000 1241.0000 374.0000 1.4841 1.5938 3.8418 -1.2826 1.5198 1.3742 -7.8745 -5.8867
Car -1 -1 -4.6262 546.6816 179.7691 570.0130 198.5247 1.4609 1.5926 3.9433 -4.2640 2.0512 59.6464 -4.6977 -5.8867
Car -1 -1 -3.4555 0.0000 190.4897 0.0000 374.0000 1.4926 1.6018 3.9543 -7.0827 1.5930 2.1316 -4.6978 -5.8867
Car -1 -1 -8.4287 0.0000 0.0000 948.2566 374.0000 1.5374 1.5881 3.8044 0.6995 1.5742 0.9975 -7.9398 -5.8867
Car -1 -1 -5.0537 835.9150 171.3521 942.8256 226.4355 1.4244 1.5822 3.9293 7.7932 1.3852 20.6339 -4.6978 -5.8867
Car -1 -1 -4.6370 554.1516 179.0179 578.0345 198.4308 1.4421 1.5883 3.9363 -3.4538 1.9443 56.8380 -4.6978 -5.8867
Car -1 -1 -5.0610 697.0626 177.1254 767.1861 215.6336 1.4778 1.6101 3.9957 4.9919 1.6692 30.2717 -4.8997 -5.8867
Car -1 -1 -9.2812 0.0000 0.0000 1241.0000 374.0000 1.5130 1.5784 3.7919 5.5226 1.4516 0.9963 -7.9397 -5.8867
Car -1 -1 -4.4529 431.7681 183.0409 466.5040 204.0099 1.4899 1.6399 3.9283 -12.2896 2.2972 55.2042 -4.6713 -5.8867
Car -1 -1 -4.4898 442.3867 181.7729 472.1873 200.8351 1.4852 1.5945 3.9462 -12.6961 2.2518 60.0575 -4.6976 -5.8867
Car -1 -1 -4.5151 459.3927 181.6227 492.9696 204.2042 1.4921 1.5989 3.9521 -9.4825 2.1383 51.2085 -4.6977 -5.8867
Car -1 -1 -4.7895 665.1585 179.0865 690.8631 200.1600 1.4739 1.5922 3.9435 4.9894 1.9539 53.6202 -4.6977 -5.8867
Car -1 -1 -4.8150 682.4400 179.4597 712.5804 203.2327 1.4924 1.5976 3.9507 5.7945 1.9533 48.3876 -4.6970 -5.8867
Car -1 -1 -4.8224 628.4320 181.6295 653.2390 200.0452 1.4538 1.6579 3.9844 2.5468 2.2197 60.9534 -4.7813 -5.9331
Car -1 -1 -4.8118 909.5028 171.4588 988.9575 228.8555 1.4403 1.5854 3.8919 9.3334 1.4050 20.2036 -4.3851 -6.0194
Car -1 -1 -5.8067 133.7568 183.7635 209.2458 211.1598 1.7316 1.7440 3.8710 -28.7886 2.4632 47.4023 -6.3502 -6.3248
