Car -1 -1 -4.2300 35.0813 194.0059 239.9158 283.7554 1.5211 1.7635 4.5081 -9.9630 2.0470 15.6357 -4.7899 6.1232
Car -1 -1 -4.4226 302.2298 188.7454 368.9611 231.1176 1.4742 1.6229 2.9337 -10.5334 2.1188 27.7633 -4.7825 5.7201
Car -1 -1 -4.6554 466.7526 178.4328 495.4424 203.0485 1.5302 1.6448 4.1248 -8.5600 1.9173 47.9700 -4.8314 0.7812
Car -1 -1 -4.7244 955.1336 183.5502 979.1221 205.8071 1.6419 1.6485 4.0333 28.3940 2.5262 57.4946 -4.2683 -0.8009
Car -1 -1 -5.0559 223.8065 186.8270 267.7948 212.3262 1.7781 1.6554 4.2021 -27.6170 2.8749 54.6054 -5.5225 -1.4982
Car -1 -1 -4.7018 214.4325 188.5591 246.3011 216.8015 1.4596 1.5599 3.7466 -21.8708 2.4080 41.5629 -5.1838 -2.1263
Car -1 -1 -5.1291 613.2465 176.7095 652.3036 198.0418 1.6667 1.6680 4.1561 1.8062 1.9959 59.4221 -5.0993 -2.4501
Car -1 -1 -7.1328 933.9237 185.8644 1009.5007 213.4494 1.4484 1.6368 3.9375 20.4201 2.2111 40.8091 -6.6723 -2.7076
Car -1 -1 -3.1802 920.6480 167.2270 1019.9601 204.5095 1.4990 1.5600 3.6670 15.0782 1.2725 30.4665 -2.7248 -2.7653
Car -1 -1 -6.0445 128.5806 183.0582 295.9443 242.0845 1.5460 1.6279 3.9115 -11.2704 1.8556 20.6257 -6.5395 -3.1342
Car -1 -1 -5.3888 339.7374 182.7568 386.0683 206.6138 2.0771 1.7512 4.2485 -22.7242 3.0119 66.2553 -5.7184 -3.2905
Car -1 -1 -4.0088 362.0812 184.9867 408.7252 205.0915 1.6541 1.6661 4.1719 -19.9927 2.7731 64.3203 -4.3094 -3.3463
Car -1 -1 -5.2624 216.2178 191.9428 273.2082 217.3612 1.4922 1.5953 3.6673 -23.5696 2.7647 46.4672 -5.7298 -3.3866
Car -1 -1 -7.7603 439.8637 181.0877 477.5609 210.5630 1.4266 1.5975 3.7129 -7.9429 1.8813 37.9372 -7.9658 -3.5791
Car -1 -1 -2.8167 283.3700 189.5921 412.8029 234.6202 1.4465 1.6098 3.8429 -8.9182 2.0375 24.6468 -3.1610 -3.6234
Car -1 -1 -8.3243 773.8024 174.7466 825.8472 202.2772 1.6505 1.6289 3.7810 11.8909 1.7750 45.5577 -8.0710 -3.6413
Car -1 -1 -3.7184 874.5012 182.7590 950.6992 209.3196 1.4723 1.6332 3.8211 17.5568 2.0645 42.0076 -3.3255 -3.7950
Car -1 -1 -4.9459 444.9929 182.0054 486.1673 208.8220 1.5217 1.6482 3.7924 -8.9655 2.1110 44.4214 -5.1443 -3.8066
Car -1 -1 -5.1144 849.5112 183.7409 890.9214 205.7401 1.6438 1.6624 4.0672 20.8521 2.5508 58.0511 -4.7717 -3.8867
Car -1 -1 -7.5872 81.8539 192.2343 186.7786 252.8339 1.4658 1.5759 3.6767 -13.5624 2.0754 20.7164 -8.1612 -3.9635
Car -1 -1 -4.9688 1135.2950 187.4641 1237.1436 237.8806 1.5091 1.6675 4.4919 20.0510 2.0712 25.3776 -4.3063 -4.2736
Car -1 -1 -4.3319 265.2391 187.1137 306.3421 208.6514 1.6687 1.7356 4.1609 -27.2914 2.9121 60.8161 -4.7524 -4.3116
Car -1 -1 -5.0373 1163.4313 196.2365 1221.4646 225.5540 1.4586 1.5476 3.3165 32.6856 2.8340 40.6281 -4.3641 -4.3641
Car -1 -1 -7.7238 565.0554 176.8445 588.3207 192.5252 1.4228 1.6542 4.4943 -3.1685 1.8166 68.9532 -7.7699 -4.3655
Car -1 -1 -8.1383 1157.4761 192.4603 1241.0000 237.7204 1.4654 1.6230 3.9743 22.3358 2.2671 27.3676 -7.4597 -4.3763
Car -1 -1 -4.7870 227.5529 179.8592 260.0811 207.8583 1.8435 1.7314 4.3626 -25.9361 2.3607 50.9810 -5.2557 -4.6928
Car -1 -1 -4.8605 634.9940 176.7998 663.5400 197.7455 1.5237 1.5987 4.0412 2.9463 1.8376 55.3628 -4.8080 -4.9103
Car -1 -1 -5.6564 904.5847 198.8503 1008.5131 237.0337 1.5449 1.6070 4.3742 16.4826 2.8753 34.6323 -5.2164 -4.9262
Car -1 -1 -4.8238 498.8292 182.3221 525.4916 203.9643 1.6111 1.6436 4.3817 -7.9371 2.4034 58.0744 -4.9594 -5.0424
Car -1 -1 -5.3390 1120.5431 195.8838 1208.9937 225.7724 1.4643 1.7966 4.2482 31.1982 2.8345 40.7960 -4.6903 -5.1830
Car -1 -1 -4.3960 0.0000 167.3204 35.0193 195.5959 1.6377 1.6483 3.8433 -36.7258 1.3169 43.8815 -5.0899 -5.2190
Car -1 -1 -4.4900 552.4735 179.1580 589.9834 203.3118 1.6073 1.7041 4.6422 -2.7536 2.0800 51.7135 -4.5434 -5.2337
Car -1 -1 -4.6157 966.7374 186.1676 988.7852 202.5854 1.4602 1.5414 3.7923 35.3994 2.7787 69.4559 -4.1466 -5.3683
Car -1 -1 -4.5223 461.7462 177.8075 503.8207 208.4795 1.6488 1.6138 4.2512 -7.3129 1.9489 41.6177 -4.6956 -5.4325
Car -1 -1 -4.4916 827.5616 188.6234 878.7756 222.6423 1.6584 1.7405 4.5138 13.4157 2.5792 39.7637 -4.1691 -5.4715
Car -1 -1 -4.5693 512.5558 180.8148 549.4583 206.6468 1.3950 1.5701 4.2263 -4.6273 1.8863 42.4221 -4.6777 -5.4799
Car -1 -1 -4.5496 782.1102 179.7712 813.0301 204.2426 1.6482 1.5206 4.1077 13.5260 2.1675 52.0187 -4.2971 -5.4902
Car -1 -1 -4.7295 618.8179 176.6183 641.1226 197.1253 1.5209 1.6611 3.9107 1.4971 1.8240 56.1946 -4.7035 -5.6165
Car -1 -1 -4.6162 327.5566 185.2575 358.7977 209.5336 1.5203 1.6316 3.9823 -18.2906 2.4076 49.4997 -4.9688 -5.7252
Car -1 -1 -4.6898 541.4610 178.6093 565.5177 202.9332 1.7105 1.6993 4.0321 -4.2066 2.1556 53.7746 -4.7680 -5.7291
Car -1 -1 -4.8619 568.3535 178.4938 595.3282 196.5161 1.4146 1.6207 4.3239 -2.4168 1.9037 60.3354 -4.9021 -5.7600
Car -1 -1 -5.0506 518.1581 180.3754 553.8919 200.2637 1.5468 1.6627 4.1738 -6.2204 2.1959 60.0541 -5.1538 -5.8005
Car -1 -1 -4.2145 512.0889 180.5342 558.3974 201.7755 1.5515 1.7046 4.4590 -5.8582 2.1813 56.8126 -4.3172 -5.8025
Car -1 -1 -2.8268 229.9852 184.6580 388.3275 237.1801 1.4956 1.5753 4.1538 -9.0803 1.8691 21.9082 -3.2158 -5.8396
Car -1 -1 -4.6579 332.2724 182.2220 374.8118 217.8307 1.4892 1.6353 3.9964 -11.8690 1.9512 33.4537 -4.9967 -5.8714
Car -1 -1 -4.6329 551.4399 178.5337 574.5031 196.8450 1.4225 1.5854 3.9285 -3.8567 1.9041 59.2519 -4.6980 -5.8867
Car -1 -1 -4.6949 1062.8641 172.4164 1085.6288 189.7811 1.5003 1.6515 4.0042 41.4738 1.4622 64.4649 -4.1256 -5.8867
Car -1 -1 -4.6169 540.0948 179.8304 562.8424 197.7189 1.4612 1.5964 3.9435 -5.0605 2.0841 62.4678 -4.6978 -5.8867
Car -1 -1 -7.3760 1008.7667 169.8355 1047.8253 186.0040 1.5348 1.6527 3.9765 40.7217 1.2479 70.2584 -6.8527 -5.8867
Car -1 -1 -4.6763 1038.6229 173.1302 1060.6158 189.2476 1.4718 1.6389 3.9881 41.4755 1.4983 68.0762 -4.1312 -5.8867
Car -1 -1 -4.7313 855.6955 177.7104 874.7311 194.2087 1.4899 1.6184 4.0449 24.2198 1.9660 68.6123 -4.3937 -5.8867
Car -1 -1 -4.9019 919.7477 178.9458 946.8892 195.7877 1.5175 1.6232 3.9883 30.7136 2.1150 68.6768 -4.4833 -5.8867
Car -1 -1 -4.7888 161.9714 181.9999 199.1919 210.2585 1.4644 1.5441 3.3211 -24.0811 1.9985 40.3600 -5.3241 -6.0811
Car -1 -1 -3.7407 295.2490 184.4569 358.6639 206.9108 1.6217 1.7059 4.4658 -22.2642 2.5728 56.8387 -4.1127 -6.1000
Car -1 -1 -7.8697 869.0328 187.5019 890.6078 208.7582 1.6409 1.6320 4.4555 22.8783 2.9340 61.3406 -7.5149 -6.1633
Car -1 -1 -5.2419 666.9528 174.7856 709.4114 194.0127 1.5110 1.6458 4.0442 6.3578 1.6754 59.3241 -5.1361 -7.2828
