Car -1 -1 -4.5008 458.8385 182.1736 500.8105 209.1432 1.5102 1.6693 4.2174 -7.9157 2.1059 44.0145 -4.6781 3.7986
Car -1 -1 -4.3893 614.1031 178.9887 652.1562 200.7536 1.5269 1.6212 4.1513 1.7491 2.0056 54.1040 -4.3577 0.7500
Car -1 -1 -4.6511 121.1483 198.5511 153.9131 224.3550 1.4814 1.5690 3.7670 -31.0791 3.2443 47.4824 -5.2284 -0.0931
Car -1 -1 -4.4960 506.5340 181.8718 534.0415 198.4644 1.4442 1.6547 4.3729 -8.3741 2.3157 67.5050 -4.6193 -1.2485
Car -1 -1 -4.6981 24.1858 189.8144 55.0599 212.6210 1.4469 1.6433 3.8562 -40.1680 2.6892 50.8289 -5.3644 -1.3890
Car -1 -1 -7.6251 198.1007 185.7467 250.3702 217.1201 1.4452 1.5532 3.6640 -19.6570 2.1381 36.8259 -8.1127 -1.4645
Car -1 -1 -4.4474 365.5112 181.2486 409.0683 206.9479 1.5829 1.6490 4.5276 -14.8492 2.1703 48.2264 -4.7449 -2.0669
Car -1 -1 -4.3896 188.6412 193.0607 229.3484 215.0849 1.5486 1.6236 3.9366 -31.4474 3.1929 56.6401 -4.8947 -2.3580
Car -1 -1 -6.2635 128.7246 197.9063 203.7835 229.2889 1.5874 1.5945 3.5386 -24.9403 3.0517 40.6021 -6.8117 -2.5081
Car -1 -1 -4.6792 115.0213 188.1454 141.9591 209.7422 1.4936 1.5703 3.9298 -36.6508 2.7017 54.9363 -5.2655 -2.6050
Car -1 -1 -4.3525 89.9156 199.5326 171.3278 242.1922 1.4613 1.5309 3.6613 -19.2768 2.6097 29.1136 -4.9334 -3.6682
Car -1 -1 -4.9314 447.9878 179.9289 483.0016 201.2752 1.5054 1.6642 4.5209 -11.0623 2.0669 54.8833 -5.1297 -3.8585
Car -1 -1 -4.4569 384.4988 181.0542 422.2636 204.7982 1.5974 1.6314 4.1060 -14.8788 2.2120 52.0416 -4.7344 -4.0579
Car -1 -1 -6.0226 629.2763 177.3250 691.6311 200.2684 1.6004 1.6758 4.2274 3.6373 1.9338 52.3800 -5.9541 -4.0583
Car -1 -1 -7.5116 324.9128 184.7790 379.5890 211.8956 1.4268 1.6778 4.1798 -14.9236 2.1535 41.8959 -7.8522 -4.4391
Car -1 -1 -7.5401 718.5979 185.3013 772.0118 217.3115 1.4560 1.6113 3.6213 6.8175 2.1165 36.3306 -7.3567 -4.8118
Car -1 -1 -4.7202 461.3219 179.1647 486.6978 200.7822 1.4674 1.7356 3.3817 -9.8186 1.9367 51.8707 -4.9067 -4.8580
Car -1 -1 -7.7528 504.5757 179.7124 530.6981 201.3653 1.5445 1.5851 3.8192 -6.9855 2.0817 54.6186 -7.8799 -5.0067
Car -1 -1 -4.5112 522.1596 181.5425 548.2595 198.3194 1.4593 1.5668 4.4679 -6.9728 2.2988 67.4417 -4.6142 -5.1939
Car -1 -1 -4.8570 403.2801 181.6118 435.9129 205.6372 1.5055 1.5924 3.8607 -12.9491 2.1231 48.8229 -5.1153 -5.3857
Car -1 -1 -7.8296 0.0000 195.6861 9.4989 224.8443 1.7034 1.6926 4.0582 -40.7523 3.2750 47.5649 -8.5354 -5.3915
Car -1 -1 -4.8366 584.3237 178.6601 612.2537 201.2610 1.5980 1.6154 3.8998 -0.9425 2.0495 54.1101 -4.8545 -5.5348
Car -1 -1 -4.1453 330.0930 184.0555 374.1313 204.9709 1.7986 1.7234 4.4524 -23.8862 2.8742 66.9400 -4.4871 -5.5601
Car -1 -1 -4.1701 413.7113 179.3007 467.7236 201.5347 1.4718 1.6501 4.5397 -12.0597 1.9539 51.5756 -4.3990 -5.5957
Car -1 -1 -3.8864 479.4387 179.0718 526.0446 199.4774 1.7175 1.8018 3.9093 -9.5194 2.2875 64.0908 -4.0336 -5.6197
Car -1 -1 -7.9525 543.0134 180.1674 568.8555 202.5480 1.5952 1.5846 3.7784 -4.1608 2.1699 54.7331 -8.0284 -5.6204
Car -1 -1 -4.9477 576.6980 178.7078 613.5351 200.4704 1.4163 1.6249 4.2196 -1.1181 1.8432 50.4128 -4.9702 -5.8333
Car -1 -1 -4.6225 68.4702 183.7987 99.8721 204.5084 1.5128 1.6494 4.0079 -41.6058 2.4115 57.1177 -5.2500 -5.8867
Car -1 -1 -4.5990 39.1829 182.5935 74.4230 204.3341 1.5135 1.6535 4.0160 -41.6093 2.2751 54.3018 -5.2506 -5.8867
Car -1 -1 -4.4867 0.0000 184.5062 0.0000 212.6950 1.5282 1.6549 4.0113 -41.6099 2.2576 43.0374 -5.2522 -5.8867
