Car -1 -1 -7.7946 315.5478 184.9527 346.4964 211.6458 1.5267 1.5773 3.9110 -17.4949 2.3208 45.2754 -8.1617 -1.0245
Car -1 -1 -4.7817 622.9632 183.3908 653.6639 208.4449 1.4416 1.6286 4.2876 1.7065 2.1376 45.5112 -4.7451 -1.9508
Car -1 -1 -5.9307 632.6642 184.2816 687.1082 205.9409 1.4546 1.5759 3.5451 3.5243 2.2915 51.4212 -5.8632 -2.0497
Car -1 -1 -4.7864 620.5912 182.3603 654.8303 211.5224 1.5050 1.6155 4.1070 1.4770 2.0681 40.6783 -4.7510 -2.5892
Car -1 -1 -3.4098 653.3775 184.9362 760.3820 221.2791 1.4169 1.6248 4.1154 3.9386 1.9364 29.9470 -3.2810 -2.6312
Car -1 -1 -7.4142 345.0659 186.3265 393.7075 208.2059 1.3382 1.6625 3.7460 -16.1479 2.2802 48.5037 -7.7343 -3.3908
Car -1 -1 -4.6920 610.7349 181.2141 631.1571 201.9072 1.6689 1.6748 4.1779 0.9457 2.4117 62.0200 -4.6773 -3.4304
Car -1 -1 -7.8886 645.2338 182.6609 677.2053 212.2530 1.4451 1.5547 3.4610 2.6307 1.9872 38.1537 -7.8209 -3.5062
Car -1 -1 -7.5669 263.7431 187.7908 312.5734 215.7164 1.4859 1.6308 3.7167 -18.8941 2.4042 42.4252 -7.9839 -3.7334
Car -1 -1 -7.9340 641.7819 179.8681 663.1794 198.1694 1.5886 1.6428 3.8974 3.8416 2.2501 66.1069 -7.8767 -3.9736
Car -1 -1 -4.8767 639.9387 180.7010 682.2211 210.0570 1.5346 1.6931 4.4145 2.8189 2.0073 41.2163 -4.8095 -4.0310
Car -1 -1 -5.0077 301.0179 184.3937 346.4837 209.9595 1.6116 1.7638 4.1947 -19.7643 2.4405 49.6522 -5.3850 -4.0986
Car -1 -1 -5.8781 680.8458 182.4524 740.2998 207.8616 1.6157 1.6261 3.6309 6.7521 2.2855 48.7445 -5.7418 -4.2122
Car -1 -1 -5.2243 631.4591 182.1352 672.8801 203.4958 1.5050 1.6121 3.4861 3.1172 2.2295 54.4268 -5.1680 -4.6328
Car -1 -1 -4.5491 603.7437 180.2780 631.8131 200.5702 1.5269 1.6144 4.1131 0.6357 2.1461 58.0433 -4.5387 -4.6902
Car -1 -1 -5.9917 647.1635 185.9184 737.1484 219.7729 1.3623 1.5662 3.6149 3.5519 1.9593 31.5638 -5.8813 -4.7253
Car -1 -1 -4.3800 602.4470 181.8775 638.5344 202.7642 1.4736 1.6328 3.6511 0.8014 2.1814 54.6234 -4.3659 -4.7542
Car -1 -1 -7.3905 1158.3728 157.2224 1241.0000 374.0000 1.7341 1.7412 4.2556 6.7398 1.6414 5.6514 -6.5435 -4.9747
Car -1 -1 -4.7007 394.7747 181.5787 421.3987 205.1670 1.4372 1.6263 4.0005 -13.3491 2.0394 47.6889 -4.9725 -5.2848
Car -1 -1 -4.9596 445.3314 183.2766 484.7792 210.5443 1.7639 1.7175 4.2881 -10.2670 2.5298 50.7413 -5.1587 -5.5429
Car -1 -1 -4.8013 711.3125 182.6401 792.5849 253.3736 1.6862 1.7946 4.0997 3.7479 1.9848 19.9131 -4.6190 -5.6082
Car -1 -1 -4.7910 498.1604 183.7770 521.0276 203.2099 1.6130 1.7078 4.0237 -9.0204 2.6210 64.4559 -4.9299 -5.6406
Car -1 -1 -5.0750 690.6890 181.1171 773.3039 223.3949 1.3728 1.6079 4.0995 4.3198 1.7002 26.4462 -4.9155 -5.6451
Car -1 -1 -4.9538 589.0057 182.2097 620.2707 200.2830 1.4514 1.7042 4.4120 -0.5317 2.2948 62.7234 -4.9627 -5.6527
Car -1 -1 -8.4562 706.1686 198.1302 773.5875 235.2176 1.6224 1.5466 3.6047 6.4138 2.9587 36.1961 -8.2831 -5.6740
Car -1 -1 -4.4950 473.2782 184.3940 509.3381 208.1750 1.4520 1.5365 4.0445 -7.8987 2.2543 48.1180 -4.6573 -5.6784
Car -1 -1 -4.4504 421.2197 183.2433 461.9713 208.1319 1.5122 1.6036 4.1368 -11.1042 2.2286 47.6817 -4.6784 -5.6921
Car -1 -1 -4.6597 525.6858 182.9698 552.3173 207.1669 1.4711 1.5414 4.0149 -4.6805 2.1669 47.6135 -4.7576 -5.7337
Car -1 -1 -4.7190 551.6178 183.6203 571.3193 201.3509 1.4437 1.6731 4.1598 -4.3091 2.4225 63.4812 -4.7870 -5.7589
Car -1 -1 -4.5476 497.1659 182.5571 531.9297 207.0247 1.4805 1.6005 4.1995 -6.2633 2.1472 47.4715 -4.6786 -5.7994
Car -1 -1 -5.3383 970.6569 186.4537 1241.0000 374.0000 1.7721 1.8442 3.9323 6.1216 1.9693 8.4915 -4.7313 -5.8288
Car -1 -1 -4.6758 555.3376 181.9794 581.9918 206.4513 1.4804 1.5967 4.1624 -2.7048 2.1050 47.3102 -4.7332 -5.8354
Car -1 -1 -5.2112 711.6141 182.9651 825.7857 234.4084 1.3703 1.6206 4.1633 4.7220 1.7140 22.3220 -5.0062 -5.8384
Car -1 -1 -4.6587 562.5215 181.2131 587.0411 204.2872 1.6320 1.6462 3.7535 -2.6465 2.2824 54.2782 -4.7076 -5.8808
Car -1 -1 -4.4916 590.3074 180.7184 616.2941 196.8075 1.4355 1.6280 4.0459 -0.6249 2.2066 68.6256 -4.5011 -5.8867
Car -1 -1 -3.8053 0.0000 191.9333 195.9194 374.0000 1.5165 1.6110 3.9644 -3.4726 1.6356 2.5229 -4.6976 -5.8867
Car -1 -1 -6.9166 0.0000 0.0000 1241.0000 374.0000 1.5528 1.5910 3.8062 -2.1012 1.6638 1.0034 -7.9390 -5.8867
Car -1 -1 -4.6283 547.4286 180.5368 572.4578 201.1352 1.4891 1.6013 3.9531 -3.8535 2.1023 55.6311 -4.6976 -5.8867
Car -1 -1 -4.7174 586.0472 179.6313 608.0300 200.0167 1.4668 1.6226 3.9523 -1.0338 2.0042 55.2405 -4.7365 -5.8867
Car -1 -1 -4.5991 525.1317 181.3929 551.9360 202.4660 1.5077 1.6064 3.9589 -5.4621 2.1846 55.2287 -4.6977 -5.8867
Car -1 -1 -3.5046 0.0000 195.8055 0.0000 374.0000 1.5083 1.6069 3.9589 -7.0814 1.6518 2.5302 -4.6974 -5.8867
Car -1 -1 -4.6580 571.9117 179.4673 591.2049 195.8993 1.4512 1.5895 3.9368 -2.6476 2.0858 67.2956 -4.6976 -5.8867
Car -1 -1 -4.5725 449.5487 183.9758 472.3408 202.0164 1.6706 1.6906 3.7847 -14.6867 2.7970 71.1522 -4.7758 -5.9958
