Car -1 -1 -4.4190 381.2487 182.4378 449.9648 220.5338 1.4126 1.6128 4.1369 -8.0031 1.8373 29.9030 -4.6787 5.6752
Car -1 -1 -4.5936 478.4987 178.3456 507.4838 199.9631 1.4806 1.6274 3.9042 -8.4898 1.8943 52.4123 -4.7538 0.6620
Car -1 -1 -2.7643 625.9811 179.6513 697.4705 204.5206 1.4569 1.6433 4.1098 3.1687 1.8939 44.7886 -2.6947 -1.0803
Car -1 -1 -5.0721 327.6134 173.8357 361.4450 192.4998 1.7423 1.7243 4.1305 -25.6904 1.8398 69.7083 -5.4242 -1.4420
Car -1 -1 -4.5991 71.2318 187.8681 108.5946 212.4967 1.5264 1.6542 3.6663 -35.4199 2.5909 49.1669 -5.2210 -1.5871
Car -1 -1 -7.5156 0.0000 194.7167 105.6869 244.8453 1.4036 1.6126 4.0559 -18.6827 2.2050 24.2802 -8.1663 -2.7601
Car -1 -1 -7.9733 632.5959 179.4672 669.9442 206.1499 1.4315 1.6725 4.1012 2.3057 1.8340 41.8518 -7.9192 -3.0633
Car -1 -1 -4.3802 72.4143 195.5982 136.4204 227.9602 1.4491 1.5628 3.7059 -25.9536 2.6815 37.1093 -4.9874 -3.2754
Car -1 -1 -4.8507 484.3873 175.9230 507.5386 193.5373 1.5733 1.6233 3.7617 -10.6660 1.8675 67.1936 -5.0078 -3.4549
Car -1 -1 -4.6015 317.4718 175.5318 339.5002 190.5468 1.4181 1.6019 3.8257 -27.6631 1.6887 70.9343 -4.9723 -3.5638
Car -1 -1 -4.5346 87.0195 194.0032 132.9996 221.4038 1.4294 1.5918 3.7865 -29.6720 2.7456 42.8623 -5.1375 -3.6431
Car -1 -1 -4.6049 710.7984 169.7690 744.3918 198.8575 1.7020 1.6402 3.8348 7.2202 1.5212 44.2840 -4.4448 -4.1647
Car -1 -1 -5.7810 618.6713 186.4708 672.0018 206.5709 1.5703 1.6128 4.2151 2.9264 2.7470 60.5811 -5.7335 -4.4535
Car -1 -1 -4.4946 472.1744 179.9608 500.1763 198.0360 1.5293 1.6988 3.7362 -11.0487 2.1827 64.4555 -4.6640 -4.4601
Car -1 -1 -7.4585 669.5737 182.6733 728.9242 218.2341 1.6936 1.7119 3.8905 4.6695 2.2344 37.6458 -7.3368 -4.5126
Car -1 -1 -4.7995 230.0613 185.8951 280.9220 223.2216 1.4522 1.6613 4.1143 -15.7107 2.0662 31.7936 -5.2554 -4.6904
Car -1 -1 -6.6752 613.8306 177.6958 675.3668 201.2768 1.7191 1.8434 4.2937 2.5955 2.0976 54.8503 -6.6287 -4.8307
Car -1 -1 -3.9884 529.8174 179.8727 581.5912 201.0378 1.5607 1.6795 4.2446 -4.2639 2.1349 56.8622 -4.0633 -4.8339
Car -1 -1 -4.8844 519.5577 175.0567 546.2910 196.8378 1.6699 1.4989 3.7714 -6.2251 1.8520 57.7458 -4.9917 -4.8396
Car -1 -1 -4.9446 235.4252 195.5103 272.4200 219.0323 1.5552 1.5914 4.0079 -26.5623 3.3059 53.7111 -5.4023 -4.8414
Car -1 -1 -5.1392 479.0188 177.4657 525.7731 202.0148 1.5750 1.6376 4.0074 -7.4117 1.9028 49.2158 -5.2883 -4.9725
Car -1 -1 -5.6365 320.0180 186.3384 381.1867 211.1890 1.4429 1.5222 3.2936 -15.9988 2.2957 44.4323 -5.9806 -5.1022
Car -1 -1 -4.7139 460.6129 177.1797 483.3749 199.6171 1.5522 1.5726 3.3036 -10.0479 1.8765 52.3690 -4.9029 -5.2098
Car -1 -1 -4.0500 445.1071 177.5318 507.2654 201.0234 1.3675 1.5584 4.2140 -8.3371 1.6741 45.1181 -4.2321 -5.3808
Car -1 -1 -4.9249 660.0765 191.2074 686.3531 208.9189 1.4872 1.5884 4.1585 5.8336 3.2521 67.2336 -4.8394 -5.4053
Car -1 -1 -4.6319 554.0814 179.4976 582.7036 202.2175 1.3565 1.5275 3.8189 -2.6566 1.7987 46.1315 -4.6896 -5.5512
Car -1 -1 -2.0929 0.0000 189.0900 0.0000 369.8785 1.5257 1.6814 4.4192 -9.2299 1.7224 7.5313 -2.9617 -5.6276
Car -1 -1 -4.3476 10.3606 181.7175 116.2821 227.5030 1.5178 1.7696 4.1729 -20.3669 1.8773 27.0390 -4.9886 -5.6511
Car -1 -1 -4.8065 546.9474 178.2168 569.0245 194.1790 1.4251 1.6693 4.4344 -4.9757 1.9497 68.3051 -4.8793 -5.7130
Car -1 -1 -4.6647 391.3390 180.7127 425.8333 206.9689 1.3434 1.6566 4.5502 -11.3573 1.8132 40.7583 -4.9351 -5.7246
Car -1 -1 -5.6591 667.5954 179.7026 827.1433 243.9535 1.5824 1.7772 4.1483 3.7240 1.7951 20.3288 -5.4813 -5.7687
Car -1 -1 -4.9708 389.7796 181.5535 447.2664 211.8251 1.3963 1.7508 4.5173 -9.9336 1.8717 37.0545 -5.2314 -5.7921
Car -1 -1 -7.8100 807.4706 191.0490 843.7956 225.7599 1.6433 1.7015 4.1937 11.5961 2.6781 38.7874 -7.5223 -5.8226
Car -1 -1 -4.6508 389.0403 183.0901 409.5552 200.2584 1.5087 1.6143 3.9833 -19.8636 2.5039 68.0545 -4.9340 -5.8446
Car -1 -1 -4.7903 578.9391 177.4164 607.9943 199.9336 1.3388 1.5236 4.0790 -1.1243 1.6418 45.8615 -4.8151 -5.8455
Car -1 -1 -2.6280 270.0171 188.7316 335.3022 211.9228 1.3752 1.4694 3.4713 -19.1687 2.3850 44.9773 -3.0290 -5.8582
Car -1 -1 -4.5729 6.6894 184.4659 46.3374 207.7144 1.5208 1.6504 4.0087 -41.6067 2.3836 51.4855 -5.2502 -5.8867
Car -1 -1 -4.4769 0.0000 183.1947 0.0000 211.7558 1.5406 1.6659 4.0280 -41.6117 2.1824 42.6406 -5.2471 -5.8867
Car -1 -1 -4.5473 0.0000 184.1998 15.0143 208.8538 1.5221 1.6515 4.0104 -41.6081 2.3208 48.6664 -5.2521 -5.8867
Car -1 -1 -4.5122 0.0000 183.8569 0.0000 210.5182 1.5345 1.6575 4.0172 -41.6101 2.2600 45.4507 -5.2507 -5.8867
Car -1 -1 -4.6254 544.6457 177.8362 570.6320 198.0476 1.4082 1.5792 3.9223 -3.8565 1.7890 53.2181 -4.6978 -5.8867
Car -1 -1 -3.5047 0.0000 191.1830 0.0000 374.0000 1.4975 1.6049 3.9553 -7.0821 1.6120 2.5302 -4.6975 -5.8867
Car -1 -1 -4.6623 567.9624 177.1109 591.7204 196.8452 1.4009 1.5870 3.8919 -2.2549 1.7308 54.0144 -4.7042 -5.8867
Car -1 -1 -4.5099 483.5229 178.9722 522.2078 202.6220 1.3725 1.5806 4.1948 -6.6789 1.7729 45.1184 -4.6564 -5.8871
Car -1 -1 -5.0457 85.2870 189.0521 137.0278 214.8660 1.5337 1.6910 3.5652 -32.3931 2.6227 46.7861 -5.6488 -5.9377
Car -1 -1 -7.7292 321.2509 190.7663 350.8889 212.8559 1.2861 1.4238 2.8477 -17.4950 2.4682 46.0765 -8.0905 -6.1782
Car -1 -1 -3.6511 259.7568 191.3566 313.2683 213.8385 1.5668 1.3620 3.5094 -24.6871 3.0255 55.0835 -4.0710 -9.4132
