Car -1 -1 -5.1393 1078.4059 179.2697 1150.0784 210.9548 1.5062 1.5899 3.7484 25.7796 1.8533 37.0865 -4.5360 -1.4895
Car -1 -1 -4.7951 197.8631 183.4958 235.0229 212.4602 1.6213 1.6684 4.0611 -24.1355 2.3036 44.1264 -5.2933 -1.6214
Car -1 -1 -4.7977 1169.4889 162.9999 1219.2260 197.3389 1.7288 1.6751 4.3754 31.1520 1.2324 38.6099 -4.1227 -1.9043
Car -1 -1 -4.5214 146.1575 183.8543 191.1224 211.0872 1.4970 1.6259 3.6732 -26.4522 2.1872 43.2878 -5.0674 -1.9696
Car -1 -1 -4.5862 460.8990 177.5973 491.9608 206.2226 2.1660 1.9063 4.3245 -10.6315 2.5585 57.5420 -4.7685 -2.0167
Car -1 -1 -7.2426 222.6890 187.7242 288.7837 213.5882 1.4502 1.6678 4.0662 -22.0699 2.4225 45.0549 -7.6960 -2.2606
Car -1 -1 -4.8603 588.6304 181.4829 614.5977 202.0441 1.5401 1.5510 3.5935 -0.7254 2.2505 57.5352 -4.8734 -2.3784
Car -1 -1 -4.2418 0.0000 204.6012 77.2786 241.9263 1.5035 1.6044 3.4344 -26.9813 3.0818 34.0368 -4.9084 -2.3801
Car -1 -1 -4.8962 612.1906 179.8773 649.6323 205.6146 1.5518 1.6588 4.3560 1.2771 2.0314 47.0294 -4.8697 -2.4946
Car -1 -1 -7.9746 1104.6089 171.7568 1166.8823 211.0462 1.5875 1.6671 4.1695 22.7282 1.5429 31.3833 -7.3526 -2.7161
Car -1 -1 -5.9456 275.6605 183.4194 408.2399 230.3790 1.5366 1.6519 3.9559 -9.1993 1.9126 24.8472 -6.2971 -2.8978
Car -1 -1 -8.0870 1051.8165 187.3616 1114.5188 222.8461 1.5178 1.6522 3.8274 22.5863 2.2558 34.6424 -7.5138 -3.0094
Car -1 -1 -4.9142 1208.5588 197.7184 1241.0000 258.4659 1.5531 1.6164 3.5426 19.6111 2.3768 21.9731 -4.1929 -3.1296
Car -1 -1 -7.8701 553.9271 186.0564 570.4528 200.1741 1.2895 1.5588 3.1593 -4.7149 2.6111 70.6080 -7.9370 -3.5710
Car -1 -1 -5.4115 1036.7642 178.5792 1128.3900 209.4170 1.4754 1.6454 4.2107 24.4131 1.7902 37.5267 -4.8387 -3.7449
Car -1 -1 -4.8944 755.6424 185.1347 790.8070 210.2175 1.6096 1.6474 4.2368 11.3523 2.5063 50.5526 -4.6754 -3.7723
Car -1 -1 -5.0037 1118.5955 179.7247 1195.5458 213.7109 1.5458 1.8907 4.2775 27.2031 1.9115 36.0955 -4.3622 -3.9042
Car -1 -1 -4.7255 822.6318 181.7803 855.7810 213.3103 1.5946 1.6623 4.0615 12.5962 2.1151 39.9112 -4.4225 -3.9646
Car -1 -1 -6.2528 770.4238 190.2898 832.3081 214.5003 1.5030 1.6025 3.9181 12.7017 2.6950 48.0204 -5.9964 -4.0735
Car -1 -1 -5.5937 554.9900 184.7042 610.3243 207.4184 1.5197 1.6204 3.8216 -2.0190 2.4023 51.9568 -5.6329 -4.0916
Car -1 -1 -7.8794 1070.1129 189.5193 1106.6676 217.4250 1.4939 1.7065 3.9932 28.6440 2.5442 43.3385 -7.2991 -4.2778
Car -1 -1 -7.8431 96.4023 197.5857 139.5427 234.4611 1.5259 1.6435 4.1812 -23.8604 2.8007 35.0020 -8.4381 -4.3137
Car -1 -1 -4.3206 759.3177 194.3371 799.6379 217.9703 1.5669 1.5850 3.8034 12.5666 3.2192 53.4976 -4.0918 -4.4171
Car -1 -1 -7.8990 256.8245 182.0813 277.9599 201.0716 1.6766 1.6230 3.8987 -32.2574 2.5709 67.8496 -8.3415 -4.4467
Car -1 -1 -5.2092 661.6405 180.0730 731.4159 216.2424 1.4690 1.5399 3.5841 3.7324 1.8087 32.0335 -5.0948 -4.6538
Car -1 -1 -3.3118 708.7186 175.3112 776.0023 204.4035 1.7082 1.6266 3.7491 7.8751 1.8583 43.3348 -3.1337 -4.8219
Car -1 -1 -4.7482 535.0865 182.8547 553.0112 197.3715 1.3299 1.6110 4.0036 -6.5379 2.3436 71.0666 -4.8400 -4.8863
Car -1 -1 -5.1918 960.8589 181.6043 1026.5651 214.7701 1.8920 1.7180 4.4149 23.5496 2.4586 44.5380 -4.7088 -4.8933
Car -1 -1 -7.9779 591.7391 179.4056 625.6227 205.0872 1.5215 1.6485 4.1573 -0.1641 1.9588 46.0207 -7.9820 -4.9127
Car -1 -1 -5.0290 629.5830 178.9718 673.4858 201.7611 1.3924 1.6261 4.2830 2.6497 1.8149 47.5875 -4.9742 -4.9742
Car -1 -1 -2.3046 0.0000 191.6751 213.6155 285.7097 1.5746 1.6020 3.8870 -9.8884 1.9654 13.7790 -2.9182 -5.2210
Car -1 -1 -4.9902 1167.4934 178.8821 1228.2712 212.8284 1.5380 1.4548 3.1777 28.4485 1.8451 35.0566 -4.3130 -5.3189
Car -1 -1 -5.5980 0.0000 203.1360 9.7325 374.0000 1.5028 1.7466 4.2757 -9.5737 1.8845 7.8569 -6.4647 -5.5073
Car -1 -1 -4.0589 48.4689 201.5624 125.0458 236.1063 1.5306 1.4335 3.2577 -26.3240 3.0427 36.3626 -4.6822 -5.7437
Car -1 -1 -4.4186 516.6464 182.2929 554.6070 204.6102 1.5316 1.6889 4.0942 -5.4981 2.2599 53.5259 -4.5209 -5.8781
Car -1 -1 -4.9130 1241.0000 169.4400 1241.0000 196.6657 1.4869 1.6416 3.9909 41.4712 1.3001 41.5241 -4.1320 -5.8867
Car -1 -1 -4.8853 1241.0000 173.0483 1241.0000 199.8319 1.5508 1.6611 3.9937 41.4750 1.5629 43.9338 -4.1323 -5.8867
Car -1 -1 -7.5639 152.1494 0.0000 1241.0000 374.0000 1.5529 1.5924 3.8068 -0.4938 1.6437 1.0029 -7.9391 -5.8867
Car -1 -1 -4.8102 1177.3594 172.0485 1214.4938 194.0244 1.4942 1.6454 3.9889 41.4736 1.4391 51.1777 -4.1323 -5.8867
Car -1 -1 -4.8783 927.7345 179.0820 967.3348 204.8290 1.5304 1.6486 3.8865 21.4234 1.9451 45.9918 -4.4453 -5.8867
Car -1 -1 -4.8413 1218.4602 180.2323 1241.0000 207.6117 1.6787 1.7150 4.0195 41.4812 2.1866 47.5470 -4.1274 -5.8867
Car -1 -1 -6.9161 0.0000 0.0000 1241.0000 374.0000 1.5532 1.5929 3.8066 -2.1019 1.6621 1.0023 -7.9391 -5.8867
Car -1 -1 -4.7780 1148.8794 171.5681 1181.3741 192.5225 1.5067 1.6522 4.0010 41.4722 1.4139 54.0044 -4.1260 -5.8867
Car -1 -1 -4.9016 658.8589 179.2147 696.0614 204.1876 1.4701 1.6041 4.0008 4.1798 1.8901 45.6005 -4.8113 -5.8867
Car -1 -1 -4.2944 386.2839 192.7547 419.4396 211.4243 1.6697 1.6862 3.9266 -20.3558 3.6842 70.9875 -4.5731 -5.8923
Car -1 -1 -5.5177 754.3144 183.2423 859.1107 220.5771 1.3762 1.7215 4.1696 8.0560 1.8409 30.0653 -5.2590 -5.9214
Car -1 -1 -5.4916 916.3674 185.8009 1172.5599 274.8295 1.3467 1.6261 4.2660 7.9573 1.6357 13.8474 -4.9799 -5.9539
Car -1 -1 -4.1169 179.8383 194.6859 236.5703 220.9949 1.6323 1.6769 3.6121 -27.6686 3.1941 49.7513 -4.6225 -6.0446
Car -1 -1 -4.9653 1069.9482 189.7153 1116.0219 217.5221 1.7937 1.7518 4.0507 34.3134 3.0462 51.4121 -4.3801 -6.2504
Car -1 -1 -4.6956 163.7603 199.5736 196.9973 229.2682 1.7411 1.8346 3.7001 -28.6116 3.5975 48.0770 -5.2303 -6.3831
Car -1 -1 -8.3055 720.6631 173.4974 785.4008 204.0494 1.4225 1.5489 3.9902 6.9812 1.4560 35.8114 -8.1149 -6.5459
Car -1 -1 -4.9367 492.8955 186.5968 524.4062 210.0651 1.7893 1.6872 4.2377 -8.4847 2.9745 59.9627 -5.0772 -7.0785
