Car -1 -1 -4.2695 146.6983 194.9076 315.6292 278.2914 1.4930 1.6874 4.1307 -8.2655 2.0488 16.1080 -4.7374 5.7114
Car -1 -1 -4.4807 381.9109 180.6499 447.0468 224.3213 1.7203 1.7442 4.5221 -8.4823 2.0853 31.5250 -4.7419 5.1056
Car -1 -1 -4.6526 491.0610 184.0476 512.3536 202.8463 1.5072 1.6044 3.3253 -9.2496 2.4899 61.6353 -4.8014 2.1959
Car -1 -1 -4.6736 461.1461 184.5245 489.1179 209.0044 1.5063 1.6937 4.1165 -9.0775 2.3272 48.6144 -4.8576 1.4715
Car -1 -1 -6.8127 175.9821 181.8310 253.4041 211.7940 1.5214 1.5787 3.3955 -21.6851 2.0371 39.6141 -7.3109 -0.9187
Car -1 -1 -4.7541 530.9642 178.8552 550.8394 196.5003 1.5079 1.6225 3.7047 -6.2644 2.0638 64.9310 -4.8503 -1.5247
Car -1 -1 -7.5803 382.0225 180.8215 433.4632 211.5097 1.5437 1.6444 4.1410 -11.0213 2.0019 39.4450 -7.8514 -2.1920
Car -1 -1 -4.5550 485.2296 181.9178 528.5272 212.2751 1.4544 1.6344 4.0174 -5.3813 1.9543 37.7979 -4.6959 -2.4738
Car -1 -1 -8.2457 1125.1921 200.7359 1241.0000 374.0000 1.3012 1.5296 3.5331 5.5429 1.5977 5.7599 -7.5055 -2.5945
Car -1 -1 -2.4179 489.0302 179.3959 550.3269 202.6914 1.5486 1.6857 4.2354 -6.4257 2.0270 50.9153 -2.5432 -2.6949
Car -1 -1 -4.5559 369.5191 195.2625 394.5689 214.1072 1.4868 1.5350 3.7794 -20.0902 3.5241 63.6255 -4.8610 -2.7184
Car -1 -1 -7.8664 362.6005 179.2015 395.7849 209.6393 1.5033 1.6134 4.1632 -12.4710 1.8639 38.7969 -8.1758 -4.0364
Car -1 -1 -4.8476 669.5190 175.3801 697.9370 197.1107 1.6637 1.7218 4.0623 5.8379 1.8729 57.7808 -4.7478 -4.0439
Car -1 -1 -4.8300 111.4819 198.9273 161.2141 237.3611 1.5673 1.5450 3.5846 -22.2802 2.8571 33.8311 -5.4090 -4.0758
Car -1 -1 -4.6043 514.6097 180.0674 546.5067 205.7954 1.5692 1.6247 4.3412 -5.2037 2.0645 47.3976 -4.7135 -4.4342
Car -1 -1 -4.8655 534.1852 179.2789 559.2281 198.6922 1.5720 1.6319 3.3229 -5.4380 2.1348 61.4312 -4.9539 -4.7052
Car -1 -1 -7.5257 217.8905 159.1539 258.1550 178.5806 1.4318 1.5484 3.9363 -28.4485 0.4218 55.2389 -7.9994 -4.8027
Car -1 -1 -7.2996 381.4689 176.9095 416.7785 195.2895 1.7154 1.6117 3.6597 -20.4961 2.1208 70.1935 -7.5830 -4.9284
Car -1 -1 -6.9374 391.0064 178.6091 474.9509 212.4773 1.6736 1.8227 4.0916 -9.4385 1.9981 38.5563 -7.1763 -4.9930
Car -1 -1 -5.1447 506.2607 181.6614 541.8616 202.8354 1.7135 1.5967 3.7950 -7.4522 2.4963 62.1171 -5.2640 -5.0314
Car -1 -1 -7.9030 612.5040 178.8430 632.1415 194.8327 1.4163 1.6374 3.8884 1.1033 1.9915 67.3584 -7.8871 -5.1507
Car -1 -1 -5.2692 551.1057 180.2493 600.9808 202.8086 1.5846 1.6844 4.3990 -2.6383 2.1660 54.4695 -5.3178 -5.2204
Car -1 -1 -4.6292 516.4102 180.7656 551.3632 212.6252 1.5629 1.5545 3.3719 -4.0002 1.9973 37.9426 -4.7341 -5.3126
Car -1 -1 -4.6028 275.9956 188.3244 308.7177 212.9029 1.5969 1.7198 3.9601 -22.7540 2.7517 51.7275 -5.0157 -5.5718
Car -1 -1 -5.8078 0.0000 177.6072 75.4172 374.0000 1.7675 1.9562 4.6788 -6.3645 1.8086 4.3588 -6.7491 -5.5781
Car -1 -1 -4.8581 696.1330 174.4902 726.9007 198.4714 1.6884 1.6621 4.0358 7.3985 1.8131 53.1017 -4.7208 -5.7949
Car -1 -1 -4.2719 396.2353 182.4452 445.7826 205.9870 1.4642 1.6646 4.0622 -12.7453 2.1408 48.7775 -4.5265 -5.8211
Car -1 -1 -4.7519 404.4225 181.9899 427.3604 202.4671 1.5540 1.6474 3.9803 -15.8757 2.3256 58.8175 -5.0148 -5.8501
Car -1 -1 -4.5340 607.0784 178.8100 637.9312 199.1270 1.4365 1.6417 4.0224 0.9526 1.9028 54.3979 -4.5171 -5.8756
Car -1 -1 -4.7207 617.3288 178.2559 637.6476 196.9992 1.4372 1.5900 3.9340 1.3697 1.8892 58.4442 -4.6978 -5.8867
Car -1 -1 -4.7239 618.3338 179.2685 642.0349 201.6330 1.4775 1.6031 3.9511 1.3620 1.9464 50.7938 -4.6977 -5.8867
Car -1 -1 -4.2842 452.5523 181.4705 489.7461 199.9353 1.4835 1.6404 3.9735 -11.9251 2.2498 62.0751 -4.4736 -5.8867
Car -1 -1 -4.7421 586.6599 179.4075 608.3875 198.9066 1.4556 1.5987 3.9827 -1.0466 1.9938 57.2548 -4.7607 -5.8867
Car -1 -1 -5.5478 743.3716 175.1756 790.9985 198.5455 2.1246 1.6120 4.4776 14.8227 2.3516 68.3395 -5.3355 -6.2243
Car -1 -1 -7.9466 525.8126 177.5114 550.1714 200.9778 1.7640 1.5777 3.6450 -5.7385 2.1439 56.9502 -8.0469 -6.4648
Car -1 -1 -4.0288 585.6421 178.1031 630.0405 197.5751 1.6448 1.5318 4.3887 -0.1777 2.1283 64.3152 -4.0320 -8.7568
