Car -1 -1 -4.3891 268.4443 180.4940 378.1007 243.8449 1.7081 1.7931 4.4610 -8.7265 1.9677 22.2717 -4.7589 3.8595
Car -1 -1 -4.4977 414.2542 184.4330 461.3676 216.1632 1.5878 1.6935 4.0274 -9.4257 2.2558 39.6156 -4.7303 2.3270
Car -1 -1 -4.6161 459.6926 183.2922 488.5696 206.8514 1.5912 1.7029 3.8372 -9.8728 2.3789 52.4811 -4.8015 2.3267
Car -1 -1 -4.7948 517.5870 177.5255 541.3542 196.5998 1.5175 1.6549 3.9814 -6.8128 1.9229 60.5519 -4.9068 0.0006
Car -1 -1 -4.8669 871.9314 173.2640 901.8157 196.0590 1.7319 1.6183 3.8259 21.7767 1.7651 56.9320 -4.5037 -0.1482
Car -1 -1 -4.9361 831.9534 176.5687 861.0213 197.2567 1.7040 1.5803 3.7091 20.2705 2.0330 62.0386 -4.6221 -1.8552
Car -1 -1 -4.7205 249.7692 192.9378 278.8111 219.4142 1.5732 1.6858 3.8529 -23.1173 2.9720 48.1624 -5.1662 -1.9154
Car -1 -1 -8.2380 632.0275 174.8103 663.4378 193.2232 1.6979 1.6298 3.9724 3.5603 1.8909 69.1339 -8.1871 -2.1396
Car -1 -1 -7.9715 365.0192 183.3509 387.9843 202.5134 1.7369 1.6533 4.0658 -22.6944 2.7868 69.9946 -8.2843 -2.6806
Car -1 -1 -4.9976 460.7817 183.7172 513.9039 215.2801 1.5415 1.6726 4.3714 -6.7565 2.1661 39.1748 -5.1677 -2.6961
Car -1 -1 -4.4808 508.5475 175.7723 548.8477 204.6032 1.7341 1.6100 4.3170 -5.1704 1.9293 46.0913 -4.5923 -2.8564
Car -1 -1 -7.6225 487.2272 181.3053 516.0074 200.0251 1.6701 1.7306 4.4837 -10.3055 2.5022 68.7597 -7.7712 -3.0895
Car -1 -1 -7.0651 892.3046 149.2884 984.9672 182.7076 1.6527 1.7874 4.3766 16.9391 0.4870 37.2870 -6.6417 -3.6815
Car -1 -1 -4.8110 992.6025 162.2343 1100.9855 245.8598 1.7622 1.7545 4.4465 10.4184 1.5381 17.5912 -4.2842 -3.8592
Car -1 -1 -4.4779 650.4988 176.8044 678.4742 193.0226 1.5021 1.7689 4.3064 5.3221 1.8992 70.2756 -4.4030 -3.9080
Car -1 -1 -4.9570 653.0438 176.2204 680.1685 193.8211 1.5251 1.5756 3.7578 5.0656 1.8386 65.2659 -4.8803 -3.9516
Car -1 -1 -4.8611 658.1695 175.3789 684.4079 195.0576 1.6087 1.6915 3.6572 5.1540 1.8296 61.3459 -4.7781 -3.9530
Car -1 -1 -7.6396 883.9329 165.2604 928.2595 193.0102 1.5843 1.6467 4.0658 17.7852 1.1505 43.3359 -7.2528 -4.2740
Car -1 -1 -4.4639 820.3674 171.9614 856.6300 195.8361 1.8164 1.7709 4.1837 18.1006 1.7481 57.1385 -4.1589 -4.3048
Car -1 -1 -7.8670 601.0403 178.4615 618.4020 194.0080 1.3894 1.5768 4.0833 -0.0713 1.9337 68.0199 -7.8685 -4.4107
Car -1 -1 -2.5990 255.5059 165.8455 324.4633 187.5099 1.7049 1.7924 4.8361 -25.7122 1.1530 57.9757 -3.0149 -4.4388
Car -1 -1 -6.4031 918.4238 143.6978 1012.9317 177.6438 1.5572 1.7240 3.8704 16.8925 0.2194 34.5439 -5.9515 -4.5497
Car -1 -1 -7.0674 217.4178 190.6467 292.2203 220.7778 1.4581 1.5756 3.5685 -19.2383 2.4712 39.1547 -7.5217 -4.5570
Car -1 -1 -4.6991 985.5021 152.5268 1106.7091 264.8809 1.8284 1.7526 4.7129 8.4937 1.4973 14.2126 -4.1701 -4.5907
Car -1 -1 -4.6002 596.1183 179.5903 625.1328 201.5882 1.4738 1.6282 4.2110 0.0547 1.9781 51.8637 -4.5997 -4.8655
Car -1 -1 -5.1868 538.6717 180.6193 586.1839 204.1062 1.5379 1.5942 4.2050 -3.4342 2.1095 50.9215 -5.2543 -4.9004
Car -1 -1 -4.3294 386.3577 177.7828 418.7197 199.3526 1.9928 1.6067 4.0512 -20.0222 2.4831 69.7185 -4.6083 -5.0454
Car -1 -1 -4.8935 175.5856 187.8051 220.1997 217.2990 1.5840 1.5957 4.1097 -24.6020 2.5170 42.9540 -5.4112 -5.0523
Car -1 -1 -4.2837 501.6525 179.6170 539.5952 199.6268 1.4912 1.6585 3.5309 -7.0514 2.0433 57.0099 -4.4066 -5.2080
Car -1 -1 -5.0104 560.6528 181.0853 601.0278 204.1157 1.6341 1.7792 4.7517 -2.3274 2.2965 55.5470 -5.0526 -5.2588
Car -1 -1 -5.0274 745.3679 175.9636 779.7091 199.1849 2.0592 1.7792 4.5705 14.0884 2.3578 66.9862 -4.8214 -5.3030
Car -1 -1 -2.8406 413.8212 183.4626 508.5573 214.7072 1.4611 1.6714 4.2601 -7.3191 1.9979 35.4898 -3.0430 -5.4444
Car -1 -1 -2.5088 226.1644 198.1830 395.7305 259.5341 1.3395 1.6377 3.6526 -7.4743 2.0149 18.0103 -2.8976 -5.4581
Car -1 -1 -4.6062 619.5339 176.7584 643.5519 197.7776 1.7327 1.6500 4.1678 1.8735 2.0822 62.4644 -4.5768 -5.4891
Car -1 -1 -4.5957 298.8833 186.8997 338.9921 214.4267 1.4260 1.6966 3.9116 -16.7755 2.2773 41.6404 -4.9768 -5.6061
Car -1 -1 -4.4039 320.0964 183.2788 381.9419 219.1877 1.5618 1.6178 4.1053 -12.3946 2.0923 34.6660 -4.7452 -5.6576
Car -1 -1 -6.7094 0.0000 144.9484 145.6311 374.0000 1.7594 1.9015 4.7703 -5.2470 1.7145 3.6891 -7.6329 -5.6776
Car -1 -1 -5.0358 625.6342 177.5638 662.0447 197.7345 1.4678 1.6207 3.9610 2.5382 1.8445 55.6257 -4.9909 -5.7297
Car -1 -1 -5.0213 824.4526 176.0952 901.1420 213.8954 1.3733 1.6379 4.2329 9.9013 1.5115 28.7113 -4.6929 -5.7329
Car -1 -1 -4.9387 601.1212 178.3987 630.3320 195.9925 1.4157 1.5856 4.2095 0.4271 1.9066 61.6911 -4.9322 -5.7950
Car -1 -1 -4.2859 308.0687 184.7313 376.5502 216.9977 1.4722 1.6800 4.1637 -13.5359 2.1102 36.6351 -4.6378 -5.8387
Car -1 -1 -4.7192 606.4719 179.1842 632.0997 203.5087 1.5041 1.6213 3.9477 0.5618 1.9390 47.6232 -4.7080 -5.8800
Car -1 -1 -4.4729 423.2260 180.6187 464.4025 206.0266 1.4640 1.5973 3.9448 -10.2906 1.9668 44.7708 -4.6979 -5.8867
Car -1 -1 -4.6491 426.1455 181.1166 447.0038 198.5319 1.5322 1.6436 4.1801 -16.2775 2.3331 67.7685 -4.8843 -5.9891
Car -1 -1 -5.1050 479.5018 180.0745 515.9398 199.1624 1.4534 1.5819 3.8028 -9.1625 2.0590 58.5142 -5.2600 -7.1261
Car -1 -1 -4.3273 585.5392 179.1043 617.9136 195.5800 1.3984 1.5779 3.8663 -0.7329 1.9785 64.9137 -4.3389 -7.3386
Car -1 -1 -5.0550 604.7581 179.4493 636.8330 197.3336 1.5269 1.7083 3.8221 0.9195 2.1419 65.2261 -5.0414 -10.5754
