Car -1 -1 -4.4208 352.1465 181.8618 430.0560 226.8670 1.5041 1.6974 3.9698 -8.0982 1.8644 26.8957 -4.7110 7.7533
Car -1 -1 -7.1521 244.5507 179.1695 290.7793 197.4642 1.5138 1.5908 3.7763 -29.9251 2.0838 63.1325 -7.5934 -0.3895
Car -1 -1 -4.4317 75.3604 180.8257 130.1229 211.5364 1.7404 1.6989 3.9720 -31.0001 2.2518 44.1616 -5.0411 -0.7427
Car -1 -1 -4.6404 627.5811 177.8267 654.8889 201.9877 1.4907 1.5304 3.6600 2.0430 1.8288 47.2067 -4.5979 -2.4889
Car -1 -1 -2.3209 306.8466 185.8380 367.0598 210.7439 1.5471 1.6339 3.7455 -18.2069 2.4390 48.0147 -2.6818 -2.5540
Car -1 -1 -5.2702 229.1658 181.9360 285.2359 205.6611 1.6200 1.6834 4.2314 -25.7208 2.3037 52.5095 -5.7239 -2.7387
Car -1 -1 -5.8710 534.5662 179.3152 576.2781 197.0816 1.6148 1.6282 3.5618 -5.1534 2.2349 67.9249 -5.9468 -3.1510
Car -1 -1 -4.6886 500.7935 181.1049 518.5191 197.1838 1.4773 1.6223 3.6950 -9.7583 2.3018 70.2000 -4.8266 -3.4093
Car -1 -1 -4.6581 276.3049 169.8144 302.5912 192.9122 1.8466 1.7642 4.2629 -26.6348 1.6033 59.9900 -5.0745 -3.4456
Car -1 -1 -4.7677 662.1848 174.9826 706.5467 215.5178 1.6811 1.7250 4.1170 3.2157 1.7821 32.2371 -4.6698 -3.5885
Car -1 -1 -4.5042 512.5649 180.2398 535.4332 194.3931 1.3320 1.5353 3.6694 -8.5460 2.0858 71.7797 -4.6227 -3.6499
Car -1 -1 -3.7277 578.8248 177.6572 641.2516 201.9827 1.4579 1.5955 3.6766 -0.0166 1.7723 45.5900 -3.7285 -4.1262
Car -1 -1 -4.1395 357.9205 181.4331 398.4930 199.2542 1.6359 1.7933 4.1976 -22.6709 2.5027 70.6690 -4.4491 -4.3277
Car -1 -1 -4.2263 243.2954 191.9878 294.8128 218.3200 1.6225 1.6503 3.6423 -23.1304 2.9713 49.0167 -4.6655 -4.6454
Car -1 -1 -4.6143 3.2084 176.0960 41.8037 199.2322 1.5319 1.6814 4.2714 -41.2106 1.7692 50.6486 -5.2949 -4.6664
Car -1 -1 -5.1482 431.6808 177.4174 471.3943 198.7843 1.6275 1.6100 3.9075 -12.7662 2.0062 57.8735 -5.3647 -4.6939
Car -1 -1 -7.5925 366.5601 180.1701 416.9037 214.1873 1.5591 1.5389 3.4158 -10.7325 1.9368 35.5447 -7.8841 -4.8896
Car -1 -1 -3.8998 288.0572 178.6935 345.6376 203.6828 1.8736 1.6790 4.2584 -23.3061 2.3568 57.4527 -4.2839 -4.9468
Car -1 -1 -4.8614 491.5148 177.3444 519.8693 196.4917 1.4737 1.6821 4.1735 -8.5649 1.8535 58.8270 -5.0057 -5.0114
Car -1 -1 -5.7244 354.9799 182.3676 407.5223 200.5924 1.6457 1.8500 4.4208 -21.6027 2.5626 68.1156 -6.0307 -5.1005
Car -1 -1 -7.9341 434.7195 178.2307 463.3990 201.8988 1.4959 1.5614 4.1723 -10.9606 1.8761 48.8371 -8.1541 -5.1372
Car -1 -1 -4.5174 0.0000 176.0245 15.0284 204.4154 1.8166 1.7827 3.5088 -41.6249 2.0384 48.5731 -5.2234 -5.1444
Car -1 -1 -4.5524 370.1568 182.1060 412.8107 210.4503 1.4937 1.6980 4.2517 -12.5971 2.0564 41.6908 -4.8445 -5.1574
Car -1 -1 -8.2230 349.8361 181.2946 427.2391 223.9774 1.5891 1.7091 4.0466 -9.2531 1.9624 29.8188 -8.5218 -5.2446
Car -1 -1 -4.5040 332.4795 184.8472 362.1004 205.7278 1.7206 1.6682 4.0331 -23.2804 2.8191 63.9957 -4.8519 -5.2630
Car -1 -1 -5.5960 400.1876 179.8596 449.3912 198.4363 1.4721 1.6684 3.7490 -15.4011 2.0684 59.8945 -5.8469 -5.2684
Car -1 -1 -4.5707 992.7502 192.1627 1025.6899 213.3869 1.3908 1.6253 3.5990 29.1585 2.8528 52.7151 -4.0685 -5.4298
Car -1 -1 -4.5755 781.1023 191.0233 806.5862 211.7612 1.5154 1.4904 3.9098 14.9018 3.0405 58.4829 -4.3278 -5.4332
Car -1 -1 -4.8352 1076.0232 194.2893 1125.3131 223.5346 1.3045 1.6354 3.6859 25.1542 2.4676 37.1489 -4.2443 -5.4495
Car -1 -1 -8.0836 1022.7726 189.0339 1060.1483 212.5744 1.6932 1.6361 4.0818 34.0622 3.0225 57.1033 -7.5486 -5.4537
Car -1 -1 -3.9200 698.0302 184.2902 748.1190 203.7057 1.6807 1.7983 4.6874 10.5056 2.7760 67.0305 -3.7657 -5.4540
Car -1 -1 -7.8564 426.0597 178.0241 454.4205 206.0598 1.5121 1.5250 3.8726 -9.8581 1.8256 41.7347 -8.0874 -5.5311
Car -1 -1 -4.6984 386.6795 178.8154 409.6567 199.1890 1.4059 1.5671 4.0822 -15.6257 1.8634 53.2399 -4.9828 -5.7073
Car -1 -1 -4.7831 662.1738 189.2935 684.7451 209.1669 1.3929 1.4610 3.7429 4.8295 2.7015 55.5675 -4.6974 -5.7186
Car -1 -1 -4.5899 518.5067 178.9787 550.5355 202.6919 1.3772 1.5202 3.8703 -4.6851 1.7743 44.8620 -4.6938 -5.7271
Car -1 -1 -7.4850 344.7107 183.7358 391.0352 207.8408 1.5174 1.6534 4.0399 -16.5232 2.2921 49.3328 -7.8069 -5.7307
Car -1 -1 -4.6124 550.9617 178.7037 581.6900 202.2094 1.3632 1.5363 3.7412 -2.7007 1.7406 44.6888 -4.6729 -5.7344
Car -1 -1 -4.1418 386.8794 178.9120 438.9370 199.9805 1.3926 1.5895 4.1117 -13.9431 1.8403 51.1588 -4.4069 -5.7529
Car -1 -1 -4.7843 1185.2886 179.5027 1221.0278 202.1348 1.4799 1.6411 3.8255 41.3633 1.9629 50.4153 -4.1004 -5.7639
Car -1 -1 -4.6523 1057.3828 185.8716 1083.3055 205.3802 1.6088 1.7293 3.9187 41.0786 2.8080 64.3914 -4.0871 -5.8028
Car -1 -1 -4.6722 1112.1309 186.3461 1140.6914 207.2449 1.5230 1.7022 3.8528 40.9777 2.6317 57.2649 -4.0540 -5.8103
Car -1 -1 -4.9267 577.0326 175.7356 612.5145 196.1398 1.3760 1.6284 4.4143 -1.1688 1.5914 51.6568 -4.9496 -5.8352
Car -1 -1 -4.9444 1114.8149 186.0663 1169.3047 215.0807 1.6438 1.8264 4.1195 33.1978 2.5121 45.1824 -4.3144 -5.8453
Car -1 -1 -7.6665 480.8941 179.1256 516.9066 203.6317 1.4482 1.5970 3.5969 -6.9806 1.8583 45.3989 -7.8186 -5.8564
Car -1 -1 -3.9555 341.8230 180.8352 411.4686 205.8730 1.4425 1.6692 4.2919 -14.6187 1.9690 45.3298 -4.2661 -5.8744
Car -1 -1 -6.8390 0.0000 0.0000 1241.0000 374.0000 1.5400 1.5887 3.8036 -2.5163 1.6201 0.9969 -7.9397 -5.8867
Car -1 -1 -3.5479 0.0000 191.7002 0.0000 374.0000 1.5015 1.6045 3.9567 -6.2774 1.6193 2.5312 -4.6974 -5.8867
Car -1 -1 -4.6542 567.9144 177.1295 589.1649 194.3044 1.3786 1.5688 3.9109 -2.6501 1.7506 60.8619 -4.6979 -5.8867
Car -1 -1 -4.6317 549.2296 177.8953 575.2883 198.5128 1.4135 1.5795 3.9259 -3.4624 1.7931 52.4065 -4.6977 -5.8867
Car -1 -1 -4.6281 548.4718 178.4117 570.9377 196.0142 1.4158 1.5802 3.9270 -4.2643 1.9025 61.2564 -4.6977 -5.8867
Car -1 -1 -3.5142 0.0000 196.1546 0.0000 374.0000 1.5072 1.6049 3.9578 -7.8860 1.6660 2.9349 -4.6977 -5.8867
Car -1 -1 -4.9718 1241.0000 165.7865 1241.0000 196.7772 1.4853 1.6434 3.9967 41.4683 1.1463 36.7020 -4.1297 -5.8867
Car -1 -1 -4.6747 1038.5199 172.3923 1060.6406 188.5240 1.4747 1.6428 3.9940 41.4739 1.4322 68.0795 -4.1297 -5.8867
Car -1 -1 -7.3748 1008.7074 168.7093 1047.8215 184.7953 1.5270 1.6511 3.9831 40.7207 1.1333 70.2619 -6.8516 -5.8867
Car -1 -1 -4.9130 1241.0000 169.7252 1241.0000 197.0332 1.4914 1.6431 3.9901 41.4714 1.3202 41.5240 -4.1320 -5.8867
Car -1 -1 -4.8843 1241.0000 169.6253 1241.0000 195.2728 1.4866 1.6433 3.9897 41.4705 1.2991 43.9395 -4.1313 -5.8867
Car -1 -1 -4.9425 1241.0000 168.5260 1241.0000 197.4153 1.4812 1.6392 3.9881 41.4705 1.2590 39.1114 -4.1318 -5.8867
Car -1 -1 -4.7703 1086.2534 190.3009 1115.0443 212.1454 1.5677 1.6554 3.6549 38.6671 2.9930 56.9618 -4.1769 -5.8944
Car -1 -1 -4.4348 432.3483 179.6949 474.6714 203.0000 1.3709 1.5515 4.1245 -9.9062 1.8247 45.7889 -4.6470 -6.0060
Car -1 -1 -4.9243 688.8968 181.6593 714.3815 199.5547 1.6661 1.7347 3.7299 8.9685 2.5559 71.0109 -4.7997 -6.0232
Car -1 -1 -4.8390 372.3712 180.4894 404.5652 203.6271 1.4596 1.6200 3.7918 -15.0885 1.9989 48.9373 -5.1368 -6.0611
Car -1 -1 -5.0295 552.4077 180.3650 585.7359 199.8470 1.4681 1.5755 3.7565 -3.3493 2.0926 57.9810 -5.0874 -6.1130
Car -1 -1 -4.7146 529.4500 179.3925 547.3989 194.3160 1.3759 1.6973 4.3028 -7.0384 2.0365 70.7025 -4.8138 -6.2184
Car -1 -1 -5.1920 650.4236 186.2714 697.6950 211.0813 1.5214 1.5835 3.7990 4.2285 2.4618 48.5296 -5.1063 -6.5299
