Car -1 -1 -4.5286 403.1336 184.5891 444.1041 212.9764 1.4582 1.6478 3.1757 -10.3387 2.1360 40.0587 -4.7800 4.0124
Car -1 -1 -4.4196 311.4559 187.2313 392.8101 233.4462 1.5521 1.7980 4.1657 -9.8161 2.1455 27.6745 -4.7579 3.6896
Car -1 -1 -4.7574 495.8177 175.8538 520.1017 197.2189 1.5281 1.6264 4.0036 -7.7416 1.7625 54.3204 -4.8987 1.1766
Car -1 -1 -7.9104 584.3322 179.8845 603.4404 194.2904 1.2940 1.6016 3.7740 -1.5775 1.9816 68.6535 -7.9337 0.3745
Car -1 -1 -4.0882 0.0000 178.2158 146.5957 339.0840 1.7181 1.7162 4.4461 -8.7229 1.8101 10.1383 -4.7858 0.3441
Car -1 -1 -4.4927 894.5297 169.8069 931.9390 197.0483 1.8496 1.6366 3.9152 21.4569 1.6424 51.0604 -4.0973 -0.0682
Car -1 -1 -4.6609 270.8061 173.1455 296.6959 197.0406 1.8737 1.7119 4.0818 -26.5935 1.8981 58.8444 -5.0839 -0.2143
Car -1 -1 -6.0469 263.5365 186.7356 327.0847 209.9350 1.4543 1.5620 3.5762 -20.7450 2.3905 47.5982 -6.4562 -1.8845
Car -1 -1 -4.7004 835.5696 177.5360 861.6684 203.5512 1.7454 1.6987 4.0473 16.9770 2.0927 51.3853 -4.3835 -2.3794
Car -1 -1 -4.9494 709.6821 170.1284 736.7582 191.3101 1.9941 1.6699 4.1089 10.9344 1.7372 70.0438 -4.7955 -3.0179
Car -1 -1 -5.4372 413.0887 182.9941 488.9906 214.5508 1.4578 1.5572 3.8523 -8.0477 1.9914 36.2274 -5.6547 -3.4563
Car -1 -1 -7.5309 389.4455 181.9233 418.5617 200.3350 1.6787 1.5645 3.8390 -19.8703 2.5785 69.6634 -7.8081 -3.6856
Car -1 -1 -7.4656 398.7532 181.0462 445.9825 205.8294 1.5599 1.6627 4.1259 -12.7101 2.1403 48.9956 -7.7185 -3.8023
Car -1 -1 -7.8066 638.7328 174.4736 659.2874 192.8885 1.5559 1.6235 3.8881 3.4271 1.7023 63.3355 -7.7531 -3.8677
Car -1 -1 -7.3397 202.6577 191.7353 274.6435 222.8535 1.4675 1.6599 3.9933 -19.7660 2.5283 38.5205 -7.8114 -4.2947
Car -1 -1 -6.8211 722.2998 174.6774 766.4806 192.3311 1.6745 1.6983 3.9097 13.0563 1.8554 70.2215 -6.6384 -4.3157
Car -1 -1 -2.9792 189.3894 193.8022 262.9408 219.4914 1.4725 1.6852 3.8322 -23.9360 2.8215 45.0649 -3.4653 -4.3405
Car -1 -1 -5.7304 438.7577 182.6909 508.8654 209.5355 1.4988 1.6086 3.8056 -8.1049 2.1011 42.7675 -5.9170 -4.3908
Car -1 -1 -4.4231 485.2125 176.4098 528.7939 203.9568 1.6862 1.6540 4.2879 -6.6804 1.9285 46.9875 -4.5639 -4.4472
Car -1 -1 -7.9441 382.7118 180.1019 414.1216 205.6269 1.5939 1.6601 4.1384 -14.3053 2.1037 48.5525 -8.2295 -4.4775
Car -1 -1 -5.0221 912.4995 185.1544 951.9367 206.6380 1.5701 1.5508 4.5574 25.7074 2.5947 57.7700 -4.6058 -4.5565
Car -1 -1 -4.6951 907.1201 178.8687 927.5307 198.7056 1.6131 1.5571 3.8108 26.3950 2.1466 61.9799 -4.2946 -4.6992
Car -1 -1 -4.3760 367.0699 188.5915 408.4785 211.6610 1.6438 1.7720 4.3315 -17.4016 2.9261 56.6095 -4.6734 -4.7343
Car -1 -1 -4.5844 812.1644 172.9414 838.7847 196.4947 1.9275 1.6738 4.0191 18.2915 1.9349 61.2413 -4.2959 -4.8565
Car -1 -1 -4.9891 328.2317 181.2625 369.7182 205.4191 1.5212 1.6142 4.0118 -17.7917 2.1164 48.9997 -5.3360 -4.9060
Car -1 -1 -4.4768 847.5023 183.9593 876.2305 202.2018 1.5830 1.6179 4.1583 23.5533 2.6546 67.4597 -4.1427 -5.1327
Car -1 -1 -2.7293 290.5688 191.2040 427.0721 237.2501 1.4172 1.6981 3.9412 -8.3422 2.0532 24.0140 -3.0607 -5.1579
Car -1 -1 -4.7079 934.2698 179.0650 955.2064 200.9095 1.8275 1.6275 3.6496 29.4328 2.3910 63.4983 -4.2761 -5.2185
Car -1 -1 -6.6673 0.0000 190.0013 134.6560 374.0000 1.6534 1.7937 4.0648 -4.8502 1.7866 3.4213 -7.5866 -5.3768
Car -1 -1 -7.5105 744.1003 174.8063 778.7310 197.1035 1.7769 1.6099 3.8756 12.5817 1.9444 59.9361 -7.3050 -5.4974
Car -1 -1 -5.6144 829.8948 181.6516 880.7406 204.2306 1.8782 1.7086 4.0764 21.6550 2.6834 63.8893 -5.2896 -5.5296
Car -1 -1 -4.9639 585.0557 177.9226 618.2234 196.6686 1.4051 1.6292 4.2610 -0.7365 1.8252 57.5780 -4.9771 -5.5542
Car -1 -1 -2.3028 446.3476 175.5071 511.9805 204.9391 1.7578 1.5894 4.3058 -8.2964 1.9316 45.3904 -2.4829 -5.6300
Car -1 -1 -5.8460 316.9559 181.8763 386.0599 202.9504 1.5887 1.7526 4.7986 -20.2136 2.3077 56.4320 -6.1888 -5.6379
Car -1 -1 -4.6667 405.0303 180.6430 426.4646 198.9661 1.5272 1.6525 4.1935 -17.2887 2.2445 64.2552 -4.9288 -5.6818
Car -1 -1 -4.8751 517.0775 183.7242 543.7457 200.2706 1.4568 1.8571 4.2734 -7.6496 2.5287 68.8655 -4.9857 -5.7101
Car -1 -1 -4.9292 746.0516 170.1171 779.9225 194.6921 1.7437 1.6064 4.0076 11.2050 1.5492 53.2073 -4.7231 -5.7866
Car -1 -1 -4.3084 335.5550 181.4632 393.4685 210.0879 1.4575 1.6300 3.8970 -13.5555 1.9579 39.9527 -4.6338 -5.8867
Car -1 -1 -4.4568 496.3761 182.4230 523.9787 199.0327 1.4750 1.6283 4.0573 -9.4766 2.4127 68.6176 -4.5939 -5.8867
Car -1 -1 -4.6759 580.3495 178.8590 607.1284 202.8832 1.4583 1.5962 3.9436 -1.0513 1.8638 46.7723 -4.6987 -5.8867
Car -1 -1 -4.7181 551.3622 180.5717 569.2905 197.5679 1.5103 1.6386 4.1221 -4.7262 2.2616 68.1551 -4.7874 -5.9170
Car -1 -1 -2.2631 0.0000 199.4154 9.5476 374.0000 1.5754 1.6004 3.7619 -7.9564 1.8422 6.4390 -3.1330 -5.9758
Car -1 -1 -5.0482 407.3990 183.1075 444.3406 204.5623 1.5452 1.5558 3.9726 -14.3614 2.3710 56.0445 -5.2983 -6.0471
Car -1 -1 -5.0188 284.7349 190.5554 330.7333 215.1488 1.6016 1.6954 4.9595 -22.2508 2.9600 52.9413 -5.4153 -6.1258
Car -1 -1 -4.7227 246.9023 185.6238 275.1772 214.4957 1.7463 1.6139 3.5814 -22.9410 2.6185 47.3404 -5.1721 -6.3699
