Car -1 -1 -4.7496 639.8955 181.9342 670.9435 211.0599 1.4903 1.5654 3.7885 2.4405 2.0177 40.0221 -4.6897 -0.9599
Car -1 -1 -1.8834 2.5588 180.3085 75.9637 217.7275 1.6320 1.6390 3.7434 -26.8598 1.9996 33.8808 -2.5501 -1.7438
Car -1 -1 -5.2701 49.3932 180.2287 125.0071 209.8773 1.6529 1.6954 4.1181 -30.8783 2.1036 42.5668 -5.8949 -2.0909
Car -1 -1 -4.6850 624.3865 183.0391 646.8107 203.4474 1.4444 1.6101 4.2831 1.9709 2.2575 55.4372 -4.6501 -2.5569
Car -1 -1 -4.4390 216.7865 185.3351 268.0790 212.3208 1.4568 1.6425 4.2654 -22.0059 2.2442 43.2847 -4.9071 -3.4284
Car -1 -1 -4.5356 607.0862 182.0619 649.2491 210.5862 1.5059 1.7419 4.1243 1.0673 2.0659 41.7053 -4.5108 -3.5450
Car -1 -1 -4.8062 610.8044 182.5219 633.8754 201.7948 1.4691 1.5384 3.6139 0.9502 2.2806 58.7277 -4.7906 -3.8141
Car -1 -1 -4.5553 173.4081 182.5869 214.0977 210.8557 1.5440 1.5030 3.8547 -24.7273 2.1503 42.9019 -5.0757 -3.8689
Car -1 -1 -5.0418 620.3381 183.1016 653.4132 202.5244 1.4828 1.5773 3.7531 2.1448 2.3527 59.2453 -5.0063 -4.0694
Car -1 -1 -3.1085 551.1362 174.5923 610.9413 202.5632 1.7530 1.6518 3.7570 -1.8599 1.8660 46.1651 -3.1490 -4.2406
Car -1 -1 -5.0723 631.1140 182.2523 659.0369 198.9959 1.5544 1.6075 3.5114 3.4077 2.5045 71.0527 -5.0250 -4.3644
Car -1 -1 -6.3405 627.9629 182.8165 696.4052 207.6738 1.4788 1.6786 4.1140 3.1411 2.1046 44.4822 -6.2711 -4.4580
Car -1 -1 -7.9405 652.0565 179.5954 702.2749 221.6038 1.5433 1.6475 4.1996 2.6084 1.8362 29.2819 -7.8533 -4.4697
Car -1 -1 -3.1832 583.8450 183.3603 639.0513 206.0357 1.6008 1.6911 3.9635 0.0467 2.3817 52.7223 -3.1828 -4.4861
Car -1 -1 -4.9517 606.1148 181.8185 633.8455 201.2556 1.5787 1.5683 3.6564 0.8077 2.3776 62.3673 -4.9393 -4.6197
Car -1 -1 -3.0349 107.8385 205.7526 200.6037 236.8824 1.4570 1.5798 4.0639 -24.4124 3.2963 38.7487 -3.5943 -4.8823
Car -1 -1 -4.7900 647.3792 180.7631 666.4783 199.5208 1.7885 1.6453 3.2232 4.6297 2.5929 71.7898 -4.7264 -5.0490
Car -1 -1 -4.6936 466.5621 185.8171 488.7753 206.5995 1.4268 1.5657 3.7931 -9.9072 2.4331 54.0276 -4.8745 -5.1195
Car -1 -1 -4.7472 521.8900 186.0828 543.4752 207.3647 1.8601 1.8740 3.8209 -7.2914 3.1364 67.6046 -4.8547 -5.2611
Car -1 -1 -3.5103 0.0000 175.4328 69.7027 215.6460 1.9063 1.8555 4.8417 -31.0537 2.0478 37.1000 -4.2038 -5.2881
Car -1 -1 -7.2618 48.9663 196.3829 169.3437 240.8985 1.3476 1.6624 3.8369 -17.7953 2.2514 25.8011 -7.8610 -5.3894
Car -1 -1 -4.4960 274.1974 179.3209 328.7593 210.6043 1.3979 1.6191 4.0002 -15.0255 1.7324 35.2318 -4.8967 -5.4523
Car -1 -1 -4.3154 260.3429 183.9332 339.5393 225.3375 1.4863 1.6147 3.5994 -12.2658 1.9540 28.6700 -4.7166 -5.6750
Car -1 -1 -4.2406 665.9930 184.6315 695.1504 203.9500 1.7972 1.6390 3.0753 6.9407 2.9838 70.9783 -4.1441 -5.7315
Car -1 -1 -4.5935 510.1039 183.5266 546.3103 213.7290 1.5973 1.6197 3.8838 -4.6906 2.2393 41.4820 -4.7059 -5.7362
Car -1 -1 -4.5588 581.4442 183.1127 606.1017 201.1105 1.5475 1.6645 4.1630 -1.4879 2.5263 66.6900 -4.5815 -5.7493
Car -1 -1 -4.6824 287.4699 186.4465 343.0572 234.4750 1.4933 1.7144 4.3396 -10.6125 2.0284 26.0871 -5.0657 -5.7582
Car -1 -1 -7.5443 327.1963 182.0601 393.8035 221.4678 1.5412 1.6398 3.7127 -10.6647 1.9599 30.9664 -7.8737 -5.8029
Car -1 -1 -4.6049 538.4018 182.7012 574.0560 213.8323 1.6424 1.6225 3.9774 -3.0705 2.2340 41.3565 -4.6792 -5.8144
Car -1 -1 -4.3031 408.8559 184.0416 453.0256 206.9895 1.5466 1.6458 4.0976 -13.0973 2.3998 52.8888 -4.5450 -5.8382
Car -1 -1 -5.5656 994.4896 179.5827 1241.0000 366.3818 1.4233 1.5916 3.9873 6.2091 1.5151 7.7608 -4.9098 -5.8456
Car -1 -1 -4.5444 579.3235 182.2951 605.9815 200.7002 1.4728 1.6444 4.0181 -1.4805 2.3114 62.0045 -4.5686 -5.8538
Car -1 -1 -7.5346 338.5524 179.2243 397.3429 212.9925 1.5350 1.6395 3.7230 -11.8282 1.8634 35.3642 -7.8555 -5.8547
Car -1 -1 -4.3408 263.5393 182.7308 336.0328 218.4377 1.4481 1.6417 3.9940 -13.8712 1.9190 32.4010 -4.7427 -5.8805
Car -1 -1 -4.6742 569.2838 182.8211 599.8319 213.9822 1.6412 1.5986 3.9821 -1.4501 2.2385 41.2693 -4.7097 -5.8842
Car -1 -1 -4.2371 325.7064 182.8360 389.3225 212.6609 1.4621 1.6314 3.8670 -13.5217 2.0260 38.7580 -4.5710 -5.8867
Car -1 -1 -7.0088 0.0000 0.0000 1241.0000 374.0000 1.5523 1.5934 3.8081 -1.7120 1.6512 0.9962 -7.9397 -5.8867
Car -1 -1 -3.5046 0.0000 197.4761 0.0000 374.0000 1.5126 1.6081 3.9604 -7.0813 1.6666 2.5300 -4.6974 -5.8867
Car -1 -1 -6.7022 0.0000 0.0000 1241.0000 374.0000 1.5600 1.5912 3.8076 -3.7083 1.7101 1.0033 -7.9388 -5.8867
Car -1 -1 -4.6371 554.3646 180.4960 578.2555 200.4864 1.4884 1.6013 3.9525 -3.4601 2.1153 57.2312 -4.6976 -5.8867
