Car -1 -1 -4.3091 664.4370 180.5976 711.2949 206.2283 1.6231 1.6386 4.2887 5.3400 2.1767 49.3364 -4.2025 -2.3838
Car -1 -1 -4.9188 293.4531 182.8929 337.9017 211.2304 1.6766 1.7729 4.5420 -19.1477 2.3599 46.7539 -5.3059 -2.5461
Car -1 -1 -4.4739 377.1654 181.6501 413.6551 204.7180 1.5192 1.6035 3.8547 -15.1431 2.1643 50.9798 -4.7616 -2.5525
Car -1 -1 -3.1212 643.0029 181.2041 716.7887 209.5682 1.4868 1.6336 3.9352 3.7883 1.9553 39.4693 -3.0268 -3.3489
Car -1 -1 -7.5204 761.5138 192.4884 821.7996 229.0981 1.5362 1.6183 3.9206 8.7190 2.5340 34.5957 -7.2764 -3.4475
Car -1 -1 -4.2328 180.6137 178.8766 232.4769 202.5940 1.5959 1.6146 3.8896 -28.7664 2.0421 51.5172 -4.7401 -3.4522
Car -1 -1 -1.9417 148.3237 177.2715 201.1860 201.2949 1.5916 1.7344 4.2988 -30.5406 1.9129 50.5393 -2.4831 -3.7766
Car -1 -1 -4.9897 689.3133 181.1628 729.6652 207.5306 1.6101 1.6544 3.7056 6.4326 2.1763 47.2413 -4.8557 -3.8021
Car -1 -1 -5.0885 598.7495 179.9307 648.6489 206.6855 1.4752 1.5976 4.0397 0.7269 1.9189 43.1033 -5.0723 -3.8928
Car -1 -1 -4.6120 607.7710 178.8635 633.8602 199.7566 1.5777 1.7156 3.7863 0.8687 2.0736 57.6016 -4.5975 -3.9578
Car -1 -1 -5.5794 661.4424 182.4820 776.0082 227.5902 1.3972 1.5921 3.8129 3.6698 1.7584 25.1390 -5.4369 -4.1984
Car -1 -1 -7.6882 319.9418 190.3392 345.6903 209.7334 1.6562 1.6254 3.8791 -25.8757 3.3392 67.3981 -8.0538 -4.2960
Car -1 -1 -5.3728 168.1409 167.6052 214.3658 187.4875 1.7625 1.6522 3.7884 -37.9991 1.2969 65.4405 -5.8973 -4.3369
Car -1 -1 -7.3460 297.8025 187.1042 363.9946 213.3623 1.3127 1.6968 4.0675 -15.6239 2.1547 40.5190 -7.7122 -4.3682
Car -1 -1 -5.1995 407.0671 180.8373 453.3013 203.7653 1.5414 1.6108 3.8416 -12.9791 2.1364 51.8434 -5.4440 -4.3799
Car -1 -1 -5.1603 628.0197 179.3574 670.6733 199.9590 1.5193 1.6782 4.2481 3.0290 2.0528 56.9360 -5.1079 -4.9332
Car -1 -1 -4.5693 461.5389 181.2178 490.9079 202.7053 1.5119 1.6231 3.9926 -10.0690 2.1654 54.3743 -4.7519 -4.9676
Car -1 -1 -7.7224 543.5087 179.2133 570.2061 200.3118 1.5251 1.5525 3.8383 -4.0667 2.0295 55.2993 -7.7959 -4.9744
Car -1 -1 -4.5754 336.6496 190.5083 364.8482 213.9578 1.6673 1.5810 3.6460 -20.1756 3.0892 56.1802 -4.9191 -5.0647
Car -1 -1 -4.5931 532.4837 181.0812 557.5961 201.5295 1.8207 1.8866 4.0752 -6.1051 2.6189 67.9704 -4.6828 -5.0720
Car -1 -1 -4.6197 640.0968 179.1846 673.8044 206.8452 1.5453 1.6522 4.2101 2.8423 1.9462 43.5280 -4.5555 -5.1384
Car -1 -1 -4.4151 666.1978 186.5999 700.3716 209.1623 1.7700 1.9027 3.6405 6.2165 2.9736 61.1451 -4.3149 -5.2184
Car -1 -1 -4.4741 536.7241 184.8146 562.3571 200.8872 1.4745 1.6724 3.7999 -5.9525 2.6875 71.1859 -4.5576 -5.4123
Car -1 -1 -3.1774 129.0601 185.4591 257.0691 244.3843 1.5609 1.5087 3.1633 -12.2636 1.9571 21.2187 -3.6963 -5.4280
Car -1 -1 -4.6266 702.0143 181.4442 770.3223 241.6756 1.6033 1.7208 4.0215 3.8777 1.8905 21.9874 -4.4552 -5.5560
Car -1 -1 -4.7119 573.2885 183.3787 591.5999 199.5446 1.4709 1.7386 4.3498 -2.7213 2.5345 70.7302 -4.7507 -5.5815
Car -1 -1 -4.6407 577.9274 181.8374 607.7143 207.3989 1.4337 1.5466 3.6592 -1.0377 2.0000 43.6434 -4.6649 -5.5938
Car -1 -1 -4.9976 789.7876 178.2714 952.7827 269.6407 1.3401 1.6134 3.8065 4.3417 1.4499 12.7419 -4.6770 -5.6100
Car -1 -1 -4.6464 488.1444 182.2171 508.1896 199.4300 1.5471 1.6255 4.3791 -10.7685 2.4785 69.5525 -4.7998 -5.6119
Car -1 -1 -7.9158 637.0630 178.5309 657.3043 193.5357 1.3905 1.7101 4.2813 3.5917 1.9630 70.6445 -7.8656 -5.6518
Car -1 -1 -4.7646 358.0149 184.1278 381.4114 207.2096 1.6943 1.5487 4.1363 -19.1459 2.6243 57.3302 -5.0859 -5.7545
Car -1 -1 -5.0206 738.5847 183.7658 849.9860 243.0699 1.3476 1.6287 4.2676 4.7418 1.6736 19.3881 -4.7850 -5.7952
Car -1 -1 -5.0027 756.2620 177.6964 886.8178 248.3630 1.3373 1.6160 4.0496 4.4507 1.4579 15.9781 -4.7365 -5.8190
Car -1 -1 -4.5656 588.2060 178.4355 615.3236 197.2704 1.4606 1.6606 4.0312 -0.6675 1.9355 59.3142 -4.5773 -5.8594
Car -1 -1 -6.7851 0.0000 0.0000 1241.0000 374.0000 1.5443 1.5888 3.8034 -2.9055 1.6430 1.0039 -7.9391 -5.8867
Car -1 -1 -4.6452 558.9655 179.8743 585.3886 202.2729 1.4765 1.5989 3.9514 -2.6579 1.9898 50.7965 -4.6977 -5.8867
Car -1 -1 -4.3308 248.5568 183.5640 300.8162 209.9317 1.5305 1.6118 4.0062 -21.1431 2.2371 45.5815 -4.7631 -5.8867
Car -1 -1 -4.4986 446.3219 180.6809 481.0411 202.9850 1.4661 1.5943 3.9451 -10.2869 2.0385 50.8064 -4.6977 -5.8867
Car -1 -1 -5.2950 982.9440 177.2730 1241.0000 326.5987 1.5031 1.6016 3.9550 6.5875 1.5724 9.3700 -4.6976 -5.8867
Car -1 -1 -4.6822 129.2310 176.2369 153.2769 193.7848 1.4825 1.6605 4.0416 -41.5324 1.7922 63.9503 -5.2564 -5.8867
Car -1 -1 -7.1471 52.7132 0.0000 1241.0000 374.0000 1.5455 1.5865 3.8036 -1.2966 1.6335 1.0055 -7.9390 -5.8867
Car -1 -1 -3.4555 0.0000 191.1219 0.0000 374.0000 1.4944 1.6024 3.9552 -7.0827 1.5984 2.1317 -4.6978 -5.8867
Car -1 -1 -4.9721 779.0862 178.7403 863.9160 231.2146 1.4991 1.6002 3.9528 6.5906 1.7030 23.0465 -4.6976 -5.8867
Car -1 -1 -4.6542 568.0366 178.2674 589.2917 195.8771 1.4172 1.5799 3.9277 -2.6563 1.8913 61.2566 -4.6977 -5.8867
Car -1 -1 -4.9542 584.4512 179.9336 620.5071 201.4907 1.4596 1.6079 4.4476 -0.6286 2.0000 52.7552 -4.9666 -5.8999
Car -1 -1 -4.6219 222.0845 182.9009 256.7842 208.2268 1.5520 1.6881 4.1593 -24.7548 2.2547 48.2421 -5.0941 -5.9262
Car -1 -1 -4.2723 0.0000 186.3283 0.0000 290.8982 1.4644 1.6539 4.2921 -14.2660 1.7497 12.9964 -5.0939 -5.9604
Car -1 -1 -4.8405 476.7171 182.3074 503.8735 201.2106 1.3942 1.6859 3.4524 -9.5119 2.1657 57.0098 -5.0055 -6.0026
Car -1 -1 -4.9183 610.3920 181.3359 634.0391 199.3401 1.6019 1.5084 3.6386 1.1027 2.4230 67.9456 -4.9026 -6.0402
Car -1 -1 -4.4378 297.9094 190.0647 324.8376 206.3027 1.4663 1.5781 3.3814 -29.2383 3.1941 70.6793 -4.8290 -6.0883
Car -1 -1 -4.3473 0.0000 184.7201 0.0000 268.0309 1.4626 1.6068 4.1651 -16.3810 1.7543 15.5286 -5.1509 -6.1885
Car -1 -1 -5.0277 504.2880 182.2670 540.8541 199.0060 1.4438 1.8776 5.2808 -8.3302 2.3691 68.1610 -5.1492 -6.3393
Car -1 -1 -8.0704 649.8763 179.9609 675.2466 194.1344 1.3059 1.6407 4.0552 5.1008 2.0233 70.7372 -7.9991 -6.4625
Car -1 -1 -6.6594 317.1257 186.6242 385.3080 211.8806 1.4951 1.6599 3.8055 -16.7307 2.4207 46.6375 -7.0024 -6.8355
Car -1 -1 -2.5471 293.6395 183.6239 354.4708 212.0261 1.8545 1.5789 3.5841 -19.4941 2.6051 49.1498 -2.9232 -7.4465
