Car -1 -1 -4.3760 0.0000 202.1666 67.0154 239.7723 1.4926 1.5680 3.7629 -27.1608 2.9499 33.8452 -5.0486 0.6682
Car -1 -1 -4.4690 283.9929 188.3508 326.5232 216.0054 1.6602 1.6637 4.0560 -20.1737 2.7330 47.8360 -4.8664 0.2987
Car -1 -1 -4.9203 454.9234 178.8600 490.0734 206.2472 1.9277 1.7434 4.2537 -10.3772 2.3968 54.0937 -5.1093 -0.3255
Car -1 -1 -5.0446 639.5638 182.2065 697.0115 212.8635 1.4133 1.6473 4.1337 2.8633 1.9188 36.8181 -4.9682 -1.1135
Car -1 -1 -5.0668 1151.7743 186.0653 1227.7720 220.9045 1.4495 1.5633 3.6291 26.7557 2.0982 33.4788 -4.3974 -1.8697
Car -1 -1 -4.6927 796.5282 193.5334 822.3168 218.0897 1.5035 1.6520 3.9421 13.7839 2.9936 49.8795 -4.4253 -2.4223
Car -1 -1 -4.9417 551.6675 184.1996 579.8257 200.7710 1.4754 1.7097 4.6607 -4.3583 2.6166 70.1127 -5.0040 -3.1020
Car -1 -1 -4.3973 610.4980 180.8689 656.3840 204.9027 1.4986 1.7535 4.7180 1.6269 2.0727 49.1871 -4.3650 -3.2327
Car -1 -1 -5.0563 210.3984 184.7713 269.7151 215.9348 1.6572 1.7054 4.3820 -21.6654 2.3876 42.1147 -5.5292 -3.2974
Car -1 -1 -6.0031 750.9186 194.4364 811.6890 218.5166 1.4925 1.6016 3.7375 11.6444 3.0126 49.2200 -5.7728 -3.3004
Car -1 -1 -5.3548 845.9641 201.6227 918.9988 239.5491 1.5794 1.6581 3.2217 12.9315 3.0267 34.5273 -5.0002 -3.3522
Car -1 -1 -4.8324 1200.5081 181.8798 1241.0000 221.1524 1.4793 1.6254 3.9454 26.0027 1.8834 30.2340 -4.1274 -3.4505
Car -1 -1 -7.6064 810.3461 194.4466 850.2850 219.0961 1.4741 1.6699 4.0395 14.9950 3.0077 49.0966 -7.3124 -3.9483
Car -1 -1 -5.3562 613.2751 181.6016 672.7205 207.9661 1.5132 1.6142 3.9946 1.9701 2.0829 44.9120 -5.3132 -4.1524
Car -1 -1 -2.0547 111.2673 179.8396 185.8662 212.0065 1.7133 1.7980 4.2800 -26.3198 2.1285 41.0751 -2.6219 -4.4653
Car -1 -1 -2.3408 143.1692 186.5031 224.4306 217.1031 1.5201 1.6263 3.6560 -22.6143 2.2674 38.2476 -2.8720 -4.6541
Car -1 -1 -4.8564 583.4302 178.4952 616.7851 203.1933 1.5880 1.6797 4.3573 -0.7601 1.9943 49.7210 -4.8721 -4.7296
Car -1 -1 -7.5056 489.0686 184.7652 526.8086 207.5871 1.7307 1.6411 4.5212 -8.4005 2.7533 59.5837 -7.6455 -5.0156
Car -1 -1 -7.7099 473.5432 183.1125 504.8927 209.0035 1.9683 1.8281 5.1586 -9.9313 2.8511 59.5111 -7.8750 -5.1670
Car -1 -1 -7.5035 174.7410 189.0075 228.1765 218.5734 1.5420 1.5798 3.4407 -23.4390 2.5105 41.4507 -8.0157 -5.1745
Car -1 -1 -3.2200 724.5651 170.8569 798.0544 202.1631 1.6925 1.6072 3.8713 8.3070 1.5842 40.0445 -3.0174 -5.2248
Car -1 -1 -4.8574 638.5260 180.4237 672.5350 203.0427 1.4081 1.6828 4.1854 2.9816 1.9394 48.5180 -4.7969 -5.3409
Car -1 -1 -4.7230 92.6279 187.7601 140.3951 224.3037 1.6002 1.8515 3.9367 -24.3151 2.3773 35.4882 -5.3204 -5.3703
Car -1 -1 -4.9779 665.7598 177.8675 714.9132 204.5023 1.3386 1.6007 4.1849 4.2692 1.6264 39.2797 -4.8710 -5.5154
Car -1 -1 -4.5180 492.7497 182.0098 522.0049 203.5058 1.5245 1.5091 3.6997 -7.7675 2.2419 54.6681 -4.6589 -5.6717
Car -1 -1 -4.5823 585.7722 183.0574 607.1340 201.4165 1.7002 1.6148 3.9086 -1.3264 2.7341 71.1085 -4.6014 -5.7488
Car -1 -1 -4.6796 526.1907 178.6881 550.6282 201.5165 1.6124 1.6918 4.2512 -5.3751 2.0684 54.2531 -4.7783 -5.7579
Car -1 -1 -4.8850 510.3547 185.9651 537.6095 206.8838 1.6565 1.6604 3.9773 -7.4430 2.8211 61.9657 -5.0046 -5.8030
Car -1 -1 -4.5824 409.7036 184.1829 440.5709 205.9763 1.4575 1.6567 4.1489 -13.4753 2.3179 52.6586 -4.8321 -5.8242
Car -1 -1 -4.5109 248.8720 187.0510 291.5231 214.3831 1.6045 1.6766 4.3283 -22.1222 2.5752 47.0478 -4.9486 -5.8285
Car -1 -1 -4.4829 543.2515 181.1772 579.0940 203.5309 1.4895 1.6719 4.1562 -3.4945 2.1130 51.8927 -4.5503 -5.8471
Car -1 -1 -4.8404 705.2373 176.2738 744.2104 204.5955 1.4557 1.6025 3.9485 6.1984 1.6524 39.5618 -4.6866 -5.8867
Car -1 -1 -7.2113 156.2953 0.0000 1241.0000 374.0000 1.4992 1.5999 3.8469 -1.2827 1.5701 1.3720 -7.8744 -5.8867
Car -1 -1 -8.4289 0.0000 0.0000 948.7432 374.0000 1.5486 1.5921 3.8074 0.6998 1.6125 0.9964 -7.9398 -5.8867
Car -1 -1 -3.8054 0.0000 191.6608 195.9350 374.0000 1.5161 1.6109 3.9647 -3.4726 1.6335 2.5232 -4.6976 -5.8867
Car -1 -1 -3.5046 0.0000 196.1504 0.0000 374.0000 1.5091 1.6069 3.9591 -7.0813 1.6547 2.5302 -4.6974 -5.8867
Car -1 -1 -4.1098 212.3843 203.4091 269.5160 229.6727 1.5530 1.6101 3.7793 -25.1528 3.7222 49.2509 -4.5802 -5.9430
Car -1 -1 -6.4239 876.8219 156.3241 1004.2344 203.8327 2.2282 1.8196 5.4845 16.0658 1.4526 35.4749 -6.0021 -6.0126
Car -1 -1 -4.7656 538.2881 181.5169 558.4163 196.4413 1.3597 1.7232 4.5919 -6.1071 2.2394 70.9066 -4.8516 -6.0322
Car -1 -1 -7.7287 1156.5785 189.6682 1241.0000 251.2776 1.4368 1.5075 3.9391 16.2508 1.9418 19.7768 -7.0488 -6.0687
Car -1 -1 -7.7919 770.2532 173.6762 802.0225 199.9788 1.4585 1.5648 4.2214 10.3533 1.5091 42.3991 -7.5544 -6.1187
Car -1 -1 -5.4389 844.6891 166.7079 1006.5063 232.4663 1.6045 1.7830 4.0792 8.4371 1.4543 19.8245 -5.0424 -6.1455
Car -1 -1 -4.3668 715.0821 178.7545 758.1904 201.6567 1.4275 1.5841 3.9904 8.4661 1.8387 48.1956 -4.1944 -6.3285
Car -1 -1 -4.4904 99.9106 196.0610 149.0347 223.3882 1.4370 1.7040 3.4898 -29.0134 2.8871 43.1612 -5.0796 -6.8192
