Car -1 -1 -4.3559 804.8004 180.5432 861.5694 210.4095 1.4779 1.6573 3.9410 12.0161 1.9135 38.8365 -4.0585 -1.4741
Car -1 -1 -5.2034 617.0150 177.2570 672.4895 205.6806 1.5892 1.6198 3.9772 1.9868 1.8652 43.1485 -5.1582 -2.8406
Car -1 -1 -3.2028 80.1969 193.9603 185.1242 237.6322 1.7355 1.7011 3.8216 -21.3535 2.7324 32.2644 -3.7839 -2.9269
Car -1 -1 -7.3277 624.0011 176.7736 671.4351 200.9630 1.7392 1.7078 4.2343 2.8813 2.0490 54.8445 -7.2760 -3.2741
Car -1 -1 -7.2988 153.8761 198.2296 238.9969 235.3881 1.4763 1.6021 3.8678 -19.0238 2.7167 33.3132 -7.8146 -3.2936
Car -1 -1 -4.3538 651.0648 178.4868 688.1066 201.3864 1.6250 1.5718 3.7211 4.4825 2.0637 54.2126 -4.2722 -3.3433
Car -1 -1 -4.5880 606.6368 178.3222 635.2773 201.9735 1.6895 1.6763 4.1213 0.8400 2.1200 54.6957 -4.5732 -3.5379
Car -1 -1 -4.8001 632.6660 178.1506 670.3743 209.3894 1.5580 1.6456 4.2516 2.1434 1.8588 38.8678 -4.7460 -3.5592
Car -1 -1 -5.3109 765.3151 179.4689 836.6974 210.4430 1.5168 1.7915 3.8610 10.0407 1.8876 38.3587 -5.0573 -3.6087
Car -1 -1 -4.7902 616.9811 178.0893 647.3121 203.4188 1.5349 1.6392 4.0356 1.3560 1.8879 46.6293 -4.7618 -3.6862
Car -1 -1 -4.6457 595.1605 178.7893 623.0418 203.3884 1.5040 1.5733 3.7226 -0.0571 1.9056 46.9460 -4.6474 -3.9935
Car -1 -1 -4.6066 501.7545 184.6706 527.4733 206.6160 1.7757 1.8035 3.9592 -8.2562 2.8325 62.5418 -4.7378 -4.1683
Car -1 -1 -4.5939 603.9885 181.1316 626.5154 199.6479 1.5018 1.5746 3.0663 0.4460 2.2266 61.5881 -4.5871 -4.3373
Car -1 -1 -4.8909 948.1519 197.4114 989.6387 224.4516 1.4627 1.6023 4.1062 22.3894 3.0757 45.2088 -4.4344 -4.4851
Car -1 -1 -6.0409 0.0000 171.9541 114.8360 211.5341 1.8194 1.7047 4.1996 -26.6070 1.7777 34.7808 -6.6904 -4.7998
Car -1 -1 -4.6207 597.8505 183.8046 622.0886 202.6342 1.6354 1.8766 4.4537 0.0121 2.6967 67.6492 -4.6211 -5.0886
Car -1 -1 -5.4082 0.0000 182.1122 63.9337 214.9066 1.5599 1.5946 3.8836 -29.7480 2.0378 36.1189 -6.0937 -5.0894
Car -1 -1 -4.9794 585.3055 181.0459 615.5447 199.9640 1.5092 1.6185 3.8096 -0.8730 2.2292 61.3932 -4.9940 -5.1023
Car -1 -1 -8.4061 1104.4174 188.6158 1241.0000 374.0000 1.4826 1.6024 3.9292 3.9023 1.6007 3.3142 -7.5831 -5.4350
Car -1 -1 -5.1032 893.1807 184.0696 950.3896 213.7925 1.5707 1.6541 3.8749 17.8381 2.2464 41.5450 -4.7008 -5.7218
Car -1 -1 -4.9106 518.8416 181.9838 545.7025 201.1918 1.6160 1.6503 3.9513 -7.0406 2.4635 64.8653 -5.0187 -5.7960
Car -1 -1 -4.2074 360.3304 184.8293 412.9955 210.5183 1.6327 1.7217 4.0972 -15.4644 2.4997 50.0745 -4.5059 -5.8019
Car -1 -1 -4.3522 549.2669 179.7890 589.0471 200.1916 1.4240 1.6389 4.0945 -3.0418 1.9644 54.0535 -4.4085 -5.8094
Car -1 -1 -4.8150 531.3248 178.6312 559.8991 201.1141 1.4877 1.6123 3.8541 -4.6023 1.9108 50.8401 -4.9053 -5.8126
Car -1 -1 -4.6773 508.4611 181.6963 532.4305 204.1420 1.5545 1.6316 3.9560 -6.6507 2.2363 53.6211 -4.8006 -5.8472
Car -1 -1 -4.7708 553.6370 177.7980 580.4852 200.7414 1.4862 1.6109 3.9091 -3.0210 1.8401 49.6532 -4.8317 -5.8583
Car -1 -1 -4.6980 620.2930 178.1454 640.8314 196.5561 1.4778 1.6813 3.8837 1.7393 1.9395 61.0273 -4.6701 -5.8647
Car -1 -1 -4.4850 405.5741 182.4964 442.1947 207.0889 1.6124 1.6512 3.9432 -13.0991 2.3183 50.8583 -4.7363 -5.8670
Car -1 -1 -4.8978 763.1888 172.9203 820.2985 209.5686 1.4179 1.5773 3.9064 7.4128 1.4206 29.9171 -4.6577 -5.8867
Car -1 -1 -4.6130 535.6233 178.8361 561.5804 198.8435 1.4327 1.5850 3.9321 -4.6591 1.9034 54.8283 -4.6978 -5.8867
Car -1 -1 -7.0088 0.0000 0.0000 1241.0000 374.0000 1.5509 1.5925 3.8071 -1.7120 1.6484 0.9961 -7.9397 -5.8867
Car -1 -1 -4.5911 565.9412 180.4082 590.9393 198.6662 1.4465 1.6443 3.9492 -2.6548 2.1049 60.8786 -4.6350 -5.8867
Car -1 -1 -8.7979 0.0000 0.0000 1144.4303 374.0000 1.5406 1.5893 3.8049 1.5036 1.5771 0.9968 -7.9398 -5.8867
Car -1 -1 -6.7023 0.0000 0.0000 1241.0000 374.0000 1.5560 1.5892 3.8059 -3.7081 1.6985 1.0037 -7.9388 -5.8867
Car -1 -1 -3.5478 0.0000 194.2168 0.0000 374.0000 1.5080 1.6067 3.9590 -6.2774 1.6416 2.5305 -4.6974 -5.8867
Car -1 -1 -4.3478 429.3253 181.6826 470.6240 203.7254 1.4758 1.6344 3.8571 -11.5032 2.1361 51.9603 -4.5650 -5.8867
Car -1 -1 -4.4379 399.0665 181.4285 435.3661 202.6196 1.4694 1.5950 3.9448 -14.3071 2.1299 53.6222 -4.6978 -5.8867
Car -1 -1 -4.5582 494.2214 181.8485 522.7214 202.6460 1.5081 1.6040 3.9559 -7.8735 2.2311 56.0324 -4.6976 -5.8867
Car -1 -1 -7.8472 0.0000 0.0000 1110.2953 374.0000 1.5470 1.5918 3.8068 -0.1042 1.6155 0.9964 -7.9398 -5.8867
Car -1 -1 -4.6138 538.1671 180.2200 560.2094 197.5506 1.4703 1.5967 3.9463 -5.4611 2.1526 64.8844 -4.6978 -5.8867
Car -1 -1 -6.0651 1198.7612 0.0000 1241.0000 374.0000 1.5708 1.8126 4.8883 5.8040 1.3777 3.1550 -5.0308 -5.8872
Car -1 -1 -4.9128 685.2997 174.3864 733.2056 204.5227 1.4565 1.6537 4.0462 5.0067 1.5395 37.1577 -4.7804 -5.8926
Car -1 -1 -5.2004 775.0988 171.4555 877.9065 217.6503 1.3939 1.5719 3.9160 6.9835 1.3514 23.8490 -4.9193 -5.9223
Car -1 -1 -6.4622 811.5696 182.4149 908.3281 223.1546 1.3853 1.3074 3.0810 8.8380 1.7386 25.8158 -6.1365 -6.2322
Car -1 -1 -2.9814 0.0000 183.8750 0.0000 230.3477 1.5101 1.5401 4.1448 -25.1668 1.9363 26.1117 -3.7434 -6.3558
