Car -1 -1 -4.6682 558.8441 183.4476 576.9106 199.7486 1.5180 1.6279 3.6924 -4.1673 2.5942 71.4647 -4.7267 -0.6919
Car -1 -1 -1.7051 98.6310 186.9959 143.1279 217.1676 1.5998 1.6466 3.9246 -28.6424 2.4652 42.1571 -2.2991 -1.4070
Car -1 -1 -4.7122 818.5920 194.0348 845.1569 220.6413 1.5256 1.5794 3.8351 14.3219 2.9574 46.7223 -4.4172 -2.7302
Car -1 -1 -2.1027 42.8584 189.0374 120.7559 216.6394 1.4364 1.6904 4.1901 -30.0866 2.3928 41.0448 -2.7323 -3.5693
Car -1 -1 -5.4612 171.4517 195.4718 235.8757 220.7114 1.6937 1.6781 4.1918 -29.5540 3.3823 52.4385 -5.9725 -3.6094
Car -1 -1 -3.6727 139.1464 189.0945 235.4723 219.8421 1.4702 1.6568 4.2554 -22.8758 2.4020 39.1487 -4.1988 -3.7181
Car -1 -1 -6.0938 694.2450 179.1735 785.9144 222.7203 1.5016 1.6007 3.0777 4.7537 1.7452 26.5524 -5.9193 -3.7530
Car -1 -1 -4.3048 234.7001 183.8915 297.6760 215.8220 1.6699 1.6687 4.3548 -19.6979 2.3376 41.4633 -4.7461 -4.0235
Car -1 -1 -4.6426 152.1845 181.9579 181.3799 204.0920 1.5225 1.5777 3.6879 -32.7146 2.2196 53.2754 -5.1912 -4.0427
Car -1 -1 -5.2310 283.5372 186.3453 346.1523 212.8799 1.4337 1.6521 4.0445 -17.5753 2.2694 42.8132 -5.6187 -4.0496
Car -1 -1 -7.6760 111.1217 185.8536 163.4076 219.8654 1.6437 1.6674 3.8873 -25.2531 2.3770 38.6020 -8.2524 -4.2370
Car -1 -1 -2.9678 499.0105 172.9657 577.4168 207.3898 1.6910 1.7054 3.7017 -3.6265 1.6965 36.4379 -3.0668 -4.4826
Car -1 -1 -4.8096 197.3205 176.5883 225.8603 199.1743 1.7339 1.6453 3.9016 -32.1590 2.0453 58.1521 -5.3131 -4.4977
Car -1 -1 -4.9645 794.1804 194.9476 830.7621 219.6103 1.4345 1.4510 3.4826 13.0729 2.9230 46.8654 -4.6949 -4.5408
Car -1 -1 -6.2682 274.6384 182.9611 428.7776 240.3684 1.3615 1.5625 3.6535 -6.7375 1.6444 18.8986 -6.6067 -4.6599
Car -1 -1 -8.0392 278.6782 190.1768 328.1510 224.1903 1.4325 1.5361 3.5274 -14.6138 2.2990 34.2116 -8.4405 -4.7010
Car -1 -1 -7.9359 837.9843 189.1153 874.4988 217.4955 1.6053 1.8220 4.3778 15.5515 2.6910 45.8429 -7.6115 -4.7025
Car -1 -1 -6.3306 895.2233 180.6517 966.9100 213.1740 1.4720 1.4125 3.0536 15.2240 1.8569 34.4401 -5.9181 -4.7868
Car -1 -1 -4.5700 66.8201 182.8659 122.2310 220.5010 1.6908 1.7000 3.7073 -25.3501 2.2118 35.5367 -5.1863 -4.8350
Car -1 -1 -5.3570 660.6309 179.4538 734.2911 213.2302 1.5100 1.6407 3.7141 4.1486 1.8489 35.0629 -5.2409 -4.8555
Car -1 -1 -3.1845 746.4990 179.9785 818.3895 209.7403 1.4507 1.5115 3.4919 8.6897 1.8238 36.7479 -2.9546 -5.0838
Car -1 -1 -4.7552 136.4368 185.4590 174.8754 215.0136 1.6096 1.7898 3.6011 -27.1290 2.3950 42.9850 -5.3156 -5.3167
Car -1 -1 -6.9274 752.7464 175.0072 838.3441 214.4446 1.6518 1.5775 3.3816 8.1178 1.7503 31.7517 -6.6799 -5.3549
Car -1 -1 -5.1237 729.3387 180.4212 808.0231 217.1886 1.3379 1.6111 4.0448 6.2957 1.6671 29.2795 -4.9146 -5.5462
Car -1 -1 -4.9550 495.4631 181.7818 529.5331 203.7870 1.4581 1.5210 3.8795 -7.0371 2.1218 51.5830 -5.0903 -5.6058
Car -1 -1 -4.5989 527.1214 181.3838 557.3962 206.3797 1.7008 1.7462 4.0844 -4.9222 2.3462 52.5606 -4.6923 -5.6395
Car -1 -1 -4.7610 588.3089 179.7127 616.8623 204.8714 1.5942 1.7248 4.3576 -0.5793 2.0824 49.1633 -4.7732 -5.6957
Car -1 -1 -5.4277 769.5017 179.1775 905.3931 229.1702 1.3340 1.6136 4.1349 6.7493 1.5462 22.0301 -5.1347 -5.7965
Car -1 -1 -4.7347 561.4547 182.2672 578.4319 199.0996 1.5182 1.5361 3.2365 -3.8482 2.4350 68.6232 -4.7909 -5.8350
Car -1 -1 -5.1162 714.9303 175.5860 783.4709 209.6670 1.4272 1.5907 3.9825 6.1769 1.5587 32.6725 -4.9315 -5.8786
Car -1 -1 -5.0815 689.7264 177.3754 751.1567 208.6052 1.4305 1.6386 4.0761 5.3698 1.6685 35.8477 -4.9346 -5.8832
Car -1 -1 -8.6434 0.0000 0.0000 1048.9860 374.0000 1.5477 1.5906 3.8052 1.1141 1.6089 1.0034 -7.9392 -5.8867
Car -1 -1 -6.7848 0.0000 0.0000 1241.0000 374.0000 1.5609 1.5930 3.8083 -2.9048 1.7012 1.0026 -7.9389 -5.8867
Car -1 -1 -7.5636 152.2449 0.0000 1241.0000 374.0000 1.5552 1.5936 3.8075 -0.4939 1.6508 1.0022 -7.9391 -5.8867
Car -1 -1 -4.6021 462.3132 172.9273 497.3431 205.8729 2.2989 2.0106 4.7498 -9.4957 2.3042 52.7965 -4.7796 -5.9427
Car -1 -1 -4.5654 542.1387 180.6656 574.8649 204.5570 1.5145 1.6539 4.0296 -3.4972 2.0690 49.1668 -4.6365 -5.9480
Car -1 -1 -5.6227 810.2487 184.9027 961.0399 235.6557 1.4207 1.8062 4.4280 8.8496 1.8551 23.6733 -5.2698 -6.1402
Car -1 -1 -5.0986 771.8130 179.2346 858.3358 219.9242 1.4743 1.8190 4.3647 8.1115 1.7517 29.1304 -4.8302 -6.2007
