Car -1 -1 -5.2546 252.3922 184.9681 317.2577 213.5273 1.5066 1.6094 3.8980 -18.6872 2.2301 41.3386 -5.6770 -1.4294
Car -1 -1 -4.2698 337.0133 182.7098 387.1888 207.8696 1.4510 1.6415 3.4098 -15.3707 2.0870 44.7989 -4.5989 -1.5740
Car -1 -1 -4.6328 622.9882 178.5723 649.2623 200.2012 1.5451 1.6692 4.2718 1.9973 1.9977 54.9337 -4.5971 -2.1414
Car -1 -1 -3.9741 302.4978 185.0529 353.1996 205.5909 1.6472 1.7218 4.2175 -24.5433 2.7481 62.8522 -4.3452 -2.6494
Car -1 -1 -4.8009 623.1260 179.5397 654.0942 203.6372 1.4522 1.6231 4.3212 1.7807 1.9068 46.9006 -4.7637 -3.1858
Car -1 -1 -4.7383 638.7697 178.1444 667.8362 205.7640 1.5442 1.6186 4.0548 2.5142 1.8755 43.1778 -4.6810 -3.1886
Car -1 -1 -4.9533 280.5762 186.8291 312.6851 206.6827 1.5683 1.6330 3.9612 -26.9674 2.8086 61.9814 -5.3624 -3.3042
Car -1 -1 -3.8515 264.1556 191.6785 311.1355 210.3149 1.6014 1.6085 3.9848 -30.5666 3.4436 68.4789 -4.2702 -3.3319
Car -1 -1 -7.8361 644.0372 170.7966 661.3392 186.8567 1.5451 1.6444 3.8940 4.2293 1.3468 71.4194 -7.7775 -3.4248
Car -1 -1 -3.1817 559.0599 179.9727 670.8510 222.1612 1.5065 1.6111 4.0535 0.1094 1.7807 26.9425 -3.1784 -3.8904
Car -1 -1 -4.9041 386.0352 182.3848 419.1733 205.4948 1.3834 1.4813 3.0924 -13.3719 2.0176 46.3203 -5.1840 -4.1187
Car -1 -1 -4.5831 610.5491 178.0093 644.9843 205.6140 1.5643 1.6107 3.7880 1.0805 1.8900 43.6280 -4.5590 -4.2921
Car -1 -1 -4.0727 305.1040 188.4708 361.6242 212.3856 1.5108 1.5775 4.0750 -19.3621 2.6527 50.5981 -4.4368 -4.5841
Car -1 -1 -5.2046 633.4200 179.4955 682.1357 203.0796 1.4577 1.5698 3.8776 3.0880 1.9173 47.8652 -5.1411 -4.6117
Car -1 -1 -4.6932 436.2259 178.6930 457.4995 198.7496 1.6937 1.7752 4.7870 -14.6645 2.2392 64.9241 -4.9149 -4.8862
Car -1 -1 -4.3411 596.1662 179.1565 636.6010 200.6126 1.5531 1.6810 4.3259 0.5142 2.0614 55.9113 -4.3325 -4.9815
Car -1 -1 -4.6531 146.2609 187.8656 173.4100 208.0984 1.6997 1.8626 4.3261 -41.4300 3.1305 66.4413 -5.2090 -5.1896
Car -1 -1 -4.7688 617.2386 174.1144 645.3642 200.6178 1.7716 1.7102 4.5812 1.4234 1.8640 50.7652 -4.7414 -5.1907
Car -1 -1 -4.4493 465.3814 177.8203 506.0583 205.5101 1.4909 1.4671 3.3552 -7.0903 1.7862 41.2117 -4.6191 -5.3373
Car -1 -1 -4.9029 501.4397 179.2395 529.6197 197.2129 1.5219 1.7313 4.3015 -8.5744 2.1178 65.0537 -5.0337 -5.3573
Car -1 -1 -4.6312 524.3658 180.3241 545.7248 198.0499 1.4964 1.5707 4.2787 -6.7311 2.1902 64.8865 -4.7346 -5.4009
Car -1 -1 -4.8557 547.3516 179.0206 573.2745 196.4902 1.4714 1.7116 4.3281 -4.5119 2.0435 64.6873 -4.9254 -5.4830
Car -1 -1 -4.6719 653.6223 167.4985 675.1663 184.7382 1.5771 1.8809 3.6162 5.1240 1.0869 67.9096 -4.5971 -5.5548
Car -1 -1 -4.2579 404.6081 179.3015 454.4066 201.4494 1.3799 1.6016 4.0962 -12.0737 1.8314 48.3887 -4.5014 -5.5743
Car -1 -1 -5.0283 201.4520 191.5706 233.4330 210.6136 1.6245 1.6658 3.2663 -36.3077 3.3985 66.6747 -5.5255 -5.5879
Car -1 -1 -4.8028 468.9631 179.4634 492.2541 198.8006 1.6597 1.7111 4.2122 -11.8382 2.2821 65.7291 -4.9807 -5.6189
Car -1 -1 -4.4256 455.2418 178.6756 485.9015 195.7580 1.5330 1.6976 4.3505 -13.2184 2.1037 68.5285 -4.6158 -5.6475
Car -1 -1 -5.0525 764.8910 181.4654 908.2190 258.9743 1.4270 1.6531 4.1278 4.7272 1.6411 15.8596 -4.7688 -5.6971
Car -1 -1 -4.5107 243.6089 198.0503 273.2324 217.8965 1.5553 1.6079 3.9013 -31.1349 3.8607 63.9379 -4.9626 -5.7110
Car -1 -1 -4.7997 945.1391 190.0759 969.1110 208.4320 1.5340 1.6646 3.4203 31.5753 3.1481 65.7439 -4.3543 -5.7523
Car -1 -1 -4.8148 587.1763 178.3472 616.7592 199.7917 1.3712 1.5842 4.3524 -0.6259 1.7653 49.5454 -4.8278 -5.7800
Car -1 -1 -4.7955 446.1165 181.7441 465.8193 197.9593 1.4523 1.5463 3.4707 -14.6790 2.3201 68.5742 -5.0060 -5.8453
Car -1 -1 -5.1884 806.3693 176.0846 1054.9672 293.3841 1.3778 1.6296 3.8839 4.3354 1.4340 10.5986 -4.8106 -5.8480
Car -1 -1 -7.3125 0.0000 182.0648 0.0000 271.4895 1.4627 1.6453 4.0085 -14.9254 1.6735 14.3905 -8.1068 -5.8859
Car -1 -1 -3.5046 0.0000 191.9919 0.0000 374.0000 1.4991 1.6049 3.9557 -7.0819 1.6187 2.5302 -4.6974 -5.8867
Car -1 -1 -4.6262 543.8235 179.8862 572.7039 203.4223 1.4747 1.5996 3.9504 -3.4625 1.9653 48.3823 -4.6977 -5.8867
Car -1 -1 -4.6765 128.2941 182.8856 152.6588 201.6078 1.5439 1.6621 4.0172 -41.6031 2.4626 63.9537 -5.2516 -5.8867
Car -1 -1 -4.5798 11.6831 179.1993 50.5036 201.2907 1.4853 1.6521 4.0274 -41.6139 1.9604 51.9009 -5.2533 -5.8867
Car -1 -1 -6.7025 0.0000 0.0000 1241.0000 374.0000 1.5441 1.5862 3.8024 -3.7086 1.6566 1.0046 -7.9389 -5.8867
Car -1 -1 -4.3610 205.2842 184.1587 264.0872 213.6998 1.4871 1.6259 3.9311 -20.7310 2.1447 39.9432 -4.8373 -5.8867
Car -1 -1 -4.9998 790.8345 175.8767 903.5725 242.0865 1.4732 1.5970 3.9471 5.7838 1.5575 18.2205 -4.6978 -5.8867
Car -1 -1 -4.8843 721.5546 181.0947 812.5375 247.3843 1.5180 1.6739 3.6803 3.9347 1.7543 18.8507 -4.6825 -6.0853
Car -1 -1 -6.8667 752.9879 188.9317 982.8002 273.8765 1.4064 1.5462 3.9006 4.7852 1.7379 13.6537 -6.5373 -6.2424
Car -1 -1 -7.6546 695.9311 189.8440 734.3931 220.4574 1.7272 1.6178 4.1134 6.6223 2.8472 45.3689 -7.5113 -6.8358
