Car -1 -1 -4.3381 206.9394 179.6965 344.7776 256.1409 1.7578 1.7900 4.4769 -8.7602 1.9619 19.2778 -4.7599 4.5722
Car -1 -1 -4.4863 392.7325 187.1756 448.2093 220.3635 1.5064 1.8159 4.2787 -9.6181 2.2791 36.7818 -4.7408 2.8346
Car -1 -1 -4.5715 447.8298 184.5563 479.2566 207.3107 1.4494 1.6859 3.0539 -9.9749 2.2718 49.1531 -4.7711 2.5284
Car -1 -1 -4.7118 514.6392 177.8816 534.9871 197.6025 1.5330 1.6011 3.6935 -6.9910 1.9572 58.9991 -4.8296 0.3683
Car -1 -1 -4.5000 487.9493 180.5607 525.2646 205.9018 1.5065 1.6143 3.6684 -6.5695 2.0169 45.9276 -4.6417 -0.6046
Car -1 -1 -7.8153 1066.7474 165.8094 1187.7479 262.3840 1.5714 1.6690 4.2988 9.9798 1.4565 13.9571 -7.2050 -1.8811
Car -1 -1 -7.6741 482.8770 179.8495 509.0340 195.9249 1.4047 1.7189 3.9093 -10.5354 2.0706 66.7419 -7.8304 -2.2186
Car -1 -1 -4.3144 377.1021 178.4290 414.5222 199.6335 1.8946 1.7217 4.6399 -20.1882 2.4393 68.1322 -4.6017 -2.4446
Car -1 -1 -4.9584 643.2014 175.9260 671.4004 194.7309 1.6974 1.6955 4.1070 4.4016 1.9960 68.0135 -4.8945 -2.6235
Car -1 -1 -3.1546 244.7766 169.4641 307.0432 191.5194 1.6673 1.7267 4.3460 -26.0484 1.4107 56.2596 -3.5866 -2.8134
Car -1 -1 -2.2864 261.4064 187.6952 366.3972 225.0173 1.5019 1.6951 4.6765 -13.3121 2.2029 32.2834 -2.6750 -3.0343
Car -1 -1 -5.1591 789.6612 177.9103 821.6740 193.0328 1.4218 1.6087 3.6708 19.2239 1.9334 71.0942 -4.8965 -3.2619
Car -1 -1 -7.0694 147.3911 199.8727 243.9783 238.6589 1.5288 1.6492 3.8243 -19.0979 2.8555 33.3760 -7.5860 -3.5105
Car -1 -1 -4.9335 322.2081 191.2915 354.7342 212.7625 1.5387 1.5970 3.9288 -21.6404 3.0573 57.3612 -5.2931 -3.7635
Car -1 -1 -8.0337 598.1307 181.1325 620.1399 194.3656 1.1776 1.5225 3.2099 -0.1241 1.9780 68.0714 -8.0359 -3.7970
Car -1 -1 -5.0353 653.2086 173.9295 687.4137 195.4834 1.7333 1.6570 4.0115 4.9806 1.8262 60.3848 -4.9538 -3.8293
Car -1 -1 -4.2726 406.8078 180.2541 439.3087 196.1298 1.4844 1.5988 3.9217 -18.4967 2.2384 71.4748 -4.5253 -3.8650
Car -1 -1 -7.6814 332.9689 184.5481 388.3969 222.7104 1.5649 1.6962 4.2410 -11.4213 2.1385 33.1800 -8.0109 -3.9272
Car -1 -1 -4.9421 640.0869 179.7173 668.7301 197.7462 1.5012 1.6602 3.9623 3.8655 2.1274 63.7681 -4.8823 -4.1080
Car -1 -1 -5.0382 808.7669 180.5795 839.7186 198.3556 1.6042 1.6758 3.8446 20.3579 2.3611 68.7668 -4.7520 -4.4202
Car -1 -1 -4.9825 415.1779 182.6741 454.6455 207.0964 1.5778 1.6695 4.0224 -12.3271 2.2945 50.5188 -5.2210 -4.5279
Car -1 -1 -4.8502 828.8634 182.5306 852.8708 200.3854 1.6486 1.6662 4.3658 22.7886 2.6366 71.3993 -4.5429 -4.5613
Car -1 -1 -4.6023 900.8281 174.0324 940.5202 203.3467 1.5940 1.6724 4.1287 17.9220 1.6653 41.6204 -4.1986 -4.6532
Car -1 -1 -4.8108 228.9263 191.2566 275.9274 226.9983 1.4557 1.5925 3.7954 -16.6870 2.3618 33.5100 -5.2700 -4.8573
Car -1 -1 -2.7713 441.5224 180.0486 524.7606 207.0782 1.5115 1.6977 4.4966 -7.4500 1.9456 42.2963 -2.9451 -4.9671
Car -1 -1 -4.5872 897.7047 177.6898 921.0563 195.2692 1.5284 1.5503 3.4637 27.2399 1.9808 65.6603 -4.1959 -5.0974
Car -1 -1 -5.0177 419.8706 178.0693 456.0093 202.6278 1.7172 1.5712 3.6383 -12.7569 2.1160 53.2507 -5.2521 -5.2333
Car -1 -1 -7.0834 225.9210 186.0261 299.5934 213.0581 1.5501 1.6218 4.4002 -22.0806 2.4325 46.0044 -7.5290 -5.3676
Car -1 -1 -4.3962 500.4648 179.5263 536.6940 200.3901 1.5180 1.7096 3.7074 -7.0500 2.0516 55.7486 -4.5218 -5.3683
Car -1 -1 -4.8967 552.5331 180.1869 583.8431 201.6873 1.6044 1.7439 4.2318 -3.4077 2.2130 57.6500 -4.9560 -5.6360
Car -1 -1 -2.7122 0.0000 199.6400 298.9739 297.5366 1.3695 1.7738 4.0008 -7.5208 1.8509 11.8454 -3.2681 -5.7336
Car -1 -1 -5.0934 623.6815 177.7756 662.5223 195.9671 1.3693 1.6159 4.3091 2.5799 1.7793 57.8558 -5.0495 -5.8691
Car -1 -1 -4.7088 606.4200 179.1956 631.1101 202.4338 1.4725 1.6018 3.9477 0.5637 1.9184 48.7883 -4.6978 -5.8867
Car -1 -1 -4.7697 611.6656 177.1281 634.5910 195.8985 1.4137 1.5880 3.9320 0.9837 1.7643 57.2479 -4.7530 -5.8867
Car -1 -1 -4.4387 562.6149 179.0164 590.9212 195.4756 1.4682 1.6292 4.0882 -3.1246 2.0686 68.1653 -4.4847 -5.8867
Car -1 -1 -4.6700 421.0930 181.5257 440.7520 198.5931 1.4907 1.6114 3.9960 -16.6927 2.3245 67.2893 -4.9126 -5.8867
Car -1 -1 -4.7088 835.8958 186.5747 855.0210 205.2116 1.5235 1.5641 3.5703 20.7878 2.7729 63.7788 -4.3957 -5.9042
Car -1 -1 -4.7614 635.2615 177.6779 661.9855 199.7461 1.4015 1.5949 4.0517 2.5390 1.7406 48.7386 -4.7101 -5.9140
Car -1 -1 -6.7084 984.8370 189.3132 1241.0000 302.0182 1.4337 1.5584 4.1017 7.9640 1.7041 10.6941 -6.0822 -5.9428
Car -1 -1 -7.4818 500.8862 177.1632 547.6342 205.6264 1.9022 1.7541 4.6006 -6.0747 2.2235 51.4086 -7.5993 -6.1636
Car -1 -1 -4.3518 480.9330 177.6033 516.7565 196.9323 1.5044 1.6018 4.0032 -9.1206 1.9085 59.3244 -4.5040 -6.2167
Car -1 -1 -4.0922 574.2062 179.4318 616.2732 196.4402 1.4458 1.6248 4.2750 -1.3196 2.0609 65.2772 -4.1127 -7.7273
