Car -1 -1 -7.8569 319.5538 185.3436 347.6137 210.5556 1.4972 1.6371 3.5350 -17.9302 2.3393 46.7187 -8.2218 -0.4181
Car -1 -1 -7.5136 349.5138 183.1389 396.8858 208.1628 1.5680 1.6892 4.4258 -16.1337 2.3020 49.2813 -7.8288 -0.4693
Car -1 -1 -4.6066 624.0516 184.1679 655.5885 208.9691 1.4682 1.6165 4.2404 1.9501 2.2388 46.9499 -4.5659 -1.1832
Car -1 -1 -7.9720 0.5690 199.7015 70.5608 248.0782 1.5717 1.6644 3.7488 -21.9558 2.6649 27.4767 -8.6416 -1.3937
Car -1 -1 -4.6290 660.8121 184.2105 708.6312 222.8992 1.4300 1.6551 4.1182 3.1377 1.9381 30.1230 -4.5269 -3.0172
Car -1 -1 -4.7951 667.5711 184.4054 694.8934 208.3866 1.6522 1.6762 4.1933 5.2469 2.5477 53.8488 -4.6991 -3.1061
Car -1 -1 -7.9047 620.9825 180.9274 658.9195 216.0044 1.5116 1.5723 3.8678 1.3165 1.9127 33.9318 -7.8669 -3.1100
Car -1 -1 -4.7428 645.8539 181.2814 679.1271 212.2667 1.5670 1.6864 4.0003 2.7980 2.0533 39.6276 -4.6734 -3.3194
Car -1 -1 -4.7481 614.7386 181.8926 646.0054 209.9491 1.4955 1.6536 4.1782 1.1016 2.0465 41.9089 -4.7226 -3.5751
Car -1 -1 -4.6678 631.7205 183.3541 657.1641 205.8599 1.4806 1.6393 4.2027 2.4709 2.2636 51.6589 -4.6208 -3.6417
Car -1 -1 -4.6853 654.7367 177.2517 674.3560 195.4721 1.6802 1.7832 4.2533 5.2853 2.1188 69.8079 -4.6105 -3.7718
Car -1 -1 -4.9174 646.1149 182.4039 699.3694 217.7846 1.5137 1.6726 4.2310 2.8642 1.9960 34.2603 -4.8354 -3.7815
Car -1 -1 -6.5046 634.1439 182.8521 703.8889 207.3218 1.4499 1.6563 4.0452 3.6008 2.0852 44.7643 -6.4255 -3.9513
Car -1 -1 -4.2716 49.6475 195.1886 138.0039 234.4029 1.4845 1.5998 4.0059 -22.6845 2.5348 31.8306 -4.8870 -3.9839
Car -1 -1 -4.8123 136.6896 200.9767 180.8849 232.3416 1.5522 1.7489 4.6268 -26.5383 3.2934 42.3160 -5.3699 -4.3092
Car -1 -1 -7.9072 622.5822 179.9719 665.9913 220.4282 1.5316 1.5825 3.5491 1.3154 1.8421 29.7251 -7.8641 -4.5136
Car -1 -1 -4.6122 608.3805 182.5400 637.3279 206.5641 1.5992 1.6912 3.9894 0.9298 2.3220 51.7875 -4.5949 -4.5255
Car -1 -1 -7.8851 614.3693 178.2057 650.1186 212.5285 1.6416 1.6983 4.5578 1.0605 1.9363 37.5027 -7.8577 -4.6420
Car -1 -1 -4.0252 372.4568 181.2497 431.5736 205.5553 1.7761 1.8396 4.8410 -16.4099 2.4702 57.0981 -4.3042 -4.9203
Car -1 -1 -7.7674 277.6351 184.5681 309.4146 208.6077 1.3733 1.5147 3.4525 -19.6991 2.1329 44.9273 -8.1787 -4.9430
Car -1 -1 -4.7566 403.6891 183.1124 431.4555 208.1619 1.5888 1.6663 4.2460 -13.3743 2.3303 49.9023 -5.0175 -5.1464
Car -1 -1 -4.5801 567.4291 182.8989 593.9814 204.2509 1.7506 1.7777 4.3763 -2.5647 2.6665 63.5454 -4.6208 -5.3806
Car -1 -1 -4.1101 588.4807 182.5329 646.2961 209.1090 1.6350 1.6874 4.3848 0.5147 2.3136 48.3300 -4.1001 -5.4467
Car -1 -1 -3.3590 303.3639 183.4360 364.8591 209.4670 1.7561 1.6227 3.8686 -19.8329 2.5415 51.8324 -3.7230 -5.5309
Car -1 -1 -4.7516 550.5131 184.0146 570.6385 201.3049 1.4616 1.6667 4.1849 -4.5682 2.5152 65.9656 -4.8209 -5.6348
Car -1 -1 -4.6450 556.8026 182.6669 584.2021 206.4579 1.4856 1.5801 4.1396 -2.6674 2.1780 48.8511 -4.6998 -5.6596
Car -1 -1 -4.7240 429.1422 187.8282 453.9586 209.6331 1.4847 1.7466 3.7710 -12.6493 2.6467 53.9690 -4.9536 -5.6966
Car -1 -1 -4.7367 736.4409 188.5298 799.5681 246.0070 1.3709 1.5819 3.9879 4.3542 1.8609 20.4616 -4.5308 -5.6995
Car -1 -1 -5.1070 755.4567 187.3900 900.0587 261.3030 1.3960 1.6485 4.1898 4.7788 1.7754 16.6643 -4.8334 -5.7183
Car -1 -1 -3.7403 257.9536 186.3058 455.4711 291.0551 1.4606 1.2948 2.8594 -4.1592 1.7123 11.9863 -4.0682 -5.7970
Car -1 -1 -4.9417 581.0069 182.2712 623.9470 211.8796 1.5699 1.6510 3.7643 -0.5187 2.1385 41.5700 -4.9547 -5.8141
Car -1 -1 -4.6044 530.0223 182.4858 561.2612 209.3993 1.6602 1.6614 3.8237 -4.2570 2.3240 47.8169 -4.6932 -5.8214
Car -1 -1 -4.6489 667.1876 179.3817 688.0237 201.2239 1.8471 1.6103 3.8860 6.0261 2.4468 64.2828 -4.5563 -5.8517
Car -1 -1 -4.4853 459.3367 182.4722 497.3523 207.9487 1.5593 1.6321 3.9040 -8.6777 2.2208 47.6527 -4.6649 -5.8566
Car -1 -1 -4.6346 589.5095 181.0087 613.7529 200.2989 1.4500 1.6474 3.9912 -0.6670 2.1284 58.0100 -4.6465 -5.8711
Car -1 -1 -4.5565 545.1000 182.9192 583.1483 213.6778 1.6284 1.5995 3.9195 -2.6291 2.2360 41.5506 -4.6199 -5.8792
Car -1 -1 -6.7023 0.0000 0.0000 1241.0000 374.0000 1.5535 1.5899 3.8057 -3.7087 1.6867 1.0036 -7.9389 -5.8867
Car -1 -1 -4.6511 564.9094 179.4861 588.0021 199.0283 1.4599 1.5940 3.9425 -2.6566 2.0039 57.2316 -4.6977 -5.8867
Car -1 -1 -3.5046 0.0000 195.3372 0.0000 374.0000 1.5076 1.6072 3.9587 -7.0817 1.6481 2.5299 -4.6974 -5.8867
Car -1 -1 -6.9727 0.0000 0.0000 1241.0000 374.0000 1.5012 1.5991 3.8469 -2.0863 1.5887 1.3724 -7.8744 -5.8867
Car -1 -1 -4.4773 428.2321 180.9098 466.7022 204.9020 1.4717 1.5971 3.9496 -10.6985 2.0248 47.5796 -4.6977 -5.8867
Car -1 -1 -3.4815 0.0000 198.4804 0.0000 374.0000 1.5091 1.6041 3.9580 -8.6896 1.6838 2.9355 -4.6976 -5.8867
Car -1 -1 -7.9385 111.7595 183.9374 166.7244 228.5742 1.7378 1.6599 4.1207 -20.4989 2.2509 31.2877 -8.5149 -6.0501
Car -1 -1 -2.9058 47.1469 183.0353 149.8190 217.9395 1.8244 1.9500 4.3548 -28.5691 2.4185 40.4176 -3.5182 -6.3770
Car -1 -1 -5.2526 689.8470 184.9559 738.6666 212.7322 1.8050 1.5430 4.0385 7.2751 2.6951 50.9297 -5.1122 -6.5440
