Car -1 -1 -4.8793 709.3991 189.2141 748.9360 220.2794 1.5325 1.5450 3.4940 6.3872 2.4606 39.1935 -4.7196 -0.9633
Car -1 -1 -1.7716 61.2534 175.9726 110.6036 203.2751 1.4941 1.6045 3.7336 -30.3927 1.6823 41.7622 -2.3978 -1.3829
Car -1 -1 -4.9026 645.1110 176.5623 695.7529 211.9479 1.6304 1.6945 4.4142 2.9023 1.8269 36.0114 -4.8234 -2.5166
Car -1 -1 -6.0766 619.1779 175.7991 662.0470 193.3892 1.6673 1.6762 3.9022 2.9653 1.9585 70.1159 -6.0349 -2.7552
Car -1 -1 -3.8564 0.0000 187.6239 75.1361 227.4677 1.5520 1.6237 3.6587 -25.7316 2.2360 31.4877 -4.5376 -2.7726
Car -1 -1 -4.8169 243.0653 188.5561 285.1446 219.7919 1.4739 1.6205 3.7943 -18.3571 2.3480 38.1394 -5.2631 -2.9460
Car -1 -1 -4.3862 631.8312 178.0085 675.6509 203.2029 1.5142 1.6155 4.0175 2.8273 1.8610 46.4168 -4.3263 -3.1712
Car -1 -1 -4.7794 93.9365 179.8579 123.2226 202.4218 1.7187 1.6847 4.0114 -40.5997 2.3052 58.3538 -5.3853 -3.2177
Car -1 -1 -7.9697 244.9171 191.1646 271.4860 210.1791 1.5455 1.6931 4.0859 -31.7453 3.2503 65.0157 -8.4226 -3.2378
Car -1 -1 -5.8829 13.7093 175.7274 92.5134 199.4981 1.6310 1.7201 4.0783 -39.4569 1.8399 51.1778 -6.5374 -3.3751
Car -1 -1 -4.6552 206.8642 183.8134 229.9296 201.1344 1.5561 1.7239 4.2096 -37.9575 2.6531 69.9687 -5.1509 -3.3965
Car -1 -1 -4.3191 323.8450 186.6751 371.1196 210.7913 1.4806 1.6223 3.8786 -17.6290 2.4478 48.5356 -4.6661 -3.7649
Car -1 -1 -5.1142 598.9863 178.0236 628.9962 194.4306 1.5458 1.6290 3.7375 0.3465 2.0710 71.3031 -5.1097 -3.8217
Car -1 -1 -2.8204 169.8625 187.1176 271.6845 218.8881 1.4936 1.6939 4.1716 -19.4702 2.2319 36.1743 -3.3113 -3.8357
Car -1 -1 -4.7389 160.8112 186.3931 181.9432 202.9268 1.4301 1.5984 3.7216 -41.1783 2.7371 67.6770 -5.2840 -3.8465
Car -1 -1 -4.7566 289.9342 187.1648 318.7209 213.8395 1.5517 1.5343 3.5716 -19.5466 2.5022 45.9987 -5.1567 -3.9294
Car -1 -1 -4.1059 275.7161 184.3185 312.6985 199.5172 1.3910 1.5392 3.6168 -30.9916 2.5472 70.8629 -4.5170 -3.9584
Car -1 -1 -4.9941 611.3149 178.3998 640.0547 195.5893 1.5210 1.6392 3.9585 1.4089 2.0546 67.3379 -4.9737 -4.0442
Car -1 -1 -4.6503 175.7635 183.4463 197.9913 200.1803 1.4846 1.5912 3.7168 -40.2081 2.5207 68.5841 -5.1790 -4.2646
Car -1 -1 -3.7930 280.0392 191.3532 330.6311 213.7023 1.6613 1.5582 3.5877 -24.8110 3.2182 58.7946 -4.1911 -4.2695
Car -1 -1 -7.5236 711.5862 185.7925 758.3877 214.5026 1.5156 1.5522 3.7559 7.2681 2.3034 41.9303 -7.3538 -4.3242
Car -1 -1 -4.5178 231.7236 187.5987 286.1863 220.6067 1.4205 1.6375 3.9420 -17.0155 2.1797 35.0537 -4.9670 -4.4551
Car -1 -1 -4.9325 526.9378 177.7576 553.9731 198.1063 1.6996 1.5486 3.8783 -6.1598 2.1440 63.3545 -5.0294 -4.5442
Car -1 -1 -7.2491 29.5564 184.2341 127.7019 222.3573 1.5925 1.6283 4.0605 -24.5095 2.1515 33.4136 -7.8783 -4.5835
Car -1 -1 -8.1121 402.8652 173.9663 433.1572 193.1967 1.8083 1.7798 4.4563 -18.8097 1.9204 70.5015 -8.3722 -4.6569
Car -1 -1 -4.7434 415.9016 179.7410 436.7109 199.7857 1.5924 1.5782 3.9040 -15.5417 2.1930 60.8549 -4.9928 -4.7991
Car -1 -1 -4.8285 615.1985 179.0143 650.9166 205.9206 1.4655 1.6016 4.3115 1.2716 1.8473 42.5332 -4.7994 -4.8853
Car -1 -1 -4.4820 100.7050 178.0679 146.3508 212.1920 2.5472 1.9893 4.6084 -38.4678 2.9779 57.1327 -5.0727 -4.8886
Car -1 -1 -4.8817 543.1786 178.5232 568.5417 196.1438 1.4747 1.5809 4.0129 -4.8488 1.9933 63.9019 -4.9575 -4.9785
Car -1 -1 -4.4379 346.7017 183.0381 390.7719 206.9483 1.3864 1.6548 3.8199 -15.1696 2.0550 45.4421 -4.7586 -5.2308
Car -1 -1 -4.8145 467.0141 178.9595 490.4495 196.0648 1.4327 1.6425 4.0484 -11.7233 1.9937 64.1594 -4.9949 -5.6858
Car -1 -1 -5.1208 776.7809 183.0480 955.0106 271.7004 1.4138 1.6637 4.2703 4.7360 1.6455 14.2177 -4.8063 -5.6972
Car -1 -1 -4.7659 42.3992 177.8759 75.3371 201.4149 1.6371 1.7259 3.8864 -40.6043 2.0205 53.0924 -5.4166 -5.8616
Car -1 -1 -5.0196 576.3257 179.4693 617.5621 201.2780 1.3792 1.5738 4.3291 -0.9760 1.8523 49.3305 -5.0397 -5.8624
Car -1 -1 -4.7080 558.9832 178.6614 576.9814 195.1198 1.4206 1.5872 3.9253 -3.8405 1.9652 65.6948 -4.7666 -5.8867
Car -1 -1 -4.3924 573.0005 177.6054 603.8715 194.1289 1.4087 1.6218 3.9289 -1.9252 1.8493 64.8434 -4.4224 -5.8867
Car -1 -1 -4.3867 496.3248 178.9801 528.0533 195.9974 1.4438 1.6326 4.0022 -8.7758 2.0123 64.8651 -4.5210 -5.8867
Car -1 -1 -4.6543 108.7932 182.1032 135.8437 201.8112 1.5657 1.6732 4.0485 -41.5681 2.3818 61.5248 -5.2467 -5.8867
