Car -1 -1 -4.5464 1038.3163 188.3208 1082.3456 217.3742 1.5546 1.6230 3.7519 26.5937 2.5097 42.6246 -3.9923 -0.3911
Car -1 -1 -6.1356 282.6435 182.7235 409.6006 226.5877 1.4803 1.6398 4.1136 -9.4863 1.8536 26.1034 -6.4813 -0.8278
Car -1 -1 -8.1414 627.9776 179.5807 673.8074 206.8235 1.4639 1.6356 3.7769 2.2800 1.8722 41.7995 -8.0878 -1.0503
Car -1 -1 -2.9344 779.0535 182.0614 849.0665 211.7439 1.6880 1.6484 3.8204 12.3008 2.2652 43.6458 -2.6620 -1.1469
Car -1 -1 -7.6240 462.3375 185.4660 493.6042 206.2377 1.5624 1.6608 3.8738 -10.7170 2.6218 58.6482 -7.8044 -1.4389
Car -1 -1 -4.3474 57.7007 192.8438 118.8065 224.0563 1.4400 1.4374 3.4205 -27.0621 2.5289 37.4782 -4.9696 -1.6059
Car -1 -1 -1.8297 0.0000 199.7813 60.5373 235.3125 1.4578 1.5683 3.5720 -27.4017 2.7842 33.8577 -2.5064 -1.9519
Car -1 -1 -7.1594 80.1007 193.3951 165.8690 226.2737 1.3900 1.5627 3.4300 -23.2487 2.4235 34.5261 -7.7486 -2.4096
Car -1 -1 -7.6194 241.7040 188.2715 284.5984 215.5770 1.6145 1.6450 3.9603 -22.6367 2.6667 47.1513 -8.0651 -2.6131
Car -1 -1 -3.9055 1127.3870 189.1252 1219.9531 218.8295 1.5332 1.6445 3.9508 30.6984 2.4445 39.3949 -3.2477 -2.6331
Car -1 -1 -4.8770 264.6990 181.0931 291.5518 200.3642 1.7474 1.6823 4.2309 -32.0333 2.5667 69.5499 -5.3074 -2.7504
Car -1 -1 -4.7675 783.9144 190.6504 809.7053 214.0387 1.5553 1.6114 4.0433 13.7513 2.9242 53.3753 -4.5174 -2.7526
Car -1 -1 -5.0300 1120.3604 175.7879 1174.3986 202.2983 1.4934 1.5574 3.4711 31.8854 1.6754 42.9558 -4.3951 -3.1412
Car -1 -1 -2.0090 197.3120 184.8625 250.1603 214.8039 1.7496 1.6132 3.4402 -24.2373 2.5292 45.1841 -2.4992 -3.2739
Car -1 -1 -7.9409 1119.6919 178.8865 1170.1117 213.2930 1.5079 1.5839 3.7299 25.3401 1.8114 34.3317 -7.3096 -3.2742
Car -1 -1 -7.1062 213.2534 189.7892 291.8607 218.9677 1.5158 1.6984 4.2501 -20.9474 2.5644 42.4084 -7.5628 -3.3060
Car -1 -1 -6.0985 272.9413 185.5543 320.8056 203.3078 1.5755 1.6886 3.8363 -29.0845 2.7777 67.0659 -6.5065 -3.4425
Car -1 -1 -4.8454 749.4236 183.7665 780.2281 212.1585 1.9167 1.6562 3.9866 11.1559 2.7389 52.3347 -4.6372 -3.5174
Car -1 -1 -7.7494 585.8963 181.5909 611.0590 201.9238 1.5444 1.6297 4.1396 -0.9301 2.2815 58.7705 -7.7657 -3.6223
Car -1 -1 -4.8894 601.6008 179.7795 633.8436 203.4737 1.5958 1.6492 3.8854 0.4847 2.1128 51.8479 -4.8807 -3.7906
Car -1 -1 -2.7974 545.5189 181.2749 600.2283 201.0711 1.5003 1.6905 3.9996 -2.9641 2.1843 57.2485 -2.8494 -3.9747
Car -1 -1 -7.7691 552.5642 184.8013 571.1561 197.8345 1.1922 1.5499 3.2288 -4.7099 2.3882 70.6171 -7.8359 -4.0994
Car -1 -1 -5.5467 0.0000 195.7115 27.5937 344.0546 1.5141 1.5818 3.7298 -9.5569 1.8164 8.6045 -6.3689 -4.1215
Car -1 -1 -7.6743 303.8987 190.2769 340.4860 214.3127 1.5683 1.7274 4.3606 -21.0053 2.8970 52.7321 -8.0520 -4.1985
Car -1 -1 -2.7367 139.6376 193.4165 318.3141 251.8795 1.4159 1.5843 3.8637 -10.0006 1.9853 19.0604 -3.2145 -4.5229
Car -1 -1 -4.9739 1136.6859 176.4991 1194.5743 205.1509 1.6187 1.7376 4.1394 33.4341 1.8499 43.5803 -4.3231 -4.6872
Car -1 -1 -4.1778 142.0179 205.2546 201.6669 232.6922 1.5611 1.5985 3.8948 -28.8714 3.7871 47.6226 -4.7207 -4.8163
Car -1 -1 -8.0416 1229.2367 196.9894 1241.0000 271.8548 1.5811 1.6786 4.3213 17.7710 2.2920 18.9848 -7.2977 -4.9815
Car -1 -1 -3.8144 486.1822 184.4453 552.1451 210.3397 1.6520 1.7189 4.4521 -6.3046 2.4932 50.1897 -3.9392 -5.1346
Car -1 -1 -2.2768 0.0000 191.8846 197.2407 291.9826 1.5692 1.6678 3.7533 -9.7417 1.9453 13.0274 -2.9093 -5.1545
Car -1 -1 -5.1736 647.0228 177.7150 699.7285 202.1329 1.4027 1.6184 3.9886 3.8130 1.7164 44.4577 -5.0891 -5.4518
Car -1 -1 -4.3409 491.3170 188.7508 525.9169 208.5452 1.4337 1.5090 3.6271 -8.0422 2.7389 57.3139 -4.4802 -5.5259
Car -1 -1 -5.0016 539.3590 181.6806 577.7520 205.2723 1.6059 1.6719 4.2351 -3.8601 2.2829 53.0948 -5.0743 -5.7342
Car -1 -1 -5.3106 1054.8094 176.6615 1126.1444 203.4822 1.5765 1.6628 4.1182 29.8777 1.8250 45.0715 -4.7286 -5.7792
Car -1 -1 -4.8029 1173.1122 172.1606 1209.4066 193.9292 1.4923 1.6492 3.9942 41.4723 1.4445 51.5853 -4.1288 -5.8867
Car -1 -1 -4.8404 1218.5211 174.9264 1241.0000 200.5301 1.5995 1.6860 4.0087 41.4735 1.7420 47.5586 -4.1266 -5.8867
Car -1 -1 -4.9226 1241.0000 168.0260 1241.0000 195.3251 1.4607 1.6345 3.9862 41.4692 1.2020 40.7213 -4.1319 -5.8867
Car -1 -1 -8.0613 532.5195 182.5048 556.8557 197.2139 1.3375 1.5505 4.1460 -6.4500 2.3127 70.7194 -8.1523 -5.9399
Car -1 -1 -4.8231 1128.2373 190.2838 1169.0571 218.6707 1.6948 1.7137 4.0790 35.7145 2.9063 47.9681 -4.1866 -6.1488
Car -1 -1 -4.9579 577.9468 185.0135 599.1714 200.5358 1.3886 1.3341 2.9685 -2.0794 2.5729 68.6807 -4.9885 -7.2237
