Car -1 -1 -4.5058 624.0344 179.8890 660.6036 205.3007 1.5226 1.5932 3.8878 2.0902 1.9957 46.4661 -4.4617 -1.5930
Car -1 -1 -7.0019 209.4558 185.2652 316.1813 220.9580 1.4463 1.7433 4.3485 -15.8987 2.0575 33.2084 -7.4456 -1.8396
Car -1 -1 -4.5025 384.2872 177.6676 421.6237 203.2053 1.7442 1.7459 4.2762 -14.9811 2.1075 52.3005 -4.7805 -1.9028
Car -1 -1 -5.2805 162.6148 190.7531 248.9557 228.5822 1.5408 1.6467 3.7391 -18.2725 2.3873 32.5243 -5.7891 -2.0662
Car -1 -1 -3.8071 626.4732 180.0982 694.3981 207.4106 1.4793 1.5792 3.7401 2.8961 1.9147 41.6892 -3.7388 -2.3204
Car -1 -1 -4.5562 642.5559 182.7099 684.0884 212.6478 1.4342 1.5953 3.9459 2.8233 1.9824 38.0535 -4.4833 -2.7356
Car -1 -1 -5.7308 0.0000 175.7541 47.1310 209.6965 1.6288 1.6465 3.7977 -30.6644 1.7772 35.9107 -6.4340 -2.7756
Car -1 -1 -4.9686 431.6455 182.0451 461.7597 200.2792 1.5094 1.6252 4.0863 -14.5651 2.3538 64.1222 -5.1914 -2.7849
Car -1 -1 -4.7732 510.2272 180.1343 532.0513 197.6267 1.5501 1.7996 3.7921 -8.3789 2.2529 67.6574 -4.8963 -2.9817
Car -1 -1 -5.1223 218.5376 191.9039 256.8864 211.9423 1.5250 1.5683 3.4929 -30.9353 3.1509 59.8810 -5.5976 -2.9906
Car -1 -1 -4.5108 261.7716 184.3199 289.5243 201.5792 1.5514 1.6672 3.9994 -32.3389 2.6948 69.8345 -4.9432 -3.1534
Car -1 -1 -4.6384 620.6366 178.5642 641.3499 196.0087 1.5176 1.6174 3.9044 1.9287 2.0566 66.1220 -4.6098 -3.2716
Car -1 -1 -6.7361 634.6669 180.2208 704.0455 205.6282 1.4996 1.6712 3.9790 3.6614 1.9737 44.9617 -6.6559 -3.2961
Car -1 -1 -4.8210 249.2997 187.4348 279.8984 210.4410 1.5637 1.6366 4.0266 -25.8582 2.6959 53.8996 -5.2666 -3.4517
Car -1 -1 -4.7866 425.3373 182.1124 450.5297 201.3794 1.4797 1.7050 4.6028 -14.4202 2.2836 60.2210 -5.0210 -3.7805
Car -1 -1 -4.7811 117.3661 189.4141 145.1831 207.1977 1.3838 1.7295 4.0578 -41.3536 2.8615 62.2605 -5.3656 -3.8643
Car -1 -1 -4.8228 39.4626 175.7620 75.6033 201.9537 1.8501 1.7051 3.9555 -40.9651 2.0733 53.4354 -5.4746 -3.9290
Car -1 -1 -4.5848 241.0095 183.6849 264.0938 201.6131 1.6236 1.5398 3.6890 -34.5396 2.7001 69.7459 -5.0433 -4.1507
Car -1 -1 -4.1920 591.5333 178.2929 647.6630 205.9773 1.5445 1.6496 3.8790 0.5870 1.8854 43.1659 -4.1790 -4.1806
Car -1 -1 -4.5269 604.2914 177.6983 639.8965 200.8143 1.5146 1.7021 4.4965 0.8678 1.8703 50.6451 -4.5104 -4.3595
Car -1 -1 -5.0518 656.0250 174.9419 686.7296 193.0635 1.5610 1.5824 3.7280 5.4401 1.7535 64.6199 -4.9685 -4.5390
Car -1 -1 -7.7264 630.6863 176.9816 656.6447 197.2269 1.5411 1.6134 3.7610 2.6974 1.8824 57.7277 -7.6804 -4.7016
Car -1 -1 -4.3777 359.7728 184.0419 404.8877 206.3458 1.3544 1.6468 3.9322 -15.0561 2.1262 47.8038 -4.6816 -4.7132
Car -1 -1 -2.5521 98.7396 191.3465 219.6164 227.6815 1.4967 1.6204 4.3073 -19.6668 2.3265 31.5063 -3.1066 -4.8445
Car -1 -1 -4.2253 220.1040 193.7980 279.4998 221.9750 1.4279 1.5557 3.4983 -20.4164 2.6681 40.9656 -4.6854 -4.9401
Car -1 -1 -4.9317 183.1261 186.6483 214.8107 204.7197 1.5089 1.6769 3.9537 -37.2810 2.7971 65.3705 -5.4485 -4.9434
Car -1 -1 -4.3428 295.6333 185.5646 356.9911 213.5883 1.3515 1.6836 4.1173 -15.1770 2.0697 38.7262 -4.7143 -4.9824
Car -1 -1 -5.1843 196.0893 187.4143 235.3812 205.6968 1.5800 1.5841 3.9378 -36.6080 2.9660 66.9339 -5.6833 -5.0809
Car -1 -1 -4.5651 446.3864 182.5639 477.9214 204.0740 1.4484 1.6542 4.2114 -10.7755 2.1858 52.6708 -4.7663 -5.4284
Car -1 -1 -4.8709 586.4113 179.8770 611.5848 197.5873 1.5475 1.7061 4.0699 -1.0738 2.2193 66.9046 -4.8874 -5.5261
Car -1 -1 -4.9317 542.1844 179.7908 570.4069 197.1853 1.5061 1.6960 4.3083 -5.0157 2.1685 66.6217 -5.0070 -5.5660
Car -1 -1 -4.6813 578.5698 179.1100 602.8166 200.9671 1.5076 1.6567 4.1655 -1.4143 1.9854 53.0497 -4.7082 -5.6344
Car -1 -1 -4.7659 446.0108 180.5138 471.0167 202.2738 1.5781 1.6791 4.1678 -11.8433 2.1974 56.1293 -4.9733 -5.7248
Car -1 -1 -4.2970 682.3616 186.3142 733.2351 214.1722 1.6492 1.6014 4.5864 6.4434 2.5771 47.3831 -4.1633 -5.7606
Car -1 -1 -4.8470 585.1073 178.4845 616.0283 199.7914 1.3759 1.5823 4.1884 -0.7263 1.7824 49.9387 -4.8620 -5.8305
Car -1 -1 -4.4836 269.0891 184.9212 300.9140 205.3496 1.6276 1.6433 3.9294 -27.9209 2.6997 62.0361 -4.9052 -5.8362
Car -1 -1 -4.6875 143.4459 182.6542 166.0838 200.2356 1.4968 1.6463 4.0161 -41.6102 2.4217 65.9700 -5.2486 -5.8867
Car -1 -1 -3.8053 0.0000 190.4921 195.8595 374.0000 1.5135 1.6109 3.9637 -3.4726 1.6236 2.5228 -4.6977 -5.8867
Car -1 -1 -1.9734 174.6365 181.2007 211.0327 197.6765 1.5188 1.6495 3.9621 -40.6414 2.3524 70.2376 -2.4965 -5.8867
Car -1 -1 -4.6959 162.8416 181.8943 184.0406 198.9350 1.5186 1.6576 4.0510 -41.5952 2.4070 68.7672 -5.2383 -5.8867
Car -1 -1 -6.9168 0.0000 0.0000 1241.0000 374.0000 1.5498 1.5899 3.8054 -2.1012 1.6533 1.0040 -7.9391 -5.8867
Car -1 -1 -4.6312 57.2300 181.3313 89.4737 202.8301 1.5501 1.6730 4.0675 -41.5576 2.2321 55.9028 -5.2683 -5.8867
Car -1 -1 -4.5086 0.0000 176.6919 0.0000 202.9329 1.5486 1.6788 4.1100 -41.4351 1.8016 45.4201 -5.2454 -5.8867
Car -1 -1 -4.4231 292.0947 183.5716 322.8987 200.5746 1.4870 1.6030 3.9551 -28.3766 2.5233 67.7393 -4.8187 -5.8867
Car -1 -1 -6.9225 766.6108 186.2451 1055.1560 297.4389 1.4833 1.5924 4.0042 4.5753 1.7153 11.2242 -6.5457 -6.0156
Car -1 -1 -7.5062 2.2776 168.5820 61.7470 199.7925 1.9424 1.7293 4.0979 -37.6893 1.6762 47.1223 -8.1782 -6.0227
Car -1 -1 -7.1090 737.3253 178.6595 931.3463 274.5477 1.6286 1.5901 3.6183 4.3470 1.7542 14.0525 -6.8159 -6.0726
