Car -1 -1 -4.6617 637.6202 187.6490 668.5942 215.2560 1.4484 1.6122 3.9996 2.5230 2.3551 42.1575 -4.6030 -1.4837
Car -1 -1 -4.8942 643.6869 183.0144 694.1331 218.3934 1.4620 1.5934 3.9654 2.5905 1.9560 33.0520 -4.8174 -2.0086
Car -1 -1 -4.5738 430.3081 187.5612 455.1213 205.5773 1.5396 1.6729 4.4065 -15.6626 2.9642 67.6346 -4.8009 -2.0498
Car -1 -1 -7.7714 205.1547 193.8992 245.2778 227.5218 1.6993 1.6953 4.0478 -22.0580 2.9707 41.4078 -8.2586 -2.1005
Car -1 -1 -4.6458 614.1788 187.9640 645.9733 215.1142 1.4347 1.6159 3.9269 1.1854 2.3652 42.4182 -4.6187 -2.6971
Car -1 -1 -4.5605 134.1709 185.1216 174.4366 214.2392 1.6976 1.5999 3.7994 -28.9435 2.5122 45.8654 -5.1210 -2.7049
Car -1 -1 -5.8947 124.9576 186.3129 209.8008 214.6185 1.5443 1.5914 3.8432 -25.4243 2.3382 41.4897 -6.4418 -3.3245
Car -1 -1 -4.6102 188.3483 196.8804 227.5752 228.1250 1.6092 1.6080 4.1824 -23.8477 3.1101 42.8441 -5.1158 -3.5673
Car -1 -1 -4.8774 617.7309 184.3833 643.3635 203.2239 1.4927 1.5689 3.8604 1.6993 2.5099 61.6579 -4.8505 -3.6966
Car -1 -1 -7.8816 616.9681 185.1954 652.9410 217.7696 1.3913 1.5804 3.6247 1.0895 2.0037 34.0082 -7.8505 -3.7078
Car -1 -1 -7.1778 134.1217 193.5649 240.6531 233.1559 1.4166 1.6721 4.0396 -17.5722 2.3430 30.1624 -7.7017 -3.7766
Car -1 -1 -4.7067 642.6352 181.4949 675.4329 215.3588 1.5668 1.5608 3.7316 2.4296 2.0239 36.2785 -4.6410 -3.9466
Car -1 -1 -7.9342 658.1097 183.9030 709.3149 228.8949 1.5338 1.6070 4.0178 2.7039 1.9873 27.6123 -7.8384 -4.1601
Car -1 -1 -4.5831 204.5349 194.7079 261.2402 234.1833 1.4504 1.6721 3.6450 -16.0214 2.4411 30.7213 -5.0606 -4.2171
Car -1 -1 -3.0196 546.7987 172.5589 610.4431 201.9001 1.7529 1.7086 3.7075 -1.9221 1.7350 44.1035 -3.0634 -4.2701
Car -1 -1 -7.3789 262.0398 171.3770 418.0890 253.2910 1.9954 2.0004 4.9503 -7.3405 1.9591 20.1599 -7.7244 -4.3115
Car -1 -1 -7.5961 247.2526 178.9170 346.7761 250.3461 1.7869 1.6344 3.8352 -8.7629 1.9750 20.4073 -7.9974 -5.0295
Car -1 -1 -7.7998 415.8238 177.8336 436.9576 197.0263 1.7978 1.7784 4.5349 -18.1089 2.3056 71.2280 -8.0482 -5.2381
Car -1 -1 -4.4694 364.3306 182.5380 405.4484 205.7083 1.6073 1.8686 4.7722 -16.9701 2.3714 54.5236 -4.7701 -5.2556
Car -1 -1 -4.3400 233.3080 186.6308 309.9866 224.8356 1.5140 1.6572 4.2772 -15.0987 2.1732 32.3551 -4.7738 -5.4535
Car -1 -1 -2.6229 248.3736 184.2056 367.5866 224.3004 1.4393 1.6097 3.9161 -11.5256 1.8887 27.5360 -3.0162 -5.6686
Car -1 -1 -4.9075 538.8413 185.2413 569.8860 206.0958 1.5302 1.6930 4.2018 -4.5275 2.5620 57.8681 -4.9857 -5.7268
Car -1 -1 -4.3001 222.6832 184.6498 309.5732 225.3015 1.4605 1.6605 4.0852 -13.8294 1.9711 29.1856 -4.7394 -5.8181
Car -1 -1 -7.5128 308.3071 182.9161 376.3810 220.2944 1.4979 1.6401 3.7684 -11.7594 1.9678 31.8261 -7.8644 -5.8514
Car -1 -1 -4.3578 313.6604 184.0620 379.4825 217.8158 1.4798 1.6769 4.0977 -12.7456 2.0560 35.0539 -4.7045 -5.8764
Car -1 -1 -6.9164 0.0000 0.0000 1241.0000 374.0000 1.5634 1.5943 3.8096 -2.1010 1.6989 1.0026 -7.9390 -5.8867
Car -1 -1 -6.7244 0.0000 0.0000 1241.0000 374.0000 1.5064 1.6029 3.8493 -3.6947 1.6194 1.3711 -7.8744 -5.8867
Car -1 -1 -3.5046 0.0000 198.5297 0.0000 374.0000 1.5153 1.6087 3.9614 -7.0812 1.6759 2.5301 -4.6973 -5.8867
Car -1 -1 -4.6575 265.6997 182.6758 323.1477 229.4171 1.4417 1.6120 4.1097 -11.0633 1.8170 25.3894 -5.0649 -5.8867
Car -1 -1 -4.5195 587.9282 180.7599 615.9174 199.5975 1.4896 1.6459 3.9044 -0.6719 2.1788 60.8597 -4.5310 -5.8867
Car -1 -1 -4.0578 181.6139 200.0480 241.3771 226.5357 1.5921 1.6452 3.7319 -27.2341 3.5271 49.3815 -4.5599 -6.3552
