Car -1 -1 -4.5843 282.7219 186.5935 315.8890 215.0610 1.8753 1.6974 3.8534 -22.2143 2.8978 51.6293 -4.9891 -0.7426
Car -1 -1 -5.4117 68.4707 192.7554 145.3001 222.2364 1.5368 1.5740 3.6336 -28.2735 2.6881 40.5161 -6.0181 -2.2382
Car -1 -1 -4.0497 279.0735 190.9555 347.0108 217.7497 1.4454 1.7030 4.0448 -18.0803 2.6046 44.0415 -4.4375 -2.3306
Car -1 -1 -4.6560 607.8967 183.3036 633.0029 206.0636 1.4997 1.5773 3.7914 0.7437 2.2703 51.2787 -4.6421 -2.6815
Car -1 -1 -3.6406 191.8780 184.0898 261.7612 211.4861 1.6956 1.6000 3.8408 -25.6661 2.4804 48.3741 -4.1264 -2.7609
Car -1 -1 -4.7904 614.7024 181.4174 648.1038 211.0117 1.6578 1.6766 4.5167 1.2201 2.2075 44.0468 -4.7635 -2.9216
Car -1 -1 -4.7144 620.5854 186.4341 641.2825 206.6672 1.5489 1.6703 4.4230 1.7202 2.7287 60.4662 -4.6866 -3.0138
Car -1 -1 -4.8389 633.8096 183.5438 672.8484 213.0190 1.4869 1.6560 3.9384 2.3059 2.1075 39.8872 -4.7822 -3.0347
Car -1 -1 -7.5786 632.1934 183.6657 676.7585 211.7347 1.5342 1.6439 4.0084 2.6814 2.2147 43.2686 -7.5178 -3.0993
Car -1 -1 -4.9648 238.2235 191.8255 283.4502 218.1346 1.5490 1.6437 4.4624 -23.2673 2.8678 47.9374 -5.4148 -3.3383
Car -1 -1 -4.6268 267.8167 185.1109 298.1906 211.5553 1.7763 1.6714 4.1181 -23.8865 2.7097 52.7441 -5.0504 -3.3665
Car -1 -1 -4.3874 621.3506 184.0310 663.9927 206.6022 1.4657 1.7363 4.3906 2.3549 2.3005 51.5529 -4.3426 -3.5395
Car -1 -1 -4.9563 412.2370 175.4141 441.1540 191.7855 1.5394 1.7689 4.2845 -18.0540 1.7988 70.8755 -5.2051 -3.5530
Car -1 -1 -7.3382 175.2734 195.5349 261.9517 231.4880 1.4141 1.6338 4.1947 -17.9067 2.5228 33.1645 -7.8302 -3.7036
Car -1 -1 -4.8737 600.4290 185.8864 628.0994 207.0860 1.6203 1.6993 3.7296 0.2934 2.7313 59.5509 -4.8694 -4.1442
Car -1 -1 -7.9315 642.3644 185.7412 681.9952 220.8094 1.4840 1.5576 3.5109 2.3396 2.1151 33.5914 -7.8632 -4.1774
Car -1 -1 -4.7314 609.7137 183.7584 635.8207 209.4196 1.5637 1.6407 4.2513 0.7764 2.3196 47.9067 -4.7159 -4.2834
Car -1 -1 -4.1852 430.1028 177.0733 464.2767 193.7766 1.5713 1.6505 3.6745 -15.9784 1.9972 70.8869 -4.4064 -4.4751
Car -1 -1 -4.7533 608.0416 182.1110 641.0839 212.1994 1.5150 1.6389 3.7656 0.7145 2.0446 39.4021 -4.7359 -4.5063
Car -1 -1 -3.1660 554.1402 181.2828 659.6235 218.6205 1.3755 1.6159 3.9541 -0.1834 1.7107 27.8446 -3.1732 -4.5478
Car -1 -1 -4.8364 610.6079 186.5662 633.2665 204.2244 1.4518 1.5761 3.5638 1.0104 2.7042 64.0629 -4.8212 -4.8890
Car -1 -1 -4.8940 336.4884 186.7179 378.1949 215.6431 1.6224 1.7265 4.1254 -15.7680 2.5259 44.8181 -5.2309 -5.1057
Car -1 -1 -7.7854 359.5081 180.1225 411.9470 228.0400 1.7206 1.7223 3.6467 -8.8251 2.0271 28.4789 -8.0838 -5.3591
Car -1 -1 -5.0790 490.8784 189.9743 529.6254 212.6480 1.7106 1.7997 4.2295 -8.3822 3.1923 60.1745 -5.2173 -5.3989
Car -1 -1 -5.1512 746.8164 183.3768 876.4412 242.6664 1.3332 1.6368 4.2313 5.1538 1.6461 19.2447 -4.8941 -5.7278
Car -1 -1 -4.8837 528.1331 185.5446 554.9396 206.3931 1.6363 1.6287 3.8337 -5.8628 2.7488 61.2067 -4.9793 -5.7566
Car -1 -1 -4.6466 347.2558 179.7749 385.4786 211.8373 1.5386 1.6317 3.8420 -12.6745 1.9186 37.5824 -4.9701 -5.7886
Car -1 -1 -5.1070 808.1906 182.3620 963.2526 258.0940 1.3345 1.5978 3.9380 5.5586 1.5613 15.2260 -4.7639 -5.8244
Car -1 -1 -4.3209 369.1882 183.4343 424.2563 211.8350 1.5060 1.6650 3.9881 -12.3424 2.1502 41.8763 -4.6062 -5.8676
Car -1 -1 -4.6115 517.7863 180.4303 550.5993 206.8568 1.5118 1.6190 3.9506 -4.6537 1.9983 44.3885 -4.7158 -5.8863
Car -1 -1 -7.3170 149.0653 0.0000 1241.0000 374.0000 1.5504 1.5938 3.8083 -0.9080 1.6330 0.9962 -7.9398 -5.8867
Car -1 -1 -6.7849 0.0000 0.0000 1241.0000 374.0000 1.5589 1.5923 3.8078 -2.9048 1.6944 1.0029 -7.9389 -5.8867
Car -1 -1 -5.4291 881.7228 176.6226 1137.9434 279.0936 1.4589 1.6137 3.9896 6.5964 1.5354 12.5601 -4.9559 -5.8867
Car -1 -1 -4.5820 351.1053 182.1765 389.4045 209.8422 1.4722 1.6045 3.9627 -13.9047 2.0404 41.9051 -4.9009 -5.8867
Car -1 -1 -4.5314 567.8995 182.7238 596.4178 203.4444 1.5745 1.6489 3.9135 -2.2605 2.4071 58.8367 -4.5701 -5.8867
Car -1 -1 -4.3252 362.8026 182.0249 423.1524 213.2856 1.4692 1.6203 3.8827 -11.1216 1.9661 37.1023 -4.6149 -5.8867
Car -1 -1 -4.6297 545.2493 178.9786 576.0773 203.9976 1.4501 1.5906 3.9389 -3.0544 1.8467 44.7718 -4.6979 -5.8867
Car -1 -1 -3.7069 0.0000 191.8495 66.7079 374.0000 1.5129 1.6095 3.9637 -4.2766 1.6315 2.5236 -4.6976 -5.8867
Car -1 -1 -4.3311 376.9369 185.2766 422.6673 209.6592 1.5247 1.6570 3.9075 -14.3091 2.4066 49.2107 -4.6131 -5.8867
Car -1 -1 -3.5046 0.0000 197.5442 0.0000 374.0000 1.5126 1.6081 3.9602 -7.0813 1.6670 2.5298 -4.6973 -5.8867
Car -1 -1 -4.6874 350.9490 185.9863 395.1897 224.5058 1.5136 1.7603 4.3665 -10.5765 2.1437 32.2939 -5.0019 -5.9216
Car -1 -1 -9.0313 0.0000 0.0000 1241.0000 374.0000 1.6573 1.7502 4.3525 4.6817 1.5245 1.8889 -7.8973 -6.1180
Car -1 -1 -4.0181 333.8432 186.9780 390.2191 211.8174 1.5702 1.6220 3.8297 -17.1742 2.5903 50.0518 -4.3474 -6.3580
