Car -1 -1 -4.8139 641.9703 179.2298 686.4105 217.0032 1.6291 1.6422 4.2948 2.4486 1.9486 34.0238 -4.7433 -0.4857
Car -1 -1 -7.0483 86.7891 190.9743 201.9607 233.9283 1.4515 1.5860 3.6780 -18.0013 2.2046 28.0230 -7.6152 -0.6649
Car -1 -1 -4.3031 245.0170 190.1678 306.8324 220.7857 1.4343 1.5951 3.6827 -17.4426 2.3847 37.7599 -4.7335 -1.7603
Car -1 -1 -5.3549 254.6637 182.2212 313.3021 210.0178 1.7805 1.6564 3.8449 -22.1750 2.4376 48.9876 -5.7782 -2.6633
Car -1 -1 -4.7824 231.2754 185.6833 264.3288 212.3387 1.4842 1.5586 3.5159 -22.1104 2.2989 43.9249 -5.2466 -2.7382
Car -1 -1 -4.3943 612.6966 184.9081 650.0264 207.1654 1.5042 1.6140 3.8981 1.5842 2.4271 53.1525 -4.3652 -2.8083
Car -1 -1 -5.1743 146.4006 201.9911 212.3059 233.7000 1.5176 1.6208 3.6672 -23.4999 3.1714 39.2857 -5.7107 -2.9864
Car -1 -1 -4.8172 616.8821 182.3836 648.2980 207.5187 1.5003 1.5978 4.1821 1.3889 2.1470 46.8408 -4.7883 -2.9872
Car -1 -1 -4.6076 630.7403 181.7019 666.2111 210.6765 1.5332 1.6164 4.3039 2.2419 2.0732 41.8082 -4.5550 -3.0059
Car -1 -1 -2.8200 0.0000 179.5779 90.6184 217.8778 1.7160 1.7335 4.3974 -27.7363 2.0514 34.4527 -3.4941 -3.1711
Car -1 -1 -4.8233 611.4703 179.2324 657.6085 216.4512 1.5943 1.6740 4.3817 1.0449 1.9138 33.9303 -4.7934 -3.3982
Car -1 -1 -4.5945 605.0620 182.3381 634.8155 206.9513 1.5728 1.6157 3.7901 0.6882 2.2508 49.6208 -4.5813 -3.5843
Car -1 -1 -4.7575 611.8160 180.5476 646.5609 212.1154 1.5353 1.6424 3.8628 0.9253 1.9609 37.9908 -4.7340 -3.8406
Car -1 -1 -5.2506 79.3338 182.7877 144.2119 209.5307 1.5546 1.6197 3.7317 -30.8213 2.1889 44.5823 -5.8528 -3.9541
Car -1 -1 -4.7284 611.8552 182.7776 638.3851 208.3206 1.4492 1.5534 3.4725 0.8554 2.0784 44.0268 -4.7096 -4.2198
Car -1 -1 -4.3199 593.5565 185.3493 635.3954 206.6854 1.4527 1.6911 4.0997 0.3507 2.4249 53.9410 -4.3140 -4.2367
Car -1 -1 -4.6852 630.2253 183.4156 655.5749 206.6886 1.4693 1.6336 4.0022 2.2580 2.2233 49.4741 -4.6404 -4.3663
Car -1 -1 -4.8447 637.8721 182.8672 678.6216 212.8612 1.4591 1.6493 3.9172 2.4790 2.0204 38.4538 -4.7814 -4.4014
Car -1 -1 -2.8041 371.3702 186.4677 424.9661 204.8163 1.5077 1.6926 4.0635 -18.0972 2.6885 61.6521 -3.0889 -4.4741
Car -1 -1 -2.0991 227.0400 187.8847 283.8657 216.0796 1.8402 1.7066 4.2287 -25.0987 2.9410 50.9783 -2.5549 -4.5102
Car -1 -1 -4.6191 302.5543 180.0642 343.8527 210.9639 1.4852 1.6386 4.0124 -15.0183 1.8845 37.8408 -4.9948 -4.9499
Car -1 -1 -3.1270 554.2369 173.7728 611.6011 202.7860 1.8802 1.6540 3.7232 -1.8101 1.9418 47.6859 -3.1652 -4.9792
Car -1 -1 -4.7702 612.8234 181.0412 634.7673 202.0654 1.6637 1.6051 4.1293 1.1070 2.3773 60.8243 -4.7526 -5.1919
Car -1 -1 -7.6487 345.7045 183.1931 401.9926 221.3923 1.5073 1.6013 3.7095 -10.2598 1.9853 31.4466 -7.9620 -5.4781
Car -1 -1 -4.6322 523.0681 184.8987 542.7275 202.3915 1.5511 1.5607 3.7842 -7.3168 2.7266 68.5254 -4.7386 -5.5270
Car -1 -1 -4.3862 291.8316 185.6962 359.3881 219.0744 1.3687 1.6750 4.0523 -13.0454 1.9967 33.2367 -4.7579 -5.6525
Car -1 -1 -4.6012 510.9034 183.4206 545.8022 212.2866 1.5211 1.5589 4.0215 -4.6848 2.1581 41.5052 -4.7134 -5.7144
Car -1 -1 -4.5951 538.5925 182.7875 574.7121 213.5019 1.6326 1.6395 3.8332 -3.0628 2.2313 41.5639 -4.6688 -5.7787
Car -1 -1 -7.5813 295.6667 176.4053 384.0224 239.0172 1.8720 1.6694 4.1583 -8.8855 2.0001 23.9544 -7.9334 -5.7842
Car -1 -1 -4.4124 284.2860 184.5844 356.8499 221.3950 1.3358 1.6282 4.0364 -11.8055 1.8501 29.5806 -4.7894 -5.8245
Car -1 -1 -4.8341 589.6351 179.9031 615.7381 199.5058 1.4676 1.5957 4.0693 -0.6460 2.0514 57.6677 -4.8457 -5.8470
Car -1 -1 -4.2147 338.6310 181.6095 414.1238 215.6265 1.4789 1.6753 4.1328 -11.1723 1.9260 34.6814 -4.5245 -5.8864
Car -1 -1 -4.3610 327.6375 181.0184 383.0200 209.9191 1.4592 1.5955 3.9441 -13.9164 1.9286 39.5336 -4.6977 -5.8867
Car -1 -1 -4.5235 344.2523 180.6112 391.9923 210.2576 1.4261 1.6407 4.0563 -12.6859 1.8564 37.9356 -4.8445 -5.8867
Car -1 -1 -4.3111 418.4889 184.1421 460.4967 206.5595 1.5489 1.6603 3.9197 -12.7412 2.4261 54.0143 -4.5421 -5.8867
Car -1 -1 -7.1460 51.4074 0.0000 1241.0000 374.0000 1.5474 1.5908 3.8050 -1.2979 1.6332 1.0034 -7.9392 -5.8867
Car -1 -1 -6.7850 0.0000 0.0000 1241.0000 374.0000 1.5544 1.5906 3.8062 -2.9048 1.6802 1.0034 -7.9389 -5.8867
Car -1 -1 -4.6515 582.4872 186.2472 606.5618 207.0830 1.4218 1.5568 4.1711 -1.1546 2.4645 54.0708 -4.6733 -5.8983
Car -1 -1 -8.0975 260.5790 192.2985 302.2725 218.0386 1.6642 1.7301 4.4662 -23.9239 3.1374 52.3928 -8.5243 -5.9066
Car -1 -1 -4.5819 461.6431 187.3796 488.0766 207.5098 1.3923 1.4763 3.9112 -10.2509 2.5348 54.7731 -4.7665 -5.9531
