Car -1 -1 -4.4706 360.4901 185.4620 413.2153 220.5617 1.5194 1.6803 3.0685 -10.4824 2.1399 33.9469 -4.7684 5.5499
Car -1 -1 -4.3651 215.8809 189.9136 330.9999 248.7878 1.4711 1.6858 4.4426 -9.9578 2.0363 21.6333 -4.7923 5.4327
Car -1 -1 -4.2458 947.3374 186.6872 1023.7789 221.3073 1.4943 1.6305 3.9870 17.9119 2.1894 34.4399 -3.7704 0.0651
Car -1 -1 -4.9298 928.2101 184.7699 960.2160 205.2432 1.5767 1.6083 3.8538 27.7263 2.6014 60.0122 -4.4994 -0.8429
Car -1 -1 -4.8759 476.6995 177.2752 510.7028 200.7401 1.5683 1.7078 4.3070 -8.3588 1.8972 51.4098 -5.0366 -1.0129
Car -1 -1 -5.3009 880.1391 180.0835 923.4857 199.4451 1.5874 1.6180 3.8542 25.2999 2.2364 62.7434 -4.9197 -2.6459
Car -1 -1 -4.9137 849.3675 179.8525 883.2775 201.8108 1.5126 1.6350 3.6211 18.6898 2.0431 52.8213 -4.5758 -2.7578
Car -1 -1 -4.5383 248.1543 186.6028 279.6369 208.4639 1.6231 1.6483 3.8338 -27.9182 2.7720 58.2407 -4.9838 -2.7704
Car -1 -1 -4.2049 169.5832 196.7668 245.0147 229.2410 1.3995 1.6427 3.7394 -19.8805 2.6452 35.7235 -4.7099 -2.8685
Car -1 -1 -5.2730 357.7454 181.4696 414.4369 209.8525 1.6565 1.6236 3.7747 -14.0472 2.2165 45.0772 -5.5738 -2.9985
Car -1 -1 -5.2697 922.2864 182.1647 961.4655 198.7667 1.5395 1.6436 3.9991 32.7430 2.4867 71.3384 -4.8414 -3.0388
Car -1 -1 -8.2776 888.3253 170.6862 941.1424 198.1159 1.6590 1.6477 3.7831 19.1361 1.5275 45.5530 -7.8825 -3.2818
Car -1 -1 -7.3638 226.8972 189.7443 378.8717 258.3956 1.3835 1.6584 4.1174 -7.3868 1.8479 17.7203 -7.7539 -3.6616
Car -1 -1 -6.3235 655.0836 175.6730 711.0211 196.3162 1.5117 1.6287 4.1005 5.4046 1.7261 54.0265 -6.2248 -4.1034
Car -1 -1 -7.7265 574.0818 178.1848 596.4605 193.2073 1.3575 1.6232 4.1452 -2.3492 1.8817 68.8590 -7.7608 -4.2329
Car -1 -1 -4.5520 945.1811 179.9899 974.1359 203.9351 1.8987 1.6155 3.7301 29.2617 2.5153 60.3909 -4.1032 -4.4153
Car -1 -1 -7.8459 192.4325 176.5551 222.3369 203.8228 1.6993 1.6639 4.1108 -26.6550 1.9553 47.7660 -8.3527 -4.8333
Car -1 -1 -7.5891 844.8416 173.3107 879.9683 196.6970 1.7399 1.6604 3.6947 19.5002 1.7761 55.7512 -7.2547 -4.8432
Car -1 -1 -5.5251 0.0000 199.1251 50.2012 374.0000 1.5019 1.6223 4.0414 -8.1728 1.7913 6.9725 -6.3705 -4.8579
Car -1 -1 -6.7493 747.6370 175.9049 846.9562 214.2366 1.5784 1.6002 3.8337 8.0029 1.7146 31.0944 -6.5002 -4.9658
Car -1 -1 -4.9230 515.0882 176.5766 552.3689 201.1246 1.5862 1.7036 4.1757 -5.3145 1.8532 49.5544 -5.0297 -5.1431
Car -1 -1 -5.3074 381.2392 179.8952 444.1451 206.5895 1.4775 1.6233 4.0328 -11.7929 1.9145 42.8830 -5.5746 -5.3486
Car -1 -1 -3.0222 406.5960 181.7275 482.1440 209.8961 1.4483 1.6050 3.7870 -8.8750 1.9364 38.7217 -3.2465 -5.4404
Car -1 -1 -3.0155 708.0939 173.3732 767.3928 195.9122 1.6102 1.6597 4.1163 9.3635 1.6491 53.0133 -2.8420 -5.5170
Car -1 -1 -4.7119 377.5441 182.7550 400.3987 203.5072 1.5512 1.7055 4.1256 -17.8734 2.3811 58.2768 -5.0086 -5.6416
Car -1 -1 -4.9220 576.2103 177.6156 606.3027 195.9830 1.4201 1.6145 4.2367 -1.6029 1.8253 59.2014 -4.9493 -5.6897
Car -1 -1 -4.4798 768.3251 183.2406 800.9034 204.6756 1.5653 1.6225 4.0246 13.7862 2.4159 56.9468 -4.2440 -5.7031
Car -1 -1 -4.8196 363.3935 189.0579 400.4961 216.4697 1.4337 1.6689 3.8696 -13.4543 2.4315 42.3361 -5.1259 -5.7212
Car -1 -1 -5.0321 839.0889 183.2171 870.9786 203.6860 1.7296 1.6697 3.5161 21.8479 2.6812 64.5160 -4.7075 -5.8244
Car -1 -1 -4.0720 270.5173 182.2717 350.3055 214.7325 1.4990 1.6719 4.0237 -15.1928 2.0062 36.7270 -4.4620 -5.8384
Car -1 -1 -4.9899 554.8138 178.2288 588.9919 198.5933 1.5024 1.6209 4.0516 -3.0532 1.9397 56.5613 -5.0440 -5.8430
Car -1 -1 -2.4525 0.0000 199.7423 253.9299 291.2241 1.3686 1.5887 3.5906 -8.3145 1.8651 12.3508 -3.0354 -5.8844
Car -1 -1 -5.1643 567.7746 178.5679 602.3307 197.6418 1.6073 1.5891 3.7344 -2.2677 2.1301 64.0346 -5.2000 -5.9680
Car -1 -1 -4.2525 238.5050 185.1791 304.4969 214.3100 1.4025 1.5814 3.9591 -17.9766 2.0927 38.4270 -4.6878 -6.0726
Car -1 -1 -7.7556 387.8287 191.0945 438.2339 228.6921 1.3047 1.5839 3.7198 -7.8677 2.0849 28.9094 -8.0196 -6.5906
