Car -1 -1 -1.8937 241.7527 187.1717 282.1399 209.3880 1.6539 1.7136 4.1805 -28.2760 2.8562 58.5109 -2.3423 0.2925
Car -1 -1 -4.8173 624.1572 181.1160 660.2872 209.5790 1.4797 1.6102 4.0588 1.7350 1.9703 40.7923 -4.7757 -1.7738
Car -1 -1 -7.9828 665.1432 177.9212 697.7050 204.5804 1.5578 1.5371 3.6796 4.3526 1.8848 44.7357 -7.8870 -1.9239
Car -1 -1 -4.8083 606.7495 183.2666 633.8478 204.4232 1.4444 1.6070 4.1825 0.6967 2.2477 53.5301 -4.7959 -2.4077
Car -1 -1 -4.9921 614.2946 180.0503 655.6678 205.7558 1.5247 1.6577 3.7273 1.5102 2.0025 45.9316 -4.9600 -2.4379
Car -1 -1 -4.7064 604.6799 181.2275 636.9338 210.8920 1.4554 1.6334 3.9729 0.5458 1.9255 38.5313 -4.6929 -2.9284
Car -1 -1 -7.3551 103.1102 198.2136 203.1511 238.2143 1.3676 1.6645 4.1222 -18.5438 2.4763 29.4473 -7.9132 -2.9795
Car -1 -1 -4.2945 583.5662 180.8463 631.7895 206.8083 1.5521 1.6541 3.9553 -0.1343 2.0917 46.5993 -4.2980 -2.9887
Car -1 -1 -4.6523 982.1396 196.2508 1030.8204 237.0729 1.5040 1.6253 3.7087 16.9659 2.5702 30.8841 -4.1548 -3.1428
Car -1 -1 -5.4944 619.7371 182.4542 680.8283 206.9630 1.4715 1.6145 3.9977 2.5467 2.1227 46.9384 -5.4411 -3.2029
Car -1 -1 -4.8970 266.9378 182.5238 299.2529 209.2509 2.1280 1.7483 4.2730 -27.8395 2.9798 61.3303 -5.3218 -3.8997
Car -1 -1 -5.0024 859.1939 182.4066 927.6610 219.1043 1.4088 1.6104 4.0314 11.9762 1.8443 30.8489 -4.6358 -3.9018
Car -1 -1 -4.9587 604.4376 182.5591 636.9087 202.9742 1.5167 1.6284 4.1806 0.7888 2.3256 57.9398 -4.9456 -4.1493
Car -1 -1 -3.0351 0.0000 176.4641 36.5862 221.6077 1.7258 1.6751 3.5394 -25.8536 1.8819 29.5536 -3.7494 -4.3222
Car -1 -1 -5.2430 611.9542 181.2599 657.6438 203.4778 1.5655 1.6568 3.9928 1.8054 2.2265 54.6166 -5.2106 -4.6494
Car -1 -1 -4.4414 0.0000 177.8123 61.8809 212.4820 1.7551 1.8041 4.5964 -31.9948 2.0446 39.7000 -5.1166 -4.7034
Car -1 -1 -4.2176 596.1253 180.2626 635.6540 200.5017 1.6621 1.7395 4.0559 0.5283 2.3318 63.0578 -4.2097 -4.7726
Car -1 -1 -8.6273 1148.6804 196.5530 1241.0000 374.0000 1.4715 1.5056 3.5773 3.9145 1.6236 2.7671 -7.7216 -4.8013
Car -1 -1 -4.2608 580.0579 181.8483 623.5621 203.8928 1.5470 1.6507 4.1569 -0.6034 2.2562 54.6867 -4.2723 -4.8312
Car -1 -1 -8.4819 1204.6418 164.3257 1241.0000 215.4146 1.4541 1.5702 3.5390 20.5071 1.2111 22.3797 -7.7469 -4.9132
Car -1 -1 -6.3621 618.7034 181.6541 673.6868 205.3631 1.6533 1.6524 3.8247 2.5416 2.2962 51.8563 -6.3140 -5.1829
Car -1 -1 -8.2629 1082.1080 183.1482 1241.0000 283.9636 1.6337 1.7349 4.0764 11.1090 1.8689 14.3246 -7.6140 -5.1976
Car -1 -1 -8.1303 1198.8298 174.0838 1241.0000 211.5664 1.3522 1.5242 3.1050 24.1549 1.4024 27.8729 -7.4218 -5.2418
Car -1 -1 -4.6577 542.7622 182.6685 568.8160 207.8786 1.6365 1.6061 3.8216 -3.7732 2.3461 50.2645 -4.7328 -5.3191
Car -1 -1 -4.4492 391.3439 184.0719 418.0872 200.3552 1.4570 1.5478 3.7069 -19.6149 2.5584 68.9938 -4.7255 -5.3281
Car -1 -1 -4.3893 285.3376 187.2551 340.2164 213.3841 1.4729 1.8502 4.5437 -18.7156 2.4285 45.5655 -4.7774 -5.5685
Car -1 -1 -4.8133 561.0904 179.2208 588.8154 201.8400 1.5642 1.6393 3.9913 -2.6480 2.0516 53.1723 -4.8633 -5.6717
Car -1 -1 -4.4174 492.3187 181.2042 528.1264 204.3023 1.5363 1.5477 3.5727 -7.0761 2.1509 51.2418 -4.5543 -5.6725
Car -1 -1 -4.6768 218.3909 192.7626 245.6399 216.0428 1.6227 1.7342 4.1102 -29.4968 3.2383 56.3339 -5.1575 -5.7344
Car -1 -1 -5.2521 770.1396 177.1580 903.4169 232.2303 1.3822 1.6857 4.2069 6.2893 1.5188 20.7060 -4.9618 -5.7486
Car -1 -1 -4.7388 518.3734 182.3634 541.0555 204.8701 1.6206 1.6328 3.8327 -6.2501 2.3805 55.6653 -4.8505 -5.7582
Car -1 -1 -4.7364 380.3934 183.6308 406.1096 208.3549 1.6152 1.6494 4.0416 -15.4444 2.4123 51.2114 -5.0283 -5.8106
Car -1 -1 -4.4011 514.8499 182.7002 555.7732 206.8738 1.6282 1.7365 4.3242 -5.4367 2.3792 52.7630 -4.5038 -5.8146
Car -1 -1 -4.8811 568.8270 182.2147 605.2471 207.0441 1.4350 1.6153 4.1394 -1.5308 2.0540 45.5431 -4.9150 -5.8165
Car -1 -1 -4.7011 417.0509 183.4632 437.9979 205.2946 1.7288 1.6713 3.9118 -15.4945 2.6602 61.2719 -4.9481 -5.8318
Car -1 -1 -4.7125 538.0056 179.5652 564.1791 204.6793 1.5121 1.6115 3.8499 -3.8308 1.9626 46.4876 -4.7947 -5.8373
Car -1 -1 -4.8828 755.0175 175.6487 827.9662 221.4457 1.3874 1.6584 4.1557 5.9441 1.4893 24.2473 -4.6458 -5.8425
Car -1 -1 -3.5047 0.0000 190.0746 0.0000 374.0000 1.4952 1.6040 3.9544 -7.0820 1.6028 2.5305 -4.6974 -5.8867
Car -1 -1 -7.1465 51.9528 0.0000 1241.0000 374.0000 1.5427 1.5881 3.8033 -1.2976 1.6196 1.0045 -7.9391 -5.8867
Car -1 -1 -4.6285 547.5010 179.1500 572.3581 199.0590 1.4458 1.5900 3.9372 -3.8550 1.9482 55.6316 -4.6978 -5.8867
Car -1 -1 -6.7851 0.0000 0.0000 1241.0000 374.0000 1.5443 1.5879 3.8031 -2.9052 1.6451 1.0041 -7.9390 -5.8867
Car -1 -1 -5.0015 823.7042 173.8933 911.2183 222.6974 1.4457 1.5896 3.9194 8.1991 1.4821 23.4507 -4.6696 -5.8867
Car -1 -1 -4.7911 569.8254 180.7040 595.0889 200.9401 1.4667 1.6414 4.0178 -2.1993 2.0986 56.0122 -4.8306 -5.8867
Car -1 -1 -5.9534 0.0000 0.0000 1241.0000 374.0000 1.5054 1.6054 3.9576 6.1748 1.4962 1.7170 -4.6976 -5.8867
Car -1 -1 -8.6431 0.0000 0.0000 1048.4712 374.0000 1.5378 1.5860 3.8020 1.1144 1.5771 1.0056 -7.9392 -5.8867
Car -1 -1 -4.8370 627.6439 179.4275 651.0921 196.7735 1.4556 1.5949 3.9626 2.5566 2.0583 64.1394 -4.7977 -5.8867
Car -1 -1 -4.7918 627.5313 179.9074 647.8520 196.4238 1.4739 1.5999 3.9721 2.5667 2.1593 68.1288 -4.7547 -5.8867
Car -1 -1 -4.5825 390.1191 185.0820 429.0684 214.8033 1.7182 1.8549 4.1063 -12.6565 2.5283 45.6549 -4.8519 -5.8942
Car -1 -1 -4.7325 443.3311 184.3073 470.9817 212.2617 1.7012 1.7096 4.2088 -10.2345 2.4983 47.9918 -4.9420 -5.9334
Car -1 -1 -8.3462 1142.8129 172.4181 1241.0000 209.4178 1.3635 1.5873 3.3733 22.7335 1.3471 28.3903 -7.6764 -6.0106
Car -1 -1 -4.8374 513.7476 181.3883 545.3189 205.1325 1.4910 1.6163 4.2249 -5.5558 2.0988 49.1644 -4.9498 -6.0167
Car -1 -1 -5.2540 547.8953 181.0911 608.1951 211.2390 1.5221 1.5812 3.7591 -1.8355 1.9959 39.5262 -5.3007 -6.0585
Car -1 -1 -4.7978 491.9008 184.3986 513.1452 203.2497 1.7398 1.7387 4.0158 -10.6775 2.9161 71.3848 -4.9461 -6.2971
Car -1 -1 -4.7375 827.0648 176.2817 873.0583 215.8849 1.4850 1.6597 4.0009 9.7296 1.6355 29.5825 -4.4232 -6.3573
