Car -1 -1 -4.5124 434.5451 184.7411 469.5944 209.2619 1.4653 1.6017 3.1389 -10.1144 2.2526 46.2300 -4.7271 3.8647
Car -1 -1 -4.4721 371.9480 185.6545 431.1747 222.5283 1.5396 1.6892 4.2691 -9.7154 2.1773 33.7950 -4.7504 3.6591
Car -1 -1 -4.2913 115.0686 181.7843 297.9287 278.0983 1.7812 1.8048 4.5426 -8.7635 2.0090 16.1050 -4.7832 2.9692
Car -1 -1 -7.8310 507.7613 178.6551 529.8441 199.4319 1.5655 1.6591 3.8807 -7.2646 2.0437 57.5062 -7.9565 0.9963
Car -1 -1 -4.7568 1221.0317 158.1857 1241.0000 296.4479 1.6028 1.6198 3.9588 9.8268 1.4324 10.4012 -4.0143 -0.1245
Car -1 -1 -7.9766 903.1424 178.7736 944.6905 207.9586 1.4993 1.6137 4.0369 17.3500 1.8458 40.1087 -7.5715 -1.2120
Car -1 -1 -7.8168 476.5260 179.8052 497.9647 196.0437 1.3421 1.7145 3.9449 -10.7910 1.9732 63.4710 -7.9849 -1.6971
Car -1 -1 -4.9252 287.3576 176.0867 320.7566 201.9467 2.0651 1.7364 4.1487 -25.6490 2.3451 60.3657 -5.3256 -1.7314
Car -1 -1 -6.6465 798.7618 179.1251 934.0807 222.8974 1.4287 1.6345 4.0431 8.6533 1.6506 24.6813 -6.3136 -1.7722
Car -1 -1 -4.7803 774.9413 180.2887 797.9478 199.8701 1.6489 1.7052 4.2895 15.7711 2.3389 64.7326 -4.5428 -3.0946
Car -1 -1 -7.8872 120.1673 185.0607 165.3835 226.6367 1.7848 1.6803 4.3144 -22.4524 2.4070 34.5473 -8.4603 -3.2788
Car -1 -1 -4.7210 642.6034 175.5242 661.4653 193.6404 1.6038 1.6845 4.1986 3.8383 1.8580 66.6426 -4.6641 -3.3768
Car -1 -1 -8.1946 900.2172 178.2111 931.0126 194.6324 1.5429 1.6297 3.7181 29.9874 2.0834 70.9388 -7.7965 -3.9252
Car -1 -1 -4.7256 397.7518 177.7105 415.1501 193.5445 1.4953 1.6067 3.7764 -20.1873 1.9894 71.4263 -5.0004 -3.9561
Car -1 -1 -4.7356 519.4419 181.9877 548.3307 207.9086 1.4013 1.5930 3.8615 -4.5502 1.9639 42.4470 -4.8422 -4.0756
Car -1 -1 -4.5809 473.8061 181.6384 513.1742 208.9182 1.4386 1.6662 4.5796 -6.7315 1.9760 41.8515 -4.7399 -4.2132
Car -1 -1 -5.2677 641.6265 176.2264 680.7272 196.5516 1.6317 1.5822 3.6491 4.2368 1.9237 60.5640 -5.1987 -4.2472
Car -1 -1 -8.0106 589.8387 178.7411 613.3238 193.7437 1.3406 1.6306 3.8470 -0.8438 1.9126 68.1045 -8.0233 -4.4666
Car -1 -1 -5.6125 429.3275 183.6591 509.6230 213.0422 1.4790 1.6376 4.1718 -7.6944 2.0916 39.2450 -5.8053 -4.5534
Car -1 -1 -4.0164 403.3194 179.0365 438.9125 194.6491 1.4623 1.4923 3.4978 -18.5704 2.0866 70.9862 -4.2717 -4.6086
Car -1 -1 -7.6906 134.3636 186.3612 178.9804 217.4445 1.5723 1.5534 3.4042 -25.1073 2.3557 39.9939 -8.2485 -4.6925
Car -1 -1 -5.3901 0.0000 203.1285 83.5855 374.0000 1.3897 1.5539 3.8453 -7.5752 1.7216 6.9781 -6.1973 -4.8057
Car -1 -1 -7.3252 653.2833 175.8094 691.4771 193.8118 1.5694 1.6338 4.0824 5.6935 1.8472 65.7432 -7.2395 -4.8904
Car -1 -1 -5.2824 89.6069 189.7793 155.8982 219.2419 1.4440 1.4356 3.1478 -25.7827 2.3682 38.1248 -5.8740 -4.8908
Car -1 -1 -4.3034 784.8176 178.0385 822.5737 199.3540 1.8295 1.7396 4.2918 17.5194 2.3139 65.2337 -4.0426 -5.0580
Car -1 -1 -5.7004 62.4695 198.6073 321.7149 288.1274 1.4077 1.5938 3.7292 -7.3509 1.8974 12.8039 -6.2131 -5.0852
Car -1 -1 -4.8240 0.0000 0.0000 856.8170 374.0000 1.7650 1.7341 4.4267 -0.2710 1.4961 1.2314 -5.0094 -5.2218
Car -1 -1 -4.4677 536.3392 179.9982 571.9230 202.7098 1.6605 1.7428 4.5176 -4.3604 2.2444 56.6199 -4.5447 -5.4596
Car -1 -1 -4.3944 593.4152 179.5490 632.7719 199.9995 1.4406 1.6896 4.4263 0.2559 1.9703 54.7449 -4.3902 -5.6970
Car -1 -1 -5.0006 620.3491 177.5524 654.3013 196.0673 1.3924 1.6026 4.0847 2.1104 1.7810 57.5452 -4.9645 -5.7566
Car -1 -1 -2.5009 0.0000 195.7199 241.3424 316.4595 1.5216 1.5953 3.7339 -7.5568 1.8719 10.2359 -3.1247 -5.7706
Car -1 -1 -4.8090 386.7477 182.9300 413.2135 202.8998 1.4956 1.6753 4.0224 -17.0580 2.3415 58.4150 -5.0922 -5.7712
Car -1 -1 -8.0908 687.7286 179.5520 730.8501 203.3621 1.3993 1.7430 4.2921 6.2184 1.8456 45.8811 -7.9574 -5.8371
Car -1 -1 -4.6801 587.1609 178.6866 607.7484 196.9736 1.4399 1.5907 3.9351 -1.0417 1.9410 60.0535 -4.6978 -5.8867
Car -1 -1 -4.6845 588.2218 179.3524 613.0413 202.1711 1.4699 1.6005 3.9470 -0.6421 1.9342 49.5954 -4.6979 -5.8867
Car -1 -1 -6.9707 0.0000 0.0000 1241.0000 374.0000 1.5516 1.6212 3.9790 -2.1833 1.5623 0.8631 -8.0588 -5.8867
Car -1 -1 -5.7121 294.2346 187.4994 347.9076 207.8106 1.5078 1.6385 3.5744 -22.5773 2.6746 56.3558 -6.0918 -5.9317
