Car -1 -1 -4.3889 309.8603 182.9637 405.1454 236.4396 1.5172 1.6624 4.1260 -8.0728 1.8727 23.3222 -4.7191 7.1554
Car -1 -1 -4.4908 510.5511 177.4669 537.0867 193.5738 1.4595 1.6488 4.1051 -8.1931 1.9122 68.7276 -4.6093 -1.3246
Car -1 -1 -4.0679 229.5559 182.9597 275.9457 202.1793 1.5152 1.5639 3.7635 -30.1608 2.3969 60.9762 -4.5257 -1.5368
Car -1 -1 -4.2901 267.8523 184.4346 339.7828 217.5034 1.4218 1.6378 4.0588 -14.5843 2.0083 34.5079 -4.6876 -2.5297
Car -1 -1 -7.7843 641.0449 175.9884 682.0132 211.8886 1.5137 1.5947 3.9560 2.3567 1.6651 32.8551 -7.7139 -2.7288
Car -1 -1 -3.6470 263.1798 175.5783 320.0462 198.5177 1.7541 1.6988 3.8146 -25.4431 1.9793 57.6883 -4.0609 -3.2264
Car -1 -1 -2.2518 340.4113 178.1758 422.2390 214.7874 1.5855 1.5969 3.7727 -10.6634 1.8445 33.4478 -2.5585 -3.2830
Car -1 -1 -6.4141 652.7988 179.0869 739.7348 214.5128 1.4717 1.5551 3.5380 3.6259 1.7467 31.0651 -6.2996 -3.2861
Car -1 -1 -5.1789 229.9860 185.9250 279.7301 208.0604 1.4356 1.6303 3.7363 -24.9888 2.3855 50.6726 -5.6353 -3.2937
Car -1 -1 -4.3258 303.4452 179.6873 349.4450 205.1631 1.5060 1.4559 3.5592 -17.8211 1.9527 45.4038 -4.6982 -3.8446
Car -1 -1 -7.6716 633.8465 177.2469 678.0059 208.3438 1.4933 1.6094 3.8595 2.3861 1.7327 37.3005 -7.6087 -3.9897
Car -1 -1 -4.4284 611.5171 177.8575 646.8470 199.8111 1.6177 1.6876 4.0779 1.5121 2.0236 56.3702 -4.4022 -4.0749
Car -1 -1 -4.5698 296.3211 187.3044 328.2947 211.7374 1.6648 1.6506 3.9915 -22.1909 2.7854 53.8294 -4.9594 -4.3327
Car -1 -1 -7.9247 616.5572 175.9443 649.4804 204.2684 1.5331 1.6031 3.9863 1.2431 1.7193 41.5208 -7.8955 -4.3643
Car -1 -1 -7.0593 0.0000 170.1052 65.8467 201.7574 2.0504 1.9368 4.0996 -39.5531 1.8721 48.8903 -7.7370 -4.5379
Car -1 -1 -5.1875 126.4560 193.2576 187.4072 221.5233 1.4676 1.5506 3.4450 -25.9447 2.6774 41.2451 -5.7464 -4.7001
Car -1 -1 -4.6670 262.6341 179.4791 282.9510 197.8447 1.5322 1.4645 3.2862 -29.5780 2.1296 63.2932 -5.1028 -4.7133
Car -1 -1 -4.6075 508.1190 176.1047 532.2800 194.6872 1.6218 1.8158 3.5098 -8.1275 1.9239 65.3628 -4.7311 -4.8270
Car -1 -1 -4.9386 779.3602 195.2302 815.9013 220.3149 1.4514 1.5052 3.6344 12.1048 2.9611 46.8571 -4.6881 -4.9244
Car -1 -1 -4.8075 1109.1160 191.5327 1139.3296 212.2872 1.4261 1.5263 3.5857 39.1257 2.8996 54.9967 -4.1923 -4.9516
Car -1 -1 -5.0118 488.1388 176.4991 523.5104 197.4371 1.6105 1.6822 4.1614 -8.5128 1.9172 58.5204 -5.1560 -4.9604
Car -1 -1 -4.4381 338.3725 177.9498 366.7081 195.8255 1.5648 1.5255 3.5929 -23.5556 2.0440 66.0554 -4.7796 -5.1815
Car -1 -1 -4.6766 470.2909 172.9214 494.8459 198.0920 1.9296 1.7765 4.3323 -10.1600 1.9349 57.5931 -4.8508 -5.2401
Car -1 -1 -4.4538 171.8053 192.8652 216.6023 221.1377 1.4983 1.5227 3.1353 -24.4004 2.7206 42.3715 -4.9738 -5.2913
Car -1 -1 -3.8596 614.5043 181.8004 664.8361 201.9439 1.6174 1.6726 4.2498 2.5356 2.4065 61.6816 -3.8192 -5.5555
Car -1 -1 -4.7354 312.7090 181.4465 336.6463 204.7749 1.7330 1.6791 4.4302 -22.8765 2.4481 57.7114 -5.1115 -5.5640
Car -1 -1 -4.3448 310.4445 182.1620 393.7768 223.3927 1.5687 1.8256 4.5335 -10.9151 1.9950 30.7793 -4.6833 -5.5782
Car -1 -1 -4.5806 321.1617 179.2992 366.4878 211.5233 1.4241 1.5615 3.7108 -12.7649 1.7511 34.6601 -4.9313 -5.5806
Car -1 -1 -4.5345 573.9774 179.9835 596.7582 196.2061 1.4507 1.5363 3.6121 -2.3185 2.1419 68.0881 -4.5688 -5.6020
Car -1 -1 -4.6338 316.4018 185.4915 374.1242 228.0736 1.4096 1.7253 4.1917 -10.0346 1.9299 27.4709 -4.9813 -5.6026
Car -1 -1 -4.9347 751.1171 198.7440 799.5874 229.9561 1.3828 1.5984 3.8535 8.3969 2.7828 37.0956 -4.7147 -5.6870
Car -1 -1 -4.7426 1129.1691 186.1620 1159.9696 209.1291 1.6136 1.7592 4.2082 41.0502 2.6783 55.5101 -4.1089 -5.8171
Car -1 -1 -4.2253 414.0326 176.7297 457.7298 199.4295 1.7611 1.6544 4.3005 -14.2188 2.0903 59.0490 -4.4609 -5.8194
Car -1 -1 -4.3110 202.4401 187.6706 254.1339 212.6716 1.4300 1.5601 3.6706 -23.9893 2.4011 45.4091 -4.7949 -5.8496
Car -1 -1 -4.8060 1159.2670 198.6043 1213.2139 235.3205 1.5515 1.7012 3.6714 28.0784 2.8826 35.3030 -4.1389 -5.8538
Car -1 -1 -4.9410 1241.0000 166.2690 1241.0000 195.6940 1.4925 1.6489 4.0031 41.4673 1.1582 38.7212 -4.1253 -5.8867
Car -1 -1 -4.9103 1241.0000 167.7262 1241.0000 195.6156 1.5078 1.6579 4.0060 41.4668 1.2302 41.1346 -4.1246 -5.8867
Car -1 -1 -4.5268 0.0000 177.6708 0.0000 203.1535 1.4862 1.6539 4.0499 -41.5302 1.8010 45.0522 -5.2687 -5.8867
Car -1 -1 -4.6282 548.4481 178.5670 570.9608 196.2550 1.4219 1.5840 3.9291 -4.2642 1.9222 61.2552 -4.6977 -5.8867
Car -1 -1 -4.7391 1106.1918 172.4856 1132.7194 191.2929 1.4782 1.6453 3.9920 41.4723 1.4489 58.8292 -4.1277 -5.8867
Car -1 -1 -3.5046 0.0000 196.3986 0.0000 374.0000 1.5108 1.6090 3.9600 -7.0819 1.6581 2.5294 -4.6974 -5.8867
Car -1 -1 -3.9194 331.1495 181.7758 404.0942 206.9390 1.3840 1.6397 4.2394 -14.5880 1.9501 43.5494 -4.2411 -5.8983
Car -1 -1 -4.9108 1119.9041 190.7055 1169.1730 219.7657 1.5543 1.6101 3.9450 31.9961 2.6789 43.3357 -4.2787 -5.9795
Car -1 -1 -4.5657 352.7812 180.5623 392.7136 206.6727 1.3791 1.5870 4.1852 -13.6560 1.8468 41.6039 -4.8813 -6.0043
Car -1 -1 -4.8407 1188.2959 182.9182 1229.0076 208.5463 1.6482 1.6925 3.7225 41.4147 2.3739 50.0229 -4.1525 -6.0192
Car -1 -1 -5.3610 317.3979 187.8699 371.4900 210.4043 1.5952 1.6965 4.2149 -20.4323 2.7863 55.3962 -5.7131 -6.3694
Car -1 -1 -5.2357 680.6634 188.2805 722.7183 210.4021 1.6054 1.7707 3.5202 7.1877 2.8672 57.0694 -5.1117 -6.5220
Car -1 -1 -5.6571 46.2188 160.9657 132.0287 187.3347 1.6960 1.5546 4.4972 -34.0558 0.9311 47.1926 -6.2796 -6.5699
