Car -1 -1 -7.7479 636.2997 182.0469 677.7396 216.5532 1.5555 1.6322 4.1305 2.3509 2.0397 35.8571 -7.6836 -2.0517
Car -1 -1 -2.4033 592.4611 187.4927 645.1653 210.5381 1.4945 1.5670 3.5939 0.5666 2.5628 50.8736 -2.3928 -2.2505
Car -1 -1 -7.2972 188.7719 193.5625 275.7180 227.8315 1.4391 1.7283 4.3148 -18.3446 2.5128 35.2014 -7.7748 -2.4503
Car -1 -1 -4.3186 304.4033 189.0228 356.9786 212.9105 1.3688 1.6562 4.2082 -17.8993 2.4547 46.3476 -4.6856 -3.1271
Car -1 -1 -4.9061 631.1254 183.3959 674.4980 213.2789 1.4735 1.6074 3.9104 2.2249 2.0739 39.0686 -4.8503 -3.2609
Car -1 -1 -3.9881 577.5976 186.3200 628.3868 207.0127 1.5526 1.7891 4.2692 -0.5648 2.6981 59.1980 -3.9982 -3.4402
Car -1 -1 -3.6319 203.1687 182.9583 275.3836 208.9159 1.6611 1.6329 4.1794 -25.6865 2.3923 50.0536 -4.1041 -3.5300
Car -1 -1 -4.7359 608.5925 181.0929 644.4101 214.6168 1.5293 1.6759 4.3926 0.7333 1.9674 36.1951 -4.7165 -3.5460
Car -1 -1 -4.7147 139.8036 191.3592 169.8366 217.0915 1.5065 1.6025 3.6575 -29.7109 2.7636 47.0549 -5.2756 -3.5665
Car -1 -1 -5.2552 614.7991 187.7750 665.4922 211.0449 1.5105 1.6872 4.2559 2.0919 2.6330 52.0213 -5.2159 -3.7283
Car -1 -1 -5.1921 152.2246 185.0279 213.1692 214.5257 1.7945 1.7105 4.1578 -28.0187 2.6219 47.2290 -5.7253 -4.0264
Car -1 -1 -4.6366 605.6991 182.1633 639.9932 212.0504 1.5041 1.5933 3.9380 0.7122 2.0412 39.6149 -4.6193 -4.0318
Car -1 -1 -4.7642 604.9816 180.9745 632.9929 207.2121 1.6084 1.6323 3.8629 0.5205 2.1638 47.4114 -4.7539 -4.0750
Car -1 -1 -5.1127 311.3416 180.8158 354.9022 210.1434 2.0940 1.6581 3.9822 -21.0141 2.7186 54.6195 -5.4787 -4.1791
Car -1 -1 -4.7982 627.4393 184.7236 657.5645 209.4266 1.4756 1.6265 3.7700 2.0387 2.2777 46.8611 -4.7556 -4.2773
Car -1 -1 -4.9536 351.5799 181.4717 392.7175 206.6601 1.5372 1.6525 4.0860 -15.7903 2.1324 47.6890 -5.2720 -4.5098
Car -1 -1 -6.6261 27.3200 176.3015 130.8739 215.7047 1.6488 1.6660 3.3834 -23.8053 1.8122 32.3862 -7.2562 -4.5993
Car -1 -1 -7.1479 23.2568 188.8892 111.6060 222.7663 1.5389 1.5349 3.6889 -27.3456 2.3909 36.4583 -7.7881 -4.7490
Car -1 -1 -4.7941 180.8663 185.9019 222.0209 217.9953 1.4165 1.4704 3.5245 -20.0242 2.0873 35.2396 -5.3078 -5.1541
Car -1 -1 -4.8151 606.9846 187.2190 630.3758 207.8231 1.4927 1.4814 3.4286 0.6258 2.6530 56.5226 -4.8046 -5.3239
Car -1 -1 -4.6146 133.6673 183.6061 177.1172 216.4523 1.7258 1.7372 3.7742 -26.0252 2.3726 41.3469 -5.1737 -5.3617
Car -1 -1 -4.8340 290.1051 179.5903 323.1845 206.6662 1.8805 1.7626 4.2227 -22.5597 2.4010 53.5126 -5.2315 -5.4909
Car -1 -1 -4.8811 494.6835 189.7702 522.2347 211.7195 1.6911 1.6847 3.7764 -8.6126 3.1647 60.8133 -5.0217 -5.5194
Car -1 -1 -5.2309 761.2456 185.5740 902.4916 248.3426 1.3616 1.6230 4.1376 5.5350 1.7305 18.7450 -4.9489 -5.7090
Car -1 -1 -5.4136 840.2721 189.2205 1066.6805 282.0559 1.4062 1.6365 4.0677 6.2837 1.7702 13.8804 -4.9974 -5.7531
Car -1 -1 -4.6808 367.9926 182.7169 405.2264 216.9428 1.5941 1.6934 4.1017 -11.4619 2.1307 37.0771 -4.9790 -5.7599
Car -1 -1 -4.3051 376.1769 185.5358 432.6919 214.3170 1.5129 1.6846 4.0558 -11.9043 2.2866 41.9171 -4.5805 -5.8624
Car -1 -1 -4.4777 402.6403 183.8616 440.3997 207.8831 1.5472 1.6699 3.9591 -13.1182 2.3447 50.2985 -4.7319 -5.8674
Car -1 -1 -4.6237 518.3740 180.6329 550.4519 207.4601 1.5374 1.6268 3.9114 -4.6486 2.0376 44.4580 -4.7277 -5.8674
Car -1 -1 -4.8092 606.8336 184.4797 629.1478 203.6935 1.6417 1.6703 3.8607 0.6812 2.7380 66.0613 -4.7995 -5.8681
Car -1 -1 -4.5758 360.7755 183.5141 399.5865 211.4119 1.4929 1.6348 4.0105 -13.4660 2.1494 42.3424 -4.8823 -5.8734
Car -1 -1 -4.3685 336.0204 181.6827 391.7994 213.0995 1.5467 1.6286 3.7931 -13.0995 2.0410 38.5078 -4.6947 -5.8829
Car -1 -1 -3.7069 0.0000 192.2699 66.6865 374.0000 1.5135 1.6091 3.9636 -4.2766 1.6347 2.5237 -4.6976 -5.8867
Car -1 -1 -5.0366 822.7634 177.6888 927.9306 236.5288 1.4938 1.6011 3.9523 7.3932 1.6451 20.6324 -4.6977 -5.8867
Car -1 -1 -4.6302 545.8915 178.5606 576.3582 203.1490 1.4407 1.5875 3.9352 -3.0532 1.8133 45.1735 -4.6978 -5.8867
Car -1 -1 -3.9356 0.0000 192.6339 325.1827 374.0000 1.5215 1.6118 3.9664 -2.6685 1.6451 2.5231 -4.6976 -5.8867
Car -1 -1 -7.2113 156.2541 0.0000 1241.0000 374.0000 1.5021 1.6008 3.8479 -1.2826 1.5801 1.3718 -7.8744 -5.8867
Car -1 -1 -4.8176 636.9453 180.6127 659.5738 198.6121 1.5248 1.6157 3.9771 3.3884 2.2442 64.9013 -4.7661 -5.8867
Car -1 -1 -4.6431 559.9946 179.1145 581.1515 196.4630 1.4394 1.5866 3.9345 -3.4524 2.0053 63.2745 -4.6977 -5.8867
Car -1 -1 -3.5046 0.0000 196.2497 0.0000 374.0000 1.5095 1.6073 3.9592 -7.0814 1.6558 2.5300 -4.6974 -5.8867
Car -1 -1 -4.4695 374.8082 182.0513 413.2290 205.5574 1.4857 1.6030 3.9521 -14.7031 2.1381 49.1909 -4.7588 -5.8867
Car -1 -1 -8.1636 0.0000 0.0000 853.4803 374.0000 1.5542 1.5897 3.8070 0.3113 1.6438 1.0050 -7.9390 -5.8867
