Car -1 -1 -4.9447 672.6740 189.8267 706.3617 213.8718 1.5741 1.6096 3.5884 5.6357 2.8358 51.7707 -4.8375 -1.5867
Car -1 -1 -5.3339 633.0759 180.8821 683.1895 204.4990 1.6145 1.6591 3.9667 3.4551 2.2263 52.8896 -5.2696 -2.4386
Car -1 -1 -7.8304 702.9170 181.6092 736.8458 214.1026 1.5725 1.6826 3.9558 5.8083 2.0603 38.1387 -7.6810 -2.9922
Car -1 -1 -2.2354 298.1191 180.8268 364.2832 206.5962 1.6638 1.8127 4.5879 -19.2731 2.2348 49.7498 -2.6035 -3.0754
Car -1 -1 -4.3723 654.7856 179.3133 710.6153 212.9590 1.5848 1.6365 3.9096 3.7350 1.9339 36.9166 -4.2729 -3.3056
Car -1 -1 -4.7559 619.8173 180.5810 646.4746 205.5362 1.4748 1.5178 3.6040 1.3946 1.9820 45.5770 -4.7260 -3.5066
Car -1 -1 -7.8640 359.2891 183.0603 380.8438 204.4601 1.6201 1.6115 3.7698 -19.5352 2.4778 58.6182 -8.1847 -3.5967
Car -1 -1 -4.0737 339.6997 182.5564 380.0849 199.5116 1.5623 1.6724 4.0604 -24.6441 2.5486 71.1779 -4.4061 -3.7054
Car -1 -1 -4.7984 329.7491 183.5285 351.7704 200.2521 1.5316 1.6847 4.1502 -26.5991 2.6173 71.1709 -5.1551 -3.8564
Car -1 -1 -4.6328 365.1430 186.9298 386.7936 205.1117 1.4270 1.4757 3.5527 -19.9334 2.6629 61.4681 -4.9455 -4.1122
Car -1 -1 -8.0558 724.7339 185.2332 769.3679 216.3361 1.4563 1.5572 3.5151 6.9281 2.1206 36.9666 -7.8727 -4.1362
Car -1 -1 -3.3627 563.6037 180.2720 673.8182 221.8462 1.4656 1.5711 3.8759 0.2533 1.7553 27.0330 -3.3542 -4.2492
Car -1 -1 -4.6433 460.4594 182.6719 485.7188 202.5063 1.3956 1.6267 3.7101 -10.3599 2.1649 54.6251 -4.8302 -4.4472
Car -1 -1 -4.6768 67.7824 168.4026 105.2057 196.7542 1.5207 1.5669 3.7153 -29.5027 1.2817 40.6823 -5.3012 -4.5323
Car -1 -1 -4.6598 559.3607 180.7123 579.3369 198.9065 1.5225 1.5720 3.8148 -3.5989 2.2393 63.9379 -4.7163 -4.5963
Car -1 -1 -4.6375 697.7155 191.1595 721.3936 213.8207 1.4790 1.4458 3.2676 7.1219 2.8339 51.6669 -4.5019 -4.6026
Car -1 -1 -4.1696 594.6784 179.3345 641.6735 199.9531 1.5155 1.6908 4.3602 0.6618 2.0458 56.7770 -4.1584 -4.7280
Car -1 -1 -4.1618 347.9975 183.9477 403.8573 207.1395 1.4897 1.7755 4.2528 -16.4396 2.3055 50.8011 -4.4736 -4.7727
Car -1 -1 -4.5043 543.0599 179.3491 571.5899 198.2798 1.6288 1.7413 4.3431 -4.7931 2.2421 65.9057 -4.5770 -4.8360
Car -1 -1 -4.7256 640.2678 178.6678 666.7408 204.0984 1.5593 1.6570 4.1455 2.7852 1.9571 47.3117 -4.6677 -4.8559
Car -1 -1 -4.7147 436.5138 180.6590 460.4754 202.3057 1.5324 1.7176 4.5181 -12.3863 2.1550 55.1954 -4.9348 -4.9251
Car -1 -1 -4.3645 304.1836 187.4322 357.4892 213.0015 1.3009 1.6550 3.6332 -15.6894 2.1585 40.6297 -4.7312 -4.9467
Car -1 -1 -4.9816 691.6104 187.5238 730.3756 213.2370 1.5775 1.5666 4.0271 6.7421 2.6113 48.7626 -4.8457 -4.9769
Car -1 -1 -7.8632 482.0754 178.9588 504.3461 200.4093 1.4907 1.5660 3.7053 -8.6605 1.9572 53.2163 -8.0241 -5.0012
Car -1 -1 -4.7218 571.8212 179.7865 591.1411 196.9073 1.4760 1.7127 4.2637 -2.6587 2.1320 66.1359 -4.7623 -5.2391
Car -1 -1 -5.1187 637.8376 177.1176 679.9234 196.7016 1.4550 1.6855 4.4542 3.7828 1.8057 57.0240 -5.0533 -5.3737
Car -1 -1 -8.0936 581.8220 177.6281 613.9127 199.4907 1.5161 1.5142 3.6789 -0.9541 1.8787 52.8695 -8.1120 -5.4221
Car -1 -1 -2.1674 122.5891 176.7571 209.9794 212.0284 1.5684 1.6160 3.8658 -20.9280 1.7601 33.9581 -2.7164 -5.5774
Car -1 -1 -4.6105 555.0720 180.0453 584.4771 203.6345 1.4686 1.5962 3.5471 -2.6642 1.9630 47.8309 -4.6663 -5.6647
Car -1 -1 -4.9866 702.6342 175.9343 782.6332 220.9376 1.3966 1.6234 4.0955 4.4034 1.5112 24.8006 -4.8135 -5.7171
Car -1 -1 -6.7354 221.9437 189.8591 297.1678 218.2979 1.8617 1.8330 4.5759 -25.4283 3.1527 52.4246 -7.1853 -5.7297
Car -1 -1 -4.5422 490.5581 180.9202 522.8351 202.7146 1.3949 1.5457 4.0012 -7.1033 1.9729 49.7005 -4.6838 -5.7470
Car -1 -1 -4.5838 538.6066 180.0568 568.7791 201.8480 1.3886 1.5531 4.0713 -3.8471 1.9024 49.4222 -4.6616 -5.7551
Car -1 -1 -4.7057 473.5315 180.0582 500.0056 204.8171 1.5025 1.6295 3.6705 -8.0229 1.9895 46.8604 -4.8748 -5.7569
Car -1 -1 -4.6355 580.7738 179.6046 607.8322 201.1391 1.3807 1.5549 4.1011 -1.0746 1.8645 49.6610 -4.6575 -5.7597
Car -1 -1 -5.0760 766.6776 182.2982 911.0838 255.2461 1.3473 1.6337 4.0837 4.8155 1.5835 15.9684 -4.7890 -5.7676
Car -1 -1 -4.6948 597.9061 176.5599 624.8635 200.7644 1.5165 1.7167 4.6653 0.0985 1.7763 48.2760 -4.6932 -5.7955
Car -1 -1 -4.5622 514.4899 180.4366 546.3304 203.3452 1.4665 1.5957 3.9888 -5.4549 2.0082 49.5551 -4.6717 -5.8809
Car -1 -1 -6.8390 0.0000 0.0000 1241.0000 374.0000 1.5415 1.5893 3.8042 -2.5163 1.6248 0.9968 -7.9397 -5.8867
Car -1 -1 -3.5323 0.0000 197.3377 0.0000 374.0000 1.5135 1.6069 3.9604 -7.4857 1.6803 2.9329 -4.6975 -5.8867
Car -1 -1 -4.6384 555.7084 179.7653 578.9150 198.9448 1.4629 1.5923 3.9422 -3.4529 2.0414 58.4468 -4.6976 -5.8867
Car -1 -1 -3.4361 0.0000 0.0000 1241.0000 374.0000 1.5267 1.6072 3.9632 -6.2753 1.7104 1.7258 -4.6969 -5.8867
Car -1 -1 -4.5263 467.7336 180.6634 501.3919 203.4273 1.4719 1.5950 3.9473 -8.6786 2.0343 50.0024 -4.6977 -5.8867
Car -1 -1 -3.7070 0.0000 193.4904 66.6079 374.0000 1.5148 1.6075 3.9633 -4.2766 1.6437 2.5241 -4.6976 -5.8867
Car -1 -1 -4.7821 660.7568 178.0902 683.8614 196.8715 1.4412 1.5849 3.9343 4.9893 1.8794 58.4494 -4.6978 -5.8867
Car -1 -1 -4.4245 500.4228 179.6794 530.7213 197.0293 1.5122 1.6658 4.1749 -8.7239 2.1646 66.8066 -4.5542 -5.8867
Car -1 -1 -4.5462 262.3517 190.8117 294.8864 215.2365 1.7041 1.6426 3.9518 -25.5078 3.1400 55.5826 -4.9750 -5.8963
Car -1 -1 -5.2815 786.9302 180.5717 1056.0292 302.6374 1.4369 1.6759 4.1574 4.3352 1.5776 10.9775 -4.9154 -6.0199
Car -1 -1 -4.7729 590.6487 181.8848 610.3453 199.5132 1.5255 1.5860 3.6017 -0.9172 2.3769 66.1933 -4.7872 -6.1905
Car -1 -1 -4.7161 243.0725 195.4345 266.7738 216.3053 1.4079 1.5766 3.8152 -27.1886 3.1992 55.1894 -5.1723 -6.2357
Car -1 -1 -4.5749 535.7833 182.3306 557.5891 199.3405 1.4923 1.5342 3.7103 -5.8992 2.4008 67.3012 -4.6624 -6.4589
