Car -1 -1 -8.2334 624.4301 189.7488 674.7621 217.7952 1.4098 1.5938 3.6093 2.1401 2.4062 40.6022 -8.1818 -1.4521
Car -1 -1 -7.1385 238.8148 194.0496 316.6328 223.4664 1.4325 1.7183 4.0622 -18.5892 2.6858 40.4847 -7.5669 -2.9965
Car -1 -1 -4.5856 596.3000 186.5112 634.1099 215.4081 1.4581 1.6335 3.9789 0.3032 2.2629 40.4546 -4.5788 -3.5833
Car -1 -1 -4.7916 617.2169 186.8230 645.2211 210.7857 1.5503 1.6616 3.9714 1.4332 2.5779 51.0695 -4.7644 -3.6486
Car -1 -1 -2.1867 192.6983 188.6216 251.2414 214.3820 1.7138 1.6803 4.0224 -27.8251 2.8788 51.6725 -2.6788 -3.8107
Car -1 -1 -4.3532 683.5093 185.7949 735.0406 217.7240 1.5886 1.6295 3.6245 5.4380 2.3320 39.4867 -4.2180 -4.1776
Car -1 -1 -7.6397 204.0724 182.2313 252.3543 210.9572 1.4995 1.6179 3.9838 -21.7627 2.0623 41.1943 -8.1233 -4.3080
Car -1 -1 -7.6474 399.4959 180.1638 460.3942 230.2043 2.0021 1.7464 4.2681 -7.8530 2.3445 31.6636 -7.8891 -4.3883
Car -1 -1 -4.7560 487.5463 192.2722 509.8015 213.6893 1.5158 1.5602 3.8680 -8.8232 3.1002 56.8338 -4.9099 -4.5367
Car -1 -1 -4.5643 939.5916 182.0706 1024.8473 244.2652 1.5995 1.6585 4.3060 11.0935 1.9018 21.4538 -4.0934 -4.6457
Car -1 -1 -4.2801 584.8956 185.3663 630.7089 210.8951 1.5605 1.6481 3.7308 -0.1364 2.4304 48.1428 -4.2836 -4.8651
Car -1 -1 -7.1559 1198.1390 188.2301 1241.0000 374.0000 1.4460 1.5904 3.2875 5.8566 1.5578 4.4339 -6.2652 -4.9860
Car -1 -1 -4.8355 635.3130 180.3365 682.2907 220.1560 1.6873 1.6533 4.2147 2.1597 2.0571 33.5365 -4.7724 -5.0067
Car -1 -1 -4.7336 607.8369 186.2184 643.5490 219.0703 1.4531 1.6564 3.8781 0.6822 2.1451 35.4353 -4.7152 -5.1983
Car -1 -1 -4.9182 929.4016 188.5524 1009.1030 239.2794 1.5183 1.6853 3.7944 12.2412 2.1044 24.9069 -4.4668 -5.5905
Car -1 -1 -4.4606 555.8885 190.8739 589.1817 213.3352 1.5448 1.6251 3.8618 -2.8431 2.9688 54.9742 -4.5127 -5.6075
Car -1 -1 -5.5604 740.9532 183.8064 903.8686 252.8875 1.5272 1.6432 3.9270 5.3217 1.8427 18.7096 -5.2883 -5.6998
Car -1 -1 -5.1421 739.0195 183.7592 846.2085 235.2975 1.3995 1.6495 4.1668 5.5638 1.7760 22.7280 -4.9057 -5.7850
Car -1 -1 -4.7670 402.8692 182.4013 436.1308 212.6826 1.6022 1.6412 3.8699 -11.0541 2.1799 41.5907 -5.0256 -5.7931
Car -1 -1 -5.3028 893.3643 187.9783 1137.6984 288.6697 1.3821 1.6322 4.1444 6.7506 1.6931 12.7004 -4.8247 -5.8019
Car -1 -1 -4.3275 170.2463 183.5206 233.6427 211.3889 1.4276 1.5924 4.3897 -23.1150 2.0669 40.9840 -4.8385 -5.8316
Car -1 -1 -4.5927 581.1797 185.5091 610.4345 210.3142 1.7304 1.7297 4.2425 -1.0651 2.7293 54.7719 -4.6127 -5.8462
Car -1 -1 -4.6889 521.2161 182.5663 547.3503 208.5568 1.6054 1.6426 3.9075 -5.0425 2.2795 48.0874 -4.7933 -5.8658
Car -1 -1 -4.7172 545.4623 180.5047 571.1556 205.4212 1.5284 1.6168 3.7763 -3.4399 2.0513 47.3989 -4.7897 -5.8660
Car -1 -1 -4.7107 404.6721 184.4572 427.5075 206.6869 1.5890 1.6524 4.0536 -15.0747 2.5244 56.0137 -4.9728 -5.8831
Car -1 -1 -5.1191 902.2332 173.9258 1052.2094 246.3641 1.4618 1.5941 3.9242 8.1967 1.4892 16.6150 -4.6684 -5.8867
Car -1 -1 -9.2437 0.0000 0.0000 1241.0000 374.0000 1.5161 1.5799 3.7937 4.7188 1.4685 0.9965 -7.9397 -5.8867
Car -1 -1 -6.6065 0.0000 0.0000 1241.0000 374.0000 1.5078 1.5993 3.8481 -5.3015 1.6501 1.3730 -7.8743 -5.8867
Car -1 -1 -4.9641 778.0515 178.5396 850.1493 223.1811 1.4954 1.5984 3.9515 7.3974 1.7209 26.6647 -4.6970 -5.8867
Car -1 -1 -3.6844 0.0000 198.0953 87.2123 374.0000 1.5246 1.6103 3.9659 -3.8657 1.6687 2.1308 -4.6977 -5.8867
Car -1 -1 -7.2112 156.1942 0.0000 1241.0000 374.0000 1.5062 1.6022 3.8494 -1.2825 1.5936 1.3716 -7.8744 -5.8867
Car -1 -1 -5.1646 823.1662 176.9702 956.8314 242.4330 1.4807 1.6027 3.9487 7.0004 1.5982 18.6205 -4.8109 -5.8867
Car -1 -1 -4.3719 445.2106 184.3997 482.3518 205.7658 1.5561 1.6533 3.9177 -11.4969 2.4981 56.8290 -4.5711 -5.8867
Car -1 -1 -3.5241 0.0000 197.4908 0.0000 374.0000 1.5146 1.6075 3.9632 -6.6885 1.6686 2.5244 -4.6976 -5.8867
Car -1 -1 -3.4815 0.0000 199.2852 0.0000 374.0000 1.5110 1.6041 3.9585 -8.6893 1.6912 2.9358 -4.6976 -5.8867
Car -1 -1 -8.6430 0.0000 0.0000 1048.6735 374.0000 1.5490 1.5883 3.8055 1.1151 1.6168 1.0054 -7.9391 -5.8867
Car -1 -1 -4.7842 642.7156 180.8342 667.5168 202.1001 1.5259 1.6062 3.9451 3.3919 2.1585 55.2407 -4.7237 -5.8867
Car -1 -1 -4.9466 869.4008 181.6358 951.3445 233.4592 1.5167 1.5978 3.9147 9.7716 1.8319 23.8673 -4.5630 -5.9410
Car -1 -1 -3.9267 428.1196 182.8213 607.3487 277.8069 1.4590 1.3271 3.2349 -1.6243 1.6631 13.1187 -4.0485 -5.9477
Car -1 -1 -3.7758 0.0000 197.1247 28.1735 374.0000 1.5287 1.6543 4.4187 -8.7284 1.8527 7.3686 -4.6274 -5.9536
Car -1 -1 -5.9155 1241.0000 10.6160 1241.0000 374.0000 1.4980 1.5659 3.9367 5.8504 1.4427 2.2440 -4.7542 -5.9543
Car -1 -1 -5.2918 1001.1268 170.8194 1241.0000 282.7119 1.5324 1.6051 3.7852 8.1436 1.5043 11.7847 -4.6993 -6.0546
Car -1 -1 -5.4570 0.0000 0.0000 1241.0000 374.0000 1.4693 1.6818 3.8098 3.2547 1.4512 1.6898 -4.4343 -6.5124
Car -1 -1 -5.3007 906.7149 174.6815 1065.0096 238.3400 1.4259 1.5613 4.0181 9.3123 1.4775 18.3736 -4.8385 -6.6197
Car -1 -1 -2.8427 95.9358 188.2857 178.3439 217.9172 1.6918 1.6066 3.8895 -28.7060 2.6575 43.8623 -3.4197 -6.6619
