Car -1 -1 -4.7665 622.5410 175.3062 654.9517 203.0123 1.5527 1.6902 4.1429 1.6266 1.7053 42.8911 -4.7294 -0.5778
Car -1 -1 -7.3004 274.4447 187.4839 321.0823 208.1326 1.6698 1.6930 4.4764 -27.6500 3.0145 63.9983 -7.7070 -2.0243
Car -1 -1 -5.3396 970.6919 194.5545 1066.0779 235.7547 1.4930 1.5469 3.7413 16.9056 2.4582 30.1522 -4.8335 -2.1376
Car -1 -1 -4.7844 602.3906 177.4784 626.2214 198.5578 1.6097 1.6280 3.9507 0.2879 1.9942 58.0149 -4.7799 -2.2251
Car -1 -1 -2.8007 821.3375 199.0441 912.2814 234.9077 1.5758 1.6854 3.9884 12.8762 2.9657 36.3944 -2.4641 -2.3448
Car -1 -1 -4.9198 378.0331 184.9709 407.0112 205.0186 1.6057 1.5957 4.1003 -18.9232 2.6934 62.6088 -5.2125 -3.2487
Car -1 -1 -4.8794 7.1187 185.7729 66.7695 219.7051 1.4112 1.5849 3.5489 -26.3860 2.0360 33.1386 -5.5481 -3.3952
Car -1 -1 -6.0375 645.1396 175.9149 737.3633 210.3313 1.4762 1.5823 3.8758 3.6348 1.6202 32.6149 -5.9281 -3.7738
Car -1 -1 -4.6722 597.9360 175.9854 626.9614 203.2223 1.5465 1.5975 3.7191 0.1479 1.7423 43.2957 -4.6693 -3.8319
Car -1 -1 -4.7250 648.6870 177.5051 678.5798 206.8619 1.5101 1.5624 4.0275 2.8890 1.7798 39.8231 -4.6536 -4.2305
Car -1 -1 -7.6996 506.2203 182.7161 535.6732 203.8748 1.4223 1.5521 3.7899 -6.4359 2.1618 52.2094 -7.8221 -4.2350
Car -1 -1 -5.5191 67.7917 198.2746 156.3183 228.3536 1.5665 1.6854 4.0844 -28.0971 3.0412 40.7040 -6.1205 -4.2764
Car -1 -1 -5.3850 528.0760 179.9023 580.7133 203.4867 1.6122 1.6023 4.1232 -4.1191 2.1458 52.6045 -5.4632 -4.3570
Car -1 -1 -4.3512 273.7541 186.4940 328.0225 212.9043 1.4593 1.6832 4.1667 -18.8783 2.3340 44.1700 -4.7532 -4.3604
Car -1 -1 -4.7452 595.6424 175.9528 620.8533 198.4761 1.5975 1.7342 4.3928 -0.1981 1.8388 54.0170 -4.7493 -4.3781
Car -1 -1 -4.3113 0.0000 175.4375 23.9941 214.0481 1.5561 1.6601 4.0725 -27.6207 1.6767 31.5661 -5.0261 -4.4909
Car -1 -1 -4.7604 985.3253 200.9531 1022.6403 231.9962 1.4593 1.5986 3.9698 21.7045 3.0968 39.9198 -4.2664 -4.5103
Car -1 -1 -4.9066 614.4497 176.3830 645.9409 199.0640 1.5435 1.5780 3.5995 1.3778 1.8049 51.6008 -4.8805 -4.5115
Car -1 -1 -7.4349 189.4591 192.1688 264.6819 226.4739 1.4791 1.6801 4.2980 -18.9173 2.4956 35.7851 -7.9185 -4.6446
Car -1 -1 -4.7304 324.5446 180.1087 344.2079 201.8345 1.9823 1.6968 4.1603 -26.6214 2.7042 69.5815 -5.0948 -4.7884
Car -1 -1 -6.8683 0.0000 194.8591 43.9377 242.6732 1.5159 1.6963 3.3320 -23.0974 2.3765 26.3951 -7.5823 -4.8793
Car -1 -1 -8.8324 1191.4385 181.8453 1241.0000 374.0000 1.6233 1.6715 3.9562 5.0455 1.6888 3.2794 -7.8791 -4.9919
Car -1 -1 -4.9009 377.4908 181.2180 410.6770 202.9865 1.5851 1.7086 4.3539 -17.0159 2.2685 56.6525 -5.1917 -5.0249
Car -1 -1 -4.4732 468.3139 181.8764 499.7338 202.4776 1.5189 1.5774 3.8325 -9.9188 2.2545 56.8853 -4.6455 -5.0575
Car -1 -1 -4.7074 520.9402 180.4267 542.4340 200.5192 1.4506 1.5898 3.8467 -6.0527 2.0547 55.5911 -4.8158 -5.0783
Car -1 -1 -4.4134 522.5582 178.3559 561.8023 202.1163 1.5525 1.5954 4.0742 -4.7096 1.9522 50.3005 -4.5067 -5.5511
Car -1 -1 -4.4811 451.6057 181.4393 491.0734 207.1619 1.6415 1.7291 4.2941 -9.5219 2.2583 49.6828 -4.6699 -5.6388
Car -1 -1 -4.3528 330.9177 180.9814 371.4962 201.0309 1.4798 1.6755 4.1088 -20.4140 2.1448 56.9996 -4.6955 -5.6448
Car -1 -1 -4.7296 550.3364 175.8407 574.7277 199.6167 1.5187 1.5652 4.1305 -3.2729 1.7290 48.7461 -4.7967 -5.6516
Car -1 -1 -4.5691 567.2459 176.6914 594.4041 194.9468 1.3757 1.5803 4.1957 -2.3124 1.6925 57.4524 -4.6095 -5.7178
Car -1 -1 -4.7437 436.1357 181.9193 460.7976 204.6381 1.5408 1.6324 4.0527 -11.8874 2.2315 52.8308 -4.9643 -5.7186
Car -1 -1 -4.7192 543.0689 179.4978 565.4139 199.4104 1.4264 1.6418 4.1076 -4.3113 1.9540 55.2142 -4.7972 -5.7289
Car -1 -1 -4.7374 434.3778 184.3190 453.5371 202.2813 1.5861 1.6730 4.0023 -15.8295 2.7099 68.5992 -4.9637 -5.7769
Car -1 -1 -4.9437 505.2430 178.2348 542.1664 202.7780 1.5472 1.6100 3.8886 -5.8739 1.9243 48.5099 -5.0640 -5.8104
Car -1 -1 -4.8533 529.8132 178.0029 563.2136 202.6921 1.5136 1.6280 3.9788 -4.2305 1.8655 47.2414 -4.9426 -5.8146
Car -1 -1 -4.8767 431.9328 183.6103 467.9962 210.4184 1.6666 1.7072 4.2985 -10.9476 2.4316 49.0246 -5.0957 -5.8311
Car -1 -1 -5.1085 560.3246 179.4117 608.2927 202.9914 1.4073 1.5641 4.2575 -1.7456 1.8509 46.5803 -5.1462 -5.8431
Car -1 -1 -4.6194 541.3292 178.7026 565.0282 197.0470 1.4242 1.5845 3.9292 -4.6601 1.9202 59.2531 -4.6980 -5.8867
Car -1 -1 -6.7851 0.0000 0.0000 1241.0000 374.0000 1.5450 1.5886 3.8035 -2.9054 1.6462 1.0039 -7.9390 -5.8867
Car -1 -1 -4.4903 396.0898 181.2224 428.9136 201.6406 1.4602 1.5950 3.9313 -15.1024 2.1237 55.2372 -4.7563 -5.8867
Car -1 -1 -3.5047 0.0000 192.9847 0.0000 374.0000 1.5014 1.6053 3.9565 -7.0817 1.6272 2.5303 -4.6974 -5.8867
Car -1 -1 -4.4656 421.7297 181.0409 455.4855 201.5368 1.4674 1.5969 3.9460 -13.1015 2.1163 55.2289 -4.6978 -5.8867
Car -1 -1 -4.5837 514.8459 180.8820 539.5008 199.3814 1.4859 1.6011 3.9507 -7.0696 2.1938 61.6647 -4.6978 -5.8867
Car -1 -1 -7.1466 51.9959 0.0000 1241.0000 374.0000 1.5426 1.5881 3.8034 -1.2976 1.6186 1.0047 -7.9392 -5.8867
Car -1 -1 -4.7118 489.7868 178.8360 513.5595 200.7749 1.4808 1.6288 4.0713 -7.8357 1.9293 52.0001 -4.8610 -5.9035
Car -1 -1 -7.8605 337.4012 182.7077 357.2749 202.8105 1.6765 1.6165 3.7275 -23.3997 2.5806 64.1915 -8.2091 -6.6422
