Car -1 -1 -4.4879 460.9691 179.3239 494.8392 204.8344 1.8611 1.7153 4.0488 -10.1869 2.3791 55.7438 -4.6682 1.1695
Car -1 -1 -7.5392 0.0000 191.6175 70.8796 233.8915 1.6790 1.7012 3.5192 -25.8368 2.5701 32.3309 -8.2096 -0.2488
Car -1 -1 -5.0070 635.6530 179.9721 688.6108 211.1973 1.5092 1.6304 4.1775 2.6461 1.9067 38.1032 -4.9388 -0.3416
Car -1 -1 -7.8396 334.0554 186.2856 388.6425 233.1550 1.3521 1.6009 4.2939 -8.4140 1.8489 24.4160 -8.1686 -0.9126
Car -1 -1 -3.2044 1144.1527 182.7086 1241.0000 218.1942 1.5255 1.6072 3.4663 27.0059 2.0064 33.5857 -2.5319 -1.7732
Car -1 -1 -5.2703 751.2184 195.3518 800.8936 219.6049 1.5271 1.6291 3.8884 11.7537 3.1963 51.4398 -5.0477 -1.7977
Car -1 -1 -4.4550 291.8282 190.8230 333.0400 215.3249 1.5060 1.6399 4.0285 -20.4031 2.7919 49.5417 -4.8442 -1.8296
Car -1 -1 -5.5004 178.9245 195.6787 262.0795 228.4790 1.6438 1.6982 3.9602 -21.3249 2.9354 39.4600 -5.9934 -2.0027
Car -1 -1 -5.4238 759.8122 180.9582 825.0433 208.7133 1.5199 1.6187 3.8549 10.7278 2.0239 42.8151 -5.1805 -3.1010
Car -1 -1 -2.0742 0.0000 188.1642 29.9996 233.6755 1.5679 1.7368 4.3140 -24.4997 2.1826 27.4397 -2.7984 -3.3255
Car -1 -1 -4.9223 35.7088 195.5905 100.5574 231.3062 1.5035 1.6593 4.3296 -26.3875 2.6718 35.0347 -5.5644 -3.4115
Car -1 -1 -4.8681 581.7659 181.9916 610.9315 204.9618 1.5635 1.5995 3.4180 -1.0525 2.2497 52.3855 -4.8886 -3.4765
Car -1 -1 -4.4774 589.2632 183.2120 621.3484 203.7052 1.4878 1.6221 4.0743 -0.3566 2.3331 56.7413 -4.4841 -3.5727
Car -1 -1 -4.8873 600.3498 182.4195 634.3363 205.2984 1.5540 1.7446 4.5068 0.4645 2.2925 53.3563 -4.8791 -3.5861
Car -1 -1 -4.8862 553.0421 184.2418 579.2815 201.8844 1.5655 1.7469 4.6311 -4.2886 2.7033 69.6511 -4.9479 -4.1589
Car -1 -1 -4.9237 767.6221 186.8867 800.5931 212.1129 1.5529 1.4012 3.6287 11.5760 2.5272 48.2820 -4.6904 -4.2445
Car -1 -1 -5.6466 0.0000 202.6895 165.1087 303.0466 1.4160 1.5674 3.6357 -9.4861 1.9285 11.5455 -6.3232 -4.3345
Car -1 -1 -4.7585 1064.2832 192.0197 1104.9675 223.2213 1.4055 1.5458 3.7995 24.2595 2.4427 37.0270 -4.1828 -4.3651
Car -1 -1 -7.7830 583.2484 180.3639 613.1012 205.4767 1.5643 1.7008 4.4664 -0.7835 2.0933 48.5816 -7.7996 -4.4281
Car -1 -1 -4.0318 118.2961 182.2776 184.5876 207.5862 1.5303 1.6488 3.7550 -29.8533 2.1701 47.0491 -4.5949 -4.4327
Car -1 -1 -7.9806 800.6089 191.7705 833.4215 217.8219 1.6478 1.7105 4.0331 14.5073 3.0360 50.8409 -7.7048 -4.4615
Car -1 -1 -7.8815 398.4683 185.1297 422.2732 208.2546 1.7326 1.7505 4.3680 -16.3507 2.7742 58.8938 -8.1515 -4.5074
Car -1 -1 -4.4141 351.6918 197.6768 398.6803 226.7211 1.4784 1.5707 3.6727 -13.5575 2.9773 41.7318 -4.7268 -4.6931
Car -1 -1 -4.4915 164.0646 180.8926 209.9023 208.3008 1.6973 1.7694 4.1533 -28.2472 2.2595 48.2470 -5.0190 -4.8778
Car -1 -1 -4.6569 114.5228 193.2881 160.3552 227.3433 1.5641 1.7873 3.7443 -24.6584 2.6898 37.6906 -5.2332 -4.9002
Car -1 -1 -4.4430 0.0000 197.4006 58.3893 231.7635 1.3803 1.7553 4.0916 -28.0206 2.6257 34.3902 -5.1231 -5.1165
Car -1 -1 -4.8948 1104.4464 190.8333 1154.3105 217.5330 1.4025 1.7085 3.8740 30.7481 2.5231 42.8679 -4.2764 -5.3096
Car -1 -1 -5.1741 658.4966 177.9676 715.9990 204.5120 1.3936 1.6112 4.0041 4.2749 1.6982 40.8702 -5.0711 -5.6172
Car -1 -1 -4.7033 566.1555 179.8408 587.8069 201.2791 1.6044 1.6605 4.1212 -2.6390 2.1806 57.4493 -4.7495 -5.6177
Car -1 -1 -5.2288 520.8635 189.1356 558.8983 209.2701 1.4872 1.5653 3.4129 -5.7002 2.8402 58.1260 -5.3267 -5.6549
Car -1 -1 -4.7860 533.4142 182.6115 552.6667 197.7229 1.3993 1.6226 3.6931 -6.6572 2.3895 71.2929 -4.8792 -5.6833
Car -1 -1 -4.8211 919.7911 174.2737 964.6320 205.1027 1.4836 1.6426 4.0209 16.9700 1.5606 37.0895 -4.3954 -5.8448
Car -1 -1 -5.3033 744.2583 177.0747 847.1001 221.0596 1.4540 1.6786 4.0068 6.6436 1.6211 26.4379 -5.0603 -5.8692
Car -1 -1 -5.0220 649.8522 177.4603 694.9894 202.5094 1.4510 1.6191 4.0500 3.7799 1.7501 44.7432 -4.9388 -5.8867
Car -1 -1 -4.8022 1168.9625 171.5898 1204.6364 192.9898 1.4790 1.6393 3.9866 41.4733 1.3913 51.9839 -4.1318 -5.8867
Car -1 -1 -7.5636 152.2550 0.0000 1241.0000 374.0000 1.5530 1.5933 3.8069 -0.4941 1.6424 1.0024 -7.9392 -5.8867
Car -1 -1 -4.8664 1241.0000 169.2577 1241.0000 193.6295 1.4671 1.6366 3.9886 41.4705 1.2503 45.5494 -4.1313 -5.8867
Car -1 -1 -4.8317 1209.0211 169.3209 1241.0000 192.3851 1.4785 1.6456 3.9988 41.4691 1.2517 48.3743 -4.1262 -5.8867
Car -1 -1 -6.9162 0.0000 0.0000 1241.0000 374.0000 1.5556 1.5932 3.8073 -2.1016 1.6710 1.0023 -7.9391 -5.8867
Car -1 -1 -4.8964 497.3474 182.7487 527.3129 204.0550 1.5224 1.5400 4.2757 -7.6371 2.3204 55.9383 -5.0319 -5.9979
Car -1 -1 -5.6541 766.8959 182.5200 886.1008 222.0323 1.3710 1.7621 4.2526 8.3652 1.7801 28.3436 -5.3705 -6.1070
Car -1 -1 -5.0487 1102.7908 183.4626 1155.0007 210.0394 1.6886 1.7415 3.7899 35.5290 2.4471 49.5520 -4.4300 -6.1391
Car -1 -1 -5.3120 728.0117 177.6567 805.4402 209.5534 1.3811 1.6160 3.9286 7.2642 1.6213 34.0060 -5.1038 -6.8475
