Car -1 -1 -4.4865 343.3122 181.5935 379.1382 206.0716 1.6921 1.6364 4.0773 -18.4228 2.3654 53.4995 -4.8169 -1.4690
Car -1 -1 -4.1130 121.9277 187.4294 206.3916 221.0197 1.5011 1.6249 3.9648 -22.1828 2.2692 36.0188 -4.6620 -1.6028
Car -1 -1 -4.7549 634.5020 182.4691 665.6430 209.8725 1.4440 1.6010 4.2264 2.2295 2.0267 41.6304 -4.7024 -1.8700
Car -1 -1 -7.5762 165.5186 187.7637 231.3082 225.3744 1.6048 1.6472 4.2324 -19.8017 2.3706 34.8218 -8.0903 -2.6197
Car -1 -1 -7.9226 644.1698 179.8738 682.1874 211.2923 1.5281 1.6941 4.4419 2.7260 1.9221 38.3078 -7.8526 -3.3539
Car -1 -1 -4.5000 606.6453 181.7818 648.1614 210.1189 1.4253 1.5664 3.4940 0.9548 1.9352 39.3581 -4.4765 -3.3718
Car -1 -1 -5.3035 647.8696 180.1254 740.8730 221.3991 1.4765 1.6580 4.1129 3.2298 1.7886 28.7957 -5.1936 -3.6008
Car -1 -1 -7.6959 246.6564 166.3773 275.7472 183.9659 1.4467 1.6630 3.6910 -29.6440 0.9137 61.3554 -8.1444 -3.7724
Car -1 -1 -4.7264 436.4879 184.9729 454.6196 202.1118 1.4896 1.6047 4.0539 -15.5235 2.6664 67.9234 -4.9507 -3.9292
Car -1 -1 -4.7788 650.0454 181.6979 691.7970 216.0930 1.4607 1.6559 4.1917 2.7541 1.9009 33.8321 -4.6989 -3.9926
Car -1 -1 -4.5809 117.9956 182.2755 162.6246 213.5576 1.5949 1.5791 3.8462 -26.0853 2.1455 40.1130 -5.1547 -4.0107
Car -1 -1 -4.5347 642.3126 182.1663 665.3881 198.2870 1.4711 1.6803 3.2474 4.2367 2.3930 69.6729 -4.4747 -4.0817
Car -1 -1 -4.7383 621.4125 182.6421 639.5404 199.2349 1.4204 1.5503 3.5773 1.8191 2.3353 65.6690 -4.7112 -4.1102
Car -1 -1 -4.4779 657.5893 178.8003 682.8212 195.2161 1.5360 1.6064 3.9729 5.9509 2.1401 71.2008 -4.3953 -4.3869
Car -1 -1 -5.2351 632.5977 180.4322 678.8599 203.5085 1.5194 1.5927 3.7414 3.1507 2.0747 50.8714 -5.1741 -4.4583
Car -1 -1 -4.9791 578.3477 182.4559 610.5341 202.2333 1.4855 1.6174 3.9304 -1.3219 2.2901 58.3643 -5.0021 -4.6033
Car -1 -1 -7.8580 620.9554 182.7788 661.0292 220.4589 1.3733 1.5130 3.5237 1.1879 1.7968 29.0268 -7.8182 -4.6405
Car -1 -1 -4.5101 604.9126 180.3802 638.1936 203.1022 1.5025 1.6545 3.6516 0.8221 2.0543 50.9718 -4.4946 -4.8080
Car -1 -1 -4.6047 280.5266 187.7849 321.1864 216.8507 1.4152 1.6042 4.2162 -16.9816 2.2829 39.6942 -5.0069 -4.8641
Car -1 -1 -4.1941 77.3032 181.9548 152.1286 212.8314 1.4706 1.6554 3.5112 -25.5156 1.9630 37.2512 -4.7915 -4.9266
Car -1 -1 -4.9887 501.8586 181.0225 532.3598 201.5520 1.6175 1.5972 3.6385 -7.8322 2.3237 60.4180 -5.1175 -5.1396
Car -1 -1 -5.3476 624.8413 179.9597 666.1486 198.9095 1.5588 1.6662 3.7959 3.0398 2.1983 62.9251 -5.3000 -5.1422
Car -1 -1 -3.2906 196.9712 177.1101 266.0754 209.1378 1.8028 1.6031 3.4251 -22.4230 2.0642 42.7121 -3.7717 -5.2328
Car -1 -1 -6.1273 656.2879 187.6108 705.0024 208.8508 1.6610 1.7185 3.7818 5.8160 2.9051 59.5417 -6.0310 -5.2422
Car -1 -1 -8.2077 312.8669 184.7340 354.3861 208.3703 1.5518 1.5813 3.6571 -19.6577 2.4254 51.1760 -8.5731 -5.3214
Car -1 -1 -5.2757 640.2158 177.8978 699.8615 201.4969 1.4354 1.7112 4.5740 3.8389 1.7829 47.3438 -5.1957 -5.3376
Car -1 -1 -4.6915 487.9948 183.0031 509.4071 201.3472 1.4139 1.6816 4.3475 -9.3060 2.2948 60.3838 -4.8441 -5.3588
Car -1 -1 -4.6489 544.9001 181.9451 567.1974 200.1004 1.4185 1.6129 4.0115 -4.5110 2.2047 60.4076 -4.7236 -5.4305
Car -1 -1 -4.9272 431.3611 184.0167 463.8345 203.8331 1.4601 1.6377 4.4638 -13.1645 2.3969 58.2028 -5.1491 -5.5894
Car -1 -1 -4.4686 443.2361 182.2616 469.2384 199.9123 1.6482 1.6952 3.5716 -15.1438 2.5989 71.1235 -4.6780 -5.5902
Car -1 -1 -4.7668 580.3522 181.0585 610.0573 205.9106 1.4080 1.5941 4.1308 -0.9866 1.9366 44.3988 -4.7894 -5.5936
Car -1 -1 -4.4904 453.8628 181.6767 487.0842 204.9279 1.7738 1.7495 4.3423 -11.3686 2.5207 58.9101 -4.6806 -5.6851
Car -1 -1 -5.0421 717.5377 182.2523 813.0956 233.9396 1.4119 1.6459 4.1265 4.6976 1.7346 22.6445 -4.8409 -5.7124
Car -1 -1 -4.6334 551.2369 182.0128 581.6227 207.8360 1.4661 1.5577 4.0187 -2.6757 2.0554 44.4250 -4.6937 -5.7172
Car -1 -1 -4.4546 411.2261 181.9295 439.5820 198.8374 1.5068 1.6134 4.1205 -17.5272 2.3952 68.5876 -4.7042 -5.8576
Car -1 -1 -4.5170 461.7400 181.6993 493.5852 203.1979 1.5012 1.6064 3.9597 -9.8925 2.1875 54.0144 -4.6977 -5.8867
Car -1 -1 -4.5666 500.0401 182.1933 529.4032 204.1463 1.5192 1.6062 3.9589 -7.0696 2.2387 53.6182 -4.6975 -5.8867
Car -1 -1 -3.5478 0.0000 192.3135 0.0000 374.0000 1.5030 1.6050 3.9572 -6.2774 1.6247 2.5310 -4.6974 -5.8867
Car -1 -1 -4.6369 555.2071 179.8258 576.7632 197.5171 1.4644 1.5965 3.9450 -3.8541 2.0947 63.2749 -4.6979 -5.8867
Car -1 -1 -6.7025 0.0000 0.0000 1241.0000 374.0000 1.5468 1.5869 3.8033 -3.7085 1.6661 1.0045 -7.9389 -5.8867
Car -1 -1 -4.6466 560.3320 179.5891 586.0103 201.2747 1.4665 1.5956 3.9457 -2.6502 1.9702 52.0104 -4.6977 -5.8867
Car -1 -1 -4.6623 574.4272 178.9704 594.6039 196.2057 1.4402 1.5876 3.9350 -2.2450 1.9965 63.6774 -4.6978 -5.8867
Car -1 -1 -6.9171 0.0000 0.0000 1241.0000 374.0000 1.5415 1.5870 3.8026 -2.1013 1.6255 1.0049 -7.9391 -5.8867
Car -1 -1 -4.4833 435.4175 181.5285 468.7640 202.6210 1.4851 1.6006 3.9519 -11.8948 2.1631 54.4263 -4.6978 -5.8867
Car -1 -1 -4.6444 592.1346 179.8949 613.2083 197.0118 1.4607 1.6439 3.9729 -0.6570 2.1171 65.2723 -4.6549 -5.8867
Car -1 -1 -4.3602 0.0000 185.1156 74.6464 252.1480 1.4881 1.6371 4.0884 -15.8921 1.8485 19.0228 -5.0494 -5.9029
Car -1 -1 -4.0546 423.2603 180.7094 486.7865 206.0178 1.4596 1.6197 4.2801 -9.6968 1.9774 45.3089 -4.2647 -5.9188
Car -1 -1 -4.3205 0.0000 188.1949 51.7672 291.8712 1.4334 1.6424 4.2640 -11.8884 1.7567 12.9357 -5.0535 -5.9201
Car -1 -1 -5.0215 657.3046 177.4783 690.3823 194.2664 1.4871 1.7981 4.4903 5.9165 1.9355 67.6179 -4.9350 -6.1278
Car -1 -1 -5.2739 855.3287 183.6069 1223.9995 374.0000 1.6860 1.7443 3.4425 4.1763 1.8288 7.8126 -4.7999 -6.5232
