Car -1 -1 -7.7879 381.7638 182.9557 427.0762 219.7912 1.3939 1.5775 4.0761 -8.7069 1.8528 30.6445 -8.0629 -0.2824
Car -1 -1 -7.8719 245.4836 189.5998 275.6324 218.0101 1.6197 1.6525 3.9061 -22.2175 2.7302 45.7456 -8.3220 -0.5335
Car -1 -1 -8.1615 764.2064 183.8141 809.7952 209.7597 1.4154 1.5607 3.7321 10.4302 2.0958 42.8974 -7.9252 -0.6114
Car -1 -1 -4.6598 940.2516 193.8807 971.9106 221.1545 1.4698 1.5616 3.5400 20.9917 2.8016 43.7849 -4.2160 -0.9317
Car -1 -1 -7.6189 1184.3698 176.2327 1241.0000 227.5891 1.5863 1.7040 4.0360 21.1196 1.7090 24.4091 -6.9121 -1.4620
Car -1 -1 -4.8805 1056.4716 178.8492 1107.8871 208.2408 1.4431 1.6099 4.0913 25.0907 1.7811 38.5198 -4.3071 -1.8219
Car -1 -1 -5.0764 724.5314 178.9365 764.3859 202.2904 1.7057 1.6918 4.0648 10.3513 2.1953 55.9713 -4.8950 -1.9282
Car -1 -1 -7.7790 466.6804 173.7863 492.6754 198.5110 2.0837 1.8948 4.8267 -11.4469 2.1687 63.4960 -7.9570 -2.0228
Car -1 -1 -4.9002 995.7437 176.3772 1045.5120 208.0533 1.6539 1.6462 4.1873 22.8884 1.8620 40.4205 -4.3885 -2.0955
Car -1 -1 -5.0476 1052.8141 168.3082 1154.0822 218.9837 1.5423 1.6293 3.6435 16.1777 1.4036 23.9271 -4.4591 -2.1823
Car -1 -1 -7.9978 642.2192 172.4493 683.9241 205.7356 1.7260 1.6849 4.1631 2.8129 1.7047 39.5513 -7.9278 -2.3692
Car -1 -1 -4.8222 1064.0913 182.8026 1107.9067 211.8821 1.5193 1.6454 3.9751 27.1506 2.1182 41.3106 -4.2445 -2.4677
Car -1 -1 -4.6829 572.6291 182.4454 591.1795 198.8045 1.4170 1.6038 3.7523 -2.5903 2.3269 66.5914 -4.7220 -2.5980
Car -1 -1 -8.0161 1142.6041 179.0769 1226.7201 227.7800 1.4172 1.5439 3.5672 18.4964 1.6356 23.4256 -7.3542 -2.8361
Car -1 -1 -4.5415 320.2255 183.4071 345.2780 200.7763 1.5722 1.6053 4.0360 -26.8960 2.6276 70.0427 -4.9072 -3.1645
Car -1 -1 -7.7718 414.2130 182.0347 437.6566 201.9719 1.6854 1.7161 4.1700 -16.6237 2.5429 65.2175 -8.0208 -3.1706
Car -1 -1 -4.1654 559.3295 178.8599 603.8689 199.3836 1.5109 1.6353 4.0223 -2.2110 1.9992 56.5356 -4.2047 -3.2388
Car -1 -1 -7.8393 1004.4977 178.0005 1047.8759 214.3384 1.4851 1.5838 3.3947 18.3518 1.7255 31.8809 -7.3214 -3.3955
Car -1 -1 -4.6391 776.6031 179.2441 804.6497 204.8324 1.5598 1.5192 3.5742 11.7314 1.9918 46.8830 -4.3959 -3.4532
Car -1 -1 -4.8328 1101.5967 193.9321 1143.0131 220.8707 1.5427 1.6883 4.2165 33.3495 2.9844 47.1081 -4.2204 -3.5546
Car -1 -1 -3.8111 821.4883 190.5266 899.1422 220.9055 1.5168 1.6038 3.7974 13.4955 2.5065 39.0308 -3.4813 -3.7016
Car -1 -1 -5.4200 1191.4287 192.9680 1241.0000 230.0424 1.5292 1.6659 3.5689 29.2123 2.5124 33.4904 -4.7078 -3.7919
Car -1 -1 -8.0552 112.7889 195.5623 200.7213 251.2050 1.5744 1.6705 4.4137 -15.4150 2.4094 24.3653 -8.6147 -4.0973
Car -1 -1 -8.0703 257.8751 175.9683 286.7936 193.5475 1.6267 1.6898 4.1009 -32.6448 1.9363 69.6672 -8.5072 -4.1718
Car -1 -1 -4.4531 162.7916 194.8096 248.4115 243.7948 1.4114 1.5668 4.0568 -13.8642 2.2339 24.8815 -4.9573 -4.2714
Car -1 -1 -4.6934 1038.2000 180.9415 1073.4282 209.7986 1.5487 1.6752 3.8626 25.9154 2.0421 41.9661 -4.1438 -4.4378
Car -1 -1 -5.5864 694.6487 176.5898 761.9784 203.1479 1.5555 1.6580 3.9954 7.2808 1.7982 44.8886 -5.4272 -4.4939
Car -1 -1 -4.4066 944.9903 188.2538 1010.3665 219.5807 1.6038 1.9365 5.1646 21.3903 2.5526 41.9443 -3.9385 -4.5991
Car -1 -1 -5.3842 1060.0114 195.7636 1131.5756 221.7114 1.4854 1.6477 4.1458 31.6529 3.0518 47.2099 -4.7971 -4.6079
Car -1 -1 -5.0972 517.9399 181.4960 556.5935 202.2617 1.5414 1.5858 4.2600 -5.8824 2.2590 57.6866 -5.1988 -4.8047
Car -1 -1 -3.4229 1036.9341 181.4052 1132.8771 217.9373 1.6751 1.7168 3.5495 22.9367 2.1060 35.0453 -2.8478 -5.2152
Car -1 -1 -7.9442 548.8400 181.8019 567.8746 194.6990 1.1715 1.5295 3.4646 -5.0446 2.0610 69.9174 -8.0164 -5.4371
Car -1 -1 -4.2645 324.5089 180.5338 405.6411 220.2101 1.5141 1.6445 4.0433 -10.2757 1.8604 30.4585 -4.5876 -5.5392
Car -1 -1 -4.9099 494.2019 178.3852 528.0349 201.6698 1.5421 1.6303 3.8717 -7.0402 1.9479 50.8784 -5.0471 -5.8128
Car -1 -1 -4.8763 449.3933 181.4096 479.6057 204.2446 1.6137 1.6383 3.8115 -11.0735 2.2856 54.6160 -5.0758 -5.8433
Car -1 -1 -4.9356 887.1843 182.3091 941.0021 218.8749 1.8854 1.7880 4.7169 17.1333 2.4543 40.9602 -4.5426 -5.8450
Car -1 -1 -4.5348 538.7145 177.6218 571.2714 198.5216 1.3839 1.5995 4.0399 -3.8621 1.7332 50.8222 -4.6107 -5.8471
Car -1 -1 -4.8739 520.2308 177.4089 553.7027 201.4194 1.5389 1.6350 4.0534 -5.0563 1.8631 49.2377 -4.9761 -5.8524
Car -1 -1 -4.4073 177.5198 199.7867 227.0980 227.9767 1.8099 1.9070 4.5522 -30.1078 3.8926 53.3803 -4.9191 -5.8675
Car -1 -1 -4.9040 501.4840 180.6994 529.9192 199.8652 1.5583 1.6747 4.2244 -8.2644 2.2654 62.7923 -5.0348 -5.8706
Car -1 -1 -7.8082 284.2499 177.4414 306.5813 198.1618 1.9613 1.8453 3.9496 -31.1292 2.4290 71.4334 -8.2181 -5.8883
Car -1 -1 -8.0771 531.0247 178.0230 555.1561 192.4294 1.3335 1.4847 4.0443 -6.5837 1.8536 70.4865 -8.1703 -5.9340
Car -1 -1 -7.3267 198.5577 196.9731 253.6677 223.5943 1.7684 1.6745 4.3741 -28.7689 3.6532 54.1724 -7.8132 -6.3484
Car -1 -1 -5.1019 717.8115 172.8385 777.0682 202.3651 1.4070 1.5908 3.8182 6.8264 1.4060 36.4148 -4.9185 -6.6584
Car -1 -1 -7.5512 562.9558 177.3126 590.7699 194.4670 1.6103 1.7354 3.5816 -3.2368 2.0590 70.6998 -7.5971 -8.9891
