Car -1 -1 -4.4893 445.4898 182.0871 490.0192 210.7312 1.4744 1.6224 3.8900 -7.9383 2.0160 40.3770 -4.6827 3.3250
Car -1 -1 -4.4799 500.5925 181.0191 529.5102 198.8574 1.4734 1.6409 4.0450 -8.3555 2.2167 63.6122 -4.6104 1.2332
Car -1 -1 -4.3750 303.3043 175.8124 340.3930 198.6325 1.9859 1.7375 4.5067 -26.1891 2.2642 65.6701 -4.7533 -1.4632
Car -1 -1 -4.4660 0.2397 187.1109 49.3064 209.9500 1.4105 1.6367 4.2002 -40.1998 2.4350 49.6182 -5.1445 -1.9505
Car -1 -1 -7.5950 626.3576 177.7979 662.4692 200.8896 1.5635 1.6349 3.9783 2.4869 1.9336 51.9140 -7.5479 -2.5922
Car -1 -1 -7.5371 81.3842 196.5676 134.6388 224.7685 1.5693 1.7262 3.5322 -31.5143 3.1232 45.3506 -8.1419 -2.7147
Car -1 -1 -4.7559 46.7602 185.6609 81.2605 209.9566 1.5503 1.7488 4.3507 -38.3707 2.4883 50.6310 -5.4021 -3.0118
Car -1 -1 -2.1063 0.0000 190.5468 18.3197 214.8158 1.4893 1.6971 3.8619 -41.4576 2.6950 47.7633 -2.8185 -3.0223
Car -1 -1 -7.8903 156.7297 186.2026 184.6006 209.3359 1.6007 1.6572 4.0974 -33.2944 2.6505 54.5936 -8.4360 -3.0474
Car -1 -1 -2.7592 569.6623 179.2128 652.1672 210.1207 1.4714 1.6160 3.8387 0.0082 1.8050 36.4182 -2.7596 -3.4450
Car -1 -1 -6.2516 169.5287 188.2514 253.3098 222.1903 1.4879 1.5872 3.4339 -19.0026 2.2547 34.4642 -6.7525 -3.4786
Car -1 -1 -4.3810 641.1740 179.0158 695.0423 209.6224 1.4804 1.6152 3.9922 3.0711 1.8223 37.9196 -4.3014 -3.6598
Car -1 -1 -5.6794 432.0894 178.1146 488.0194 201.4531 1.6253 1.6353 3.7020 -10.9153 2.0177 52.3856 -5.8841 -3.7445
Car -1 -1 -5.0413 89.7226 189.7769 133.9209 211.9109 1.4852 1.5575 3.6866 -36.4838 2.7632 52.7770 -5.6440 -3.9120
Car -1 -1 -7.4802 170.2504 188.7954 213.4083 210.3533 1.4973 1.5730 3.7771 -31.8642 2.7567 55.0336 -8.0032 -3.9331
Car -1 -1 -4.5475 61.8016 197.8604 105.8358 225.6123 1.5085 1.5929 3.9374 -32.8975 3.1464 45.1526 -5.1746 -4.0909
Car -1 -1 -4.6243 182.2436 202.8404 214.4494 227.2099 1.4641 1.6252 3.7631 -28.7632 3.6452 50.4408 -5.1406 -4.2363
Car -1 -1 -8.0882 643.9208 182.8365 700.5734 217.7400 1.3594 1.5910 3.7774 2.5823 1.8186 31.2267 -8.0071 -4.4558
Car -1 -1 -7.5146 320.9289 184.8415 377.9371 211.7855 1.3950 1.6825 4.5009 -14.9762 2.1235 41.6155 -7.8584 -4.8169
Car -1 -1 -4.2247 44.6662 202.3088 111.9274 231.2627 1.4693 1.7544 3.4291 -31.0092 3.2639 42.1462 -4.8562 -4.8620
Car -1 -1 -4.4912 623.7881 177.8099 652.4799 198.5401 1.6060 1.6421 3.3245 2.2858 2.0206 58.5864 -4.4529 -5.0528
Car -1 -1 -4.3848 72.0673 191.0772 145.3032 222.3732 1.4443 1.8190 4.6110 -26.7581 2.4821 38.6373 -4.9875 -5.1601
Car -1 -1 -4.6494 453.4125 178.3146 482.2175 200.1651 1.4258 1.7340 3.5467 -9.8252 1.8172 49.8879 -4.8432 -5.2460
Car -1 -1 -4.2549 147.3436 203.0993 201.4468 230.3797 1.4147 1.4335 3.3149 -25.8850 3.2854 42.9228 -4.7951 -5.2587
Car -1 -1 -7.6157 689.7620 180.9414 774.6723 241.9028 1.5741 1.6526 3.6239 3.6121 1.8331 21.1497 -7.4497 -5.4234
Car -1 -1 -4.7802 520.5641 182.2142 542.4573 199.8038 1.4633 1.6732 3.9215 -7.0460 2.3243 64.3138 -4.8893 -5.4696
Car -1 -1 -5.1148 434.6549 180.0116 475.6139 199.3076 1.3625 1.6100 3.9429 -11.7725 1.9241 54.5636 -5.3267 -5.7467
Car -1 -1 -4.5345 188.3289 191.1450 232.2552 223.0298 1.7451 1.6766 3.8782 -24.3520 2.9139 44.0114 -5.0377 -5.8306
Car -1 -1 -3.8704 404.7066 175.1910 476.1826 202.2059 1.7641 1.8615 4.8067 -11.7221 1.9340 50.0500 -4.0996 -5.8633
Car -1 -1 -4.5940 34.7988 183.0782 70.6186 204.9182 1.5058 1.6482 4.0112 -41.6083 2.2997 53.9022 -5.2492 -5.8867
Car -1 -1 -4.4663 0.0000 183.2465 0.0000 212.1484 1.5116 1.6532 4.0157 -41.6122 2.1389 41.4290 -5.2508 -5.8867
Car -1 -1 -4.6161 60.3920 184.3977 92.8884 205.6895 1.5297 1.6545 4.0110 -41.6050 2.4646 56.3117 -5.2503 -5.8867
Car -1 -1 -4.4365 0.0000 184.1454 0.0000 215.4487 1.5320 1.6564 4.0194 -41.6115 2.1759 39.0144 -5.2508 -5.8867
Car -1 -1 -4.5183 0.0000 182.6931 0.0000 210.0211 1.5352 1.6670 4.0462 -41.5725 2.1676 44.2445 -5.2697 -5.8867
Car -1 -1 -4.9803 581.3307 177.4213 609.4503 193.6518 1.4536 1.6268 4.0638 -1.4314 1.8977 68.0258 -5.0017 -5.8867
Car -1 -1 -7.3843 334.0205 183.4034 377.2224 204.9692 1.8478 1.8635 4.6335 -23.4399 2.8568 66.6104 -7.7217 -6.7962
