Car -1 -1 -3.9509 0.0000 202.2196 93.2112 239.3041 1.5157 1.5631 3.6347 -26.8553 2.9909 34.3673 -4.6106 -1.4141
Car -1 -1 -7.8696 642.0699 179.3801 671.5988 207.7429 1.5284 1.6249 3.6794 2.6290 1.9215 41.6195 -7.8075 -2.0470
Car -1 -1 -4.5648 649.5784 181.9178 691.8241 211.7088 1.4255 1.6552 3.9489 3.2021 1.9281 37.9225 -4.4818 -2.6819
Car -1 -1 -4.3091 297.8818 186.0104 351.8635 212.0023 1.3863 1.5632 3.8390 -16.7164 2.1943 42.3899 -4.6830 -3.0402
Car -1 -1 -2.5534 580.7425 179.8548 657.7205 207.8855 1.5436 1.6764 4.3417 0.4806 1.9753 42.6060 -2.5428 -3.1202
Car -1 -1 -4.4843 613.2165 180.0322 645.7784 200.9884 1.5335 1.6859 4.0115 1.5361 2.1160 56.4285 -4.4577 -3.3454
Car -1 -1 -4.2661 421.0720 181.3648 456.1990 200.1240 1.6124 1.6066 3.8799 -15.6451 2.4145 65.9589 -4.4984 -3.5562
Car -1 -1 -7.5900 440.2308 181.4917 474.9327 203.8382 1.5828 1.6562 3.6913 -11.4892 2.2570 54.4566 -7.7973 -3.6906
Car -1 -1 -6.9696 0.0000 193.9926 89.5445 252.5476 1.4199 1.6616 3.9320 -17.7307 2.0988 21.0928 -7.6625 -4.0288
Car -1 -1 -4.7177 44.7483 187.8920 89.6715 223.3927 1.6183 1.7652 4.7142 -28.1272 2.4467 37.3480 -5.3599 -4.3331
Car -1 -1 -4.8209 617.0469 181.2227 640.5899 199.1423 1.5043 1.6817 3.9142 1.6282 2.2753 64.4786 -4.7962 -4.4089
Car -1 -1 -4.9628 427.0978 179.5753 458.6732 198.7036 1.5145 1.6282 4.0949 -14.1528 2.1016 60.8622 -5.1906 -4.4842
Car -1 -1 -4.7343 619.5157 176.4551 644.0263 201.1643 1.7007 1.6757 4.3782 1.5166 1.9733 52.4954 -4.7061 -4.6259
Car -1 -1 -7.8144 618.0609 178.6864 662.5039 221.2870 1.5284 1.6026 3.7529 1.2006 1.7729 28.3511 -7.7732 -4.6795
Car -1 -1 -3.3799 364.2656 181.3003 416.3068 201.4753 1.7351 1.7257 4.2246 -19.9223 2.5215 65.3907 -3.6749 -4.8788
Car -1 -1 -4.5553 526.2045 186.2159 551.1397 206.7809 1.8492 1.8660 3.3728 -6.8008 3.1566 68.8772 -4.6538 -5.0903
Car -1 -1 -5.0889 507.8425 184.2507 542.1841 202.3612 1.6497 1.8490 4.4579 -8.4351 2.8111 71.1472 -5.2069 -5.2240
Car -1 -1 -4.6505 509.9308 180.2002 531.9337 200.8752 1.5218 1.4780 3.7759 -6.9616 2.1155 56.4100 -4.7731 -5.2612
Car -1 -1 -4.7521 547.4237 179.7190 572.2167 201.6738 1.5513 1.6923 4.4584 -3.8719 2.0938 54.7368 -4.8229 -5.3235
Car -1 -1 -8.0190 401.4867 181.4737 426.4539 201.1181 1.7288 1.6257 3.9519 -18.3871 2.5605 67.5085 -8.2842 -5.4047
Car -1 -1 -7.5854 200.8171 183.1689 295.4862 238.8237 1.4354 1.6021 3.4472 -10.5276 1.7635 21.1352 -8.0428 -5.5168
Car -1 -1 -4.9192 452.5466 181.4943 480.8553 199.2376 1.5288 1.6971 4.4207 -13.3291 2.3572 66.8390 -5.1156 -5.6380
Car -1 -1 -4.4018 352.4607 181.2776 400.9818 207.2686 1.4117 1.5483 4.0669 -13.7217 1.9318 42.5410 -4.7124 -5.6531
Car -1 -1 -4.9836 678.3694 179.3922 735.5940 211.8855 1.3636 1.5803 3.9850 4.3473 1.6831 33.2043 -4.8551 -5.7131
Car -1 -1 -5.2850 838.8885 188.7281 1108.7838 303.9732 1.3339 1.6260 4.1301 5.1865 1.6256 11.1089 -4.8592 -5.8053
Car -1 -1 -4.7870 675.4460 178.3972 710.7211 206.4693 1.4568 1.6360 4.2263 4.5658 1.7836 40.4313 -4.6759 -5.8221
Car -1 -1 -4.5912 106.1417 182.5800 215.1480 258.9161 1.5286 1.6762 4.2202 -10.6509 1.7920 17.2946 -5.1366 -5.8334
Car -1 -1 -4.2960 91.6700 178.7433 219.3134 239.2368 1.5522 1.6490 3.9747 -13.0929 1.7402 20.9990 -4.8481 -5.8379
Car -1 -1 -4.4755 519.2476 180.3106 551.8217 200.6815 1.4631 1.5853 4.0559 -5.7118 2.0581 55.4874 -4.5780 -5.8489
Car -1 -1 -4.5460 218.1539 181.6037 290.2289 227.1843 1.4410 1.6314 4.1786 -12.7082 1.7819 25.9031 -4.9984 -5.8605
Car -1 -1 -4.0516 248.7769 182.9961 333.3919 216.9285 1.5034 1.6305 4.0875 -15.6062 2.0321 35.4532 -4.4638 -5.8741
Car -1 -1 -4.5053 454.5015 180.7690 483.1518 199.2279 1.4628 1.5950 3.9436 -11.8942 2.1519 60.8625 -4.6979 -5.8867
Car -1 -1 -6.7021 0.0000 0.0000 1241.0000 374.0000 1.5599 1.5912 3.8073 -3.7083 1.7101 1.0030 -7.9388 -5.8867
Car -1 -1 -6.9165 0.0000 0.0000 1241.0000 374.0000 1.5592 1.5926 3.8081 -2.1009 1.6860 1.0030 -7.9390 -5.8867
Car -1 -1 -4.6452 558.9901 179.4121 585.3620 201.5743 1.4632 1.5956 3.9459 -2.6581 1.9426 50.7962 -4.6977 -5.8867
Car -1 -1 -3.5046 0.0000 197.1876 0.0000 374.0000 1.5118 1.6079 3.9600 -7.0813 1.6640 2.5300 -4.6973 -5.8867
Car -1 -1 -4.6536 567.4316 178.6075 589.0610 196.6428 1.4300 1.5850 3.9327 -2.6563 1.9275 60.4513 -4.6977 -5.8867
Car -1 -1 -4.5954 589.2410 178.0823 614.2450 196.4687 1.4487 1.6356 3.9420 -0.6803 1.8984 60.0610 -4.6071 -5.8867
Car -1 -1 -4.6288 236.9309 183.5522 292.8581 223.7800 1.4303 1.6723 4.2858 -13.9104 1.8967 29.1772 -5.0705 -5.8885
Car -1 -1 -4.9584 693.4172 178.9951 756.4854 217.2318 1.4405 1.6224 4.0533 4.6426 1.7129 29.9491 -4.8067 -5.9279
Car -1 -1 -4.5190 581.6237 181.5378 612.4895 202.8106 1.5580 1.6997 3.9401 -1.0052 2.2644 56.6366 -4.5371 -6.3606
Car -1 -1 -4.2693 536.9459 184.0853 568.0030 201.8627 1.6507 1.6375 3.7182 -5.6949 2.7963 71.5903 -4.3489 -6.4093
