Car -1 -1 -4.3620 269.6347 187.9155 364.7911 239.1742 1.5141 1.6843 4.0960 -9.8934 2.0706 24.6015 -4.7411 4.7556
Car -1 -1 -4.4951 382.3757 184.9269 429.2456 216.2354 1.4821 1.6656 3.1851 -10.4727 2.1292 37.0553 -4.7691 4.5770
Car -1 -1 -4.7966 486.2922 176.3777 514.5041 199.3070 1.5846 1.6921 4.1297 -8.0778 1.8527 52.7479 -4.9482 0.3808
Car -1 -1 -4.0159 269.6168 178.9246 324.1723 201.5648 1.7804 1.7837 4.3902 -26.1503 2.3079 60.3650 -4.4234 -1.2141
Car -1 -1 -4.8756 792.6626 177.0318 822.6544 198.1395 1.6437 1.6901 4.2778 16.1666 1.9995 59.2776 -4.6110 -1.6570
Car -1 -1 -4.7954 579.3719 179.1110 600.4370 194.4052 1.3509 1.6230 4.2596 -1.9371 1.9572 67.7447 -4.8242 -1.9889
Car -1 -1 -4.8285 227.9690 192.3810 265.8634 221.0370 1.5056 1.5843 3.6703 -21.4823 2.7104 42.5615 -5.2938 -2.3846
Car -1 -1 -6.5475 216.5819 189.2189 292.4533 215.4915 1.4730 1.6029 3.9383 -22.0314 2.5301 44.7216 -7.0032 -2.7229
Car -1 -1 -7.5513 743.4196 176.3160 775.6384 198.2499 1.6959 1.5552 3.5985 12.0932 1.9849 58.3537 -7.3484 -3.5614
Car -1 -1 -4.0240 269.7079 189.7747 327.8969 213.7394 1.5414 1.6330 4.0286 -22.2279 2.8025 51.6257 -4.4290 -3.5888
Car -1 -1 -5.0851 843.2325 174.4589 887.1778 201.6847 1.9803 1.7272 4.1940 19.3118 2.1067 54.8586 -4.7487 -3.6043
Car -1 -1 -3.3950 950.1874 186.6829 1031.7839 218.8985 1.5516 1.6689 3.3805 19.4129 2.2827 36.9681 -2.9154 -3.7245
Car -1 -1 -6.2466 137.2671 184.2313 234.2143 216.6986 1.5205 1.6712 4.1718 -21.5235 2.1263 36.7163 -6.7739 -3.7260
Car -1 -1 -4.8586 657.4951 174.4228 686.6813 196.3043 1.5599 1.6283 3.7099 4.5474 1.6803 53.6117 -4.7748 -3.7349
Car -1 -1 -5.3194 880.5627 180.1164 917.9115 196.8681 1.5598 1.6089 3.6369 28.3335 2.2921 70.8312 -4.9407 -3.8705
Car -1 -1 -5.4910 820.5082 177.5550 883.7420 207.1760 1.8831 1.6297 4.1049 16.2682 2.2148 48.7693 -5.1714 -4.0974
Car -1 -1 -4.1633 928.4819 181.7281 972.0059 201.5257 1.5847 1.6332 3.7187 28.7462 2.3555 60.9914 -3.7252 -4.1011
Car -1 -1 -2.7877 412.8864 185.4290 491.8297 214.0404 1.3838 1.5084 3.6338 -8.0474 2.0418 36.7755 -3.0021 -4.2324
Car -1 -1 -4.9702 891.4766 174.6408 929.7550 200.7603 1.7241 1.5878 3.4712 20.6280 1.8514 49.7039 -4.5794 -4.3672
Car -1 -1 -4.3953 355.0316 187.3574 401.1566 218.2397 1.8296 1.6809 3.9626 -14.9486 2.8060 46.6015 -4.7045 -4.3999
Car -1 -1 -8.0041 365.1702 182.5766 429.0270 227.4225 1.5553 1.7908 4.1513 -8.4505 1.9662 28.2622 -8.2925 -4.4070
Car -1 -1 -4.4738 1000.6718 185.9520 1064.5260 223.1994 1.4903 1.6187 3.8088 18.8332 2.1091 32.1664 -3.9487 -4.4718
Car -1 -1 -8.2065 395.4139 182.5059 457.1693 216.2022 1.4080 1.6412 3.4898 -8.5216 1.8765 33.1414 -8.4567 -4.5594
Car -1 -1 -4.7417 475.2443 178.2312 494.8440 198.5569 1.5823 1.4751 3.4428 -10.2603 2.0352 58.9747 -4.9136 -4.7227
Car -1 -1 -5.5849 826.6114 181.3068 882.7100 203.8296 1.8238 1.7864 4.5109 21.1497 2.5850 62.6110 -5.2611 -4.7861
Car -1 -1 -5.2148 248.1277 174.3135 298.3445 201.0860 2.0545 1.8019 4.2646 -26.9168 2.1746 57.5732 -5.6506 -4.7940
Car -1 -1 -4.8028 921.6112 174.9266 945.6974 192.7004 1.5739 1.6505 4.1230 29.8287 1.7714 66.6289 -4.3839 -4.8638
Car -1 -1 -5.3605 502.8407 179.4235 565.4700 208.0425 1.4987 1.5760 3.7096 -4.3346 1.8848 40.5453 -5.4668 -4.9484
Car -1 -1 -4.6256 632.9154 177.4670 663.2370 202.0948 1.4833 1.5963 4.2110 2.4603 1.7942 46.4769 -4.5735 -5.1222
Car -1 -1 -7.9172 321.6608 183.7827 376.2290 228.4048 1.5136 1.7086 4.5045 -10.2623 1.9748 28.0597 -8.2652 -5.2872
Car -1 -1 -8.5929 728.0012 174.2495 782.3823 198.7753 1.7942 1.7334 4.1497 11.0414 1.9050 55.2608 -8.3972 -5.3865
Car -1 -1 -4.6578 395.7254 180.0491 418.2256 197.8459 1.4257 1.6303 4.1110 -17.3658 2.0630 61.7513 -4.9311 -5.4167
Car -1 -1 -4.9548 350.5813 186.8130 428.7127 236.0638 1.4996 1.6763 4.1610 -7.8893 2.0344 25.4409 -5.2531 -5.5419
Car -1 -1 -8.0284 312.1656 178.7114 343.3442 200.7953 1.8278 1.8282 4.2942 -24.7959 2.3598 63.2536 -8.4008 -5.7332
Car -1 -1 -5.0517 579.1127 177.7128 615.4793 196.3627 1.3930 1.5945 4.1303 -1.0771 1.7932 57.2619 -5.0709 -5.7892
Car -1 -1 -4.4389 457.0631 187.3129 502.2400 212.6577 1.2762 1.6551 3.2035 -7.2013 2.1093 39.9156 -4.6167 -5.8030
Car -1 -1 -4.2295 298.4978 182.8485 362.2199 212.0479 1.4887 1.6511 3.9814 -15.5648 2.0750 40.2783 -4.5964 -5.8653
Car -1 -1 -5.1269 764.3988 175.7164 831.2789 206.6446 1.3981 1.6237 4.0916 9.0271 1.5458 35.1669 -4.8781 -5.8695
Car -1 -1 -4.6749 580.3105 178.9556 607.1711 203.0320 1.4609 1.5976 3.9445 -1.0511 1.8729 46.7719 -4.6977 -5.8867
Car -1 -1 -4.6444 559.8005 178.8675 583.1614 198.0944 1.4396 1.5896 3.9347 -3.0513 1.9328 57.2393 -4.6978 -5.8867
Car -1 -1 -4.6473 545.3686 181.1227 565.3938 198.2567 1.5186 1.6180 4.1826 -5.1447 2.3225 68.0767 -4.7229 -5.8867
Car -1 -1 -4.7706 611.0364 177.9168 639.3683 200.7812 1.3712 1.5703 4.0733 0.9012 1.7099 46.2517 -4.7517 -6.0302
Car -1 -1 -8.4222 741.7789 179.0204 782.6475 201.7652 1.5451 1.3451 3.2037 10.8389 2.0014 51.6938 -8.2172 -7.3546
