Car -1 -1 -7.8801 575.3098 172.9407 601.4747 194.1647 1.3624 1.6433 3.7823 -1.5115 1.3681 48.2667 -7.9116 2.4809
Car -1 -1 -7.8735 547.4232 171.0234 568.9094 189.7067 1.4619 1.6562 3.7397 -4.2482 1.3184 58.3969 -7.9461 1.9457
Car -1 -1 -7.5509 321.2197 174.5567 373.6266 203.4113 1.4422 1.5507 3.7563 -13.8707 1.5366 38.1993 -7.8973 -0.8671
Car -1 -1 -3.9633 296.0685 168.4181 344.8901 188.4783 1.6817 1.7111 3.9341 -25.1041 1.3096 62.6329 -4.3432 -1.0247
Car -1 -1 -5.0069 302.6535 173.2729 342.9401 194.7836 1.6382 1.7320 4.5423 -22.8923 1.6726 57.3573 -5.3852 -1.4858
Car -1 -1 -5.0598 150.3995 178.6120 204.8400 205.2617 1.5719 1.6544 4.0567 -27.2130 1.9486 45.3139 -5.5982 -2.2367
Car -1 -1 -7.9783 319.8578 170.9395 344.5761 188.8122 1.6214 1.6672 4.1049 -26.0929 1.4474 67.6588 -8.3453 -2.5649
Car -1 -1 -4.7408 897.6289 178.0867 916.1807 193.9967 1.4858 1.5684 3.5065 28.9913 2.0111 70.5608 -4.3528 -2.7323
Car -1 -1 -3.5617 693.4445 177.3780 738.3896 194.0282 1.5706 1.6507 3.9960 10.2671 2.0184 70.1271 -3.4173 -2.7997
Car -1 -1 -4.8041 328.7760 175.2920 356.8614 195.7458 1.5554 1.7283 4.1954 -21.4129 1.7576 57.6740 -5.1583 -2.9097
Car -1 -1 -4.9636 997.6590 178.9487 1037.0443 202.3325 1.5993 1.6029 3.7118 29.4923 2.0584 52.3895 -4.4537 -3.0093
Car -1 -1 -1.9570 154.8608 182.0611 224.6284 214.8111 1.5602 1.6976 4.1319 -21.8501 2.0618 37.3978 -2.4829 -3.0972
Car -1 -1 -4.5359 0.0000 182.0634 59.0554 219.7010 1.5688 1.6165 3.8798 -26.7618 2.0188 33.1891 -5.2107 -3.5344
Car -1 -1 -4.4971 349.8577 176.2428 392.2094 203.1064 1.4892 1.6174 3.6359 -14.0127 1.6968 42.3682 -4.8150 -3.7052
Car -1 -1 -7.4797 371.2393 172.4438 425.3636 197.7338 1.6211 1.8563 4.8561 -14.2487 1.5945 48.7521 -7.7628 -3.8404
Car -1 -1 -4.7824 170.5033 179.5793 210.0903 208.9694 1.5921 1.7015 4.6704 -24.8557 2.0113 42.6002 -5.3081 -3.8601
Car -1 -1 -6.4276 516.4497 173.3557 578.2950 196.5538 1.6121 1.6661 4.1995 -4.5140 1.6485 51.4897 -6.5150 -3.8653
Car -1 -1 -6.8876 32.0624 179.3632 138.5414 215.2329 1.6233 1.6701 4.0084 -25.8169 1.9638 35.6096 -7.5116 -3.8889
Car -1 -1 -4.8437 564.4832 173.9365 588.5977 192.7053 1.5886 1.6252 3.7969 -2.9884 1.6863 63.3158 -4.8910 -4.1062
Car -1 -1 -4.6098 258.7682 171.2816 290.0973 196.9962 1.8005 1.6523 4.1836 -24.5222 1.6901 52.7682 -5.0431 -4.4417
Car -1 -1 -4.9530 397.4265 177.0513 433.9162 199.9864 1.5540 1.6049 4.0751 -14.0317 1.8680 51.8549 -5.2163 -4.6003
Car -1 -1 -7.8766 993.4853 184.8334 1015.8035 202.1597 1.5236 1.7583 3.6814 37.3086 2.6912 68.3072 -7.3790 -4.7173
Car -1 -1 -8.1851 1180.0070 193.0085 1241.0000 233.4347 1.5102 1.5323 3.6531 26.0061 2.4285 30.9077 -7.4910 -4.8628
Car -1 -1 -4.9741 725.9457 175.4715 753.3009 193.6856 1.6715 1.6797 3.5953 12.2735 1.9269 68.6138 -4.7982 -4.9542
Car -1 -1 -4.8685 319.3965 177.2710 353.8264 203.3333 1.6755 1.6265 3.7613 -18.6705 1.9883 49.1136 -5.2303 -5.0536
Car -1 -1 -7.3317 142.1698 192.5905 223.8447 230.0070 1.3190 1.4757 2.9907 -16.8369 2.1398 28.5191 -7.8612 -5.0594
Car -1 -1 -4.6763 818.7486 186.5226 852.7853 215.4031 1.3663 1.5917 3.5584 11.8583 2.1211 37.9163 -4.3760 -5.1269
Car -1 -1 -4.2940 675.6417 177.1931 708.6131 192.8970 1.4157 1.7279 3.7478 7.7731 1.8381 68.2350 -4.1814 -5.1848
Car -1 -1 -5.3605 568.2960 171.7194 616.2670 191.9890 1.6323 1.6794 4.4192 -1.5474 1.5406 60.3557 -5.3864 -5.2521
Car -1 -1 -7.6170 393.8691 178.3340 421.2279 196.0185 1.6586 1.7242 3.8766 -19.8636 2.2114 70.8596 -7.8896 -5.3176
Car -1 -1 -4.6127 346.5999 174.8391 372.5762 195.7473 1.6279 1.5990 4.0650 -20.3775 1.7952 58.7521 -4.9454 -5.3311
Car -1 -1 -5.1378 699.5696 175.7279 739.0151 192.3202 1.4715 1.7981 4.8418 10.1400 1.7502 67.4578 -4.9896 -5.4803
Car -1 -1 -6.9786 265.6093 171.6489 338.1411 200.0410 1.9314 1.9032 4.6192 -21.9727 1.8491 51.5726 -7.3798 -5.5437
Car -1 -1 -4.5191 765.1062 176.8265 794.6436 194.8992 1.4023 1.5862 4.2182 13.9501 1.7405 59.2242 -4.2892 -5.6266
Car -1 -1 -4.5185 813.0056 177.6343 846.0930 198.6832 1.4693 1.5963 4.1085 16.2973 1.8382 53.5485 -4.2250 -5.6419
Car -1 -1 -2.3457 0.0000 185.7203 3.9356 308.5269 1.4874 1.7301 4.6717 -11.5048 1.6816 9.9244 -3.1912 -5.6525
Car -1 -1 -7.9729 768.8477 183.1616 851.6559 252.1920 1.4425 1.4788 3.5144 4.6912 1.7180 17.4697 -7.7157 -5.6632
Car -1 -1 -4.1941 426.8836 169.4535 467.2518 186.8806 1.5824 1.8020 4.3124 -15.2898 1.2733 67.8408 -4.4152 -5.6803
Car -1 -1 -5.8941 1070.1873 179.7412 1152.4167 209.5962 1.8830 1.7945 4.1988 33.7951 2.3698 48.7927 -5.2917 -5.7427
Car -1 -1 -7.8823 273.1107 182.5763 302.9303 211.0605 1.5255 1.4817 2.7250 -18.4631 2.1019 41.2498 -8.3011 -5.8326
Car -1 -1 -4.3940 713.2529 176.7663 746.9869 194.4486 1.4666 1.6678 4.2553 10.5195 1.8208 63.1204 -4.2299 -5.8417
Car -1 -1 -4.3045 287.2404 171.4050 325.6898 192.2079 1.8494 1.7032 4.2585 -27.8495 1.7203 66.2842 -4.7010 -5.8468
Car -1 -1 -5.1877 821.7364 176.5879 862.1282 195.1995 1.4952 1.6172 3.9243 19.4897 1.8206 60.8666 -4.8796 -5.8534
Car -1 -1 -4.8181 1186.0320 172.2996 1224.6487 194.8281 1.5065 1.6495 3.9926 41.4739 1.4691 50.3722 -4.1324 -5.8867
Car -1 -1 -4.9325 1241.0000 169.1719 1241.0000 197.6234 1.4904 1.6421 3.9903 41.4712 1.2972 39.9152 -4.1318 -5.8867
Car -1 -1 -4.8421 1213.8271 171.3816 1241.0000 194.9121 1.4949 1.6462 3.9919 41.4729 1.4010 47.9591 -4.1324 -5.8867
Car -1 -1 -4.6650 1033.5935 175.1803 1056.2108 192.2825 1.5674 1.6688 4.0475 41.5035 1.7960 68.8592 -4.1248 -5.8867
Car -1 -1 -4.8855 1241.0000 171.3188 1241.0000 197.4509 1.5143 1.6520 3.9950 41.4728 1.4250 43.9353 -4.1325 -5.8867
Car -1 -1 -4.7729 1141.3258 171.4661 1172.5920 191.5325 1.4654 1.6381 3.9889 41.4720 1.3637 54.8073 -4.1279 -5.8867
Car -1 -1 -4.8028 955.4398 178.9861 979.2659 195.6390 1.4930 1.6486 4.1370 33.8965 2.0943 68.5562 -4.3457 -5.8867
Car -1 -1 -4.8552 809.9879 177.5507 834.0873 193.4149 1.4352 1.6073 4.2279 20.1570 1.8970 68.7857 -4.5716 -5.9953
Car -1 -1 -7.5812 1053.3959 176.1582 1091.0529 196.3628 1.7174 1.7210 4.3416 41.0636 2.0202 64.1038 -7.0139 -6.3315
Car -1 -1 -5.1959 0.0000 178.1284 5.4469 292.9680 1.5578 1.8167 4.4675 -12.2310 1.6518 11.4126 -6.0041 -6.4960
Car -1 -1 -7.8834 660.4474 165.7101 685.1418 188.4524 1.7263 1.8096 4.0663 4.8847 1.1838 56.8514 -7.7984 -6.6360
Car -1 -1 -2.5392 389.1317 167.3499 442.7798 190.0566 1.7717 1.7657 3.8207 -15.5557 1.3420 57.7694 -2.8013 -7.1415
