Car -1 -1 -4.3175 225.7040 184.9444 368.6211 259.0500 1.4568 1.6555 3.8481 -7.1184 1.7692 16.7381 -4.7144 6.6327
Car -1 -1 -6.8960 821.9303 188.8688 909.8686 223.6648 1.4885 1.6313 3.5330 11.7502 2.2555 33.3006 -6.5603 -1.3257
Car -1 -1 -4.5303 713.0054 187.6415 752.8350 217.0522 1.5172 1.5994 3.7774 7.0455 2.4060 41.3307 -4.3633 -2.0375
Car -1 -1 -5.2729 274.7343 173.9602 316.7701 192.2517 1.7173 1.7194 4.2857 -30.4748 1.8271 69.8942 -5.6829 -2.3548
Car -1 -1 -4.3123 628.8978 178.0535 657.6569 193.8978 1.4771 1.5558 3.5313 3.2556 1.9985 70.4608 -4.2667 -2.3862
Car -1 -1 -7.5588 317.2786 179.2579 370.9124 208.8835 1.4740 1.6306 3.9074 -14.2479 1.8354 38.7587 -7.9092 -2.4793
Car -1 -1 -4.9188 229.9603 200.2236 269.0881 227.5464 1.4474 1.4443 3.4361 -21.8501 3.1697 43.6158 -5.3812 -2.4827
Car -1 -1 -5.0509 119.2575 187.3502 174.7203 216.3493 1.5893 1.6379 3.7681 -27.7478 2.4923 43.1544 -5.6198 -2.5620
Car -1 -1 -7.9670 579.9841 174.5269 601.1339 189.1477 1.2771 1.5503 3.2209 -1.7987 1.4318 65.1199 -7.9948 -2.6362
Car -1 -1 -5.8574 629.7233 176.8447 672.1552 194.8105 1.5850 1.6302 3.5075 3.7131 1.9576 65.8742 -5.8017 -2.9108
Car -1 -1 -4.8847 620.2356 176.2844 654.0348 201.1831 1.5705 1.6053 3.8443 1.7333 1.8084 48.0803 -4.8493 -3.2417
Car -1 -1 -7.6111 103.9267 188.5016 161.4839 220.5429 1.5629 1.7007 4.0181 -26.0796 2.4664 39.4989 -8.1918 -3.3886
Car -1 -1 -6.0880 648.9661 183.0176 728.6469 212.2489 1.5618 1.7066 4.2532 4.4515 2.1595 41.0051 -5.9812 -3.4512
Car -1 -1 -4.6419 1083.5525 181.8904 1111.3770 203.1403 1.6888 1.6946 3.9092 41.3139 2.4803 61.1599 -4.0505 -3.8763
Car -1 -1 -2.1839 268.4314 177.1434 373.8441 223.6469 1.6240 1.6530 4.0969 -11.0227 1.7970 27.3418 -2.5641 -3.9215
Car -1 -1 -6.8772 642.6982 176.5266 732.4583 208.8560 1.4749 1.6540 4.1095 3.7368 1.6614 34.9986 -6.7723 -4.0584
Car -1 -1 -4.6986 453.6599 180.2308 470.6790 194.9788 1.3778 1.5984 3.7047 -14.6130 2.1270 71.3464 -4.9002 -4.0604
Car -1 -1 -7.8359 319.4375 179.8849 356.3271 213.3762 1.5201 1.6208 3.7107 -13.4265 1.8865 35.6166 -8.1943 -4.2930
Car -1 -1 -4.6354 650.3297 177.7892 675.6351 198.9377 1.6316 1.7340 4.4603 4.3493 2.0514 59.0896 -4.5627 -4.2994
Car -1 -1 -7.5149 638.5853 177.6886 684.6790 202.4617 1.5363 1.7540 4.2185 3.4468 1.8723 47.9202 -7.4440 -4.3001
Car -1 -1 -7.0038 615.7782 175.4270 668.9775 198.1278 1.6506 1.6805 3.8949 2.4495 1.8523 54.7644 -6.9598 -4.4045
Car -1 -1 -5.3031 1117.6173 198.7509 1215.8380 239.0644 1.5169 1.5929 3.6727 24.0910 2.7127 31.4443 -4.6546 -4.4426
Car -1 -1 -3.0794 522.0312 175.6470 565.4824 195.8270 1.7086 1.7012 3.6351 -5.7116 1.9528 62.2459 -3.1709 -4.4479
Car -1 -1 -4.4419 690.9476 180.3832 717.8157 197.1432 1.5507 1.6671 3.7700 9.2516 2.3094 70.6716 -4.3127 -4.5584
Car -1 -1 -4.8046 618.5817 173.8876 653.0132 202.9349 1.6388 1.6246 4.6676 1.4563 1.7038 43.2540 -4.7716 -4.6170
Car -1 -1 -4.7711 170.7061 197.9698 204.8860 227.1990 1.5059 1.5267 3.7478 -24.9699 3.0563 42.5651 -5.2992 -4.8065
Car -1 -1 -4.7857 11.7278 211.2676 70.4795 256.1768 1.4531 1.5657 3.3932 -22.2898 3.0477 28.1757 -5.4506 -4.8159
Car -1 -1 -4.4053 248.7832 182.1067 348.6215 234.4600 1.5194 1.7587 4.4875 -10.2737 1.8575 24.0740 -4.8050 -5.2878
Car -1 -1 -4.4445 276.7232 181.3000 346.4098 216.1301 1.3858 1.7493 4.4003 -13.2118 1.7881 32.1073 -4.8323 -5.3150
Car -1 -1 -6.5210 231.6778 191.4993 320.5165 222.4493 1.6224 1.7484 4.4510 -19.6052 2.7707 42.3794 -6.9523 -5.5673
Car -1 -1 -4.9134 1241.0000 168.2511 1241.0000 195.4518 1.4707 1.6408 3.9919 41.4686 1.2216 41.1306 -4.1277 -5.8867
Car -1 -1 -4.6555 1029.9323 172.6986 1052.4918 188.5195 1.4712 1.6416 4.0179 41.3678 1.4565 69.2215 -4.1190 -5.8867
Car -1 -1 -4.9433 1241.0000 168.0991 1241.0000 197.4301 1.4877 1.6447 3.9945 41.4692 1.2462 38.7163 -4.1275 -5.8867
Car -1 -1 -4.6865 1051.6993 177.8038 1074.6290 196.1266 1.5937 1.6848 4.0200 41.4844 2.0612 66.0564 -4.1281 -5.8867
Car -1 -1 -4.8822 1241.0000 166.3624 1241.0000 191.9481 1.4691 1.6463 4.0036 41.4657 1.0960 43.5509 -4.1248 -5.8867
Car -1 -1 -7.6877 359.1447 179.6449 384.7211 200.9742 1.7424 1.4997 3.6876 -20.4833 2.3449 62.1116 -8.0053 -5.9840
Car -1 -1 -4.4810 246.7588 188.0996 352.4008 246.6168 1.3712 1.7310 4.5407 -8.7077 1.8550 20.5301 -4.8779 -5.9953
Car -1 -1 -5.0133 555.9371 179.7669 589.3047 199.8366 1.4581 1.5426 3.7054 -2.9532 2.0117 55.8073 -5.0664 -6.0038
