Car -1 -1 -4.5295 477.1241 179.5830 512.4532 202.4844 1.4334 1.6074 4.2078 -7.7308 1.9055 48.5318 -4.6870 2.6771
Car -1 -1 -4.9576 575.9099 177.0540 601.2632 193.2285 1.5285 1.6164 3.8399 -2.1640 1.9554 71.3268 -4.9881 -0.7485
Car -1 -1 -7.4970 346.2526 181.0302 398.2848 206.4640 1.4272 1.6954 4.0372 -14.4144 1.9471 43.8587 -7.8131 -2.7527
Car -1 -1 -4.4385 0.6438 184.5316 67.2458 219.9820 1.5903 1.6375 3.6455 -28.4356 2.1998 35.6818 -5.1079 -2.8924
Car -1 -1 -7.1672 196.8503 185.7879 295.3924 224.8528 1.3931 1.5958 3.6106 -14.5375 1.9466 28.9526 -7.6292 -3.0030
Car -1 -1 -5.0046 151.5456 177.5747 187.8698 195.7545 1.5931 1.7236 4.1752 -40.5106 2.0400 66.3209 -5.5514 -3.0306
Car -1 -1 -4.8166 348.6518 183.5940 372.6996 202.0336 1.6544 1.7499 4.4179 -24.1898 2.7294 69.8696 -5.1491 -3.2830
Car -1 -1 -4.6971 504.9545 177.0188 531.2727 201.4601 1.5510 1.6888 4.4533 -6.2216 1.8461 48.8787 -4.8235 -3.3383
Car -1 -1 -3.2180 180.8788 191.9694 269.0058 226.4322 1.4770 1.6281 3.5968 -18.3840 2.4318 34.4030 -3.7058 -3.4026
Car -1 -1 -4.8086 423.2417 177.1152 452.5267 200.4577 1.6221 1.7005 4.2271 -12.7659 1.9497 53.2458 -5.0431 -3.4855
Car -1 -1 -2.3454 130.1428 176.6828 181.3451 195.2197 1.6141 1.6897 3.8259 -40.6928 1.9635 64.6213 -2.9057 -3.6710
Car -1 -1 -4.3113 453.0975 176.6784 483.7939 192.5618 1.4935 1.6112 3.7745 -13.8781 1.8792 70.8257 -4.5044 -3.7087
Car -1 -1 -4.7176 149.7287 183.1702 181.0434 210.7832 1.6091 1.6299 4.1053 -28.2840 2.2954 45.8451 -5.2680 -3.7420
Car -1 -1 -4.8836 726.8253 183.9193 750.3584 199.5773 1.4097 1.5886 3.8863 12.3625 2.5074 69.6550 -4.7091 -4.0716
Car -1 -1 -4.5444 157.7984 176.7328 195.2229 202.1429 1.6864 1.6054 3.9700 -30.4237 1.9700 50.6804 -5.0829 -4.2078
Car -1 -1 -8.5239 589.7301 177.7899 632.7813 196.9249 1.7666 1.7355 4.5403 0.0657 2.2618 70.1276 -8.5234 -4.3680
Car -1 -1 -4.9974 531.7232 181.8836 557.4969 199.1431 1.5931 1.5723 3.5485 -6.4387 2.5002 70.5685 -5.0885 -4.3921
Car -1 -1 -4.8855 1114.9250 199.6762 1162.3262 228.4986 1.4770 1.6394 3.6370 31.1664 3.1373 42.6787 -4.2588 -4.4471
Car -1 -1 -4.7068 294.3854 179.7973 312.9250 197.3158 1.5743 1.5818 4.0365 -29.1825 2.2562 68.7275 -5.1072 -4.4610
Car -1 -1 -5.0620 557.6345 180.8041 589.6559 197.3236 1.5235 1.7664 4.3448 -3.6401 2.3329 71.1447 -5.1134 -4.4865
Car -1 -1 -5.2986 663.4267 188.5393 707.8073 210.5248 1.5352 1.5919 3.7010 5.7237 2.7799 55.2589 -5.1966 -4.5239
Car -1 -1 -6.9788 622.5734 178.2463 682.4312 203.2663 1.7699 1.7565 4.3515 3.1704 2.1874 53.9038 -6.9209 -4.5250
Car -1 -1 -3.9587 438.8050 178.2095 501.2799 204.6391 1.5495 1.6382 3.8702 -8.7533 1.9002 45.2160 -4.1492 -4.5277
Car -1 -1 -4.7990 935.4612 191.7980 962.5532 211.6429 1.4566 1.6499 4.1838 27.8882 3.0776 59.5016 -4.3632 -4.5567
Car -1 -1 -4.6081 620.5956 175.4964 641.2014 192.5276 1.6060 1.6230 3.9237 2.0558 1.8722 70.7262 -4.5795 -4.5776
Car -1 -1 -5.0076 687.3398 193.4146 735.2069 223.5319 1.5001 1.5882 3.9472 5.6356 2.7229 40.8474 -4.8722 -4.6118
Car -1 -1 -5.0450 676.5460 190.9391 718.1951 215.3333 1.5495 1.6759 4.1065 6.1228 2.8886 51.2545 -4.9275 -4.7997
Car -1 -1 -4.4341 512.2548 178.5498 549.0492 198.5612 1.5525 1.8480 4.5576 -6.5426 2.0428 59.7455 -4.5431 -4.9045
Car -1 -1 -4.7335 599.8838 176.5713 627.1321 200.4507 1.4197 1.6251 4.5932 0.1461 1.6679 45.9272 -4.7308 -5.0020
Car -1 -1 -4.9500 844.2989 196.3020 880.0230 219.2035 1.3786 1.4554 3.7089 17.1396 3.0417 49.2709 -4.6178 -5.0144
Car -1 -1 -4.9715 1070.6063 191.3399 1107.1489 213.4020 1.6537 1.6249 3.5881 39.2990 3.2236 59.3266 -4.3893 -5.1451
Car -1 -1 -4.6331 612.4896 174.9712 637.3738 197.7089 1.6608 1.6011 3.8811 1.1434 1.8281 55.0883 -4.6129 -5.1488
Car -1 -1 -4.8927 762.2806 189.6631 793.9352 212.5701 1.4520 1.5311 3.4656 11.6007 2.6598 50.0933 -4.6671 -5.2089
Car -1 -1 -5.0204 542.8715 179.0937 578.5009 197.3551 1.4057 1.6822 4.3545 -4.1328 1.9399 59.4714 -5.0899 -5.2165
Car -1 -1 -4.9712 483.4813 175.7038 510.4359 194.3833 1.5255 1.4718 3.2657 -9.6453 1.7743 61.2649 -5.1270 -5.2409
Car -1 -1 -4.2001 908.1722 191.9861 963.6023 216.7577 1.6386 1.7838 4.4006 23.8783 3.0943 52.8841 -3.7788 -5.2905
Car -1 -1 -2.3813 0.0000 193.0488 63.3410 229.4413 1.4460 1.6480 4.2354 -25.9758 2.3311 30.6803 -3.0797 -5.4067
Car -1 -1 -4.5098 418.1396 177.2916 455.5674 201.8850 1.5195 1.5802 4.1924 -11.3682 1.8241 47.4647 -4.7439 -5.5035
Car -1 -1 -4.6591 471.2054 176.6873 496.3374 197.1782 1.5867 1.7977 4.2522 -10.2952 1.9112 58.9199 -4.8317 -5.5272
Car -1 -1 -4.6512 572.7328 178.4374 600.2867 201.1137 1.3561 1.5269 3.8958 -1.4977 1.7276 46.0873 -4.6840 -5.6668
Car -1 -1 -4.5599 511.9587 177.7132 545.2734 200.2634 1.3527 1.5292 4.0051 -5.1983 1.6771 46.1892 -4.6718 -5.7735
Car -1 -1 -4.5811 534.2696 178.5560 566.6273 201.2482 1.3583 1.5523 4.0612 -3.8101 1.7402 46.2941 -4.6632 -5.7900
Car -1 -1 -4.1364 374.0459 180.1057 423.5882 200.4860 1.4716 1.6579 4.2148 -16.3466 2.0564 55.9635 -4.4197 -5.7980
Car -1 -1 -4.7934 1156.1986 175.9468 1191.1033 199.0921 1.6218 1.7001 3.9250 41.5003 1.8586 53.2284 -4.1342 -5.8112
Car -1 -1 -4.8354 582.8906 176.4079 610.7010 195.7211 1.3877 1.6054 4.1644 -1.0694 1.6682 54.8212 -4.8552 -5.8219
Car -1 -1 -8.0247 317.5131 175.8974 341.9295 194.3942 1.7394 1.6335 3.6112 -27.4113 2.0446 70.4680 -8.3947 -5.8236
Car -1 -1 -4.6861 1049.1530 172.5934 1071.3361 189.0817 1.4706 1.6396 3.9893 41.4742 1.4470 66.4690 -4.1305 -5.8867
Car -1 -1 -4.7173 1078.1104 176.0208 1101.8389 194.7743 1.5490 1.6635 3.9912 41.4841 1.8320 62.4399 -4.1334 -5.8867
Car -1 -1 -4.5908 485.7935 178.7837 507.8499 194.5132 1.4081 1.5861 3.9912 -10.6772 1.9843 68.1353 -4.7460 -5.8867
Car -1 -1 -4.6432 560.0350 178.2352 581.0994 195.1766 1.4099 1.5795 3.9234 -3.4531 1.8962 63.2742 -4.6978 -5.8867
Car -1 -1 -4.8302 1208.9849 168.7462 1241.0000 191.9794 1.4893 1.6500 4.0047 41.4685 1.2257 48.3769 -4.1248 -5.8867
Car -1 -1 -6.7853 0.0000 0.0000 1241.0000 374.0000 1.5411 1.5874 3.8024 -2.9055 1.6325 1.0045 -7.9391 -5.8867
Car -1 -1 -3.5045 0.0000 190.9667 0.0000 374.0000 1.5000 1.6050 3.9557 -7.0817 1.6132 2.5306 -4.6972 -5.8867
Car -1 -1 -7.3771 1008.8380 170.3195 1047.8107 186.4954 1.5354 1.6497 3.9731 40.7233 1.2945 70.2562 -6.8539 -5.8867
Car -1 -1 -4.6638 1033.5853 172.6755 1055.9415 188.6624 1.4784 1.6429 4.0400 41.4919 1.4616 68.8623 -4.1236 -5.8867
Car -1 -1 -4.7374 1053.6729 185.3281 1078.9098 206.3075 1.6478 1.6995 3.9585 38.7345 2.7451 61.3494 -4.1769 -6.0869
Car -1 -1 -4.8587 498.6317 181.2721 525.9062 199.1421 1.3621 1.6259 4.1754 -8.0962 2.0801 59.3333 -4.9941 -6.0960
Car -1 -1 -4.3509 1090.1436 186.5434 1133.9338 205.5408 1.4238 1.6985 3.7586 40.6128 2.5649 58.3914 -3.7460 -6.1449
Car -1 -1 -4.8163 680.4562 189.7909 706.4373 210.5466 1.4916 1.6350 3.8562 6.5238 2.8735 56.9469 -4.7035 -6.7517
