Car -1 -1 -7.8462 584.9197 174.5074 606.1046 192.5480 1.4118 1.6687 4.0112 -1.1943 1.5510 58.8505 -7.8668 2.3366
Car -1 -1 -3.6399 1172.3018 191.6391 1241.0000 218.4805 1.5431 1.6679 3.7829 37.1241 2.7275 44.3229 -2.9465 -2.0321
Car -1 -1 -6.6273 364.2415 175.5025 429.9483 200.4043 1.7512 1.7819 4.2935 -15.6874 1.9533 53.1483 -6.9133 -2.0857
Car -1 -1 -2.8804 598.0522 174.8183 677.1011 203.3552 1.5159 1.6317 4.0860 1.4969 1.6279 39.8971 -2.8437 -2.1354
Car -1 -1 -4.4388 378.6534 175.8874 409.5093 195.8948 1.7415 1.6579 4.0086 -19.5596 2.0247 65.4325 -4.7285 -2.3086
Car -1 -1 -4.4949 247.5084 177.9096 297.7455 209.2189 1.5438 1.6709 3.5429 -17.7885 1.8238 38.1032 -4.9293 -2.4094
Car -1 -1 -7.8437 562.4368 172.5629 579.1624 187.1745 1.3834 1.5822 3.4018 -3.8084 1.3556 70.0501 -7.8981 -2.7041
Car -1 -1 -4.3762 626.8787 174.6881 670.7178 198.4177 1.5344 1.6619 4.3269 2.6718 1.6654 49.3312 -4.3228 -2.9405
Car -1 -1 -5.3277 745.5807 183.1658 801.7648 208.5642 1.4841 1.6197 3.7229 10.3096 2.1680 45.8406 -5.1084 -2.9529
Car -1 -1 -4.4861 391.2838 175.3508 429.7763 199.0604 1.5612 1.6600 4.2655 -13.8333 1.7419 50.1337 -4.7543 -2.9654
Car -1 -1 -4.5766 672.1459 173.5213 701.8600 196.9462 1.6353 1.6482 3.8767 5.6148 1.6855 52.5682 -4.4711 -3.0061
Car -1 -1 -2.1556 245.8169 182.2717 295.4757 203.2897 1.5104 1.5807 3.8228 -25.9146 2.2499 55.0157 -2.5942 -3.5652
Car -1 -1 -8.0936 322.5515 177.2265 356.7709 197.4241 1.6238 1.7517 4.2927 -23.0058 2.0084 61.2556 -8.4517 -3.6846
Car -1 -1 -4.8080 406.9129 177.3513 431.5492 195.8664 1.6206 1.7824 4.4599 -17.6924 2.0511 66.7210 -5.0665 -3.9093
Car -1 -1 -7.2230 348.1661 177.5039 401.3797 202.0694 1.7437 1.7357 4.0699 -17.6554 2.1073 54.2553 -7.5365 -4.1286
Car -1 -1 -4.1573 421.8707 175.8293 465.0079 196.4894 1.6811 1.7423 3.9876 -14.1741 1.9433 61.5033 -4.3832 -4.3191
Car -1 -1 -3.2484 512.5724 172.8103 553.4032 190.7953 1.6528 1.6545 3.6418 -7.2378 1.6485 67.5034 -3.3551 -4.3436
Car -1 -1 -4.2520 20.0892 194.8755 89.8970 225.0307 1.4447 1.5863 3.5555 -30.1243 2.6996 39.2328 -4.9038 -4.4496
Car -1 -1 -4.5514 651.7983 172.9545 683.0730 196.4674 1.6443 1.6576 4.0063 4.1965 1.6516 52.6199 -4.4727 -4.4710
Car -1 -1 -4.4838 657.4862 173.6770 685.7409 191.9476 1.5818 1.6525 4.0828 5.5492 1.6580 64.8620 -4.3991 -4.4992
Car -1 -1 -5.7762 639.1030 178.7050 718.6734 211.5650 1.5345 1.6229 3.6160 3.3763 1.8398 35.9865 -5.6840 -4.5251
Car -1 -1 -4.8449 536.4702 173.0955 558.4103 186.6157 1.2906 1.6500 3.8746 -6.2024 1.3147 71.0193 -4.9319 -4.7776
Car -1 -1 -5.2338 631.7673 172.9450 669.5287 191.2164 1.5790 1.6143 3.9441 3.5742 1.5871 64.4986 -5.1791 -4.7875
Car -1 -1 -2.9682 234.3110 185.2794 351.9659 232.4521 1.4143 1.4942 3.2699 -10.1999 1.8347 23.3231 -3.3767 -4.8047
Car -1 -1 -3.0918 523.2333 173.9858 585.9952 199.8038 1.7830 1.7129 4.3290 -3.8927 1.8639 50.8245 -3.1683 -4.8299
Car -1 -1 -4.6418 361.6318 178.6609 382.7591 196.1024 1.5216 1.5791 3.8062 -21.8574 2.0717 66.3438 -4.9592 -4.9213
Car -1 -1 -7.2329 94.7541 165.1680 151.6940 184.5110 1.4089 1.5931 3.8963 -36.7385 0.8488 54.5265 -7.8236 -4.9278
Car -1 -1 -4.8344 316.6924 183.4458 347.4018 207.0233 1.5658 1.5890 4.0027 -20.0847 2.3600 51.9820 -5.2017 -4.9380
Car -1 -1 -4.5686 658.8736 171.3576 690.8131 197.8993 1.7268 1.6180 3.9530 4.4145 1.6291 49.0528 -4.4798 -4.9731
Car -1 -1 -2.5517 145.0097 191.6203 234.4605 220.8123 1.5802 1.6682 4.2078 -24.0333 2.6785 41.2724 -3.0764 -5.0059
Car -1 -1 -4.5677 639.2777 174.7835 675.7178 201.6049 1.4691 1.5656 3.9374 2.7667 1.5864 41.9090 -4.5027 -5.0547
Car -1 -1 -8.1582 603.3450 174.7891 644.6191 199.4533 1.5907 1.6464 4.0942 0.8693 1.7279 49.0756 -8.1410 -5.0746
Car -1 -1 -4.7228 80.9076 200.9719 127.9725 243.8080 1.4102 1.4091 3.1262 -19.4155 2.5527 27.6435 -5.3308 -5.2300
Car -1 -1 -5.0099 352.9936 180.4906 385.1683 198.6985 1.4337 1.5682 3.5910 -20.1949 2.0923 60.3394 -5.3318 -5.4844
Car -1 -1 -4.3133 275.3647 186.4209 328.8689 210.0786 1.3890 1.7097 4.1496 -19.9351 2.3081 46.8204 -4.7141 -5.5396
Car -1 -1 -4.6728 281.5558 184.0525 315.5797 212.4819 1.5034 1.6544 4.2434 -18.2095 2.1939 42.2286 -5.0779 -5.6511
Car -1 -1 -5.0116 379.5307 179.7592 413.8307 198.2667 1.4381 1.5859 4.1051 -17.7411 2.0309 59.8191 -5.2991 -5.7310
Car -1 -1 -5.3708 130.3793 175.7626 199.1683 202.2596 1.7005 1.8070 4.0638 -29.7769 1.9009 48.2135 -5.9218 -5.7462
Car -1 -1 -4.6376 1052.6772 179.7222 1079.1721 197.8712 1.5408 1.7231 4.2077 41.1527 2.1814 65.1286 -4.0765 -5.7906
Car -1 -1 -2.7173 0.0000 190.6401 19.1802 290.9106 1.5737 1.6928 4.6371 -14.3373 1.9480 13.5526 -3.5210 -5.8123
Car -1 -1 -3.4910 101.5493 197.2514 222.3278 240.2822 1.4601 1.5231 3.7839 -17.7550 2.4949 28.6559 -4.0419 -5.8298
Car -1 -1 -4.8773 233.6227 187.8590 278.3117 215.6056 1.4835 1.7009 4.4939 -21.3783 2.4343 43.4133 -5.3327 -5.8508
Car -1 -1 -4.8477 1228.6227 173.4246 1241.0000 198.9011 1.5723 1.6752 4.0057 41.4730 1.6107 46.7586 -4.1256 -5.8867
Car -1 -1 -4.9326 1241.0000 169.2822 1241.0000 197.7173 1.4896 1.6431 3.9866 41.4704 1.3022 39.9154 -4.1320 -5.8867
Car -1 -1 -4.6726 1040.8678 173.7067 1063.4772 190.5376 1.5241 1.6602 4.0032 41.4747 1.6063 67.6817 -4.1250 -5.8867
Car -1 -1 -4.9729 1241.0000 165.6755 1241.0000 197.3590 1.5010 1.6517 4.0050 41.4672 1.1606 36.3069 -4.1254 -5.8867
Car -1 -1 -4.5972 1023.0596 171.1306 1048.3676 186.9618 1.4832 1.6595 4.0613 41.1365 1.3215 69.7218 -4.0662 -5.8867
Car -1 -1 -4.6101 1147.0649 187.1140 1180.3723 210.1058 1.5772 1.6068 3.7677 41.2806 2.6783 53.8051 -3.9589 -5.9437
Car -1 -1 -4.6279 328.9236 178.8748 362.8783 205.1541 1.4724 1.5833 4.0739 -15.9418 1.8541 43.5968 -4.9768 -6.0324
Car -1 -1 -7.5698 1071.2623 173.6471 1109.8466 192.7184 1.5784 1.6867 4.0757 41.1788 1.6482 61.8384 -6.9848 -6.0547
Car -1 -1 -4.7113 1202.0532 191.1396 1241.0000 220.5209 1.4039 1.5949 4.0211 33.0928 2.4460 39.0817 -4.0130 -6.0776
Car -1 -1 -4.0998 1147.9077 185.3232 1214.7719 209.1125 1.6100 1.7857 4.0148 40.9490 2.5291 51.7688 -3.4339 -6.2035
Car -1 -1 -3.3208 284.4183 174.9321 345.3065 204.9919 1.9681 1.8910 3.5674 -20.1658 2.1146 49.2382 -3.7079 -6.2524
Car -1 -1 -6.6204 0.0000 178.0501 148.0683 374.0000 1.5276 1.6357 3.7403 -4.5477 1.5661 3.3465 -7.5185 -6.2965
Car -1 -1 -4.6872 582.6895 175.2825 601.8372 190.9623 1.4555 1.7449 4.5738 -1.7092 1.6984 69.9746 -4.7119 -6.8337
