Car -1 -1 -7.8443 579.9302 180.7953 611.8427 207.8929 1.3275 1.6111 3.6531 -0.7722 1.7685 38.2592 -7.8649 4.2735
Car -1 -1 -7.8107 540.8226 180.1797 569.6468 204.1328 1.4377 1.6915 3.5035 -3.5031 1.9242 46.1738 -7.8865 3.9719
Car -1 -1 -7.5073 36.1290 183.5076 109.3922 219.7835 1.5368 1.5815 3.6690 -25.0445 2.0636 33.7153 -8.1426 1.6853
Car -1 -1 -4.8209 752.2583 180.6828 787.3417 207.5976 1.5433 1.6714 4.1150 9.8240 2.0517 44.7496 -4.6067 1.4662
Car -1 -1 -4.5122 117.9465 191.1739 181.4057 229.4609 1.4907 1.6660 3.6675 -20.3867 2.3546 32.0270 -5.0756 -0.2529
Car -1 -1 -4.7460 88.4755 172.8396 122.4895 197.5845 1.5630 1.7106 4.2210 -33.4674 1.5617 47.7767 -5.3546 -1.2888
Car -1 -1 -7.6112 1105.9841 184.8640 1153.1266 213.7070 1.5986 1.5780 3.1519 30.9167 2.3405 42.9665 -6.9912 -2.3268
Car -1 -1 -7.4001 740.8537 180.9590 789.0099 203.7436 1.6363 1.7644 4.7211 12.0251 2.2912 55.9284 -7.1899 -2.5217
Car -1 -1 -4.8294 812.3861 187.2050 844.8168 211.5016 1.5160 1.6423 4.2661 15.0396 2.5530 49.9123 -4.5390 -2.6557
Car -1 -1 -7.9856 551.9037 177.9615 585.3366 204.1994 1.6538 1.7003 4.2070 -2.8623 2.0131 48.5732 -8.0446 -3.0719
Car -1 -1 -6.8900 61.0923 187.5821 156.0395 223.6873 1.7816 1.6657 4.0469 -27.4364 2.6338 39.5763 -7.4932 -3.0875
Car -1 -1 -4.1072 616.2010 180.5695 665.7722 202.6955 1.4917 1.6343 3.9332 2.2459 2.0710 52.1433 -4.0649 -3.1698
Car -1 -1 -4.0176 617.7720 180.5057 664.5635 200.4531 1.5891 1.6679 4.1977 2.6518 2.2604 61.2177 -3.9750 -3.6332
Car -1 -1 -2.5253 260.9230 180.5676 350.9633 214.7293 1.5998 1.6453 3.8487 -15.0027 1.9927 35.5627 -2.9222 -3.8987
Car -1 -1 -8.5165 778.7683 185.1470 833.1027 210.1003 1.5723 1.6039 3.7826 13.3677 2.4511 49.5423 -8.2550 -3.9218
Car -1 -1 -7.3966 308.0129 182.9763 363.2595 208.8328 1.4507 1.6086 3.8601 -16.7126 2.0963 44.0445 -7.7576 -4.0771
Car -1 -1 -4.7454 61.6175 173.6736 96.1842 198.9364 1.5650 1.6843 4.0614 -34.6206 1.6205 46.9541 -5.3782 -4.1338
Car -1 -1 -5.3908 671.2708 183.6660 740.5213 209.9258 1.4313 1.6614 4.5375 5.6934 2.1205 43.6466 -5.2626 -4.1343
Car -1 -1 -4.7867 562.6450 180.0407 589.7484 203.0686 1.5352 1.6273 4.0886 -2.4824 2.0696 51.5591 -4.8350 -4.3978
Car -1 -1 -4.1614 143.0938 190.1686 231.9010 227.8434 1.4977 1.5395 4.0967 -19.0376 2.3306 32.6528 -4.6860 -4.5580
Car -1 -1 -4.6299 579.7628 177.9620 613.2855 205.9481 1.5711 1.6786 4.2351 -0.7995 1.8938 43.4628 -4.6487 -4.5956
Car -1 -1 -5.2574 654.9587 179.1037 701.3771 202.9895 1.5956 1.5349 3.7923 4.7725 2.0574 51.3084 -5.1656 -4.6297
Car -1 -1 -5.0404 1163.6512 192.8867 1231.4041 224.3792 1.4522 1.5473 4.0009 30.9200 2.5704 38.1440 -4.3636 -4.6774
Car -1 -1 -4.8812 768.1988 186.9979 797.5048 206.5528 1.4913 1.6561 4.4411 14.4406 2.7229 60.5770 -4.6488 -4.8367
Car -1 -1 -4.5271 662.1945 179.4680 699.0188 204.1666 1.4882 1.6699 4.0239 4.5895 1.9368 46.8007 -4.4305 -4.8632
Car -1 -1 -8.0141 1065.3829 180.6727 1111.4115 210.9334 1.6953 1.7310 3.6655 28.7384 2.1883 43.4956 -7.4338 -4.9183
Car -1 -1 -2.1904 54.4455 189.4119 128.6475 219.7608 1.6393 1.6410 3.7286 -30.1069 2.6313 41.8614 -2.8111 -5.0391
Car -1 -1 -8.2609 967.3124 186.0566 1017.7617 210.2115 1.5263 1.6531 3.8961 26.2951 2.4737 49.7897 -7.7780 -5.2647
Car -1 -1 -4.7753 361.4365 185.0040 388.7129 208.9257 1.4574 1.4954 3.6473 -15.6656 2.2974 47.9310 -5.0899 -5.2952
Car -1 -1 -4.8248 727.6898 180.0743 758.6545 206.2467 1.4957 1.4698 3.3992 8.0376 1.9526 43.9425 -4.6456 -5.3418
Car -1 -1 -4.8361 440.9651 176.9323 468.2977 196.2982 1.4246 1.5816 4.1228 -12.1641 1.7545 56.2128 -5.0486 -5.4730
Car -1 -1 -4.7174 281.7352 182.4600 306.1769 202.2988 1.3820 1.6284 3.5193 -23.7192 2.1274 54.0782 -5.1292 -5.5680
Car -1 -1 -4.7164 489.5201 179.8063 510.0021 197.9240 1.3985 1.6138 4.1868 -9.1361 1.9934 59.5737 -4.8682 -5.6867
Car -1 -1 -4.7393 554.1932 178.4574 575.4625 196.4153 1.3911 1.6294 4.0955 -3.7691 1.8680 59.3267 -4.8028 -5.7385
Car -1 -1 -4.5182 388.2685 181.6045 417.5306 199.8416 1.2989 1.5749 2.9847 -15.6215 1.9776 54.4344 -4.7967 -5.7520
Car -1 -1 -4.5121 618.0697 177.6232 654.9197 201.9736 1.4781 1.6393 3.9292 1.7259 1.8005 46.7224 -4.4758 -5.8029
Car -1 -1 -4.5453 463.8783 179.2214 491.5819 196.9261 1.3879 1.6051 4.1390 -11.0099 1.9367 60.1384 -4.7259 -5.8078
Car -1 -1 -4.7909 446.1883 176.0910 473.3392 197.4887 1.4824 1.6335 3.9802 -11.0500 1.7285 52.7739 -4.9966 -5.8497
Car -1 -1 -4.5930 580.2225 178.7609 604.7952 196.8503 1.4419 1.6193 3.9247 -1.4686 1.9565 60.8686 -4.6174 -5.8867
Car -1 -1 -6.9164 0.0000 0.0000 1241.0000 374.0000 1.5477 1.5908 3.8048 -2.1019 1.6437 1.0031 -7.9391 -5.8867
Car -1 -1 -8.0198 126.5561 182.0811 179.5665 220.8604 1.9249 1.6858 4.7087 -24.9287 2.4559 39.2346 -8.5830 -6.0417
Car -1 -1 -7.8768 264.5810 187.8364 299.1499 220.0207 1.7393 1.8027 4.5115 -19.9359 2.6962 43.6728 -8.3031 -6.0988
Car -1 -1 -4.8564 700.2289 182.5572 723.3000 200.2329 1.4658 1.4837 3.7816 8.9463 2.3491 63.8102 -4.7183 -6.1723
