Car -1 -1 -7.8292 581.8386 173.4229 604.5078 191.9791 1.3346 1.6042 3.6241 -1.2560 1.3782 53.8200 -7.8527 1.7492
Car -1 -1 -6.4500 300.3214 176.0930 374.0909 204.6469 1.5520 1.6483 3.7235 -15.6171 1.7442 41.2397 -6.8101 -0.6342
Car -1 -1 -3.8712 92.2076 184.9029 213.9432 228.2721 1.4174 1.5921 3.6666 -16.8032 1.8956 26.6666 -4.4292 -0.8103
Car -1 -1 -4.8550 298.2458 177.8789 329.4672 199.2072 1.5127 1.6276 3.9597 -22.3403 1.9052 54.2921 -5.2439 -1.1951
Car -1 -1 -4.2873 204.4910 175.6814 289.7104 216.4517 1.4253 1.5735 3.4619 -13.6353 1.5386 27.2264 -4.7479 -1.6641
Car -1 -1 -7.7952 554.5674 169.4352 575.6451 187.3940 1.5683 1.6589 4.1501 -4.0418 1.2694 65.0877 -7.8572 -1.9750
Car -1 -1 -4.7669 511.0381 174.7104 529.7814 189.7244 1.4338 1.6359 3.7259 -8.9028 1.6223 71.3746 -4.8908 -2.0399
Car -1 -1 -3.1591 239.4298 178.6004 316.6079 208.1215 1.5363 1.5940 3.7878 -18.2676 1.8643 39.6856 -3.5883 -2.0976
Car -1 -1 -7.4182 455.1060 175.1079 486.8550 192.7642 1.6443 1.6044 3.6879 -13.4109 1.8679 69.6852 -7.6079 -2.8753
Car -1 -1 -2.8216 175.1676 176.6026 294.6358 214.0414 1.4303 1.6528 3.9258 -14.9797 1.5860 28.9075 -3.2962 -2.9426
Car -1 -1 -7.4419 978.5984 171.4408 1020.0678 190.6198 1.6346 1.6878 4.1706 34.2297 1.5138 63.4468 -6.9493 -2.9584
Car -1 -1 -2.1935 37.8753 177.7186 127.5066 210.8766 1.6835 1.7214 4.2436 -28.2043 1.9531 38.5529 -2.8219 -3.4437
Car -1 -1 -2.2889 333.0331 169.9991 376.7316 187.7219 1.6857 1.6955 4.1697 -24.9172 1.4139 70.3935 -2.6282 -3.4881
Car -1 -1 -7.9274 650.0546 165.7789 672.2111 188.9223 2.1615 1.7897 4.6538 4.8854 1.5004 69.7179 -7.8581 -3.5373
Car -1 -1 -5.9538 300.9957 175.6714 354.6604 194.4762 1.6254 1.6589 4.0860 -24.8436 1.8768 63.5545 -6.3253 -3.6339
Car -1 -1 -4.8045 317.3349 170.4364 344.6506 190.1605 1.5937 1.7599 4.2057 -23.4764 1.3980 60.5739 -5.1729 -3.9005
Car -1 -1 -3.9154 1230.8127 164.1998 1241.0000 190.6186 1.6087 1.7082 3.9120 41.2221 1.0815 44.8573 -3.1757 -4.0643
Car -1 -1 -5.2424 788.3079 181.2705 821.9369 196.8717 1.4190 1.5779 3.4839 18.7547 2.2520 69.5522 -4.9805 -4.0971
Car -1 -1 -8.2747 669.3390 177.8252 701.2562 193.9249 1.5057 1.6479 3.9411 7.3470 2.0087 70.9254 -8.1723 -4.2823
Car -1 -1 -4.4434 555.8474 171.6425 592.5213 191.6615 1.4262 1.6517 4.2647 -2.6449 1.3396 53.6658 -4.4927 -4.6709
Car -1 -1 -2.7079 694.1337 176.3656 762.3335 201.8912 1.5573 1.6317 4.0036 7.5337 1.7911 46.3104 -2.5481 -4.7044
Car -1 -1 -7.5759 328.2207 176.3892 380.4826 204.7630 1.4464 1.6127 4.1285 -13.9272 1.6496 39.4158 -7.9138 -4.7427
Car -1 -1 -3.4314 506.4566 172.9697 565.7171 195.2300 1.5325 1.6471 3.8729 -5.2755 1.5406 51.1893 -3.5339 -4.7910
Car -1 -1 -4.5843 683.5480 180.2155 715.8186 206.2221 1.3985 1.4150 3.5903 5.1938 1.8442 41.7995 -4.4621 -4.9553
Car -1 -1 -6.6392 530.0093 173.0078 585.5710 191.9906 1.5591 1.5941 4.4000 -4.4264 1.5722 60.9281 -6.7117 -5.0244
Car -1 -1 -5.2585 252.1539 179.4003 316.4186 207.5530 1.7065 1.7043 4.4872 -21.1071 2.1472 46.6269 -5.6817 -5.0777
Car -1 -1 -4.7157 173.8486 183.5376 205.4722 211.7307 1.5555 1.5821 3.8279 -25.3241 2.2285 43.4169 -5.2413 -5.2593
Car -1 -1 -4.5448 100.3782 182.2491 146.3036 214.3998 1.6569 1.5159 3.7619 -27.2184 2.2089 40.3949 -5.1349 -5.4498
Car -1 -1 -4.7061 522.2786 173.1537 540.6322 190.5238 1.4222 1.4976 3.5800 -6.6538 1.4480 60.9973 -4.8146 -5.7187
Car -1 -1 -5.3898 0.0000 186.4339 0.0000 294.2099 1.4369 1.5498 3.7086 -11.6332 1.6568 10.7770 -6.2010 -5.7673
Car -1 -1 -4.7899 1140.0028 183.5072 1173.9519 207.3548 1.6755 1.7312 4.0067 41.4438 2.5158 54.7747 -4.1453 -5.8157
Car -1 -1 -4.7345 1096.4946 173.9732 1122.1781 193.0115 1.5212 1.6538 3.9954 41.4771 1.6173 60.0256 -4.1324 -5.8867
Car -1 -1 -4.6979 1063.0629 173.4746 1085.5585 190.6852 1.4834 1.6432 3.9917 41.4757 1.5403 64.4591 -4.1285 -5.8867
Car -1 -1 -4.7537 1116.1542 174.0282 1144.4944 194.0105 1.5298 1.6559 3.9944 41.4769 1.6267 57.6117 -4.1325 -5.8867
Car -1 -1 -4.6737 1040.9683 172.4677 1063.3230 188.6811 1.4733 1.6444 3.9976 41.4731 1.4378 67.6834 -4.1261 -5.8867
Car -1 -1 -4.9425 1241.0000 167.2958 1241.0000 195.7439 1.4587 1.6342 3.9865 41.4686 1.1734 39.1125 -4.1318 -5.8867
Car -1 -1 -4.7099 713.7674 177.5919 731.5390 194.0316 1.4783 1.6109 3.9304 10.6179 1.9390 68.1415 -4.5563 -5.8867
Car -1 -1 -4.7270 1009.2923 185.6479 1030.6656 203.9577 1.4082 1.4830 3.6657 34.1516 2.5101 60.2007 -4.2136 -7.1104
Car -1 -1 -4.6550 580.1694 172.1588 601.1196 191.1429 1.5861 1.5816 4.0716 -1.6672 1.5277 62.3416 -4.6820 -7.1107
