Car -1 -1 -7.8292 579.7696 182.4508 624.0316 219.1555 1.2853 1.6088 3.5855 -0.3178 1.6816 28.0127 -7.8412 5.4627
Car -1 -1 -7.7489 519.1022 179.9398 560.5738 209.8512 1.3375 1.6316 3.5748 -3.3842 1.6977 34.9088 -7.8453 5.4582
Car -1 -1 -4.5739 379.6234 178.7585 418.2488 206.6956 1.4974 1.6201 3.8006 -12.1272 1.8532 41.5146 -4.8568 3.2944
Car -1 -1 -4.4041 194.5182 181.3438 240.4777 208.1525 1.5941 1.5858 3.4717 -24.9602 2.1560 45.9303 -4.8997 -0.5414
Car -1 -1 -4.9489 446.8256 177.1374 474.4641 193.5826 1.4427 1.6154 3.9382 -13.8211 1.8500 66.5333 -5.1532 -1.9141
Car -1 -1 -3.9414 307.5750 182.2885 375.5226 209.4598 1.4549 1.5902 3.6842 -15.6112 2.0304 42.0337 -4.2952 -2.0966
Car -1 -1 -4.5937 341.6050 177.3637 364.4627 193.8494 1.5342 1.6457 3.9260 -25.0544 1.9869 70.3898 -4.9347 -2.4049
Car -1 -1 -5.0195 602.7571 176.1561 630.5099 190.6376 1.3710 1.6246 3.9437 0.6063 1.7072 71.4026 -5.0114 -2.9070
Car -1 -1 -7.8688 539.5599 169.8433 557.7540 188.7786 1.7125 1.6286 3.7860 -5.7586 1.4399 67.2189 -7.9542 -2.9591
Car -1 -1 -2.8992 642.5314 174.6433 691.1802 193.0722 1.6508 1.6623 4.1846 5.2120 1.8187 66.3621 -2.8215 -2.9898
Car -1 -1 -4.1108 461.3683 177.4989 500.7036 194.2970 1.4707 1.5937 3.9848 -11.8675 1.9124 66.5032 -4.2870 -3.1586
Car -1 -1 -4.2449 104.8007 185.3144 186.4012 222.5855 1.5499 1.6473 3.7266 -21.3230 2.1569 33.2347 -4.8119 -3.4038
Car -1 -1 -4.7565 622.0673 174.2861 639.2696 188.8853 1.4067 1.5422 3.7019 2.0151 1.5525 71.7523 -4.7289 -3.6448
Car -1 -1 -4.1338 1128.7228 166.8010 1220.5874 200.1412 1.6191 1.7026 4.1112 28.5285 1.3248 36.5165 -3.4747 -3.9150
Car -1 -1 -7.4894 145.7155 182.7393 234.3462 228.2049 1.5039 1.5889 3.7397 -15.4626 1.8964 26.6951 -8.0103 -3.9407
Car -1 -1 -4.9614 1010.0079 182.0810 1064.4418 212.7929 1.4712 1.5538 3.7547 22.2632 1.9800 37.7948 -4.4330 -3.9535
Car -1 -1 -4.6324 553.9636 180.7299 581.0779 202.9934 1.4064 1.5298 3.9413 -2.8787 1.9623 48.9717 -4.6913 -3.9688
Car -1 -1 -5.2587 801.4496 176.9461 842.4839 196.7821 1.6459 1.6614 3.8469 18.3775 2.0135 62.7972 -4.9756 -4.0147
Car -1 -1 -4.9449 156.5338 185.6502 223.6110 224.1860 1.5653 1.6786 4.4120 -19.2569 2.1877 32.9340 -5.4707 -4.1517
Car -1 -1 -4.4235 0.0000 191.2974 39.3910 226.1125 1.3947 1.7577 4.2776 -28.4492 2.3141 33.6670 -5.1213 -4.1794
Car -1 -1 -4.6980 156.4740 183.9032 196.3113 218.3134 1.5581 1.6333 4.1592 -21.8016 2.1475 36.3002 -5.2359 -4.2487
Car -1 -1 -7.5292 687.4650 177.7163 729.9308 202.4685 1.5590 1.6958 3.8153 6.6204 1.8986 48.3504 -7.3944 -4.2496
Car -1 -1 -3.9873 186.1562 183.7900 260.1202 213.4486 1.5587 1.6221 3.8122 -22.1856 2.2178 41.4688 -4.4761 -4.4715
Car -1 -1 -3.9165 0.0000 191.2019 92.4364 225.3035 1.4401 1.4896 3.7319 -27.0426 2.3671 34.5169 -4.5775 -4.5145
Car -1 -1 -4.8972 411.9955 178.8392 455.0942 208.3513 1.5787 1.6626 4.2826 -10.3121 1.9443 41.8208 -5.1379 -4.5167
Car -1 -1 -4.2652 429.8942 177.2353 466.8159 193.9023 1.5384 1.7838 4.3808 -15.6886 1.9784 70.1640 -4.4846 -4.5358
Car -1 -1 -4.7830 551.4338 176.4064 588.1418 207.1920 1.4952 1.6145 4.1475 -2.1900 1.6912 37.7027 -4.8411 -4.5716
Car -1 -1 -7.8409 294.9202 178.9482 327.0823 210.2551 1.5695 1.5352 3.8868 -16.1940 1.9169 39.0760 -8.2317 -4.6259
Car -1 -1 -4.5031 445.7784 176.2496 474.9146 195.0135 1.5821 1.7715 3.7201 -13.1311 1.8889 63.3777 -4.7069 -4.6439
Car -1 -1 -4.9038 632.4657 178.8806 664.2797 199.2217 1.5516 1.7911 4.2690 3.0464 2.0594 58.6021 -4.8526 -4.8384
Car -1 -1 -4.4847 673.7121 176.8877 718.8400 204.6625 1.4475 1.6089 4.2302 4.8617 1.6864 40.5225 -4.3667 -4.8520
Car -1 -1 -2.1347 0.0000 182.6134 93.0429 243.3199 1.4556 1.6573 3.9240 -16.0190 1.7333 19.1498 -2.8246 -4.9322
Car -1 -1 -7.7806 587.5276 176.7798 622.5604 204.5795 1.4180 1.6351 3.8608 -0.2629 1.6426 39.3445 -7.7878 -4.9548
Car -1 -1 -8.1326 1173.3544 161.2806 1241.0000 192.1422 1.5102 1.6817 4.2108 31.0064 0.9436 37.5742 -7.4467 -5.0386
Car -1 -1 -4.4854 179.1345 181.3469 234.5043 213.3932 1.4863 1.6513 3.6788 -20.3694 1.9394 36.5190 -4.9913 -5.1526
Car -1 -1 -5.0103 608.5213 178.1605 650.1648 201.6266 1.4235 1.5934 3.9894 1.1738 1.7836 46.8722 -4.9859 -5.2196
Car -1 -1 -3.9845 458.7128 179.2825 522.5048 203.5559 1.4964 1.6727 4.4180 -7.9160 1.9446 48.0208 -4.1474 -5.2234
Car -1 -1 -3.9313 315.9846 177.6272 369.6719 199.0221 1.6099 1.6017 4.0768 -21.2449 2.0041 57.4548 -4.2842 -5.3924
Car -1 -1 -4.3092 332.9302 175.1894 383.3951 200.6540 1.6103 1.7388 4.0025 -16.7400 1.7722 48.0618 -4.6429 -5.4252
Car -1 -1 -4.7504 699.5447 177.0714 724.0892 197.4912 1.4596 1.6652 4.4576 7.6688 1.7932 54.8263 -4.6126 -5.5506
Car -1 -1 -4.6839 581.5058 176.5970 607.4326 198.8701 1.3407 1.5466 4.0538 -0.9910 1.5903 46.1472 -4.7057 -5.8030
Car -1 -1 -7.1465 51.8695 0.0000 1241.0000 374.0000 1.5432 1.5885 3.8035 -1.2977 1.6205 1.0044 -7.9391 -5.8867
Car -1 -1 -8.6434 0.0000 0.0000 1048.7781 374.0000 1.5417 1.5892 3.8035 1.1138 1.5872 1.0039 -7.9392 -5.8867
Car -1 -1 -4.7936 587.5117 177.0570 615.7625 199.7811 1.4602 1.5991 3.9758 -0.6394 1.7583 49.1781 -4.8069 -5.8867
Car -1 -1 -3.5047 0.0000 189.5434 0.0000 374.0000 1.4934 1.6037 3.9539 -7.0822 1.5976 2.5304 -4.6975 -5.8867
Car -1 -1 -4.8627 571.6928 176.2621 614.1078 205.6516 1.6120 1.8071 4.7003 -1.1096 1.8247 42.6212 -4.8890 -5.9356
Car -1 -1 -4.4949 295.8155 180.3283 337.6531 206.4057 1.4200 1.5484 3.4719 -17.1292 1.8758 42.1857 -4.8787 -6.0841
Car -1 -1 -4.9378 562.5958 175.7751 595.1205 196.2023 1.4114 1.5394 3.8333 -2.3328 1.6319 52.4939 -4.9824 -6.1354
Car -1 -1 -4.4556 242.9341 184.1622 290.3491 212.0535 1.5068 1.5613 4.0313 -20.3467 2.2110 42.8279 -4.8970 -6.3162
Car -1 -1 -5.4058 0.0000 191.2899 0.0000 316.0574 1.5480 1.7924 4.3880 -11.7071 1.8337 10.2182 -6.2459 -6.4290
