Car -1 -1 -7.7442 535.8179 179.6822 572.5959 205.4632 1.3241 1.6493 3.5002 -3.0695 1.7170 39.7741 -7.8212 5.3719
Car -1 -1 -7.8490 583.9749 180.4913 620.7342 211.4790 1.3008 1.5876 3.5164 -0.3860 1.6677 32.9228 -7.8612 4.6957
Car -1 -1 -7.9763 537.8224 171.5760 560.7523 188.6513 1.4978 1.6174 3.7512 -5.5428 1.3854 65.2934 -8.0610 -0.8343
Car -1 -1 -7.7299 946.8522 183.3905 982.0038 209.2907 1.6442 1.6770 4.2886 24.5086 2.4054 49.8923 -7.2762 -1.9139
Car -1 -1 -8.2093 341.4832 178.1699 371.3138 195.1534 1.5859 1.6662 3.4007 -24.7682 2.1176 70.3694 -8.5468 -2.6610
Car -1 -1 -8.3701 1100.0186 188.3926 1175.8037 219.0384 1.4643 1.5947 3.7486 27.9561 2.3330 38.4026 -7.7451 -2.7081
Car -1 -1 -4.9625 59.1087 188.3486 125.5444 223.2201 1.5238 1.6616 4.1857 -25.3830 2.3236 35.2767 -5.5828 -2.8361
Car -1 -1 -3.7296 146.2852 181.1453 227.3892 210.2827 1.5077 1.5857 3.6564 -23.6925 1.9952 40.4582 -4.2567 -2.8833
Car -1 -1 -5.0194 833.7161 191.5619 889.3852 222.4327 1.4303 1.6245 3.9196 13.0650 2.4616 37.8060 -4.6898 -2.8928
Car -1 -1 -8.1238 747.5744 177.7215 860.7513 262.2137 1.5710 1.5453 2.7907 3.8730 1.6813 14.9910 -7.8767 -3.2977
Car -1 -1 -4.7916 292.7369 177.3318 318.9344 197.7663 1.5815 1.6568 4.0831 -24.9233 1.9610 58.9993 -5.1899 -3.5416
Car -1 -1 -6.0896 420.6700 178.3674 490.4292 204.1957 1.6010 1.7026 4.0970 -9.8355 1.9589 45.9886 -6.2996 -3.6124
Car -1 -1 -4.2618 243.6186 179.2907 300.6949 205.7425 1.5381 1.6248 4.0252 -21.0104 1.9570 44.9670 -4.6969 -3.7717
Car -1 -1 -6.0237 0.0000 190.8570 100.8034 227.4955 1.5011 1.6642 3.9373 -25.6244 2.3528 32.6101 -6.6859 -3.8098
Car -1 -1 -4.7403 299.3055 178.7330 326.9088 201.9801 1.5626 1.7224 3.7377 -21.2871 1.9994 51.5964 -5.1301 -3.8221
Car -1 -1 -4.3736 182.2186 180.1524 232.3314 206.2391 1.6243 1.6623 4.0711 -26.9020 2.1340 48.2737 -4.8799 -3.9259
Car -1 -1 -7.7991 231.4593 181.9644 263.0377 207.7421 1.5824 1.6477 4.1989 -24.1852 2.2183 48.1389 -8.2627 -3.9369
Car -1 -1 -4.9957 550.4778 180.7317 590.7595 204.0000 1.4509 1.6279 4.0854 -2.7353 2.0060 48.6750 -5.0521 -4.0395
Car -1 -1 -7.9026 583.1051 176.7422 615.2963 204.8646 1.5222 1.6522 4.1145 -0.7060 1.7582 41.7443 -7.9199 -4.0557
Car -1 -1 -3.6050 839.8921 186.5985 950.8779 225.3146 1.4472 1.6130 3.7758 11.2375 2.0113 28.6465 -3.2353 -4.2124
Car -1 -1 -2.9087 260.9983 183.4706 334.2380 214.4634 1.4783 1.5028 3.1001 -15.6241 2.0242 36.1138 -3.3147 -4.4168
Car -1 -1 -4.6630 775.8747 187.7952 798.1963 207.1065 1.4179 1.5697 3.9124 14.3095 2.6688 58.3247 -4.4241 -4.5302
Car -1 -1 -4.9512 864.7308 183.7549 895.7191 206.5822 1.7216 1.5838 3.2713 21.5733 2.6201 57.7740 -4.5961 -4.7903
Car -1 -1 -4.9021 561.2494 175.7580 592.3682 198.0914 1.6030 1.6098 4.0274 -2.5738 1.8307 54.4943 -4.9495 -4.8806
Car -1 -1 -8.0319 579.4966 176.5316 626.3466 210.3000 1.6077 1.7424 3.7362 -0.4548 1.8051 36.7879 -8.0448 -5.0137
Car -1 -1 -4.8231 726.5493 177.7580 752.1469 198.7340 1.6409 1.6670 3.6137 10.5481 2.0554 59.1691 -4.6480 -5.0260
Car -1 -1 -4.9925 552.3032 178.0684 596.2267 203.9107 1.4221 1.4959 4.1804 -2.2095 1.7473 42.8207 -5.0442 -5.0873
Car -1 -1 -5.4514 1144.7256 191.5661 1241.0000 227.8172 1.5405 1.6378 3.6162 27.7155 2.4815 34.4384 -4.7785 -5.2276
Car -1 -1 -4.8407 747.1219 182.0674 770.9179 201.3435 1.7398 1.7094 4.1594 14.2580 2.6517 69.3024 -4.6391 -5.2608
Car -1 -1 -4.8415 720.0948 178.4155 745.1428 196.2068 1.4572 1.6207 4.0256 10.5471 1.9537 62.4136 -4.6753 -5.2631
Car -1 -1 -5.1896 582.4584 176.7621 633.0955 198.9271 1.3625 1.5920 4.1347 -0.2304 1.6304 47.3286 -5.1949 -5.3038
Car -1 -1 -4.8138 676.7346 177.1496 700.4598 197.3013 1.6921 1.6552 4.1607 6.8659 2.0826 63.5596 -4.7071 -5.3390
Car -1 -1 -8.1962 431.7172 174.0890 490.7050 212.6159 1.6516 1.5860 3.3863 -6.8707 1.7108 32.9098 -8.4008 -5.3673
Car -1 -1 -4.7723 219.6496 176.1169 260.0207 205.1862 1.5278 1.7798 4.2053 -20.9522 1.7218 40.6940 -5.2453 -5.4463
Car -1 -1 -4.9645 759.1763 178.6710 804.1672 202.0240 1.4127 1.7536 4.5725 11.1025 1.8107 47.1012 -4.7349 -5.4570
Car -1 -1 -4.4450 197.8412 181.5527 233.1841 201.4608 1.3995 1.5015 3.2965 -29.5369 2.0722 54.0507 -4.9433 -5.6196
Car -1 -1 -5.9665 264.4760 175.2826 332.2661 201.0764 1.4426 1.5052 3.2661 -17.8829 1.5847 41.4176 -6.3720 -5.6281
Car -1 -1 -2.1982 0.0000 191.0188 23.0662 374.0000 1.3981 1.5667 4.0555 -6.0198 1.5196 4.0466 -3.1462 -5.6633
Car -1 -1 -2.3387 0.0000 193.4042 0.0000 321.7015 1.4098 1.5531 4.0178 -10.5519 1.6924 9.0681 -3.1849 -5.7043
Car -1 -1 -4.7491 454.5815 177.1640 478.7592 197.3421 1.4573 1.6617 4.1156 -11.0325 1.8001 55.2430 -4.9457 -5.7332
Car -1 -1 -4.5405 582.3768 178.3133 612.1985 198.0141 1.3764 1.5582 4.0100 -0.9366 1.7981 53.6757 -4.5583 -5.8047
Car -1 -1 -4.2707 636.5565 179.2642 667.9500 196.2926 1.5254 1.5048 3.7494 3.9984 2.1484 68.1524 -4.2127 -5.8111
Car -1 -1 -4.1323 642.6152 174.9853 710.8054 206.4691 1.5189 1.5447 4.0272 3.4466 1.6344 37.1455 -4.0410 -5.8400
Car -1 -1 -4.9155 745.7680 177.5760 774.6163 195.6551 1.4497 1.5978 4.0053 12.6129 1.8611 60.9058 -4.7127 -5.8867
Car -1 -1 -4.7155 612.5568 177.0843 634.7570 197.1926 1.4051 1.5768 3.9211 0.9677 1.7283 53.2188 -4.6978 -5.8867
Car -1 -1 -4.6139 580.7341 177.2132 608.8627 198.6700 1.4150 1.5927 3.8862 -1.0566 1.7313 50.3946 -4.6351 -5.8867
Car -1 -1 -5.9099 0.0000 0.0000 1241.0000 374.0000 1.5091 1.6082 3.9606 5.3709 1.5114 1.7172 -4.6976 -5.8867
Car -1 -1 -8.4290 0.0000 0.0000 948.5009 374.0000 1.5377 1.5895 3.8044 0.6995 1.5734 0.9968 -7.9398 -5.8867
Car -1 -1 -7.1468 52.0352 0.0000 1241.0000 374.0000 1.5383 1.5871 3.8022 -1.2978 1.6030 1.0052 -7.9392 -5.8867
Car -1 -1 -4.6728 624.3305 177.4909 651.6343 200.3953 1.3521 1.5669 4.0506 1.7679 1.6577 45.5166 -4.6347 -5.9582
Car -1 -1 -4.1560 0.0000 185.2321 0.0000 374.0000 1.4495 1.6181 4.1955 -8.6976 1.5926 6.1123 -5.0933 -6.0276
Car -1 -1 -3.9126 630.3661 174.3238 697.8270 201.8441 1.5051 1.5767 3.8669 3.1046 1.5931 41.5031 -3.8389 -6.0433
Car -1 -1 -4.2375 0.0000 181.0737 0.0000 290.4224 1.4371 1.5983 4.0862 -13.5728 1.5986 12.0063 -5.0729 -6.2637
Car -1 -1 -7.7095 802.9316 179.5978 848.6215 212.6788 1.7266 1.8807 4.4547 12.2940 2.1327 41.0619 -7.4212 -6.2914
Car -1 -1 -3.8939 322.7235 176.0160 364.5331 194.3586 1.5792 1.6446 3.2691 -23.8329 1.8700 64.5817 -4.2463 -6.4955
Car -1 -1 -7.7318 428.5465 169.8221 455.1324 191.5980 1.7096 1.6159 4.1435 -13.6891 1.4713 58.7937 -7.9599 -6.8486
Car -1 -1 -5.0712 252.4590 176.1218 295.3735 200.6658 1.7736 1.6436 4.0153 -25.5156 2.0299 54.6652 -5.5063 -7.1113
