Car -1 -1 -7.8861 575.0969 173.3322 600.2422 193.7423 1.3667 1.6209 4.0476 -1.6281 1.4013 50.4863 -7.9186 2.0462
Car -1 -1 -5.2952 117.4056 181.1926 187.1111 210.9412 1.5379 1.6229 3.4078 -25.1266 2.0113 39.5500 -5.8584 0.9183
Car -1 -1 -7.7827 548.1511 172.1258 570.6209 188.6046 1.3452 1.6317 3.6635 -4.2568 1.2854 60.7328 -7.8526 -0.4556
Car -1 -1 -7.5982 355.3029 176.7107 387.0848 195.6582 1.5645 1.6586 3.9690 -20.6445 1.9088 62.4387 -7.9165 -1.9022
Car -1 -1 -5.5719 273.4551 178.2569 342.5869 205.5440 1.6479 1.6775 3.8688 -19.0795 1.9990 45.5282 -5.9670 -2.1113
Car -1 -1 -2.0714 338.0770 171.1029 374.4198 189.1046 1.7027 1.6493 3.9339 -24.7163 1.5368 70.1752 -2.4091 -2.1607
Car -1 -1 -4.8294 1143.2179 187.1174 1186.7296 216.1367 1.5597 1.6046 3.6666 32.7614 2.4431 42.7189 -4.1791 -2.2725
Car -1 -1 -7.7539 379.7137 175.1847 403.7003 193.7735 1.5676 1.6438 3.7985 -19.1630 1.7785 63.3742 -8.0466 -2.4699
Car -1 -1 -4.6043 214.0600 177.1635 250.0115 204.7058 1.6768 1.6403 3.9408 -24.4590 1.9684 46.7298 -5.0844 -2.5312
Car -1 -1 -4.6508 236.1912 183.1849 270.8659 209.7215 1.4537 1.6325 3.5082 -21.2163 2.0963 42.9654 -5.1073 -2.7536
Car -1 -1 -2.1535 456.6292 170.7711 514.6973 197.0353 1.5802 1.6149 4.0945 -7.9052 1.4545 45.4557 -2.3251 -2.7956
Car -1 -1 -4.2510 322.8720 175.0703 359.6981 192.6705 1.5953 1.6175 4.0511 -25.3068 1.8104 68.0291 -4.6061 -2.9950
Car -1 -1 -4.0331 308.0323 178.0650 351.4229 195.6988 1.5916 1.6376 4.0932 -26.6257 2.1028 68.6251 -4.4021 -3.0029
Car -1 -1 -3.7666 676.5737 179.1170 755.5461 207.8600 1.4510 1.6288 4.0082 5.6752 1.8018 38.7943 -3.6230 -3.7234
Car -1 -1 -4.6748 281.2113 173.8881 306.5686 195.1091 1.5723 1.6345 4.4070 -24.5370 1.6556 56.0375 -5.0860 -3.9587
Car -1 -1 -5.1934 704.8505 179.4813 736.2302 195.9088 1.5280 1.5882 3.5016 10.7625 2.1935 70.5736 -5.0431 -4.1514
Car -1 -1 -4.2337 687.1854 176.9276 723.8846 194.4454 1.5829 1.6623 4.3015 9.0792 1.9818 68.4782 -4.1029 -4.1818
Car -1 -1 -4.1215 217.9908 179.1936 280.3716 205.6906 1.5812 1.5895 4.0291 -23.0367 2.0049 46.1628 -4.5823 -4.2597
Car -1 -1 -6.3529 517.5503 172.8412 578.4874 195.3605 1.6053 1.6850 4.3175 -4.5696 1.6041 52.6025 -6.4395 -4.3727
Car -1 -1 -4.4226 430.5853 171.1451 461.8864 188.8935 1.6245 1.8086 4.0155 -15.4357 1.4677 68.1038 -4.6449 -4.4158
Car -1 -1 -6.5640 581.4055 172.2536 640.3862 197.3468 1.6045 1.6602 3.5548 0.0132 1.5658 47.4279 -6.5642 -4.4590
Car -1 -1 -7.7775 971.2622 176.1882 1000.0704 199.0433 1.7257 1.7248 4.2536 29.8866 2.0011 57.4029 -7.3000 -4.4915
Car -1 -1 -7.4653 63.3337 182.5909 130.6052 212.0708 1.4153 1.5667 3.7623 -26.9463 1.9545 37.9748 -8.0793 -4.5737
Car -1 -1 -4.5610 261.4523 179.9276 301.5166 208.6640 1.6145 1.6098 4.0738 -19.9119 2.0648 43.7887 -4.9857 -4.6604
Car -1 -1 -4.4359 610.8024 174.1436 639.0446 191.6875 1.5282 1.5794 3.7908 1.3570 1.6480 65.1940 -4.4156 -4.7156
Car -1 -1 -7.3609 445.1796 173.0590 481.7647 190.4160 1.6536 1.7302 4.2413 -14.4075 1.6742 71.0756 -7.5605 -4.9634
Car -1 -1 -4.8470 1067.6915 185.9125 1104.2629 208.3128 1.4566 1.6235 4.1905 34.0654 2.4339 51.7725 -4.2682 -4.9726
Car -1 -1 -5.4736 330.8889 170.2870 384.3752 191.1508 1.6323 1.6573 4.1592 -20.3689 1.4312 58.1375 -5.8094 -5.1114
Car -1 -1 -7.4060 644.3431 167.8613 681.1109 186.9711 1.6590 1.7148 4.0436 4.7480 1.2253 64.8195 -7.3335 -5.3881
Car -1 -1 -4.8203 206.9490 180.9280 248.0629 208.0313 1.4678 1.7390 3.7653 -22.5128 1.9642 42.3420 -5.3066 -5.4358
Car -1 -1 -5.3052 691.0496 176.8281 764.6492 210.7929 1.5194 1.6070 3.8724 5.5809 1.7226 34.8614 -5.1483 -5.6005
Car -1 -1 -4.7740 1141.2671 173.1254 1172.8694 193.8661 1.5126 1.6528 3.9986 41.4753 1.5337 54.8016 -4.1291 -5.8867
Car -1 -1 -4.8103 1181.6899 172.7696 1219.3940 195.2328 1.5148 1.6529 3.9962 41.4740 1.5088 50.7797 -4.1286 -5.8867
Car -1 -1 -4.8681 1241.0000 171.7018 1241.0000 197.0839 1.5135 1.6523 3.9961 41.4727 1.4445 45.1481 -4.1286 -5.8867
Car -1 -1 -4.7094 1074.9054 173.1999 1098.1134 190.8030 1.4796 1.6418 3.9908 41.4753 1.5105 62.8503 -4.1285 -5.8867
Car -1 -1 -4.8424 1218.7325 172.2974 1241.0000 196.3933 1.5174 1.6537 3.9971 41.4735 1.4821 47.5613 -4.1286 -5.8867
Car -1 -1 -4.7475 1109.4465 172.6373 1136.7417 191.7066 1.4878 1.6463 3.9979 41.4746 1.4706 58.4173 -4.1327 -5.8867
Car -1 -1 -4.9136 1241.0000 168.9796 1241.0000 196.4852 1.4871 1.6442 3.9942 41.4700 1.2773 41.1293 -4.1278 -5.8867
Car -1 -1 -5.8313 580.1046 174.9661 635.6025 195.9390 1.5147 1.5558 3.8576 -0.1949 1.6769 53.9581 -5.8353 -5.9847
Car -1 -1 -7.0394 1073.5328 181.0726 1151.3318 208.1710 1.6571 1.6289 4.0571 31.9088 2.1924 45.9114 -6.4355 -6.3444
Car -1 -1 -3.0120 1058.8713 182.6182 1138.5227 208.8967 1.4881 1.5774 3.8649 29.8058 2.1100 44.1144 -2.4213 -6.6881
Car -1 -1 -4.8486 260.2700 175.6893 293.2883 203.4323 1.6928 1.4667 3.4639 -21.4224 1.8816 46.2607 -5.2804 -7.0070
