Car -1 -1 -7.8875 578.1820 172.5098 608.4567 198.2110 1.3765 1.5710 3.4863 -1.0077 1.3578 40.4311 -7.9127 3.4671
Car -1 -1 -7.7977 541.7719 172.4320 569.2908 193.7833 1.3971 1.6618 3.7243 -3.7022 1.3692 49.0899 -7.8729 2.6810
Car -1 -1 -4.5768 737.0339 174.3656 768.2471 196.9123 1.5268 1.6359 4.2084 10.1714 1.6389 51.4182 -4.3830 -1.7836
Car -1 -1 -4.4283 395.0930 174.0475 433.9564 196.2924 1.5725 1.7050 4.0303 -14.4043 1.6637 53.2580 -4.6914 -2.1995
Car -1 -1 -5.2388 1156.8014 171.8401 1228.3000 203.0544 1.6539 1.5933 3.3707 32.1800 1.5998 40.0138 -4.5654 -2.3318
Car -1 -1 -4.7825 204.1840 182.9849 234.8411 207.1525 1.5663 1.6338 3.6641 -27.3373 2.3017 50.4120 -5.2774 -2.8279
Car -1 -1 -7.4625 720.3851 172.0190 758.8423 193.2323 1.7774 1.7791 4.3318 11.2861 1.7072 62.7605 -7.2858 -2.9051
Car -1 -1 -2.2739 234.1506 179.7930 305.0763 204.7488 1.5237 1.6418 4.4834 -22.0574 1.9884 46.6659 -2.7135 -2.9201
Car -1 -1 -6.5134 1035.1802 175.0695 1115.8285 200.7481 1.6832 1.7095 4.3294 31.5488 1.8383 49.0829 -5.9452 -3.0347
Car -1 -1 -4.4059 193.7832 185.6625 252.0022 218.7343 1.4806 1.5257 3.5514 -19.0897 2.1466 35.6481 -4.8947 -3.0466
Car -1 -1 -5.2154 200.4894 185.0417 269.6242 216.1317 1.5485 1.6027 3.9906 -20.3810 2.2388 39.1065 -5.6934 -3.1073
Car -1 -1 -3.9115 275.6055 169.2877 336.2419 197.0903 1.9929 1.8325 4.0391 -22.6967 1.7369 53.9365 -4.3083 -3.1189
Car -1 -1 -4.3307 1120.0802 174.0991 1181.0048 203.3439 1.5761 1.5642 3.5003 30.3906 1.6486 40.6025 -3.6920 -3.2333
Car -1 -1 -4.2026 640.5582 173.7161 678.5526 191.9702 1.4816 1.6133 3.6570 4.1742 1.5562 60.7238 -4.1346 -3.2427
Car -1 -1 -4.7943 514.1452 176.7891 539.9296 199.0161 1.5373 1.5591 3.7721 -6.1099 1.8348 52.6139 -4.9097 -3.2923
Car -1 -1 -4.8482 1057.5228 177.6362 1100.3993 203.6400 1.4354 1.5781 4.0350 27.7087 1.7330 42.7865 -4.2771 -3.4519
Car -1 -1 -7.6933 205.6860 180.3712 245.5331 208.0004 1.6314 1.6531 3.6869 -24.3305 2.1283 45.7107 -8.1803 -3.8925
Car -1 -1 -4.7275 322.7433 176.2658 343.6701 194.4513 1.4668 1.5958 3.7641 -23.4491 1.7646 61.0066 -5.0932 -3.9217
Car -1 -1 -7.4814 341.7050 174.8768 386.5853 199.4951 1.6399 1.6412 3.9432 -17.1449 1.7865 50.4011 -7.8079 -3.9969
Car -1 -1 -5.3500 782.7657 178.3818 839.5142 202.8736 1.5515 1.6124 4.0235 13.5240 1.9421 48.8535 -5.0820 -4.1312
Car -1 -1 -4.9007 731.6608 177.1039 756.3872 193.7541 1.5333 1.6432 3.8091 12.8254 1.9526 69.3291 -4.7189 -4.1580
Car -1 -1 -7.5755 364.1328 171.5770 391.7351 188.5494 1.6194 1.6076 3.7440 -22.7346 1.4972 70.7402 -7.8856 -4.2562
Car -1 -1 -3.8351 698.5524 175.9565 744.9590 194.0513 1.5978 1.6650 4.0804 10.2244 1.8893 66.0835 -3.6827 -4.3779
Car -1 -1 -4.7535 674.6281 172.1483 705.5515 198.7978 1.6076 1.7630 4.0868 4.9850 1.5648 45.6247 -4.6458 -4.3852
Car -1 -1 -7.1345 430.1691 169.8859 472.2474 187.5113 1.6288 1.6708 4.0440 -15.1334 1.3543 68.8548 -7.3503 -4.5653
Car -1 -1 -4.9160 1222.2382 177.4519 1241.0000 207.4595 1.7142 1.6744 3.9747 38.8799 2.0081 44.0171 -4.1962 -4.5745
Car -1 -1 -7.3330 218.7630 182.2074 289.5880 214.4020 1.4739 1.5940 3.5639 -17.6735 1.9631 35.9283 -7.7875 -4.6059
Car -1 -1 -4.6608 670.7173 172.1617 689.5184 189.7500 1.4865 1.4576 3.4393 6.0988 1.4277 62.7907 -4.5647 -4.6312
Car -1 -1 -2.3284 173.4488 184.0404 249.4786 213.6318 1.4545 1.5350 3.4386 -20.8363 2.0577 37.6721 -2.8309 -4.7155
Car -1 -1 -7.8229 147.4344 179.1379 183.2714 208.1497 1.4407 1.5149 3.2828 -23.6659 1.7907 38.4130 -8.3721 -4.8510
Car -1 -1 -4.3866 337.8953 174.6911 388.1642 203.1855 1.5313 1.5764 3.7398 -13.9677 1.6399 40.8891 -4.7141 -5.1285
Car -1 -1 -4.5555 448.6329 175.2179 485.7716 199.3104 1.4625 1.6988 4.2325 -9.1550 1.6211 46.3672 -4.7497 -5.2984
Car -1 -1 -4.7670 749.0323 176.3638 769.8648 192.0352 1.4094 1.6861 4.2330 14.0530 1.7511 68.1016 -4.5647 -5.3009
Car -1 -1 -4.4875 529.6118 176.0065 556.8536 195.2360 1.6197 1.5577 3.9001 -5.8628 1.9056 63.4780 -4.5796 -5.3594
Car -1 -1 -5.5519 620.8698 172.4103 694.4692 201.9830 1.6181 1.5873 4.2495 2.6594 1.5935 41.5511 -5.4889 -5.4383
Car -1 -1 -4.8859 1155.1260 159.9513 1195.8699 183.6161 1.6661 1.6864 3.9123 41.3879 0.7574 52.9228 -4.2250 -5.5063
Car -1 -1 -4.5349 991.7031 179.8125 1030.8208 203.1339 1.5411 1.7774 3.8283 28.3277 2.0519 50.9487 -4.0304 -5.5701
Car -1 -1 -5.1366 856.3880 176.5401 904.6364 200.6780 1.5864 1.6510 3.9248 18.6702 1.8521 50.0528 -4.7820 -5.8141
Car -1 -1 -4.5866 21.0931 184.5465 58.6350 207.4146 1.5323 1.6531 4.0109 -41.6058 2.4206 52.6871 -5.2527 -5.8867
Car -1 -1 -4.6161 60.3586 184.8577 92.9223 206.4193 1.5470 1.6586 4.0140 -41.6041 2.5193 56.3107 -5.2503 -5.8867
Car -1 -1 -4.8286 1209.2069 172.8500 1241.0000 196.8774 1.5398 1.6654 4.0040 41.4823 1.5393 48.3682 -4.1230 -5.8867
Car -1 -1 -4.9733 1241.0000 165.8829 1241.0000 197.5005 1.4979 1.6505 4.0034 41.4673 1.1673 36.3062 -4.1258 -5.8867
Car -1 -1 -4.9446 1241.0000 169.6241 1241.0000 199.2983 1.5048 1.6497 3.9963 41.4711 1.3407 38.7121 -4.1288 -5.8867
Car -1 -1 -4.8694 1241.0000 174.7830 1241.0000 202.4142 1.5451 1.6688 3.9750 41.3715 1.6647 42.7501 -4.1042 -5.8867
Car -1 -1 -4.5563 758.3339 176.9780 799.3983 204.7352 1.4280 1.6249 3.9512 9.3414 1.6679 39.8900 -4.3283 -5.8867
Car -1 -1 -4.6505 761.4268 175.5072 786.3589 195.6022 1.4623 1.6249 3.9893 12.5422 1.6729 55.2140 -4.4287 -5.8867
Car -1 -1 -4.7091 1021.7343 174.4558 1048.5234 202.0262 1.8121 1.5366 3.7502 29.2209 1.9265 49.6634 -4.1803 -6.0414
Car -1 -1 -4.5200 138.0193 191.3656 175.3435 215.0351 1.6324 1.6665 4.1154 -34.8105 3.1118 55.4535 -5.0786 -6.0616
Car -1 -1 -4.5030 694.3298 176.0161 719.3729 193.4378 1.5816 1.5531 4.0427 9.1965 1.8907 68.4528 -4.3703 -6.1840
Car -1 -1 -5.4742 875.1456 177.4879 937.4382 200.3893 1.5376 1.6085 4.2754 21.1063 1.8837 51.6512 -5.0887 -6.2853
Car -1 -1 -5.5626 0.0000 180.0007 0.0000 323.6823 1.6120 1.7813 4.4110 -11.2317 1.7166 9.4014 -6.4224 -6.3582
Car -1 -1 -8.0134 402.7992 161.6404 431.6782 187.0227 2.1965 1.7604 4.8742 -17.4309 1.2258 65.0229 -8.2745 -6.5267
Car -1 -1 -5.2748 302.1816 171.5709 351.1682 192.9149 1.8647 1.8463 4.8000 -25.6491 1.7523 65.2043 -5.6485 -6.9991
