Car -1 -1 -7.7315 561.1530 168.0134 583.1993 183.1676 1.3728 1.6201 3.6467 -3.5188 0.9340 67.2373 -7.7838 1.2287
Car -1 -1 -7.7977 584.8381 168.7491 608.5790 187.6984 1.4236 1.6360 3.8641 -1.0313 1.1149 56.1696 -7.8163 1.1480
Car -1 -1 -4.4801 0.0000 191.1408 72.8054 236.5346 1.4642 1.5809 3.7865 -21.5674 2.1995 26.9747 -5.1499 -1.2138
Car -1 -1 -7.9892 664.3453 175.7469 711.2343 208.5510 1.4348 1.6228 4.2582 3.5661 1.5799 34.0940 -7.8864 -1.6742
Car -1 -1 -4.7290 658.9197 170.0586 681.3350 192.4265 1.6141 1.5996 3.8732 4.4442 1.4121 54.0512 -4.6477 -1.8780
Car -1 -1 -7.5796 378.4439 173.8473 422.0970 200.7751 1.7025 1.6882 4.2612 -13.8954 1.7711 47.9138 -7.8607 -2.1757
Car -1 -1 -4.8861 903.1947 173.5412 927.3579 190.1250 1.5741 1.5779 3.5388 29.7957 1.6428 70.5441 -4.4883 -2.4148
Car -1 -1 -7.3512 317.5336 175.4339 363.8749 196.1084 1.5482 1.6866 4.0028 -21.1152 1.7580 56.6609 -7.7066 -2.4670
Car -1 -1 -3.8904 196.8344 181.6551 285.0959 217.9603 1.4756 1.5516 3.3166 -16.3481 1.8883 32.0346 -4.3592 -2.6997
Car -1 -1 -4.3320 429.2764 171.7756 466.5439 193.1481 1.7625 1.7012 4.1136 -13.8292 1.6733 61.6690 -4.5520 -2.8017
Car -1 -1 -4.0853 123.5121 179.7233 198.2791 209.9071 1.6743 1.6591 4.1659 -26.7796 2.1050 43.1348 -4.6384 -3.1897
Car -1 -1 -4.6067 268.5704 182.3242 306.1335 210.6895 1.5655 1.6380 4.0839 -19.4228 2.1648 43.4834 -5.0248 -3.5704
Car -1 -1 -4.8479 640.6016 171.0451 662.8577 185.4955 1.3644 1.6238 4.0415 4.0109 1.1933 70.2057 -4.7913 -3.6862
Car -1 -1 -4.3823 303.1531 180.8816 354.4425 208.0755 1.5026 1.6568 3.9446 -16.7437 2.0035 43.0533 -4.7514 -3.9257
Car -1 -1 -4.6443 619.0070 171.9682 641.1130 190.2244 1.4846 1.6044 3.8358 1.6894 1.4122 60.6597 -4.6170 -3.9965
Car -1 -1 -4.0419 203.1744 183.4217 280.4200 214.0091 1.5590 1.6531 4.1162 -20.5878 2.1833 40.4649 -4.5102 -4.0018
Car -1 -1 -4.8144 754.6882 179.1897 776.9904 195.3957 1.4844 1.7082 3.9009 15.0051 2.1141 69.7100 -4.6036 -4.0041
Car -1 -1 -7.7839 259.1409 174.0723 303.0053 209.9252 1.6137 1.6431 3.8862 -15.8076 1.6756 34.7263 -8.2084 -4.0286
Car -1 -1 -3.1772 325.0596 179.4140 392.6612 207.4906 1.7002 1.7762 3.9974 -16.0331 2.1319 45.9679 -3.5114 -4.0881
Car -1 -1 -7.7778 353.4598 170.2406 376.8171 188.5954 1.6632 1.7560 4.2075 -22.9376 1.4261 67.6368 -8.1038 -4.1196
Car -1 -1 -3.2558 448.1305 179.3811 508.5962 203.0416 1.5029 1.5906 3.7890 -8.7746 1.9475 47.8671 -3.4366 -4.2032
Car -1 -1 -7.1956 518.8306 167.1693 557.2737 185.3503 1.6247 1.6256 3.6589 -6.6190 1.1164 66.4621 -7.2947 -4.2080
Car -1 -1 -4.7435 957.8718 173.5600 978.7811 191.1681 1.6227 1.6446 4.2467 34.1877 1.6920 68.9482 -4.2852 -4.2145
Car -1 -1 -4.8660 750.5110 181.6524 779.8429 201.7457 1.3999 1.5307 4.1009 11.5822 2.0858 54.1874 -4.6570 -4.2179
Car -1 -1 -6.2565 0.0000 194.2425 87.2166 241.5717 1.3975 1.6072 3.7437 -20.2745 2.1817 24.6898 -6.9389 -4.2275
Car -1 -1 -5.7942 254.1630 180.3447 320.3194 205.1821 1.6138 1.6883 3.6955 -21.6682 2.1265 48.4402 -6.2130 -4.2708
Car -1 -1 -4.9345 425.4026 169.5231 459.6052 191.4216 1.6493 1.7036 4.3174 -13.2168 1.3981 56.6560 -5.1629 -4.5080
Car -1 -1 -4.8201 255.2017 179.6576 304.4176 215.6517 1.4452 1.5840 3.6457 -14.5835 1.7623 31.6880 -5.2485 -4.5452
Car -1 -1 -4.6756 695.6334 174.4101 712.7773 190.6652 1.4945 1.4895 3.6238 8.9577 1.6463 68.6124 -4.5467 -4.7538
Car -1 -1 -4.7996 503.5359 170.4459 524.1038 187.4038 1.5177 1.5337 4.0576 -8.9414 1.3019 66.7237 -4.9326 -4.8411
Car -1 -1 -7.7323 173.0549 183.9853 222.4184 218.7066 1.5674 1.6675 3.9275 -20.5784 2.1565 36.0735 -8.2478 -4.9325
Car -1 -1 -4.6225 580.1857 171.2219 599.2274 186.6583 1.4334 1.5014 3.6008 -1.9333 1.2816 68.8449 -4.6507 -5.2011
Car -1 -1 -5.0225 603.3632 172.5954 635.8083 194.2332 1.5038 1.4439 3.1153 0.6296 1.4855 51.8473 -5.0108 -5.2994
Car -1 -1 -4.8111 1089.0150 189.0808 1117.4866 209.8298 1.4852 1.4806 3.6159 38.6438 2.8020 56.6254 -4.2152 -5.3087
Car -1 -1 -4.8634 925.6013 189.5175 971.9838 219.9754 1.4658 1.6336 4.4214 18.5029 2.4355 39.6480 -4.4303 -5.3127
Car -1 -1 -7.8753 318.4883 182.7808 345.0595 207.1888 1.4664 1.5366 3.7740 -18.2007 2.1414 47.0446 -8.2428 -5.4210
Car -1 -1 -4.9957 739.9902 177.6667 769.6668 195.6121 1.4612 1.5429 3.5523 12.2998 1.8839 61.5746 -4.7998 -5.4335
Car -1 -1 -4.6921 1057.3210 174.7228 1079.9247 192.2629 1.5238 1.6552 3.9956 41.4777 1.6981 65.2610 -4.1283 -5.8867
Car -1 -1 -4.7096 1074.8516 174.8097 1098.3243 193.2231 1.5380 1.6602 4.0001 41.4782 1.7138 62.8455 -4.1287 -5.8867
Car -1 -1 -4.9220 1241.0000 167.3864 1241.0000 195.2274 1.4744 1.6433 3.9948 41.4674 1.1845 40.3284 -4.1265 -5.8867
Car -1 -1 -4.6758 1041.0919 173.8449 1063.3263 190.2018 1.4804 1.6432 3.9891 41.4756 1.5760 67.6779 -4.1282 -5.8867
Car -1 -1 -4.7346 1096.4760 174.5076 1122.2435 193.8233 1.5402 1.6590 3.9976 41.4781 1.6823 60.0244 -4.1325 -5.8867
Car -1 -1 -4.9634 1241.0000 167.6446 1241.0000 197.7098 1.4745 1.6378 3.9879 41.4695 1.2187 37.5024 -4.1319 -5.8867
Car -1 -1 -4.7528 1119.2493 180.1864 1148.7410 202.2703 1.6407 1.7130 4.0462 41.4690 2.2436 57.2008 -4.1284 -5.8867
Car -1 -1 -4.3914 158.4265 182.3061 214.3743 209.0636 1.3966 1.5514 4.0620 -24.2134 1.9657 41.3227 -4.9188 -6.2356
Car -1 -1 -4.6885 392.0615 174.3727 415.6876 197.0727 1.6008 1.5820 3.8869 -15.2053 1.7170 53.2411 -4.9656 -6.4339
Car -1 -1 -4.4599 404.4655 174.3417 441.4753 195.5354 1.4739 1.8045 3.3537 -13.4899 1.5845 52.0911 -4.7124 -8.1928
