Car -1 -1 -4.4588 399.9796 179.9613 463.3736 216.3728 1.4546 1.7264 4.0768 -7.7822 1.7865 31.6755 -4.6982 5.9455
Car -1 -1 -4.3972 513.0940 176.7497 543.8254 193.3409 1.4480 1.6276 4.0383 -7.4555 1.8163 66.1213 -4.5093 -0.2277
Car -1 -1 -7.5432 341.8487 180.8403 390.2283 206.2363 1.3985 1.6407 3.7725 -14.4513 1.8931 42.8225 -7.8671 -0.9790
Car -1 -1 -5.6711 211.5706 182.7395 277.7867 208.4518 1.6396 1.6234 3.6544 -24.2598 2.3102 47.8989 -6.1379 -2.3111
Car -1 -1 -5.5825 592.6302 175.9951 672.1815 207.9751 1.5474 1.5994 4.0111 1.0757 1.7176 37.2245 -5.5544 -2.6750
Car -1 -1 -1.9027 0.0000 179.0712 70.8460 215.6969 1.6085 1.6293 3.8928 -27.2655 1.9161 34.0080 -2.5748 -2.8150
Car -1 -1 -2.9376 234.0186 178.5850 316.9495 210.0563 1.6963 1.6844 3.9759 -18.7969 2.0287 40.6207 -3.3688 -3.0767
Car -1 -1 -7.8014 348.2763 187.9858 367.7877 204.8513 1.4868 1.5711 3.7899 -24.1939 2.9826 69.3039 -8.1364 -3.1158
Car -1 -1 -3.0767 749.9084 190.3550 811.7158 214.2270 1.4682 1.6305 3.8817 11.2665 2.6573 47.6919 -2.8468 -3.2601
Car -1 -1 -6.8730 618.5113 181.2636 676.8278 205.2862 1.6577 1.6784 4.0025 2.7370 2.2927 52.7610 -6.8220 -3.2645
Car -1 -1 -5.0667 611.2650 176.6319 647.0637 197.7707 1.7246 1.7374 4.1312 1.5782 2.0601 61.9000 -5.0418 -3.3730
Car -1 -1 -4.6551 370.6591 187.7452 389.5878 206.0251 1.6420 1.5412 3.6776 -22.2942 3.1270 69.9974 -4.9628 -3.4674
Car -1 -1 -6.9590 214.3748 169.5926 265.9154 189.0867 1.7717 1.7178 4.1477 -34.7301 1.4750 67.8204 -7.4308 -3.6429
Car -1 -1 -4.7905 274.1287 189.9674 298.3217 209.8883 1.5947 1.6293 4.2306 -28.7072 3.1625 63.8681 -5.2117 -3.7326
Car -1 -1 -4.8248 622.8954 175.8237 655.2106 201.5044 1.5352 1.6116 3.7950 1.7582 1.7304 45.5374 -4.7869 -3.9553
Car -1 -1 -4.8192 307.1986 191.5839 336.0520 213.9862 1.5331 1.6381 3.8705 -22.0264 3.0142 54.9740 -5.1990 -4.0111
Car -1 -1 -5.4009 212.6601 176.0659 256.8033 193.2234 1.4939 1.5979 3.5976 -33.7270 1.7885 64.8058 -5.8792 -4.1880
Car -1 -1 -4.2770 27.6706 181.7978 103.5773 215.4683 1.5938 1.6084 3.9579 -28.1259 2.0829 37.3735 -4.9189 -4.2570
Car -1 -1 -4.0484 457.1055 178.3161 498.9286 193.9564 1.4580 1.7921 4.2982 -13.0001 2.0143 71.2038 -4.2287 -4.3476
Car -1 -1 -4.4607 299.5696 183.6821 344.9793 210.3284 1.4565 1.6389 3.6853 -17.0976 2.1295 42.9384 -4.8379 -4.4395
Car -1 -1 -4.0372 1041.4653 201.7547 1128.7650 233.5347 1.4952 1.6215 4.1273 24.9364 3.0714 37.9405 -3.4602 -4.5084
Car -1 -1 -4.9860 439.5261 179.4204 467.1066 195.6309 1.5076 1.6506 3.9173 -15.4486 2.1721 70.9369 -5.2000 -4.6285
Car -1 -1 -3.8350 486.7333 174.3476 535.7577 194.3328 1.6793 1.7689 4.0478 -8.6199 1.8138 63.0297 -3.9707 -4.8059
Car -1 -1 -4.5858 663.2697 182.8448 686.8219 200.7605 1.5671 1.6927 4.2125 6.1265 2.5373 67.8497 -4.4966 -4.8993
Car -1 -1 -7.8631 584.5793 175.6469 601.4093 189.3724 1.2894 1.5973 3.3110 -1.6897 1.5672 70.1488 -7.8874 -4.9020
Car -1 -1 -7.6646 349.3628 184.2958 376.3167 204.7819 1.7135 1.5573 4.0332 -22.1829 2.7743 64.8076 -7.9935 -4.9078
Car -1 -1 -4.7103 540.9512 176.9447 562.6818 196.3800 1.4076 1.5974 4.1102 -4.4812 1.7325 55.2572 -4.7912 -5.1748
Car -1 -1 -4.0903 232.5114 185.8611 284.4789 208.6085 1.7650 1.6377 4.4911 -29.6806 2.9073 61.0279 -4.5415 -5.4695
Car -1 -1 -2.3687 316.6624 179.3788 377.8069 206.8842 2.0500 1.7525 4.5588 -20.5509 2.5749 56.3391 -2.7173 -5.4892
Car -1 -1 -4.1991 570.2778 176.5815 627.6871 201.2218 1.4278 1.5857 4.4563 -0.6569 1.6713 44.8528 -4.2142 -5.5509
Car -1 -1 -5.0240 758.0303 183.8972 787.4845 200.5566 1.5404 1.7174 3.9167 16.0572 2.6645 71.4363 -4.8043 -5.5736
Car -1 -1 -4.5745 869.1866 189.9545 892.5542 207.3484 1.4349 1.4944 3.7324 24.5682 3.0331 65.4478 -4.2175 -5.6367
Car -1 -1 -7.9875 564.8442 174.8947 585.0362 189.2179 1.3494 1.4826 3.7323 -3.4688 1.5541 70.5063 -8.0368 -5.6572
Car -1 -1 -4.6191 476.8098 177.1012 498.9510 193.9958 1.4571 1.6129 3.9798 -11.0433 1.8532 65.3024 -4.7863 -5.8197
Car -1 -1 -4.5497 0.0000 189.3492 21.4324 216.4691 1.6617 1.7205 4.1009 -41.5605 2.8340 49.0907 -5.2496 -5.8224
Car -1 -1 -4.6765 403.0224 179.0885 437.1629 205.8309 1.3761 1.6939 4.4055 -10.6549 1.7463 40.5503 -4.9322 -5.8238
Car -1 -1 -4.5071 0.0000 192.8484 0.0000 220.5831 1.5842 1.7015 4.1556 -41.4990 2.9383 46.6494 -5.2314 -5.8273
Car -1 -1 -4.6606 293.5866 184.7572 322.9552 209.9555 1.5817 1.6476 4.0754 -20.7126 2.4352 49.5615 -5.0549 -5.8617
Car -1 -1 -4.8323 1158.6329 200.3023 1213.2365 240.5178 1.6681 1.5862 3.7782 27.5962 3.0657 34.7202 -4.1656 -5.8689
Car -1 -1 -7.6519 419.2892 177.2098 458.7200 202.3075 1.4651 1.6329 3.8775 -10.5895 1.7469 44.7629 -7.8832 -5.8727
Car -1 -1 -4.8647 1241.0000 167.6378 1241.0000 192.4304 1.4787 1.6482 4.0036 41.4672 1.1673 45.1582 -4.1253 -5.8867
Car -1 -1 -4.8410 1218.7631 170.1091 1241.0000 193.6173 1.4807 1.6436 3.9939 41.4703 1.3075 47.5672 -4.1272 -5.8867
Car -1 -1 -4.3067 415.5733 177.5569 450.5436 194.5012 1.5837 1.7641 4.3597 -17.3832 2.0611 71.0070 -4.5462 -5.9569
Car -1 -1 -4.6481 552.2456 177.8352 581.2532 201.8278 1.3910 1.5406 4.0128 -2.6726 1.7130 44.6764 -4.7079 -6.1310
Car -1 -1 -4.9441 1177.9089 195.2893 1234.9855 229.6301 1.7141 1.6301 3.8307 33.6161 3.0474 40.8108 -4.2593 -6.1327
Car -1 -1 -7.7451 599.7216 173.7990 621.2949 191.7263 1.7110 1.7175 3.8788 0.0588 1.8065 71.0990 -7.7446 -7.4654
