Car -1 -1 -4.3946 293.5870 182.7399 400.7929 243.0640 1.4553 1.6466 3.8536 -7.1867 1.7556 19.9907 -4.7360 6.7093
Car -1 -1 -8.5064 808.0057 190.2728 884.5880 223.9432 1.4896 1.5931 3.9059 11.7341 2.4142 36.2076 -8.1961 -0.9680
Car -1 -1 -4.4977 150.3757 180.7204 202.6590 214.3034 1.6834 1.6353 3.9013 -23.5512 2.1341 39.2649 -5.0352 -1.9160
Car -1 -1 -4.6691 296.9532 183.0086 316.8401 198.5733 1.4278 1.6347 3.9813 -29.8751 2.4590 71.1437 -5.0656 -2.6569
Car -1 -1 -5.2781 636.0703 178.2469 676.2783 195.7791 1.5165 1.6580 4.2298 4.1645 2.0267 66.0496 -5.2158 -3.0928
Car -1 -1 -2.9649 339.3675 178.6532 405.6538 203.4721 1.5259 1.6231 3.7810 -15.1017 1.9033 45.9270 -3.2812 -3.2606
Car -1 -1 -4.5689 1069.2410 181.8872 1099.9418 202.3532 1.6703 1.7192 3.7322 41.1647 2.4783 62.5937 -3.9898 -3.2611
Car -1 -1 -4.4798 787.0532 186.7042 832.4981 216.6945 1.4925 1.5885 3.8402 11.0456 2.2974 39.8822 -4.2122 -3.4450
Car -1 -1 -3.4663 0.0000 189.0280 73.4372 225.7262 1.7446 1.7224 4.1772 -31.4737 2.6569 38.4881 -4.1485 -3.6855
Car -1 -1 -4.2660 286.7240 180.9885 355.2853 214.3057 1.4820 1.5986 3.7929 -13.9689 1.8981 34.9924 -4.6435 -3.7381
Car -1 -1 -4.3996 426.9996 175.6237 462.0479 196.9983 1.6804 1.6315 4.0878 -13.5963 1.9161 59.3799 -4.6240 -3.9461
Car -1 -1 -4.8555 612.6210 177.2055 650.9635 205.4231 1.5060 1.6258 3.9784 1.1579 1.7667 41.2169 -4.8281 -3.9664
Car -1 -1 -4.3350 0.0000 174.3557 64.0048 209.6567 1.6918 1.6839 3.8915 -29.7623 1.7726 36.8657 -5.0108 -4.0296
Car -1 -1 -4.3130 311.8026 183.1011 342.8568 198.7214 1.4508 1.5719 3.6141 -27.8892 2.4881 71.2398 -4.6852 -4.0352
Car -1 -1 -7.9473 627.4919 174.2977 648.1860 191.0594 1.5478 1.6219 3.7909 2.6118 1.6893 68.9009 -7.9099 -4.0477
Car -1 -1 -4.3306 118.3746 189.9016 174.3912 218.9849 1.6156 1.6187 3.7317 -28.4812 2.7110 44.3912 -4.8986 -4.0562
Car -1 -1 -4.3736 1117.1997 172.4695 1159.9440 193.2505 1.5844 1.6446 3.5096 41.5073 1.5548 56.6852 -3.7443 -4.0716
Car -1 -1 -4.6470 622.8280 172.9554 645.2158 192.4986 1.7088 1.7484 4.3923 2.1872 1.7180 65.3847 -4.6141 -4.1848
Car -1 -1 -5.0182 389.6641 176.6649 433.4728 202.9949 1.5375 1.5860 3.6556 -12.3528 1.7836 44.6687 -5.2868 -4.2784
Car -1 -1 -4.7602 640.6519 176.9496 668.9929 203.2644 1.6016 1.6264 3.8867 2.8149 1.8762 46.4752 -4.7006 -4.3959
Car -1 -1 -7.9549 579.8246 175.4779 600.7494 191.0405 1.3601 1.5180 3.8735 -1.8449 1.6062 65.7558 -7.9832 -4.5146
Car -1 -1 -4.2700 117.0332 177.6665 178.9180 211.1988 1.6987 1.6032 3.1277 -24.7332 1.9673 38.6759 -4.8361 -4.5647
Car -1 -1 -4.5700 664.5197 178.8369 686.5566 195.9368 1.5144 1.5451 3.6640 6.1103 2.0878 67.2331 -4.4802 -4.6722
Car -1 -1 -3.8705 934.8708 183.3600 976.8680 201.8896 1.7376 1.6536 3.4803 33.7174 2.7810 70.3984 -3.4260 -4.7172
Car -1 -1 -7.4112 324.8044 176.4927 392.6221 207.3485 1.5132 1.8180 4.0184 -13.1759 1.7150 37.9770 -7.7433 -4.7631
Car -1 -1 -5.0446 306.3240 183.3348 335.9328 199.6976 1.4045 1.4421 3.5391 -26.4875 2.3900 66.0611 -5.4248 -4.8195
Car -1 -1 -7.5068 646.7390 178.1309 699.2207 207.5600 1.4081 1.5589 3.6284 3.2560 1.6943 37.2048 -7.4208 -4.8914
Car -1 -1 -5.0201 445.3864 176.9592 475.5840 193.8584 1.5810 1.7459 4.0754 -14.7136 1.9959 70.7781 -5.2246 -4.9425
Car -1 -1 -4.7196 325.6115 179.4397 373.9767 220.8925 1.4977 1.7138 4.7881 -10.6612 1.7891 29.4199 -5.0648 -5.1359
Car -1 -1 -5.0839 619.9285 173.2844 659.6154 196.2653 1.7324 1.6746 4.2717 2.2669 1.7673 56.7705 -5.0446 -5.2225
Car -1 -1 -4.6276 444.4449 175.7746 472.4035 196.1854 1.3954 1.6314 4.1118 -10.9294 1.6145 52.0793 -4.8337 -5.3336
Car -1 -1 -5.0221 519.7836 176.6210 556.4343 195.8802 1.5758 1.8734 4.4769 -6.2853 1.9140 62.4128 -5.1225 -5.3434
Car -1 -1 -4.9112 332.3196 177.3133 393.2148 210.4804 1.4446 1.8243 4.9528 -12.0094 1.6749 34.7231 -5.2422 -5.3856
Car -1 -1 -4.6479 891.6443 192.6605 923.8823 220.9273 1.4994 1.5531 3.9503 17.8882 2.7473 43.3552 -4.2597 -5.4463
Car -1 -1 -4.4479 271.0923 179.6503 304.0830 199.8702 1.8200 1.7696 4.4476 -30.7301 2.4901 68.8464 -4.8666 -5.4485
Car -1 -1 -7.8502 395.0228 180.5664 429.8511 213.5954 1.4339 1.5095 3.5777 -9.3788 1.8192 34.1465 -8.1167 -5.5206
Car -1 -1 -4.2512 462.2457 176.8297 495.1676 193.2513 1.5515 1.6143 3.9461 -12.9574 1.9558 71.3161 -4.4306 -5.5318
Car -1 -1 -2.4116 345.7457 177.4240 407.5542 200.5436 1.4583 1.6799 3.7079 -15.4375 1.7693 47.6337 -2.7237 -5.5322
Car -1 -1 -3.6887 1146.9296 193.9946 1229.6886 218.2241 1.3722 1.5191 3.6409 34.8117 2.6765 43.5478 -3.0182 -5.5460
Car -1 -1 -4.5081 301.5334 182.8963 386.6346 233.7191 1.4325 1.7131 4.4939 -8.6106 1.7934 23.6098 -4.8547 -5.5685
Car -1 -1 -4.7571 1150.6194 194.3062 1183.6866 217.3596 1.4112 1.6224 4.2538 38.9049 2.9777 50.4897 -4.1040 -5.6715
Car -1 -1 -2.4538 0.0000 192.3301 162.5021 374.0000 1.3765 1.5837 4.1455 -5.1720 1.5165 4.0343 -3.3299 -5.7176
Car -1 -1 -2.5323 0.0000 187.3097 30.8017 280.3046 1.6215 1.9113 5.0143 -15.0463 1.9384 14.4255 -3.3295 -5.7446
Car -1 -1 -4.6024 569.9778 178.6878 601.1611 204.1279 1.4414 1.5178 3.3659 -1.4706 1.8061 43.4129 -4.6366 -5.7686
Car -1 -1 -4.2173 163.6392 199.1265 226.2876 227.9896 1.7413 1.8463 4.4706 -28.6338 3.6399 49.8949 -4.7363 -5.8441
Car -1 -1 -5.0628 1111.7469 194.7475 1165.9824 219.7950 1.5497 1.6902 4.3249 37.2594 3.1669 50.9943 -4.4352 -5.8452
Car -1 -1 -7.6188 351.3200 176.6786 415.7041 222.0173 1.6809 1.6195 3.8091 -9.0709 1.8449 29.0339 -7.9195 -5.8458
Car -1 -1 -7.9901 1069.6447 189.3624 1109.5927 214.7751 1.4433 1.5892 3.7785 30.2777 2.5351 45.6865 -7.4083 -5.8689
Car -1 -1 -4.9420 1241.0000 167.3387 1241.0000 195.9634 1.4677 1.6373 3.9886 41.4687 1.1846 39.1131 -4.1314 -5.8867
Car -1 -1 -4.8636 1241.0000 167.7410 1241.0000 192.7447 1.4913 1.6538 4.0064 41.4666 1.1860 45.1593 -4.1242 -5.8867
Car -1 -1 -4.5971 1023.0567 171.3403 1048.3634 187.1980 1.4858 1.6598 4.0569 41.1364 1.3436 69.7221 -4.0662 -5.8867
Car -1 -1 -4.6751 1043.5592 176.8528 1066.5216 194.1149 1.5324 1.6802 4.0855 41.4616 1.9167 67.2234 -4.1247 -5.8867
Car -1 -1 -6.7854 0.0000 0.0000 1241.0000 374.0000 1.5414 1.5869 3.8026 -2.9053 1.6340 1.0050 -7.9391 -5.8867
Car -1 -1 -4.9724 1241.0000 166.0877 1241.0000 196.9616 1.4797 1.6411 3.9937 41.4684 1.1551 36.7011 -4.1303 -5.8867
Car -1 -1 -4.8906 1241.0000 165.0370 1241.0000 190.9598 1.4596 1.6462 4.0054 41.4639 1.0191 42.7484 -4.1241 -5.8867
Car -1 -1 -4.5172 1172.2203 187.5485 1212.1758 211.2571 1.5197 1.5473 3.3381 40.3131 2.5713 49.9839 -3.8419 -5.9706
Car -1 -1 -4.9540 851.3353 180.9306 877.7142 196.9076 1.4899 1.6068 3.6878 25.0373 2.3072 71.1291 -4.6173 -6.0608
Car -1 -1 -5.0874 703.3871 179.3930 736.0320 196.9745 1.6321 1.7820 4.0980 10.7071 2.2934 70.8100 -4.9384 -6.0688
Car -1 -1 -4.2939 547.3809 172.5312 579.2171 193.4727 1.7638 1.5509 3.2977 -4.0465 1.7363 62.5853 -4.3585 -6.0705
Car -1 -1 -5.1056 893.7299 176.9880 1020.1720 247.2905 1.5356 1.5617 3.4177 8.3084 1.6466 17.7021 -4.6739 -6.1640
Car -1 -1 -5.2281 1066.0345 191.6980 1241.0000 306.3736 1.4778 1.4588 3.3692 8.9298 1.8276 11.6406 -4.5867 -6.2606
Car -1 -1 -4.8819 909.8587 189.7889 960.5234 220.4181 1.3404 1.6290 4.0336 16.1608 2.2383 36.1145 -4.4648 -6.4478
Car -1 -1 -4.6845 726.7495 181.1070 744.9043 197.0548 1.4836 1.6665 4.0891 12.4802 2.3264 71.5392 -4.5129 -6.5131
Car -1 -1 -5.3595 589.1945 171.0340 632.1639 191.6210 1.8217 1.8722 4.0376 0.0092 1.6603 66.0207 -5.3598 -9.5230
