Car -1 -1 -7.8379 542.3816 171.0195 567.2812 192.9488 1.3993 1.5861 3.5417 -3.6637 1.2820 47.8571 -7.9142 2.7044
Car -1 -1 -7.8385 579.3316 172.4632 609.3394 196.4146 1.2521 1.5688 3.4393 -0.8698 1.2314 39.4460 -7.8608 2.5581
Car -1 -1 -4.2207 169.3704 180.0924 249.1912 214.8568 1.6010 1.7075 4.2093 -20.0398 1.9853 36.2223 -4.7232 -0.2018
Car -1 -1 -6.6668 1145.2305 179.8355 1238.6261 209.6017 1.5151 1.5724 3.5548 30.9931 1.9003 38.5776 -5.9941 -1.1601
Car -1 -1 -5.8337 481.8350 173.4460 540.7330 194.1492 1.6019 1.7160 4.3262 -7.8736 1.6499 57.3966 -5.9698 -1.5924
Car -1 -1 -2.8985 204.2353 178.0320 282.7642 206.6043 1.6546 1.6882 3.9297 -22.0631 1.9756 43.5009 -3.3657 -2.1365
Car -1 -1 -7.0296 739.5536 173.3435 797.6381 197.2929 1.5428 1.6061 3.6779 10.5653 1.5763 48.1722 -6.8154 -2.6164
Car -1 -1 -2.8502 310.2225 167.1563 388.9054 195.3421 1.6024 1.7152 3.9814 -15.1375 1.2782 41.9826 -3.1945 -2.7113
Car -1 -1 -4.5659 157.5569 183.5330 210.9247 220.1272 1.4975 1.5699 3.4941 -19.1829 2.0074 32.5577 -5.0950 -2.7874
Car -1 -1 -5.3531 804.0897 175.8239 843.3775 193.7286 1.6955 1.7280 3.8858 21.0163 1.9968 71.1513 -5.0674 -2.8537
Car -1 -1 -5.5353 1035.2662 178.2473 1101.5209 201.9417 1.5208 1.6275 3.6818 31.1562 1.9032 49.2055 -4.9739 -3.3099
Car -1 -1 -7.8592 90.2263 178.5914 126.4749 207.0695 1.5087 1.6293 3.6856 -28.5373 1.8501 40.9989 -8.4644 -3.3756
Car -1 -1 -4.4951 756.4603 179.1297 786.0980 198.0361 1.4331 1.5354 3.8922 13.0048 1.9569 58.1682 -4.2766 -3.4832
Car -1 -1 -4.4624 747.2142 173.8141 789.2068 200.2115 1.5750 1.6314 4.0718 9.9614 1.6380 45.3940 -4.2481 -3.5190
Car -1 -1 -7.4886 457.2683 174.0538 488.2729 190.3012 1.5499 1.7124 3.9391 -13.5270 1.6715 71.2270 -7.6759 -3.5536
Car -1 -1 -4.4789 418.5864 167.4740 451.3843 190.1912 1.7233 1.6686 3.7908 -13.7214 1.3149 56.6336 -4.7158 -3.7965
Car -1 -1 -3.9021 1155.5540 182.8576 1241.0000 212.6164 1.4690 1.6286 3.3086 30.3145 1.9976 37.1993 -3.2226 -3.8944
Car -1 -1 -7.7110 360.2939 169.2017 398.1125 195.9365 1.5624 1.6480 4.0400 -14.1483 1.3487 44.2961 -8.0187 -3.9291
Car -1 -1 -2.3662 360.5777 172.8931 420.9023 196.6626 1.6274 1.7155 4.0434 -15.5673 1.6300 51.1026 -2.6607 -3.9295
Car -1 -1 -4.1295 645.3108 170.8684 686.4279 189.5840 1.4419 1.6019 3.5062 4.4479 1.2886 57.4635 -4.0529 -4.0067
Car -1 -1 -2.2379 287.8046 169.9962 334.9499 187.9939 1.5954 1.6352 4.3408 -27.2397 1.3418 65.7361 -2.6295 -4.1347
Car -1 -1 -1.9536 103.0677 187.8718 174.5753 219.1841 1.3527 1.5074 3.9596 -22.6656 2.1092 34.6066 -2.5301 -4.1371
Car -1 -1 -3.0301 619.7867 169.6127 694.0735 199.4830 1.5721 1.6456 3.8624 2.5307 1.4012 39.1227 -2.9664 -4.2467
Car -1 -1 -4.7069 609.8084 170.6900 636.6823 196.7636 1.6990 1.7516 3.8738 0.8738 1.5577 48.9727 -4.6896 -4.3098
Car -1 -1 -8.0300 758.8070 175.4146 792.0345 197.1366 1.5160 1.6699 4.1023 12.0583 1.7109 52.9361 -7.8076 -4.5689
Car -1 -1 -4.9234 609.9097 172.4959 638.8746 192.4636 1.5834 1.6145 3.7773 1.1212 1.5547 59.2240 -4.9050 -4.7528
Car -1 -1 -3.9429 1188.0427 170.7168 1241.0000 194.8849 1.5936 1.6674 3.3767 41.1767 1.4524 48.5782 -3.2430 -4.8795
Car -1 -1 -7.8661 534.3459 172.8271 553.2674 190.8359 1.7072 1.7874 3.9277 -6.5062 1.7043 70.4459 -7.9582 -4.9388
Car -1 -1 -4.6068 337.5320 170.2088 363.4187 188.5175 1.4783 1.6391 3.8294 -21.6827 1.2645 60.3148 -4.9507 -5.0210
Car -1 -1 -4.0014 297.8907 176.0346 357.8247 201.6242 1.6873 1.6368 4.0594 -19.6349 1.9184 50.3071 -4.3720 -5.0219
Car -1 -1 -4.8135 963.1584 166.0357 998.5092 195.9556 2.0200 1.7861 4.2316 26.1284 1.5593 51.0082 -4.3428 -5.1313
Car -1 -1 -7.5806 783.1353 176.9738 817.4742 199.2204 1.5382 1.5442 3.4606 13.8348 1.8482 52.4691 -7.3246 -5.1390
Car -1 -1 -4.8255 354.6985 168.5560 382.5307 187.4762 1.4926 1.7117 4.0965 -19.8401 1.1533 59.1409 -5.1480 -5.2300
Car -1 -1 -7.8154 1018.4608 176.2025 1050.5007 202.7254 1.6606 1.6838 4.5416 28.3204 1.8947 48.1399 -7.2867 -5.2758
Car -1 -1 -7.3849 599.8624 171.1747 630.8350 184.8162 1.3150 1.6619 3.5142 0.5368 1.1528 71.4984 -7.3777 -5.3091
Car -1 -1 -3.9389 351.7408 170.8596 402.3770 187.7164 1.4427 1.6324 4.4550 -20.6633 1.2717 64.1105 -4.2497 -5.3301
Car -1 -1 -4.4266 327.8357 172.2247 368.5434 195.4755 1.7170 1.8292 4.1880 -20.0801 1.6702 55.4286 -4.7729 -5.4067
Car -1 -1 -4.9077 837.9356 177.2003 873.8600 198.7691 1.4200 1.5752 4.2379 17.1556 1.7377 50.5924 -4.5829 -5.7301
Car -1 -1 -4.7807 1145.0813 171.0939 1177.1132 191.1724 1.4549 1.6345 3.9869 41.4722 1.3271 54.3979 -4.1321 -5.8867
Car -1 -1 -4.9039 1241.0000 171.7459 1241.0000 199.4158 1.5265 1.6566 3.9971 41.4706 1.4650 41.9286 -4.1278 -5.8867
Car -1 -1 -4.8762 1241.0000 178.8569 1241.0000 206.5765 1.6000 1.6880 3.9939 41.4011 1.9894 44.7050 -4.1328 -5.8867
Car -1 -1 -4.5912 761.8171 175.8720 786.1433 193.1883 1.4645 1.6202 4.1702 14.5589 1.7414 64.0374 -4.3690 -5.8867
Car -1 -1 -4.9313 1241.0000 167.0208 1241.0000 195.8755 1.4957 1.6492 4.0027 41.4682 1.1930 39.5245 -4.1258 -5.8867
Car -1 -1 -5.0507 1140.8262 178.4924 1198.3849 205.7339 1.6215 1.6780 3.9013 35.5102 1.9967 45.9385 -4.3962 -5.8911
Car -1 -1 -5.5175 359.3908 167.3076 416.9999 186.6875 1.6033 1.7432 4.8425 -18.9624 1.1442 61.5645 -5.8153 -5.8945
Car -1 -1 -6.6830 417.0959 166.1400 474.6910 185.9473 1.5887 1.6355 4.3634 -13.6045 1.0499 59.8098 -6.9060 -5.8981
Car -1 -1 -5.0048 1088.0618 176.0048 1135.1089 197.7575 1.4618 1.6619 3.9385 35.5152 1.6945 51.2334 -4.4016 -5.9758
Car -1 -1 -8.2874 1151.2533 162.0939 1212.9250 192.9164 2.0444 1.7651 4.1326 39.5743 1.3304 50.0715 -7.6217 -5.9946
Car -1 -1 -2.6832 716.3414 171.1391 766.1616 192.7590 1.7169 1.7171 3.6265 10.7051 1.5804 59.0669 -2.5051 -6.2245
Car -1 -1 -5.6287 0.0000 179.7183 3.5186 325.4497 1.6095 1.7794 4.4409 -11.0592 1.7111 9.4004 -6.4808 -6.4671
