Car -1 -1 -7.8211 576.7177 178.3141 603.8489 201.1652 1.3218 1.5558 3.4063 -1.2126 1.6694 44.2600 -7.8488 3.2238
Car -1 -1 -4.7052 544.2216 173.5101 568.2320 195.6120 1.5872 1.7255 3.9267 -4.0367 1.6378 53.9532 -4.7798 2.5414
Car -1 -1 -7.1542 117.5970 181.9762 216.7174 219.9193 1.5551 1.5788 4.0590 -19.9954 1.9954 32.7213 -7.6994 -0.8305
Car -1 -1 -4.7945 336.6568 179.6741 362.4806 200.2480 1.5301 1.6055 3.9763 -20.7079 2.0909 57.2237 -5.1405 -1.7637
Car -1 -1 -4.7591 348.0341 174.7907 369.8992 192.4151 1.5190 1.6695 4.0302 -22.6080 1.6986 64.8487 -5.0935 -1.9313
Car -1 -1 -4.9643 20.8524 191.3537 98.0697 232.5903 1.4440 1.5438 3.8190 -21.9466 2.2246 28.6640 -5.6134 -2.2021
Car -1 -1 -4.4957 35.6549 179.5511 93.8708 213.0813 1.5936 1.5757 3.9408 -28.1095 1.9588 37.2596 -5.1387 -2.8693
Car -1 -1 -7.8733 1195.4924 181.7132 1241.0000 216.0471 1.6129 1.7022 4.5378 31.4156 2.1000 37.3878 -7.1788 -2.9967
Car -1 -1 -4.9259 755.0931 185.3601 789.1827 207.2269 1.4689 1.6076 3.9997 11.7791 2.4178 52.7627 -4.7080 -3.4006
Car -1 -1 -4.8450 1027.8042 172.5987 1063.1893 195.6164 1.6397 1.6863 4.2716 32.3225 1.6212 53.6943 -4.3059 -3.4680
Car -1 -1 -5.1921 147.5183 174.2670 215.1038 204.4923 1.6779 1.7133 4.0479 -25.0177 1.7634 42.0196 -5.7265 -3.6534
Car -1 -1 -4.4410 77.4182 178.5861 148.4883 217.4913 1.5597 1.6271 3.6320 -21.6386 1.8253 31.4910 -5.0393 -3.7190
Car -1 -1 -8.0310 229.5054 169.5097 267.4870 197.4619 1.7875 1.6263 3.7900 -24.1827 1.5734 48.1474 -8.4945 -3.7283
Car -1 -1 -4.5076 340.0324 179.4675 381.0566 207.0553 1.5225 1.5372 3.8897 -14.7813 1.9332 42.8165 -4.8385 -3.7373
Car -1 -1 -4.7061 290.4932 176.9206 316.6441 200.9711 1.5712 1.6059 3.6916 -21.1748 1.8631 49.8319 -5.1062 -3.7385
Car -1 -1 -2.3852 178.3369 180.2734 245.6841 202.3444 1.5230 1.6855 4.2629 -28.7274 2.0718 52.0502 -2.8876 -3.8547
Car -1 -1 -3.5979 1049.6946 186.2598 1136.4315 214.3053 1.5555 1.6715 3.8670 28.1000 2.3578 42.1233 -3.0134 -4.0197
Car -1 -1 -5.2675 905.1265 177.9165 956.1561 201.2274 1.8641 1.7868 4.5914 27.0683 2.3096 61.1385 -4.8529 -4.0240
Car -1 -1 -3.7068 234.7401 177.2288 305.6027 202.8623 1.7868 1.7006 4.5475 -25.1463 2.1252 53.4812 -4.1447 -4.1429
Car -1 -1 -4.2510 201.6158 174.3634 264.8217 203.1275 1.5874 1.6142 4.0763 -21.9233 1.6794 42.0854 -4.7288 -4.2207
Car -1 -1 -4.7044 291.1446 175.8029 315.3306 199.9866 1.7975 1.6816 4.1774 -23.9931 2.0370 56.4291 -5.1050 -4.2501
Car -1 -1 -3.2590 1189.2335 182.9783 1241.0000 214.9557 1.6257 1.6861 3.9299 34.3680 2.2065 39.6173 -2.5486 -4.3116
Car -1 -1 -7.9237 363.0386 172.4492 384.7149 190.2543 1.5978 1.6438 3.8545 -21.9185 1.5612 66.8448 -8.2396 -4.6371
Car -1 -1 -4.7056 695.8699 180.5031 722.8420 206.3394 1.4842 1.5825 3.7853 6.1136 1.9778 44.6098 -4.5709 -4.8743
Car -1 -1 -8.0579 323.2535 178.5009 374.9338 212.4185 1.3878 1.4657 3.5709 -11.6773 1.6534 32.0632 -8.4048 -4.8931
Car -1 -1 -4.5146 614.9075 179.9586 643.4784 199.7660 1.4743 1.5554 3.7728 1.5262 2.0566 57.1606 -4.4885 -5.0780
Car -1 -1 -5.0470 600.3604 179.1913 628.6658 196.8948 1.5301 1.4873 3.5488 0.3604 2.1233 65.6548 -5.0420 -5.1702
Car -1 -1 -4.2999 699.5053 180.9177 738.0750 200.1158 1.5503 1.6566 4.4760 9.4480 2.2753 62.5641 -4.1512 -5.3033
Car -1 -1 -4.7521 1170.9918 177.8825 1202.2806 204.7668 1.8502 1.6249 3.1908 41.5564 2.2252 52.0849 -4.0818 -5.3157
Car -1 -1 -7.8753 1067.5132 191.4461 1091.0681 212.5357 1.5588 1.5161 3.8941 38.3203 3.1319 59.0094 -7.3023 -5.3542
Car -1 -1 -3.2198 268.6702 182.0817 326.4884 206.5766 1.5120 1.5827 3.3546 -20.4403 2.1335 47.1377 -3.6272 -5.3983
Car -1 -1 -4.8580 1190.5631 181.4422 1239.0865 218.3260 2.0318 1.6306 3.9483 35.8036 2.5665 42.8403 -4.1657 -5.4112
Car -1 -1 -7.4168 348.1507 177.8488 391.3288 198.7003 1.5637 1.5864 4.2961 -19.0799 1.9762 57.4017 -7.7366 -5.4510
Car -1 -1 -4.4624 496.6394 174.5798 533.0746 195.5609 1.3530 1.5784 3.6891 -6.4196 1.4740 48.7717 -4.5929 -5.4760
Car -1 -1 -7.0831 1041.4371 189.3292 1125.8727 211.9985 1.5024 1.9236 5.2705 33.7886 2.7139 51.5500 -6.5061 -5.5038
Car -1 -1 -2.5449 0.0000 0.0000 772.3812 374.0000 1.7891 1.8829 4.8304 -2.1148 1.3684 2.6057 -3.1791 -5.8624
Car -1 -1 -4.7482 634.8120 177.9464 654.6271 195.1523 1.4320 1.5838 4.0462 2.9938 1.8927 63.2850 -4.7016 -5.8847
Car -1 -1 -4.9624 1241.0000 166.1385 1241.0000 196.9889 1.4960 1.6493 4.0025 41.4675 1.1700 37.1109 -4.1257 -5.8867
Car -1 -1 -4.9325 1241.0000 169.2397 1241.0000 197.6813 1.4899 1.6426 3.9869 41.4705 1.3003 39.9155 -4.1319 -5.8867
Car -1 -1 -4.5649 650.8193 179.7649 674.2993 196.1502 1.4581 1.6551 3.9222 4.9661 2.1299 68.0707 -4.4928 -5.8867
Car -1 -1 -4.7784 1099.3065 184.6549 1127.1302 204.8001 1.5416 1.6300 3.6786 41.4687 2.5480 59.5520 -4.1729 -5.9255
Car -1 -1 -5.5060 0.0000 172.7774 7.3762 315.1829 1.6332 1.8292 4.6727 -11.0477 1.6321 9.3652 -6.3595 -6.3380
