Car -1 -1 -7.8102 575.7715 173.1437 601.6822 193.2839 1.3303 1.6236 3.6341 -1.4601 1.3506 49.5396 -7.8399 2.3368
Car -1 -1 -7.7676 546.8058 171.7349 570.7545 189.5506 1.4355 1.6690 3.7904 -4.2567 1.3450 60.0448 -7.8383 1.7599
Car -1 -1 -4.5107 345.3821 173.1235 387.4593 202.0273 1.5823 1.5711 3.7349 -13.9849 1.5983 41.4858 -4.8342 -1.1352
Car -1 -1 -4.9057 203.8475 179.0980 246.7910 205.8228 1.5707 1.6761 3.8578 -24.2567 1.9806 45.3790 -5.3944 -1.8447
Car -1 -1 -6.5039 335.3801 175.3377 393.9449 194.3479 1.5239 1.6880 4.3621 -20.4715 1.7372 60.1816 -6.8307 -2.0029
Car -1 -1 -5.3754 686.3892 177.4060 749.2816 208.1456 1.5225 1.5758 3.3073 5.6105 1.7742 38.1060 -5.2308 -2.2329
Car -1 -1 -5.0192 312.5378 176.3740 365.6632 206.3102 1.5867 1.6710 4.0468 -15.4127 1.7960 40.8469 -5.3781 -2.3905
Car -1 -1 -5.5739 97.4033 181.2092 193.8413 211.1594 1.5275 1.6404 4.3060 -24.8045 1.9863 38.5336 -6.1429 -2.6144
Car -1 -1 -4.2005 53.9997 184.4188 127.1206 215.7156 1.4505 1.5678 3.3158 -26.1950 2.0622 36.4532 -4.8203 -2.8053
Car -1 -1 -4.1654 692.7439 175.1692 732.0119 192.5421 1.5372 1.6270 4.2315 9.4542 1.7574 66.5679 -4.0253 -2.8756
Car -1 -1 -4.4889 226.2264 178.6813 294.3620 218.7094 1.4761 1.6802 3.7458 -14.1047 1.7279 29.2064 -4.9355 -3.0218
Car -1 -1 -3.2940 602.8521 178.9409 706.4171 222.8594 1.4480 1.5001 3.3802 1.4544 1.6659 24.9493 -3.2372 -3.2468
Car -1 -1 -7.4508 307.5727 176.1402 339.8867 192.2642 1.4952 1.5833 3.6599 -27.5593 1.8200 69.5150 -7.8272 -3.2764
Car -1 -1 -4.2897 229.2883 184.6727 281.0636 211.3743 1.5175 1.5904 3.4007 -21.7371 2.2703 44.2569 -4.7442 -3.2933
Car -1 -1 -8.1112 280.1773 179.0707 327.8487 209.5040 1.7418 1.6811 4.2191 -18.8901 2.1426 44.3713 -8.5119 -3.4277
Car -1 -1 -6.6604 336.8819 172.3064 382.6703 190.5406 1.7222 1.6973 3.8458 -24.2916 1.6702 70.0463 -6.9933 -3.5318
Car -1 -1 -7.4175 156.1536 178.9325 225.7132 210.3720 1.5725 1.6488 4.1426 -22.6150 1.9192 39.0490 -7.9397 -3.7163
Car -1 -1 -5.4941 249.8013 181.7145 332.9239 214.4715 1.5781 1.6430 3.8883 -16.3914 2.0507 37.0347 -5.9085 -3.8139
Car -1 -1 -4.4653 317.1924 172.5926 347.6857 193.2975 1.8411 1.6594 4.1018 -25.4782 1.8175 66.2932 -4.8311 -4.1825
Car -1 -1 -4.2587 207.3930 187.8743 272.2661 216.3121 1.4564 1.6892 4.0240 -21.0414 2.3543 41.1194 -4.7294 -4.2657
Car -1 -1 -4.3323 608.8693 173.9414 640.0000 190.8939 1.4757 1.5754 3.6259 1.3081 1.5764 65.0383 -4.3127 -4.3022
Car -1 -1 -4.9832 677.6619 175.1419 706.5464 192.7228 1.5744 1.6559 4.0084 7.5971 1.7941 67.2745 -4.8716 -4.5479
Car -1 -1 -4.8161 480.2566 174.0898 514.1805 199.2683 1.4148 1.5840 3.9555 -6.7765 1.4916 42.8669 -4.9723 -4.5510
Car -1 -1 -4.7793 284.1913 178.6321 322.3651 208.3112 1.5373 1.7101 3.8262 -17.1965 1.8764 40.2828 -5.1806 -4.7607
Car -1 -1 -4.7121 572.3084 174.0153 589.8678 191.1177 1.4724 1.5173 3.5683 -2.5958 1.5783 64.1790 -4.7527 -4.7927
Car -1 -1 -7.7742 658.8271 173.6454 682.3578 193.2757 1.5575 1.6469 3.6604 4.9848 1.6244 59.3435 -7.6912 -4.9342
Car -1 -1 -4.8272 293.0142 175.2207 322.8791 198.9221 1.7809 1.7023 4.2134 -23.8851 1.9747 56.9203 -5.2231 -4.9628
Car -1 -1 -4.8929 1124.1920 181.1103 1174.7161 210.3517 1.6705 1.7353 4.3864 33.4521 2.2109 44.8998 -4.2562 -5.0182
Car -1 -1 -4.4096 211.2893 185.8397 251.5148 207.0556 1.4378 1.6196 3.6028 -27.8706 2.4288 53.1615 -4.8907 -5.1599
Car -1 -1 -5.0103 501.0598 175.5168 536.3898 197.0132 1.5111 1.5668 3.6908 -6.7957 1.7147 53.2230 -5.1370 -5.1827
Car -1 -1 -6.3936 1130.1218 195.9933 1241.0000 231.1811 1.4974 1.6768 4.1876 27.7741 2.6752 34.9151 -5.7264 -5.2870
Car -1 -1 -7.8779 456.7260 168.7616 486.4821 199.0212 1.7542 1.6770 4.4936 -8.5553 1.5167 44.2033 -8.0683 -5.4919
Car -1 -1 -4.5955 723.8177 178.7696 745.1920 195.0001 1.5131 1.6328 3.8864 12.2370 2.1111 70.8858 -4.4256 -5.5003
Car -1 -1 -5.2765 836.9841 177.3047 883.3270 196.4371 1.6148 1.7212 4.5733 22.2561 2.0269 64.4481 -4.9458 -5.5582
Car -1 -1 -4.7484 738.5662 175.7430 758.7949 191.5180 1.3801 1.6518 4.5936 12.7064 1.6552 66.3970 -4.5605 -5.5990
Car -1 -1 -7.3602 310.4262 184.8043 358.0929 208.8407 1.3880 1.5627 2.9197 -17.0936 2.1546 44.7544 -7.7234 -5.6821
Car -1 -1 -2.4112 0.0000 166.1219 61.5565 201.7207 1.7988 1.7310 4.0468 -31.1228 1.4583 37.4049 -3.1018 -5.8323
Car -1 -1 -4.9532 600.8737 173.3143 638.2901 198.6189 1.6433 1.6272 4.0022 0.5737 1.6757 49.0695 -4.9421 -5.8590
Car -1 -1 -5.5661 285.2627 173.1396 348.1908 197.6733 1.7712 1.8462 4.1463 -21.8374 1.7927 53.6752 -5.9510 -5.8867
Car -1 -1 -4.9144 1241.0000 169.3897 1241.0000 196.8416 1.4842 1.6434 3.9924 41.4704 1.2966 41.1275 -4.1287 -5.8867
Car -1 -1 -4.7604 1123.1130 172.0703 1152.1896 191.5575 1.4770 1.6421 3.9953 41.4737 1.4173 56.8093 -4.1325 -5.8867
Car -1 -1 -4.8177 1190.5204 172.7120 1229.5994 195.4924 1.5109 1.6527 3.9931 41.4729 1.5012 49.9759 -4.1281 -5.8867
Car -1 -1 -4.7951 1160.7410 171.9043 1195.2565 193.0939 1.4880 1.6428 3.9921 41.4737 1.4210 52.7871 -4.1321 -5.8867
Car -1 -1 -4.8490 1228.5272 175.8999 1241.0000 202.4219 1.6218 1.6913 4.0094 41.4748 1.8279 46.7519 -4.1269 -5.8867
Car -1 -1 -4.8848 1241.0000 171.8399 1241.0000 198.1030 1.5221 1.6530 3.9867 41.4731 1.4630 43.9369 -4.1319 -5.8867
Car -1 -1 -4.7382 1102.8424 174.2828 1129.2168 193.7008 1.5282 1.6543 3.9884 41.4662 1.6494 59.2181 -4.1300 -5.8867
Car -1 -1 -4.6201 273.3754 179.6408 305.3926 201.9295 1.5688 1.7981 4.6031 -24.3058 2.1068 54.7581 -5.0363 -5.9477
Car -1 -1 -7.6682 1032.7756 175.7034 1066.3494 199.2545 2.0802 1.8422 4.5892 40.5871 2.3521 66.6169 -7.1234 -6.8043
