Car -1 -1 -7.7443 522.7787 180.0360 564.1260 209.6614 1.3603 1.6655 3.5296 -3.2896 1.7338 35.7731 -7.8358 7.2037
Car -1 -1 -7.8618 580.4016 182.1031 623.0172 217.0534 1.2726 1.6086 3.5371 -0.3970 1.6670 29.0037 -7.8761 5.8847
Car -1 -1 -7.6403 413.7984 180.8980 449.7977 203.0326 1.4012 1.5645 4.0113 -12.1262 1.9716 49.1734 -7.8811 1.4345
Car -1 -1 -2.6210 0.0000 193.3693 120.0244 235.7851 1.4468 1.5989 3.6155 -20.5189 2.2330 26.6352 -3.2728 -1.1832
Car -1 -1 -3.7367 35.1384 187.7226 124.3887 216.6283 1.4709 1.5538 3.8748 -30.0329 2.3574 40.9490 -4.3666 -1.8057
Car -1 -1 -5.8521 216.7221 181.6098 307.6344 214.5074 1.5600 1.6284 3.6879 -17.1027 2.0007 35.5048 -6.2984 -1.8095
Car -1 -1 -4.8640 8.4331 186.8655 60.9351 218.0600 1.5699 1.6830 4.1650 -32.0985 2.3892 40.1730 -5.5351 -2.2225
Car -1 -1 -5.3253 792.1047 181.5429 834.9293 200.5088 1.6270 1.7267 4.0996 18.5882 2.4500 66.1515 -5.0530 -2.7671
Car -1 -1 -4.6476 200.5543 184.7760 232.6647 210.0786 1.5259 1.6019 3.9797 -25.9783 2.3488 47.6750 -5.1445 -3.1521
Car -1 -1 -4.8437 187.3767 179.5862 228.7635 209.5102 1.7020 1.6794 4.2347 -24.7075 2.1349 44.2297 -5.3508 -3.3858
Car -1 -1 -4.7401 546.6423 175.6866 580.0506 206.1764 1.5142 1.6454 4.5755 -2.5869 1.6747 38.6251 -4.8070 -3.4410
Car -1 -1 -7.7493 1.0834 184.3890 53.9850 221.2209 1.7190 1.6694 4.3992 -30.1623 2.3538 37.4199 -8.4244 -3.4914
Car -1 -1 -4.7426 627.2930 179.7377 648.5794 198.3821 1.4255 1.5997 4.1008 2.2176 2.0052 58.7399 -4.7055 -3.6166
Car -1 -1 -5.7410 223.6859 181.3318 287.4213 203.2373 1.5959 1.6638 4.0300 -26.6973 2.2459 54.3468 -6.1959 -3.6518
Car -1 -1 -3.7912 230.2717 181.1160 298.3255 207.1118 1.6675 1.6789 4.0487 -23.8518 2.2631 49.8557 -4.2356 -3.6666
Car -1 -1 -7.8047 671.6804 175.9342 689.8679 192.6837 1.5799 1.6039 3.5344 6.9277 1.8890 70.6115 -7.7077 -3.6948
Car -1 -1 -7.7437 292.8942 169.5859 316.5596 186.4094 1.5411 1.6596 3.6786 -28.7986 1.2415 68.0967 -8.1426 -3.8296
Car -1 -1 -4.8359 556.8884 179.4120 586.5189 202.7932 1.4806 1.5462 3.7150 -2.6551 1.9414 48.7597 -4.8905 -3.8574
Car -1 -1 -5.3301 359.0931 177.3633 400.5250 194.6565 1.6017 1.6687 4.2426 -22.2992 2.0496 69.7812 -5.6386 -3.8696
Car -1 -1 -7.7693 443.2049 176.4250 472.7808 197.5259 1.3874 1.6669 4.2483 -10.6040 1.6475 50.4005 -7.9760 -3.9164
Car -1 -1 -4.6840 572.3634 177.6077 607.2099 209.6742 1.5920 1.7466 4.9130 -1.0718 1.8648 39.0064 -4.7119 -4.0072
Car -1 -1 -2.7222 0.0000 193.8620 93.9373 238.6395 1.4248 1.6030 3.5002 -20.5191 2.1973 25.3228 -3.3982 -4.0348
Car -1 -1 -2.9817 440.6985 179.6203 502.3670 203.5093 1.5230 1.5835 3.7687 -9.0793 1.9745 47.3264 -3.1706 -4.0422
Car -1 -1 -4.9159 219.1063 184.1477 271.7756 217.3209 1.5577 1.6445 4.1135 -19.0006 2.1768 37.4489 -5.3829 -4.1120
Car -1 -1 -8.0169 542.5527 173.6191 564.5789 188.9117 1.4554 1.5634 3.7642 -5.5880 1.5324 70.8843 -8.0956 -4.1394
Car -1 -1 -5.2388 36.2050 185.2437 160.0563 238.9969 1.4977 1.6049 3.4477 -15.8129 1.9039 22.2225 -5.8518 -4.1983
Car -1 -1 -4.7410 612.2664 177.8324 632.2910 195.9972 1.4354 1.5502 3.6602 0.9679 1.8609 59.8661 -4.7253 -4.3172
Car -1 -1 -4.4271 0.5552 183.8108 49.2886 208.4316 1.4808 1.5779 3.3347 -37.9843 2.2204 46.8788 -5.1054 -4.6201
Car -1 -1 -4.4015 347.8147 178.5738 376.4788 192.5280 1.3145 1.5629 3.9203 -24.5616 1.8972 71.5629 -4.7312 -4.6673
Car -1 -1 -7.6429 0.0000 188.2258 52.3621 225.3362 1.4579 1.7019 3.1056 -25.8704 2.1681 31.5812 -8.3252 -4.7112
Car -1 -1 -3.7305 619.9739 179.0704 677.3516 201.5542 1.4978 1.5880 3.7751 2.6926 1.9478 50.6241 -3.6782 -4.7272
Car -1 -1 -2.4482 136.0001 182.2685 249.8618 219.9777 1.5022 1.6712 4.0354 -17.6349 1.9152 30.4984 -2.9689 -4.8156
Car -1 -1 -4.7639 715.8344 178.0533 743.6434 204.2978 1.6716 1.6384 4.0553 8.0415 2.0388 48.8967 -4.6024 -5.1975
Car -1 -1 -2.9666 641.3307 175.1064 701.2844 197.9200 1.6746 1.6466 4.2987 4.6185 1.8489 54.5743 -2.8831 -5.2562
Car -1 -1 -5.0537 681.4628 174.9008 722.7823 201.5419 1.7043 1.5761 3.7576 6.1084 1.8472 48.4716 -4.9295 -5.2703
Car -1 -1 -4.2583 397.2338 177.7973 436.5689 196.8340 1.4558 1.5883 3.7296 -15.5537 1.8677 58.1897 -4.5186 -5.3854
Car -1 -1 -4.9318 672.5825 172.7683 707.2511 198.1821 1.9479 1.8442 4.3048 6.2976 1.9410 57.5446 -4.8238 -5.4217
Car -1 -1 -5.2005 583.3434 177.7224 635.0317 199.7022 1.3548 1.6068 4.2455 -0.1402 1.6917 47.7224 -5.2039 -5.4605
Car -1 -1 -4.4711 605.7406 176.5995 633.6751 192.5273 1.4255 1.6599 4.2709 0.9291 1.7895 67.9198 -4.4579 -5.8085
Car -1 -1 -4.4900 0.0000 183.2955 0.0000 209.6382 1.4728 1.6474 4.0635 -41.5812 2.1439 44.2298 -5.2417 -5.8867
Car -1 -1 -4.4477 0.0000 184.4074 0.0000 214.7812 1.5171 1.6501 4.0130 -41.6107 2.1888 39.8176 -5.2518 -5.8867
Car -1 -1 -4.5033 0.0000 180.8999 0.0000 205.4783 1.4661 1.6524 4.0791 -41.6055 2.0103 46.6499 -5.2289 -5.8867
Car -1 -1 -7.7250 221.8063 180.3784 279.7230 220.6609 1.5757 1.7597 3.6560 -15.3922 1.9196 30.9913 -8.1829 -6.1239
Car -1 -1 -5.0319 518.7195 176.1559 566.8133 200.1049 1.5030 1.8045 4.7710 -4.6154 1.7364 48.5314 -5.1266 -6.2528
Car -1 -1 -7.7428 22.7500 180.7155 76.4253 220.1107 1.8108 1.6763 4.0217 -28.0604 2.2282 36.1797 -8.3991 -6.4174
Car -1 -1 -5.1074 767.2846 179.6208 798.5125 198.6764 1.7583 1.5308 3.9766 16.7490 2.4354 70.1435 -4.8744 -6.8229
Car -1 -1 -4.3032 205.8074 188.0628 252.6098 211.9003 1.3951 1.3763 3.4909 -24.4134 2.4086 46.3052 -4.7863 -7.8561
