Car -1 -1 -4.1634 9.0792 189.2407 257.9302 297.6533 1.4854 1.6320 4.1509 -8.0147 1.8185 12.5976 -4.7208 8.4509
Car -1 -1 -4.5094 497.9565 177.4946 528.0643 198.4196 1.6175 1.6506 4.0382 -7.8847 2.0085 58.7651 -4.6425 -0.8323
Car -1 -1 -3.6479 40.6423 209.0834 146.8580 247.1581 1.5129 1.5956 3.8694 -24.7910 3.3616 34.7357 -4.2644 -1.4464
Car -1 -1 -4.7300 206.4698 174.6231 232.0668 195.2213 1.5283 1.6812 4.2445 -30.4799 1.6713 56.1867 -5.2253 -1.9003
Car -1 -1 -4.5669 357.1053 188.0835 380.0682 205.0748 1.5484 1.6186 3.8083 -23.8713 3.0975 71.3871 -4.8889 -2.1195
Car -1 -1 -4.2882 258.6565 190.7956 306.6873 217.7576 1.6558 1.5926 3.6112 -21.9840 2.9069 48.5207 -4.7120 -2.3754
Car -1 -1 -7.6511 266.1551 181.4947 311.6613 211.6862 1.5669 1.6501 3.5062 -17.9629 2.0732 40.4146 -8.0672 -3.2273
Car -1 -1 -4.8481 366.4234 190.1113 389.0210 207.3220 1.4937 1.5467 3.8309 -22.1951 3.1886 68.8157 -5.1593 -3.2854
Car -1 -1 -7.2401 265.4780 182.9418 348.8792 216.1872 1.4585 1.7025 4.0750 -14.6876 1.9800 35.1476 -7.6336 -3.3069
Car -1 -1 -4.7793 301.7660 182.4972 325.5415 202.2701 1.5471 1.5978 3.7305 -24.8785 2.3819 60.4592 -5.1684 -3.3142
Car -1 -1 -4.3996 412.8295 179.8274 442.8727 198.8869 1.7712 1.7020 3.9989 -17.8029 2.4731 70.6064 -4.6460 -3.5002
Car -1 -1 -4.5706 204.8539 175.4109 240.2171 199.2243 1.6073 1.6608 4.0076 -27.5442 1.7966 51.3345 -5.0611 -3.6890
Car -1 -1 -4.1356 176.4196 178.6313 245.8241 208.5449 1.6307 1.5965 4.0507 -23.2806 1.9851 42.2174 -4.6371 -3.9052
Car -1 -1 -5.1964 170.2721 173.5574 208.9382 189.3469 1.4819 1.6034 3.8798 -40.5696 1.5511 69.5811 -5.7228 -4.1540
Car -1 -1 -4.4801 475.1260 178.4454 510.8155 199.1750 1.5616 1.8634 4.3863 -9.3534 2.0269 57.8258 -4.6402 -4.2362
Car -1 -1 -7.7858 822.0875 194.3407 858.3277 224.9519 1.4608 1.6410 3.9692 12.6335 2.7035 39.5942 -7.4799 -4.3378
Car -1 -1 -3.4117 745.5690 210.1897 952.6740 281.2544 1.3722 1.5902 3.9890 5.0262 2.2287 15.6975 -3.1086 -4.4172
Car -1 -1 -4.4622 532.8694 177.6874 567.5397 197.7155 1.5074 1.7365 4.3726 -4.7617 1.9091 57.7160 -4.5445 -4.4730
Car -1 -1 -5.2132 898.1290 184.5982 934.6829 202.9920 1.6529 1.6640 3.6601 29.3128 2.8096 69.1775 -4.8145 -4.5590
Car -1 -1 -5.1588 776.5766 188.9805 815.4800 210.3425 1.6940 1.6445 4.1208 16.0892 3.1436 62.6913 -4.9093 -4.6325
Car -1 -1 -7.3940 769.7293 190.8355 833.2416 224.3946 1.5511 1.6022 3.9819 9.9688 2.5371 37.5496 -7.1372 -4.7378
Car -1 -1 -4.1701 310.5348 180.6382 353.6570 204.5734 1.8977 1.6155 3.8615 -23.3047 2.5730 60.5783 -4.5362 -4.7384
Car -1 -1 -4.4099 28.5505 191.4911 193.5608 280.9878 1.4634 1.7043 3.5953 -9.9121 1.8905 14.5821 -4.9987 -5.1401
Car -1 -1 -6.8407 630.8206 181.2907 685.5303 205.8010 1.6322 1.6795 3.4724 3.3558 2.2427 50.6830 -6.7755 -5.1415
Car -1 -1 -4.0657 451.7764 177.8338 513.2954 201.7353 1.3837 1.5414 4.2166 -7.9062 1.7088 44.9264 -4.2393 -5.5139
Car -1 -1 -4.5047 458.2862 178.8571 488.6292 197.6830 1.4265 1.5894 4.0886 -10.9689 1.9263 58.0477 -4.6910 -5.5745
Car -1 -1 -5.0405 70.9679 184.8854 222.3461 255.7419 1.4948 1.7978 4.6521 -11.7567 1.8323 18.1062 -5.6099 -5.6134
Car -1 -1 -4.8029 540.7653 177.9401 561.8244 194.2012 1.4627 1.6276 4.0013 -5.6070 1.9590 68.3349 -4.8849 -5.6171
Car -1 -1 -4.7292 907.4382 199.3214 941.7019 231.3420 1.4441 1.5759 4.0950 16.6331 2.9314 38.3602 -4.3237 -5.6999
Car -1 -1 -4.7229 584.1158 176.0288 606.4872 195.5635 1.3469 1.5637 4.0309 -1.1234 1.5864 52.4531 -4.7446 -5.7897
Car -1 -1 -5.3349 204.0999 192.8469 268.5269 221.5487 1.6499 1.6033 3.9347 -23.5172 2.9501 45.3263 -5.8114 -5.8796
Car -1 -1 -4.8556 554.0910 178.1629 577.3221 194.3403 1.4462 1.6158 4.0875 -4.2299 1.9628 68.0884 -4.9177 -5.9107
Car -1 -1 -4.4074 322.2445 181.3122 354.4694 197.0379 1.4436 1.7461 4.2997 -26.6199 2.2988 70.7876 -4.7662 -6.5260
Car -1 -1 -4.9668 308.7065 190.3145 351.2744 215.5273 1.5929 1.6934 4.6974 -19.9852 2.8924 51.3119 -5.3368 -6.6931
Car -1 -1 -4.4783 114.8370 185.3993 181.7433 226.1381 1.8429 1.8909 4.2650 -23.2211 2.5158 36.3948 -5.0431 -6.8155
