Car -1 -1 -7.8591 575.3731 175.4063 602.1188 198.4380 1.3654 1.6016 3.7277 -1.3753 1.5313 45.0863 -7.8898 4.7157
Car -1 -1 -7.8147 543.9595 174.5483 567.4232 193.2262 1.3514 1.6214 3.7755 -4.0974 1.4835 54.4674 -7.8898 2.2311
Car -1 -1 -7.1491 342.5511 170.8906 389.8185 191.1755 1.8052 1.7359 4.3311 -22.4520 1.6302 66.5435 -7.4735 -1.1640
Car -1 -1 -7.4829 288.0378 175.6503 335.9106 200.0734 1.5978 1.6633 4.1259 -20.5147 1.7984 49.7573 -7.8723 -1.2610
Car -1 -1 -4.6072 251.9714 180.4208 290.3972 208.4583 1.5599 1.6575 4.2774 -20.4825 2.0417 43.6736 -5.0437 -1.4506
Car -1 -1 -4.7555 1026.9355 172.4818 1055.1155 193.6098 1.6171 1.7183 4.6014 34.3692 1.5883 57.6588 -4.2205 -1.7214
Car -1 -1 -4.2231 334.7119 178.0962 389.8293 204.4425 1.5208 1.6214 3.7787 -15.2263 1.8579 44.4391 -4.5517 -1.8658
Car -1 -1 -4.7941 358.7078 172.1853 391.4464 200.0345 1.7492 1.7062 4.3276 -15.5835 1.7069 47.6450 -5.1089 -2.4206
Car -1 -1 -3.7518 659.3055 178.3206 710.9497 198.0810 1.5659 1.6521 4.0437 6.2130 2.0318 59.8274 -3.6493 -2.6827
Car -1 -1 -2.0502 254.9578 177.2399 327.2505 211.9909 1.4715 1.5644 3.4883 -14.5116 1.6802 32.6841 -2.4653 -2.8431
Car -1 -1 -4.2513 109.8986 180.1060 192.0704 216.9967 1.4903 1.5444 3.7441 -20.1952 1.8297 31.8518 -4.8128 -3.1790
Car -1 -1 -4.7379 935.8594 183.8200 957.8574 205.5452 1.7622 1.6221 3.6111 29.1265 2.7419 62.5038 -4.3041 -3.2588
Car -1 -1 -5.0453 1168.9829 179.6031 1229.1814 214.4634 2.0032 1.7050 3.7800 36.0702 2.4369 44.3292 -4.3660 -3.4550
Car -1 -1 -8.0961 281.5671 173.2932 317.0439 193.5686 1.6173 1.7458 4.2081 -25.8265 1.6547 59.8528 -8.5021 -3.6920
Car -1 -1 -8.0381 1175.8497 191.3001 1229.7499 223.5663 1.5403 1.6207 3.2868 31.4160 2.5677 38.3690 -7.3564 -3.7291
Car -1 -1 -7.8232 233.4453 173.6717 259.5567 195.4533 1.6372 1.6983 4.1631 -28.5249 1.7036 56.6472 -8.2880 -3.7706
Car -1 -1 -4.6295 451.3428 176.1205 470.8554 192.5395 1.5470 1.5848 3.4960 -14.5515 1.8743 70.5407 -4.8325 -3.9710
Car -1 -1 -4.4971 230.1825 177.3701 279.7486 208.5614 1.6146 1.6425 4.0259 -19.7068 1.8789 40.1238 -4.9513 -4.0340
Car -1 -1 -4.3827 196.7331 172.4910 245.3021 197.2073 1.5532 1.6096 3.9550 -25.5291 1.5301 47.4233 -4.8744 -4.2330
Car -1 -1 -3.3151 480.4119 174.8679 532.8403 197.1402 1.6263 1.6771 3.6708 -7.8171 1.7814 54.3023 -3.4577 -4.3633
Car -1 -1 -7.5873 351.5658 173.4386 381.2878 192.1256 1.6178 1.6122 3.6365 -21.7392 1.6712 64.4441 -7.9116 -4.4673
Car -1 -1 -4.4309 376.6584 175.5311 407.7049 191.8166 1.5197 1.7614 4.3139 -21.1670 1.7879 70.2077 -4.7230 -4.5361
Car -1 -1 -4.7970 650.2188 176.0726 688.9169 207.3107 1.5447 1.6700 4.3175 3.0645 1.7249 38.2897 -4.7183 -4.6793
Car -1 -1 -4.7263 278.0360 177.2256 299.4397 196.4453 1.5815 1.6402 4.0486 -27.8941 1.9733 62.5450 -5.1444 -4.7068
Car -1 -1 -6.0196 267.8409 182.0602 340.3084 207.5190 1.4430 1.6221 3.6522 -18.0901 2.0010 42.7055 -6.4184 -4.9938
Car -1 -1 -4.4817 612.1205 176.4514 641.3045 197.1360 1.6096 1.5581 3.7945 1.3709 1.9130 58.8861 -4.4589 -5.1505
Car -1 -1 -1.9001 174.8533 175.5921 229.0404 204.4055 1.6729 1.6385 4.1647 -25.0999 1.8482 44.2692 -2.4136 -5.1560
Car -1 -1 -7.8162 420.2204 172.0057 444.7541 192.5755 1.4934 1.6553 3.6969 -13.3698 1.4316 54.3633 -8.0565 -5.2155
Car -1 -1 -4.4555 736.3654 179.0675 773.2364 203.7505 1.5465 1.5224 3.7447 9.6829 1.9790 48.2407 -4.2591 -5.2430
Car -1 -1 -2.3934 371.8916 169.5209 426.9617 191.8803 1.8462 1.7424 4.5178 -17.9431 1.5707 61.3677 -2.6770 -5.4284
Car -1 -1 -4.1985 516.9719 176.2189 559.4345 197.3243 1.5531 1.6364 3.7500 -5.5393 1.8226 55.7957 -4.2974 -5.5204
Car -1 -1 -5.4438 687.8625 177.1251 752.8418 200.8462 1.4705 1.6012 4.5901 7.2316 1.7679 47.9334 -5.2954 -5.5433
Car -1 -1 -2.8135 403.3874 174.3413 479.8153 200.0827 1.5955 1.6122 4.4494 -10.7077 1.6919 45.8647 -3.0419 -5.5644
Car -1 -1 -4.6498 866.4268 191.4222 892.5385 216.0822 1.4852 1.4249 3.6801 18.0676 2.7811 48.3957 -4.2951 -5.7036
Car -1 -1 -2.2597 0.0000 177.0194 24.0849 374.0000 1.4031 1.5447 4.1232 -6.0375 1.4311 3.9770 -3.2167 -5.7374
Car -1 -1 -4.9270 1214.0970 194.9940 1241.0000 228.8835 1.4774 1.5589 3.7253 31.6454 2.6460 36.0870 -4.2117 -5.8128
Car -1 -1 -4.9139 1241.0000 168.9312 1241.0000 196.1505 1.4718 1.6380 3.9876 41.4698 1.2594 41.1294 -4.1281 -5.8867
Car -1 -1 -4.9420 1241.0000 167.0735 1241.0000 196.5016 1.4926 1.6476 4.0002 41.4683 1.1991 38.7190 -4.1263 -5.8867
Car -1 -1 -7.8079 0.0000 176.9732 0.0000 316.1463 1.4770 1.7438 4.1170 -9.7362 1.5454 9.9079 -8.5711 -6.3683
Car -1 -1 -8.0844 995.9380 161.4410 1028.8474 181.1595 1.8086 1.7492 4.4414 38.1588 0.7615 68.5568 -7.5785 -6.5017
