Car -1 -1 -7.8354 559.7402 166.9425 578.4788 183.4819 1.4787 1.6544 3.8082 -3.7620 0.9499 66.4444 -7.8919 0.9524
Car -1 -1 -7.8633 585.2404 169.6399 606.7863 188.2785 1.3813 1.5973 3.4214 -1.1171 1.1428 55.2072 -7.8838 0.4988
Car -1 -1 -5.6576 671.1230 174.6544 724.4132 196.7394 1.4811 1.6258 3.3828 6.0810 1.6109 50.4161 -5.5387 -0.1289
Car -1 -1 -4.4584 756.2374 176.6805 783.7407 193.5249 1.5130 1.5722 4.0292 15.0710 1.8844 67.9388 -4.2414 -2.2955
Car -1 -1 -4.4375 512.5929 175.7359 546.7520 196.7255 1.5248 1.6103 3.8256 -6.1091 1.7522 54.9910 -4.5480 -2.4356
Car -1 -1 -6.5555 501.0939 169.0642 547.6158 187.1426 1.5293 1.6627 3.6908 -7.4457 1.2084 62.5076 -6.6739 -2.6239
Car -1 -1 -7.9816 330.6668 175.3649 359.3554 196.5883 1.5839 1.6378 3.7721 -20.7609 1.7869 56.3842 -8.3331 -3.0800
Car -1 -1 -2.5525 305.9230 169.0656 359.6136 188.3006 1.6494 1.6987 4.1430 -24.2772 1.3243 63.1595 -2.9183 -3.3439
Car -1 -1 -7.6657 21.0894 153.7968 70.7729 185.4756 1.9979 1.8196 4.2539 -37.3329 0.7957 47.8145 -8.3260 -3.4738
Car -1 -1 -5.0697 682.7440 172.5578 711.2114 188.9579 1.5592 1.5878 3.6306 8.4543 1.5307 70.5499 -4.9512 -3.5447
Car -1 -1 -3.5911 571.5834 167.0976 619.0698 183.8613 1.4936 1.6432 4.0242 -1.3568 0.9804 65.9297 -3.6118 -3.8725
Car -1 -1 -4.2832 616.6832 169.0357 658.2014 189.4090 1.5786 1.6948 4.3484 2.2330 1.2824 58.2306 -4.2453 -4.0395
Car -1 -1 -4.8844 418.3484 166.6536 449.5828 191.2537 1.8060 1.7081 3.6690 -13.4747 1.3505 54.9948 -5.1238 -4.0580
Car -1 -1 -6.7288 579.0431 172.4861 644.9949 196.9154 1.6052 1.7513 4.1364 0.1096 1.5807 49.0894 -6.7270 -4.3475
Car -1 -1 -4.8653 647.8441 169.3761 671.9047 187.3879 1.6165 1.6349 3.9296 4.5634 1.3041 66.7839 -4.7977 -4.3715
Car -1 -1 -5.0429 952.6393 175.0120 984.8091 190.3736 1.4556 1.6321 3.9457 35.2400 1.6739 71.0120 -4.5842 -4.3884
Car -1 -1 -7.5442 19.2708 184.4291 90.9033 219.9442 1.4555 1.5429 3.6072 -25.1732 2.0128 32.8036 -8.1950 -4.4645
Car -1 -1 -5.6776 926.5635 175.1902 973.1548 191.2891 1.5249 1.7723 3.8172 33.4083 1.7615 71.0499 -5.2400 -4.4877
Car -1 -1 -4.8802 382.2431 174.9055 415.5286 198.5975 1.5983 1.6197 4.0002 -15.0453 1.7497 51.2019 -5.1649 -4.5440
Car -1 -1 -4.7953 683.4595 173.5756 705.1088 189.6542 1.4575 1.7044 3.6643 7.8277 1.5265 67.4295 -4.6805 -4.5743
Car -1 -1 -5.6160 526.6286 168.8267 586.2993 191.9946 1.6465 1.6676 4.2651 -3.9946 1.3600 53.1597 -5.6910 -4.5752
Car -1 -1 -4.4893 8.7810 174.8266 64.4706 205.4118 1.6299 1.6318 3.9134 -32.4113 1.7471 40.8425 -5.1571 -4.6097
Car -1 -1 -4.7161 159.9502 179.1534 193.6638 207.5038 1.5891 1.6784 4.2948 -26.2828 1.9904 43.7257 -5.2549 -4.7549
Car -1 -1 -6.9909 100.9209 180.4877 212.4187 221.6432 1.4583 1.7029 3.3822 -17.6135 1.7753 28.1292 -7.5463 -4.7878
Car -1 -1 -8.1992 898.7332 172.5719 934.0231 195.6283 2.1432 1.7548 4.2989 29.3372 2.1167 69.2639 -7.8005 -4.8464
Car -1 -1 -4.4184 355.5667 171.1135 406.6692 197.1578 1.4943 1.7098 4.5020 -13.8049 1.3942 43.6596 -4.7232 -4.9233
Car -1 -1 -4.5634 759.7833 179.2010 788.8882 201.1801 1.5082 1.5144 3.9718 12.0418 1.9916 52.8628 -4.3411 -4.9519
Car -1 -1 -4.7438 655.8818 167.0941 677.3693 187.0893 1.7029 1.7539 3.8917 4.9252 1.2120 63.4325 -4.6669 -5.0129
Car -1 -1 -8.5368 1151.8252 183.2412 1227.8250 213.5712 1.8287 1.7176 3.9658 37.5196 2.5317 46.8607 -7.8653 -5.1777
Car -1 -1 -7.7456 318.5562 172.8803 344.3351 191.3860 1.6896 1.8097 4.3658 -26.3185 1.6919 68.2279 -8.1127 -5.2563
Car -1 -1 -4.2932 473.8227 167.9166 520.2358 191.8712 1.6532 1.6260 4.4947 -8.1368 1.3121 52.1775 -4.4474 -5.2566
Car -1 -1 -3.9834 0.0000 180.4900 42.3536 212.6859 1.5434 1.7426 3.9754 -32.0491 1.9618 37.5524 -4.6865 -5.2726
Car -1 -1 -4.9979 533.2530 163.4917 567.6972 185.7528 1.8186 1.7286 4.4502 -5.1265 1.0534 61.3318 -5.0812 -5.3032
Car -1 -1 -5.4782 347.0795 173.3812 392.7742 193.2677 1.6609 1.6996 3.6035 -20.6358 1.7071 61.9393 -5.7988 -5.3167
Car -1 -1 -7.9193 295.1466 180.2614 327.2667 209.0922 1.6950 1.6171 4.1151 -19.0149 2.1870 45.7552 -8.3114 -5.4376
Car -1 -1 -4.4043 303.1453 171.3966 343.7972 192.6772 1.6732 1.7642 4.6475 -23.4321 1.5583 59.1099 -4.7804 -5.4565
Car -1 -1 -4.6240 750.5662 174.4192 774.2368 193.9375 1.5197 1.5393 4.0522 12.3979 1.6514 58.6887 -4.4172 -5.5280
Car -1 -1 -4.6583 1241.0000 176.8767 1241.0000 208.0288 1.8827 1.7310 3.9501 41.8121 2.1508 46.1332 -3.9256 -5.6842
Car -1 -1 -4.4514 941.5020 175.2730 975.3338 192.7072 1.5755 1.7566 4.6128 32.9249 1.8115 68.1694 -4.0035 -5.6958
Car -1 -1 -4.5952 818.6170 177.8977 841.9319 194.4496 1.4920 1.6494 4.2083 20.9703 1.9875 68.6725 -4.3004 -5.8027
Car -1 -1 -4.5457 722.0816 174.2822 747.0407 190.4559 1.4651 1.6580 4.1482 11.7452 1.6038 67.9867 -4.3757 -5.8049
Car -1 -1 -4.7217 1087.2522 174.3153 1111.5990 193.0394 1.5253 1.6578 3.9995 41.4769 1.6534 61.2369 -4.1289 -5.8867
Car -1 -1 -4.9340 1241.0000 168.8093 1241.0000 197.3764 1.4808 1.6417 3.9906 41.4698 1.2709 39.5192 -4.1284 -5.8867
Car -1 -1 -4.6990 1060.3417 173.7320 1082.6581 190.9796 1.4944 1.6459 3.9918 41.4768 1.5756 64.8543 -4.1323 -5.8867
Car -1 -1 -4.7918 1164.6387 173.5887 1199.9619 196.2467 1.5738 1.6793 4.0109 41.4725 1.6290 52.3911 -4.1252 -5.8867
Car -1 -1 -4.9034 1241.0000 172.3293 1241.0000 200.1601 1.5353 1.6599 3.9935 41.4636 1.5061 41.9272 -4.1273 -5.8867
Car -1 -1 -4.7260 1113.2638 180.9436 1140.4031 201.2756 1.5223 1.6990 4.1359 41.4375 2.1961 57.9445 -4.1080 -5.8867
Car -1 -1 -4.5665 0.0000 171.9812 16.5942 197.0173 1.6108 1.7082 4.1034 -41.4575 1.5544 48.6173 -5.2700 -5.8867
Car -1 -1 -3.5480 0.0000 180.9941 0.0000 374.0000 1.4779 1.5991 3.9489 -6.2785 1.5285 2.5322 -4.6976 -5.8867
Car -1 -1 -4.6824 1043.8929 173.4144 1065.9076 189.7441 1.4712 1.6385 3.9867 41.4760 1.5248 67.2697 -4.1321 -5.8867
Car -1 -1 -2.3466 312.1312 174.5364 383.4198 200.8724 1.4285 1.6825 3.7099 -14.9024 1.5272 40.8971 -2.6942 -5.9349
Car -1 -1 -2.6048 0.0000 181.5772 0.0000 268.8416 1.5225 1.6818 4.3427 -15.3469 1.7116 14.2687 -3.4172 -6.0928
Car -1 -1 -4.6326 779.3898 178.3373 807.1915 199.0976 1.5226 1.7695 4.5068 14.3899 1.9709 56.6154 -4.3853 -6.1808
Car -1 -1 -5.2680 0.0000 185.9028 19.9620 305.2218 1.5531 1.8496 4.4663 -11.8352 1.7774 11.0559 -6.0754 -6.4438
