Car -1 -1 -4.5562 454.6287 178.7758 495.9274 205.8075 1.4560 1.7523 3.9573 -7.7734 1.8147 41.7430 -4.7396 3.4307
Car -1 -1 -4.9219 613.8006 176.7272 649.9665 200.4803 1.5028 1.6252 3.9756 1.3911 1.7738 48.4371 -4.8938 -1.9760
Car -1 -1 -2.7823 94.4147 184.8149 176.8922 212.7150 1.5291 1.6384 3.6465 -27.4257 2.2410 41.7659 -3.3606 -2.0138
Car -1 -1 -6.6025 391.9340 182.1855 443.7525 201.5607 1.5644 1.6021 3.9817 -16.4443 2.3849 61.7118 -6.8622 -2.0450
Car -1 -1 -5.2871 596.6647 180.6611 638.8536 201.0017 1.5317 1.6002 3.7462 0.5620 2.1795 57.8871 -5.2779 -2.7519
Car -1 -1 -4.9730 616.5190 176.5390 659.9669 204.7290 1.5207 1.5440 3.8585 1.5367 1.7429 41.5137 -4.9368 -2.7678
Car -1 -1 -4.6050 450.0172 176.7903 471.3494 192.9733 1.4313 1.5567 3.5382 -13.7654 1.8041 66.5453 -4.8085 -2.7928
Car -1 -1 -4.3792 614.1190 178.1550 643.7407 196.0835 1.5954 1.6143 3.8144 1.7808 2.1062 67.4996 -4.3533 -3.0476
Car -1 -1 -6.8539 76.4896 185.8021 226.1074 236.0929 1.4319 1.6432 3.8747 -14.9875 1.8951 23.7287 -7.4124 -3.0984
Car -1 -1 -4.1372 270.1989 173.2552 307.2558 188.7169 1.4843 1.6140 3.6571 -31.7217 1.5247 71.2978 -4.5546 -3.2611
Car -1 -1 -4.2735 66.5097 183.0635 132.9770 212.9566 1.5977 1.6450 3.9182 -29.6786 2.2217 42.0509 -4.8853 -3.3599
Car -1 -1 -5.0074 411.3057 178.4619 457.8533 202.6041 1.5341 1.7541 4.9026 -12.1427 1.9391 49.5935 -5.2466 -3.3901
Car -1 -1 -4.4755 298.7964 173.8798 328.0394 193.0392 1.7688 1.7153 3.8874 -28.2932 1.8694 68.8851 -4.8641 -3.4313
Car -1 -1 -6.1866 147.5088 173.6567 201.4880 192.1461 1.5441 1.6609 3.8255 -37.3673 1.6145 61.9672 -6.7275 -3.4918
Car -1 -1 -5.4239 987.1449 239.0775 1203.7941 340.4182 1.4600 1.5831 3.8201 9.7853 3.0220 15.0185 -4.8571 -3.5698
Car -1 -1 -3.6742 733.6093 189.7986 789.2358 211.2648 1.4921 1.6285 3.7442 11.2331 2.7851 53.6971 -3.4697 -3.7600
Car -1 -1 -4.3457 603.5913 176.0241 648.2231 201.5812 1.5132 1.5740 3.7127 1.0067 1.7206 45.2389 -4.3240 -3.8683
Car -1 -1 -4.8076 138.8284 177.8160 175.1254 203.1964 1.5648 1.6508 3.9955 -29.8139 1.9047 47.3888 -5.3669 -4.1643
Car -1 -1 -4.8982 772.9589 189.8858 812.6502 216.3119 1.5674 1.7030 4.7944 12.1596 2.7670 48.3886 -4.6542 -4.2967
Car -1 -1 -7.9424 257.5870 173.2123 281.6883 189.6338 1.5583 1.7919 4.0096 -33.4137 1.5942 70.7485 -8.3824 -4.5952
Car -1 -1 -4.4561 250.7923 181.9238 291.0321 208.6663 1.7814 1.6538 3.9358 -24.2042 2.4554 51.5619 -4.8933 -4.6265
Car -1 -1 -4.6095 917.1147 198.2408 950.2957 224.2839 1.4110 1.5287 3.6654 20.1383 3.0599 44.9037 -4.1911 -4.8882
Car -1 -1 -4.7648 481.4718 172.7022 504.1664 194.1617 1.6646 1.6109 3.5138 -9.4476 1.6526 57.8582 -4.9263 -4.9170
Car -1 -1 -4.8956 1109.9220 228.4129 1241.0000 339.2107 1.5917 1.5898 3.9509 11.3661 2.8802 14.6155 -4.2459 -4.9461
Car -1 -1 -4.6547 672.0167 187.7307 700.1486 213.8145 1.5438 1.6103 3.9592 4.9756 2.5590 47.1660 -4.5509 -5.0392
Car -1 -1 -6.3753 635.7087 181.9382 695.5532 206.4275 1.6202 1.7982 3.9288 3.7379 2.2531 49.3616 -6.3007 -5.0446
Car -1 -1 -5.1675 825.6753 198.8511 905.4749 238.5686 1.4245 1.6597 3.7741 10.6400 2.5921 30.4382 -4.8352 -5.0823
Car -1 -1 -5.5370 103.6502 172.6900 157.9492 191.9634 1.5968 1.5924 3.7280 -40.4293 1.5829 60.8647 -6.1215 -5.1675
Car -1 -1 -7.6775 586.4282 177.6535 607.8271 191.5161 1.3058 1.5776 3.1237 -1.2608 1.7875 70.7877 -7.6956 -5.2371
Car -1 -1 -4.6876 463.8448 176.7012 487.7681 196.8104 1.4696 1.7155 3.9989 -10.3426 1.7772 55.6471 -4.8709 -5.2595
Car -1 -1 -4.9979 494.8877 177.2415 539.1400 201.6904 1.3950 1.5661 4.1846 -5.7802 1.6770 44.1988 -5.1276 -5.2702
Car -1 -1 -4.6534 876.3413 202.1603 923.7499 245.2220 1.5445 1.6739 3.9229 12.4294 2.8863 30.9116 -4.2754 -5.3325
Car -1 -1 -4.6159 582.6081 176.3263 613.7901 199.8802 1.3650 1.5413 4.0797 -0.7206 1.5891 44.5281 -4.6324 -5.4698
Car -1 -1 -7.8298 896.4834 191.8160 922.4290 214.9625 1.5126 1.6750 4.1637 22.0233 2.9659 53.0689 -7.4391 -5.4702
Car -1 -1 -4.5688 531.7742 178.7059 564.1594 202.0638 1.3573 1.4865 3.7242 -3.8442 1.7356 44.7829 -4.6544 -5.5965
Car -1 -1 -5.0560 519.6853 180.6200 549.9091 197.8533 1.4960 1.5656 3.8460 -6.9894 2.2345 66.5742 -5.1606 -5.6705
Car -1 -1 -4.6919 1047.9569 181.1786 1070.0341 198.6782 1.5211 1.6653 3.6271 41.4197 2.3116 66.5700 -4.1377 -5.7051
Car -1 -1 -4.6423 558.3032 179.0580 588.0811 202.6539 1.3555 1.5595 4.0480 -2.2666 1.7558 44.5597 -4.6933 -5.7835
Car -1 -1 -8.0437 564.8915 175.0329 587.4202 190.1871 1.4393 1.5125 3.8708 -3.3840 1.6601 71.1787 -8.0913 -5.8480
Car -1 -1 -4.7573 1126.6740 171.9576 1155.9056 191.7511 1.4896 1.6469 3.9936 41.4718 1.4218 56.4183 -4.1262 -5.8867
Car -1 -1 -4.7845 1156.6215 171.8557 1190.4789 193.4152 1.5260 1.6660 4.0076 41.4715 1.4550 53.1997 -4.1253 -5.8867
Car -1 -1 -7.3770 1008.8245 169.7821 1047.7672 185.7451 1.5153 1.6474 3.9716 40.7212 1.2234 70.2574 -6.8538 -5.8867
Car -1 -1 -4.6698 89.5858 172.5837 117.1724 191.7581 1.5120 1.6684 4.1107 -41.4662 1.4904 59.0791 -5.2798 -5.8964
Car -1 -1 -4.7217 1049.2140 189.8922 1072.9404 210.7221 1.5652 1.6154 4.0217 37.3578 3.0288 59.8543 -4.1665 -5.9465
Car -1 -1 -2.2953 304.0004 187.0026 352.6523 207.7035 1.6738 1.6295 4.0601 -24.3330 2.9266 62.2521 -2.6669 -6.0842
Car -1 -1 -4.7733 321.0082 187.9796 347.9189 210.7383 1.5442 1.6389 4.0648 -20.7002 2.7230 54.0567 -5.1377 -6.1388
Car -1 -1 -2.3355 180.6445 182.1480 255.6807 212.7632 1.7530 1.8113 3.8791 -23.7276 2.3337 43.6529 -2.8311 -6.3755
Car -1 -1 -4.6427 619.0848 179.4468 640.6591 199.5075 1.6739 1.6343 3.9475 1.7563 2.2733 63.5924 -4.6157 -6.4808
