Car -1 -1 -4.0010 0.0000 194.9780 109.1205 374.0000 1.4566 1.6116 3.7353 -6.9179 1.7281 6.9573 -4.7644 3.9885
Car -1 -1 -4.5798 641.1060 174.9211 671.6997 198.3497 1.6663 1.7378 4.2865 3.4839 1.8272 53.9899 -4.5162 -0.4279
Car -1 -1 -8.3043 598.7505 175.3275 662.9656 208.3336 1.6081 1.6662 4.2433 0.9821 1.7450 37.7710 -8.2790 -1.5692
Car -1 -1 -7.8349 582.6960 175.3016 601.4517 190.4213 1.2910 1.5980 3.3255 -1.5870 1.5128 63.8149 -7.8600 -1.8417
Car -1 -1 -3.4208 144.5007 201.5822 233.6963 235.6025 1.4804 1.5559 3.5915 -21.1840 2.9994 36.3263 -3.9459 -1.8863
Car -1 -1 -5.2744 625.9651 175.0204 668.5544 195.1198 1.6435 1.6737 4.1560 3.1203 1.8351 61.7000 -5.2245 -2.2646
Car -1 -1 -4.5108 296.8338 179.9164 325.9036 197.1138 1.5050 1.6613 4.3759 -27.8471 2.1865 67.3442 -4.9018 -2.3606
Car -1 -1 -4.4878 630.3267 173.3171 660.4874 194.9847 1.6835 1.6250 3.8145 2.8633 1.7219 58.2038 -4.4393 -2.3841
Car -1 -1 -4.9334 619.1525 176.2640 653.6741 198.6169 1.5336 1.6138 4.1984 1.8420 1.7914 52.3916 -4.8989 -3.0471
Car -1 -1 -7.6904 649.4265 176.6200 692.4556 208.0576 1.5379 1.6240 4.0495 3.2211 1.7471 37.9763 -7.6069 -3.2954
Car -1 -1 -5.0320 943.5806 182.6393 975.8547 201.7370 1.7651 1.7206 3.8304 34.2315 2.7517 70.7582 -4.5836 -3.7360
Car -1 -1 -4.8502 397.2245 175.4105 420.1808 191.4675 1.5144 1.6263 4.0930 -19.8379 1.7733 70.9518 -5.1221 -3.7483
Car -1 -1 -4.9179 284.5718 187.0510 328.5289 216.8167 1.5575 1.6213 3.6761 -17.5683 2.4147 41.6099 -5.3154 -3.8682
Car -1 -1 -5.0560 636.3942 175.3178 663.5633 191.9965 1.5599 1.5383 3.4902 3.8282 1.8049 69.9355 -5.0019 -4.1026
Car -1 -1 -4.7076 444.3471 174.8045 463.5930 192.4364 1.5107 1.6290 4.1124 -13.9555 1.6907 64.4855 -4.9201 -4.1619
Car -1 -1 -7.3651 236.9569 183.1287 296.9539 212.8401 1.7486 1.6888 4.1779 -21.8483 2.4345 46.0617 -7.8061 -4.2954
Car -1 -1 -4.4066 413.5110 173.8639 442.3611 189.7006 1.5054 1.6409 3.9241 -17.8587 1.6071 70.8524 -4.6528 -4.3080
Car -1 -1 -4.7940 632.2640 175.5021 655.7930 193.7238 1.6059 1.7991 4.4722 3.0796 1.8581 66.5168 -4.7483 -4.3940
Car -1 -1 -7.6761 488.9740 172.9516 514.1392 188.8326 1.5244 1.7914 3.9329 -10.6974 1.5340 71.2772 -7.8248 -4.4751
Car -1 -1 -4.2070 84.1639 193.2182 178.9075 235.2000 1.3347 1.4406 3.3176 -17.3765 2.1250 26.3038 -4.7864 -4.4957
Car -1 -1 -4.8446 293.5039 189.1373 325.7080 213.3391 1.5406 1.5868 3.9833 -21.2539 2.7370 50.9057 -5.2386 -4.5339
Car -1 -1 -4.7675 644.2789 175.5100 674.0467 202.8901 1.6648 1.6637 4.3077 3.0868 1.8435 46.4546 -4.7021 -4.6831
Car -1 -1 -3.1629 450.0252 173.8118 496.8707 190.7518 1.6104 1.6918 4.4156 -13.2751 1.7047 70.0219 -3.3499 -4.8655
Car -1 -1 -4.2741 537.3651 177.4530 583.8035 200.4114 1.5645 1.6352 4.4551 -3.5678 1.9139 52.4919 -4.3421 -4.9357
Car -1 -1 -5.1171 1157.5088 198.4115 1241.0000 237.1496 1.5615 1.6572 3.9315 27.6287 2.8402 33.9935 -4.4396 -5.0245
Car -1 -1 -5.1062 333.7114 178.8555 367.7488 196.5932 1.5718 1.5990 3.9364 -24.2185 2.1477 67.2801 -5.4508 -5.0726
Car -1 -1 -4.7794 520.5057 176.7437 546.6030 200.0288 1.5697 1.5828 3.9356 -5.5099 1.8577 51.4078 -4.8860 -5.0763
Car -1 -1 -7.8929 318.9037 174.7155 347.4928 202.7088 2.0331 1.8626 4.6930 -21.2640 2.1818 55.2623 -8.2589 -5.1076
Car -1 -1 -4.2469 484.3137 176.8670 534.8957 200.5521 1.5872 1.6487 4.7114 -7.1543 1.8883 51.6928 -4.3841 -5.1099
Car -1 -1 -4.8684 621.1284 175.4981 654.2439 200.5151 1.5491 1.5705 3.8531 1.7325 1.7288 47.1095 -4.8324 -5.1314
Car -1 -1 -4.7626 1189.2231 170.7062 1223.5251 197.6428 1.7888 1.6370 3.4715 41.0832 1.6459 49.7980 -4.0760 -5.1684
Car -1 -1 -4.8053 570.3033 176.3437 598.0062 199.3709 1.5647 1.6037 4.1368 -1.9247 1.8256 51.8383 -4.8426 -5.2886
Car -1 -1 -4.4794 1231.1833 176.8169 1241.0000 203.7228 1.6574 1.5493 3.1560 41.4500 1.9207 46.4425 -3.7542 -5.3591
Car -1 -1 -4.5254 643.2305 178.6263 677.1519 204.1397 1.6531 1.6559 3.8226 3.4669 2.0672 49.7415 -4.4568 -5.3615
Car -1 -1 -4.7849 414.9312 177.4384 436.5203 196.2171 1.4565 1.4445 3.6503 -15.0859 1.8427 58.8791 -5.0350 -5.3858
Car -1 -1 -4.8099 574.4427 174.0441 600.0261 195.1503 1.6673 1.6820 4.3962 -1.9412 1.7690 59.5444 -4.8428 -5.4084
Car -1 -1 -4.4755 284.6926 185.7015 315.3997 204.9135 1.4729 1.5808 3.3540 -25.5434 2.5637 59.4904 -4.8797 -5.5793
Car -1 -1 -4.5616 555.8561 177.1443 590.6580 202.4365 1.4411 1.5829 3.5793 -2.2149 1.7111 43.6030 -4.6125 -5.6666
Car -1 -1 -4.7537 1099.4552 179.9593 1127.5443 200.9225 1.6281 1.7259 3.9423 41.5263 2.2357 59.6053 -4.1479 -5.6717
Car -1 -1 -4.9109 521.0450 176.5743 548.5789 195.9593 1.5922 1.6400 3.7748 -6.5247 1.9226 62.0963 -5.0155 -5.7049
Car -1 -1 -4.7177 1060.2959 183.5493 1083.3843 203.0213 1.6319 1.7031 3.8410 41.4495 2.6235 64.8348 -4.1514 -5.8304
Car -1 -1 -4.3880 0.0000 183.1576 30.3167 287.3580 1.4335 1.6185 4.1803 -11.8666 1.6452 12.6077 -5.1326 -5.8455
Car -1 -1 -4.1595 676.3306 178.4136 724.9130 200.8895 1.7121 1.8080 4.5120 7.3534 2.1801 58.4397 -4.0354 -5.8694
Car -1 -1 -4.6559 1029.9524 172.5724 1052.4885 188.3915 1.4710 1.6411 4.0200 41.3683 1.4445 69.2211 -4.1193 -5.8867
Car -1 -1 -4.9130 1241.0000 168.9101 1241.0000 195.9169 1.4750 1.6384 3.9894 41.4705 1.2593 41.5248 -4.1320 -5.8867
Car -1 -1 -6.7852 0.0000 0.0000 1241.0000 374.0000 1.5406 1.5873 3.8022 -2.9055 1.6310 1.0044 -7.9391 -5.8867
Car -1 -1 -4.0722 0.0000 183.9268 0.0000 374.0000 1.4845 1.6487 4.0453 -9.4339 1.6369 7.7971 -4.9353 -5.8867
Car -1 -1 -4.8451 1241.0000 171.6630 1241.0000 197.3084 1.4723 1.6456 4.0005 41.4554 1.4037 43.5283 -4.0877 -5.8867
Car -1 -1 -4.6728 1082.4315 178.2152 1107.5359 196.9119 1.5138 1.6379 3.9241 41.4488 1.9871 61.6736 -4.0836 -5.8867
Car -1 -1 -4.6811 1043.8052 173.5771 1065.9768 190.2065 1.4973 1.6457 3.9901 41.4763 1.5666 67.2714 -4.1308 -5.8867
Car -1 -1 -8.2764 357.1773 183.7492 397.9898 204.5909 1.5634 1.6344 4.0176 -18.8306 2.4741 58.2942 -8.5879 -6.0862
Car -1 -1 -4.0647 72.3873 202.6210 154.4660 237.0807 1.6756 1.7044 4.0621 -27.9566 3.4411 40.7319 -4.6635 -6.2258
Car -1 -1 -4.4095 371.8753 178.4531 418.7123 201.4829 1.4239 1.7511 4.3686 -14.2095 1.8122 47.8783 -4.6968 -6.4022
