Car -1 -1 -7.8381 582.0417 178.3868 617.0178 208.5767 1.3665 1.6157 3.6608 -0.5246 1.6498 35.1604 -7.8535 4.3064
Car -1 -1 -7.7829 539.1641 178.2626 571.4511 203.8060 1.4142 1.6521 3.4834 -3.2135 1.7450 42.4318 -7.8585 3.5418
Car -1 -1 -4.3196 793.0207 182.3272 860.5138 215.9788 1.5103 1.6611 4.4139 10.7942 2.0104 35.8787 -4.0302 -0.2745
Car -1 -1 -7.9817 1085.2577 184.4292 1133.7220 217.0669 1.6324 1.6921 3.8408 27.3536 2.3021 39.6701 -7.3821 -1.7774
Car -1 -1 -6.3369 232.9164 181.7819 312.6585 208.8152 1.5586 1.6977 4.3786 -20.8417 2.1316 44.5534 -6.7725 -2.4641
Car -1 -1 -3.8361 615.0718 178.9126 659.3488 198.8994 1.5279 1.5950 3.2847 2.1637 2.0265 57.7840 -3.7994 -2.5682
Car -1 -1 -8.0690 788.6788 185.1252 827.5704 210.1888 1.4718 1.6383 3.6499 12.5629 2.2866 46.0590 -7.8049 -2.7794
Car -1 -1 -8.0390 534.2204 173.0236 558.8294 188.5519 1.4857 1.6694 4.2312 -6.3259 1.5027 71.3452 -8.1274 -3.0564
Car -1 -1 -8.5860 743.8147 179.2698 825.5488 212.8638 1.5073 1.6745 3.9367 8.4343 1.8400 35.3165 -8.3540 -3.5302
Car -1 -1 -5.0209 660.0065 176.5735 689.2361 194.3465 1.5460 1.5544 3.8225 5.8232 1.8946 65.6500 -4.9332 -3.6385
Car -1 -1 -4.4650 384.3537 179.0367 410.5579 193.8484 1.3974 1.5957 3.8765 -21.0985 2.0282 71.6832 -4.7505 -3.7904
Car -1 -1 -4.8451 1186.3604 196.4570 1238.7609 229.7710 1.4547 1.5368 3.5232 30.0400 2.6975 36.1022 -4.1558 -3.8296
Car -1 -1 -5.7461 348.3958 176.3353 416.6215 196.8423 1.5064 1.7589 4.7136 -17.3153 1.7776 54.8751 -6.0506 -3.8407
Car -1 -1 -5.1926 799.1971 181.4142 831.7754 198.0158 1.5507 1.6428 3.5271 20.2352 2.4181 71.2423 -4.9174 -3.8473
Car -1 -1 -5.6448 675.1539 180.3250 751.0871 207.5538 1.4456 1.6947 4.1176 5.8471 1.8960 41.4792 -5.5063 -4.0058
Car -1 -1 -4.8523 983.0228 172.4222 1022.8734 202.8672 1.8841 1.7024 4.0664 25.4221 1.8570 46.8538 -4.3582 -4.0684
Car -1 -1 -4.3926 348.2066 179.5281 378.6955 196.7117 1.5543 1.5993 3.9110 -23.4716 2.2081 68.7530 -4.7207 -4.1844
Car -1 -1 -4.2932 790.4897 187.3396 838.2008 210.5983 1.4919 1.6641 4.2837 14.4993 2.5628 51.1757 -4.0192 -4.2708
Car -1 -1 -4.3261 92.6574 198.0028 169.2755 234.8968 1.4152 1.5103 3.8916 -21.5323 2.6204 32.5334 -4.9072 -4.3314
Car -1 -1 -4.5620 563.8996 179.9360 594.7513 203.2012 1.4551 1.5060 3.8643 -2.0487 1.9489 48.3472 -4.6046 -4.3665
Car -1 -1 -7.5776 239.7697 182.0173 293.5322 214.1244 1.4368 1.4927 3.3618 -16.6704 1.9047 35.0862 -8.0185 -4.4137
Car -1 -1 -4.4194 296.2095 179.9665 342.9027 205.7362 1.5489 1.6816 4.1039 -18.7454 2.0294 46.6551 -4.7998 -4.4397
Car -1 -1 -6.0819 437.2994 177.0612 508.8864 202.8530 1.6319 1.7391 4.3061 -8.8812 1.9100 46.8487 -6.2686 -4.4452
Car -1 -1 -4.8003 654.6314 176.1183 683.2835 201.1171 1.6264 1.6054 3.9422 3.9685 1.8587 49.4366 -4.7211 -4.4511
Car -1 -1 -4.6356 270.0609 181.0531 313.2792 215.8904 1.4939 1.5706 3.6741 -14.9257 1.9011 33.8723 -5.0481 -4.4772
Car -1 -1 -5.1154 564.2994 175.7614 621.2939 204.7427 1.5837 1.6803 4.5522 -1.1135 1.7637 42.3327 -5.1420 -4.5687
Car -1 -1 -4.7605 39.0723 195.0367 82.7973 229.5260 1.6482 1.7097 3.8637 -29.8386 2.9132 39.1240 -5.4089 -4.5901
Car -1 -1 -5.1462 506.3835 179.7592 543.6659 201.2995 1.5573 1.5503 3.3837 -6.5554 2.1028 55.1946 -5.2643 -4.6185
Car -1 -1 -4.7877 714.9373 180.0331 738.5693 199.9169 1.5816 1.6743 3.7819 9.7740 2.2052 60.7563 -4.6294 -5.0253
Car -1 -1 -4.0791 0.0000 195.6110 50.5667 229.1503 1.6046 1.6952 3.2848 -31.9491 2.8718 38.4984 -4.7686 -5.0506
Car -1 -1 -7.8074 834.2844 189.4891 867.7623 219.3726 1.4561 1.5759 3.9217 13.2337 2.4180 39.6231 -7.4880 -5.0883
Car -1 -1 -4.4956 745.3824 183.9951 773.0739 203.5138 1.6438 1.6706 3.8472 13.5013 2.6835 65.2568 -4.2931 -5.1072
Car -1 -1 -4.8895 945.2821 171.8861 986.2628 199.6951 1.8417 1.7855 4.4124 24.6301 1.7773 50.1522 -4.4357 -5.1369
Car -1 -1 -5.1320 514.7449 179.7870 547.4948 197.8129 1.5309 1.5604 3.6675 -7.1309 2.1719 64.7743 -5.2416 -5.1405
Car -1 -1 -2.7641 183.3162 183.7419 257.6628 208.1512 1.5559 1.7597 3.9928 -25.9313 2.2978 48.0802 -3.2567 -5.2020
Car -1 -1 -8.5019 913.5906 176.0819 975.0161 202.0835 1.6269 1.5950 3.9893 22.0348 1.8499 47.7927 -8.0727 -5.2135
Car -1 -1 -4.5194 276.3860 177.6614 322.2844 203.9744 1.4504 1.7063 4.2887 -18.4250 1.7509 42.8777 -4.9232 -5.4049
Car -1 -1 -4.6202 672.9533 174.8535 703.0421 201.5602 1.6160 1.5465 4.1309 4.9954 1.7497 46.1642 -4.5135 -5.5340
Car -1 -1 -8.1937 217.3048 184.4764 256.6808 208.1991 1.8396 1.6791 3.9630 -30.9870 2.8351 59.8516 -8.6699 -5.5823
Car -1 -1 -4.1973 18.3964 195.2454 84.6593 224.0358 1.4666 1.5053 3.4250 -31.9657 2.8057 41.3584 -4.8523 -5.5903
Car -1 -1 -4.6792 630.9869 178.8326 648.6575 195.7811 1.5271 1.5507 3.8670 2.8296 2.1101 68.4002 -4.6385 -5.6440
Car -1 -1 -4.7323 455.5157 176.7170 478.7852 196.6883 1.4442 1.6610 4.1342 -10.9914 1.7513 55.2241 -4.9282 -5.6474
Car -1 -1 -2.6088 0.0000 182.0101 46.4953 291.1840 1.7879 1.8809 4.8479 -13.9681 1.9795 13.5963 -3.3979 -5.7674
Car -1 -1 -8.4116 973.8353 189.3052 1045.8282 224.8620 1.6627 1.6251 3.4989 20.4864 2.5513 37.1939 -7.9121 -5.7947
Car -1 -1 -4.0107 635.2193 173.5808 698.9401 201.1044 1.5319 1.5947 3.8730 3.3380 1.5761 42.1993 -3.9327 -5.8763
Car -1 -1 -4.5078 453.7703 177.0218 487.1620 197.3359 1.3637 1.5652 3.9048 -9.8888 1.6706 51.2079 -4.6979 -5.8867
Car -1 -1 -3.5048 0.0000 188.4702 0.0000 374.0000 1.4905 1.6023 3.9528 -7.0820 1.5880 2.5310 -4.6975 -5.8867
Car -1 -1 -4.2496 278.2558 177.9327 338.4284 204.0520 1.3881 1.5852 3.8968 -17.1510 1.6914 41.1234 -4.6427 -5.8867
Car -1 -1 -4.7805 773.3591 181.2597 794.6341 199.7422 1.7173 1.7636 3.8915 17.0685 2.5680 70.9846 -4.5460 -5.9149
Car -1 -1 -5.1566 642.4729 178.3767 675.8568 195.2849 1.5783 1.6996 4.0379 4.7810 2.1380 70.9722 -5.0900 -5.9153
Car -1 -1 -4.8625 551.3242 178.2222 580.4285 198.7182 1.4745 1.6233 4.0827 -3.4413 1.9010 55.2080 -4.9249 -6.0112
Car -1 -1 -4.3369 61.2505 188.5749 125.3024 218.6689 1.5640 1.6469 4.0450 -29.9587 2.5240 41.9164 -4.9546 -6.0924
Car -1 -1 -7.3905 70.6882 183.8553 280.9754 301.1258 1.4142 1.3091 3.2171 -6.2257 1.6014 10.6515 -7.9090 -6.4641
Car -1 -1 -8.2213 1013.1276 171.9957 1241.0000 374.0000 1.7594 1.7182 3.4308 3.4928 1.7567 3.9583 -7.5359 -6.8038
