Car -1 -1 -4.3260 227.9801 181.8047 362.2549 248.5445 1.4284 1.6175 4.1086 -7.7411 1.6777 18.0615 -4.7261 7.2548
Car -1 -1 -4.5965 488.9792 176.6882 516.6376 197.9321 1.4804 1.5842 3.7261 -7.8451 1.7710 52.8496 -4.7435 0.6583
Car -1 -1 -7.7860 580.6041 173.8456 599.1943 188.4120 1.3559 1.5499 3.5076 -1.9252 1.4531 69.1885 -7.8140 0.3635
Car -1 -1 -4.9614 262.7950 178.5136 299.2719 201.2415 1.6029 1.6117 3.7116 -24.5862 2.0399 53.8094 -5.3884 -0.5603
Car -1 -1 -4.1030 754.0320 186.2909 805.7546 210.5586 1.6491 1.6797 4.0921 12.5304 2.6771 53.2295 -3.8736 -2.2267
Car -1 -1 -3.7355 766.5826 190.7193 835.7162 218.5498 1.4785 1.5595 3.5726 10.9148 2.5353 41.3654 -3.4800 -2.6247
Car -1 -1 -4.9994 465.2437 177.5624 501.2753 198.2647 1.4236 1.5937 3.7184 -9.2941 1.7794 52.5542 -5.1740 -3.0315
Car -1 -1 -4.9034 318.7300 179.4122 356.0480 203.6370 1.5584 1.6417 4.2106 -18.8985 2.0313 49.8428 -5.2643 -3.1726
Car -1 -1 -4.5458 309.5539 175.9595 374.0551 224.5179 1.5867 1.5808 3.5114 -9.5110 1.7050 25.6878 -4.8975 -3.3574
Car -1 -1 -7.0015 189.7671 185.3385 295.4575 224.3815 1.3605 1.5627 3.5367 -14.3618 1.8835 28.3111 -7.4675 -3.5496
Car -1 -1 -2.7268 127.7247 180.2556 221.5367 211.2461 1.6840 1.7093 4.2179 -24.6133 2.1142 40.8495 -3.2664 -3.6310
Car -1 -1 -4.7120 670.1774 181.2014 689.1775 200.0564 1.4891 1.5427 3.9406 5.8443 2.2160 60.8213 -4.6171 -3.6756
Car -1 -1 -7.4545 488.2069 165.5239 523.1633 186.1172 1.8039 1.7446 3.9208 -9.4256 1.1615 65.3225 -7.5974 -3.7836
Car -1 -1 -3.6546 1029.9802 199.1033 1133.2578 229.5607 1.4367 1.6436 4.1107 23.8167 2.8022 36.6017 -3.0822 -4.0698
Car -1 -1 -2.4791 486.1440 179.3592 538.7070 200.6089 1.6403 1.7028 4.0285 -7.9500 2.1834 58.5176 -2.6140 -4.2005
Car -1 -1 -4.5394 300.4991 178.5041 325.7605 197.5513 1.6209 1.5385 3.2603 -26.4081 2.1371 64.2033 -4.9284 -4.2109
Car -1 -1 -8.0696 271.6248 178.3934 342.1085 224.1401 1.5604 1.6951 3.6552 -11.4694 1.7832 27.0745 -8.4671 -4.2322
Car -1 -1 -7.7174 816.0402 180.8260 847.6022 209.9500 1.9239 1.6435 3.7112 15.6171 2.5074 50.8049 -7.4214 -4.3668
Car -1 -1 -7.8303 149.4506 172.6158 174.8832 191.6178 1.5325 1.7043 4.2582 -37.5107 1.5130 60.4600 -8.3838 -4.4029
Car -1 -1 -6.5036 632.9802 183.6818 687.2793 206.4917 1.5678 1.7497 3.5915 3.5469 2.3620 51.8114 -6.4362 -4.9023
Car -1 -1 -4.3895 194.3240 195.4490 241.5745 222.3617 1.5287 1.5497 3.7425 -25.1155 3.0395 46.2798 -4.8846 -4.9268
Car -1 -1 -8.1165 272.9922 180.0431 360.8950 230.5581 1.3770 1.6659 3.3868 -9.0558 1.6149 22.0494 -8.5023 -5.0770
Car -1 -1 -4.7702 638.7446 176.5970 670.1763 203.2772 1.5101 1.6605 3.5672 2.5826 1.7428 43.1239 -4.7113 -5.2249
Car -1 -1 -2.5032 574.8322 174.8418 635.0300 198.1360 1.6028 1.5997 4.1967 -0.4194 1.7506 51.8515 -2.5116 -5.3057
Car -1 -1 -4.2140 346.1360 180.2737 386.8873 200.2869 1.6137 1.5577 4.0634 -20.8602 2.2719 61.8998 -4.5380 -5.5404
Car -1 -1 -5.1807 486.2285 175.4763 531.4571 198.1800 1.4946 1.5793 3.7384 -7.0676 1.6831 49.9443 -5.3209 -5.6058
Car -1 -1 -4.8165 1146.6053 178.9638 1181.2421 200.8312 1.5458 1.6745 3.6553 41.4691 2.0207 54.1177 -4.1657 -5.6553
Car -1 -1 -4.8316 1188.9987 182.0509 1229.6963 206.6292 1.5765 1.6944 3.9316 41.4206 2.2401 49.9749 -4.1429 -5.7594
Car -1 -1 -4.6080 964.8665 190.2545 993.9604 210.7899 1.3937 1.5907 3.5901 27.7398 2.7472 54.1959 -4.1377 -5.8016
Car -1 -1 -4.9332 1241.0000 167.8542 1241.0000 196.2244 1.4707 1.6402 3.9908 41.4683 1.2112 39.5215 -4.1277 -5.8867
Car -1 -1 -4.7331 1099.7705 172.4727 1125.3673 190.8876 1.4680 1.6385 3.9877 41.4733 1.4373 59.6340 -4.1280 -5.8867
Car -1 -1 -4.5976 0.0000 170.4965 1.4558 193.7103 1.4565 1.6716 4.1036 -41.3960 1.3082 47.4352 -5.3125 -5.8867
Car -1 -1 -4.7518 1119.6503 173.7366 1148.1089 193.6758 1.5174 1.6541 3.9928 41.4745 1.5897 57.2178 -4.1274 -5.8867
Car -1 -1 -4.7886 223.8489 179.3334 298.6412 241.0292 1.6848 1.7629 4.6750 -11.0950 1.9104 22.6853 -5.2392 -6.1348
Car -1 -1 -4.9200 619.0174 172.4970 649.4765 198.5573 1.9163 1.5220 4.0248 1.7865 1.8898 55.1718 -4.8882 -6.6409
