Car -1 -1 -7.7731 525.5144 179.4338 563.9303 209.3915 1.3940 1.6371 3.5168 -3.2605 1.7391 36.1153 -7.8629 5.3553
Car -1 -1 -7.8243 582.0101 181.7524 623.0380 215.7255 1.2567 1.5687 3.3484 -0.3003 1.6381 29.2641 -7.8351 4.9935
Car -1 -1 -4.5856 424.7412 177.2438 455.1072 198.9227 1.4641 1.6225 3.9874 -12.1577 1.7905 51.6329 -4.8161 1.6743
Car -1 -1 -7.0850 47.4498 189.2808 126.9822 217.5251 1.4850 1.5906 3.7692 -30.5290 2.4909 42.2184 -7.7083 -0.2659
Car -1 -1 -3.8251 160.8990 183.4749 235.4381 210.2596 1.4870 1.6181 3.7371 -24.9067 2.1600 43.7059 -4.3407 -2.2617
Car -1 -1 -2.1286 305.3244 178.2891 366.3429 206.5892 1.4961 1.6093 3.4688 -15.4380 1.8135 40.4848 -2.4910 -2.5831
Car -1 -1 -4.1256 0.0000 185.7568 75.2931 215.3410 1.5886 1.6661 3.8234 -33.6225 2.3824 42.4374 -4.7928 -2.6701
Car -1 -1 -7.5361 369.3869 175.4742 417.0574 199.1979 1.5672 1.7727 4.8495 -15.1708 1.7598 50.6552 -7.8259 -2.7124
Car -1 -1 -4.8325 540.9240 175.8393 561.8603 190.9975 1.4376 1.6207 3.7225 -5.8259 1.7401 71.1981 -4.9141 -2.9150
Car -1 -1 -7.1072 221.2146 181.8444 304.0663 218.0755 1.4661 1.5170 3.2025 -15.2871 1.8841 31.8212 -7.5521 -3.1002
Car -1 -1 -4.6849 419.3609 176.3871 446.5739 200.2425 1.4928 1.6443 3.9147 -11.7351 1.7370 47.8552 -4.9245 -3.1098
Car -1 -1 -4.3763 27.9164 188.3561 88.4342 218.7817 1.5985 1.6348 3.7888 -32.1133 2.5458 42.0546 -5.0256 -3.3688
Car -1 -1 -6.9216 0.0000 189.4057 125.5215 235.5452 1.4642 1.6176 3.7088 -20.0744 2.1142 26.3442 -7.5680 -3.4282
Car -1 -1 -5.2546 665.2865 177.0943 697.1310 193.4033 1.5492 1.5605 3.4810 7.0044 1.9799 71.4376 -5.1576 -3.4621
Car -1 -1 -4.8434 963.0497 184.1713 1003.9044 211.5028 1.5029 1.6437 4.2156 22.5773 2.2252 43.8102 -4.3709 -3.5266
Car -1 -1 -6.3635 432.3783 177.8470 490.9265 203.2979 1.5427 1.6183 3.4971 -9.4005 1.8660 45.4986 -6.5665 -3.6859
Car -1 -1 -8.0722 575.4563 176.4201 632.1237 214.8129 1.5795 1.6911 3.9857 -0.3883 1.7490 32.2147 -8.0848 -3.8444
Car -1 -1 -4.8877 552.0499 179.2911 587.0749 203.4536 1.4960 1.6633 3.8586 -2.7553 1.9410 47.8459 -4.9454 -3.9360
Car -1 -1 -4.4342 561.4048 178.5645 591.0649 197.5982 1.6253 1.6868 3.8034 -3.0247 2.1547 64.8830 -4.4810 -4.0485
Car -1 -1 -7.5477 4.9490 183.3414 71.1900 217.5994 1.6545 1.6214 3.9735 -30.3039 2.2422 38.3062 -8.2137 -4.0898
Car -1 -1 -4.5705 558.7881 174.9793 579.8629 191.1806 1.5460 1.5830 3.6196 -4.0079 1.7610 71.2153 -4.6268 -4.2060
Car -1 -1 -7.7115 259.4778 180.3747 289.8366 202.1768 1.5989 1.6193 3.8437 -26.2051 2.2082 56.4182 -8.1448 -4.2443
Car -1 -1 -7.6640 107.5094 186.8071 158.7605 216.8481 1.3799 1.5333 3.5427 -24.3350 2.1298 36.8646 -8.2443 -4.4322
Car -1 -1 -4.3611 51.7469 182.9605 116.8482 216.1993 1.6212 1.6551 3.5788 -27.8732 2.1850 38.3239 -4.9868 -4.5046
Car -1 -1 -4.8824 989.3734 187.4687 1030.6149 215.4423 1.5148 1.5330 3.7092 23.8375 2.4294 43.1677 -4.3813 -4.6015
Car -1 -1 -4.7894 265.6738 181.5318 309.3322 216.5249 1.5497 1.6456 3.8807 -15.7648 1.9966 35.0914 -5.2091 -4.7078
Car -1 -1 -4.2963 0.0000 190.9214 74.3914 224.9317 1.3707 1.6852 3.1059 -25.9533 2.2301 32.6159 -4.9646 -4.7571
Car -1 -1 -4.6148 667.2685 176.4054 696.3625 200.4495 1.5592 1.6059 4.0759 4.9401 1.8135 49.5808 -4.5166 -4.7685
Car -1 -1 -4.7585 208.5657 183.2265 241.6452 207.9367 1.5001 1.7493 4.2758 -25.6734 2.2228 48.0068 -5.2476 -4.7727
Car -1 -1 -4.5772 318.5804 179.3004 347.7390 199.1685 1.4187 1.5839 3.6630 -20.9995 1.9252 54.7601 -4.9420 -4.9079
Car -1 -1 -4.8747 346.2832 177.6075 380.4826 202.4620 1.5327 1.5281 3.7926 -16.2325 1.8574 47.3039 -5.2038 -4.9326
Car -1 -1 -7.1099 190.6042 179.5972 284.0333 217.0453 1.5314 1.5867 3.7458 -16.5973 1.8514 32.2508 -7.5821 -5.1084
Car -1 -1 -3.4441 0.0000 182.4223 28.0534 219.4398 1.6480 1.6423 4.3834 -31.7693 2.1505 35.6129 -4.1689 -5.1876
Car -1 -1 -5.0347 586.3447 177.0666 631.2352 199.5836 1.3546 1.6372 4.1985 -0.1654 1.6390 46.5016 -5.0387 -5.4869
Car -1 -1 -4.9869 592.8395 178.0206 634.2921 200.8870 1.4452 1.6721 4.4094 0.1554 1.8127 49.0124 -4.9842 -5.8481
Car -1 -1 -5.1434 498.0559 180.4398 532.2420 199.4646 1.5825 1.5452 3.7868 -8.4170 2.2724 63.6366 -5.2748 -5.8563
Car -1 -1 -4.7884 359.5166 180.5292 392.8495 207.7937 1.4044 1.5157 3.1926 -13.0031 1.8476 39.9250 -5.1016 -5.8858
Car -1 -1 -4.3244 134.4191 182.5833 193.4298 209.1377 1.4818 1.6365 4.0577 -27.1267 2.1031 43.9621 -4.8748 -5.8867
Car -1 -1 -5.3423 749.7687 188.3835 792.2966 206.6021 1.3905 1.5198 3.8230 13.4636 2.7393 60.6298 -5.1254 -6.0264
Car -1 -1 -4.1816 262.5159 185.6436 326.7082 213.6920 1.6681 1.7943 4.5740 -20.6824 2.5513 47.4608 -4.5909 -6.0292
Car -1 -1 -8.0020 392.6978 174.7185 417.8308 195.5631 1.9011 1.7616 3.6760 -19.3978 2.0823 68.2097 -8.2784 -7.5060
