Car -1 -1 -4.5240 422.2637 179.1582 475.4709 213.6405 1.4506 1.6464 4.0812 -7.3736 1.7581 33.1716 -4.7415 3.8295
Car -1 -1 -4.1193 238.7963 188.6104 293.1171 212.4984 1.5978 1.6133 4.0692 -25.3284 2.8059 53.2065 -4.5620 -1.2439
Car -1 -1 -4.9785 620.0648 175.6753 662.2156 201.0842 1.4811 1.5750 4.1013 1.8417 1.6641 44.7154 -4.9380 -1.4288
Car -1 -1 -4.4486 615.0153 179.4116 648.0797 200.1873 1.5157 1.6231 3.8462 1.6820 2.0435 56.0268 -4.4192 -1.8026
Car -1 -1 -5.0795 611.4111 177.5105 640.4396 193.0062 1.4495 1.5990 3.7563 1.5126 1.9190 70.7560 -5.0586 -2.1780
Car -1 -1 -7.6465 353.8484 177.3077 396.4765 203.7231 1.5292 1.6623 4.2765 -14.5273 1.8186 44.7289 -7.9591 -2.2112
Car -1 -1 -3.8039 785.0521 190.3816 852.6984 218.4848 1.5212 1.6475 3.5456 12.1939 2.5822 42.2644 -3.5256 -2.4444
Car -1 -1 -5.1500 624.1379 177.7047 660.3664 194.4134 1.4827 1.7034 4.3591 2.9642 1.9535 67.7267 -5.1069 -2.7897
Car -1 -1 -7.1486 51.1752 192.6048 172.9499 238.8016 1.3781 1.5520 3.4973 -17.0940 2.1093 24.9043 -7.7454 -2.9429
Car -1 -1 -5.2961 587.3354 176.8047 644.5115 201.8479 1.4367 1.5770 3.9444 0.2787 1.6895 44.1337 -5.2903 -3.5931
Car -1 -1 -4.6093 207.4677 193.3958 246.7461 223.9804 1.5339 1.5933 3.5899 -21.6280 2.7507 40.7870 -5.0945 -3.7056
Car -1 -1 -5.1905 1106.4749 195.5090 1163.0099 218.4436 1.4071 1.6418 3.6962 36.3025 3.0400 50.0654 -4.5666 -3.8841
Car -1 -1 -7.8047 579.5656 175.6099 598.1041 190.9998 1.3844 1.5545 3.6990 -1.9756 1.6488 67.4378 -7.8342 -3.9450
Car -1 -1 -4.4844 42.0388 207.9004 107.0337 244.3428 1.4831 1.6965 4.1018 -26.5465 3.3320 35.8519 -5.1184 -3.9496
Car -1 -1 -4.4990 414.9336 167.7348 442.0675 185.8970 1.7027 1.6804 4.2599 -17.5369 1.2225 69.8000 -4.7445 -4.0159
Car -1 -1 -4.6397 205.2888 188.3211 235.6826 211.0821 1.4890 1.6425 4.1256 -28.2898 2.6602 52.4348 -5.1327 -4.4132
Car -1 -1 -7.0158 69.0436 201.4485 150.6101 230.9209 1.5565 1.6500 4.0708 -30.7752 3.4054 44.4908 -7.6183 -4.4612
Car -1 -1 -4.6539 280.4651 183.1920 314.2269 211.4332 1.4319 1.4935 3.9162 -17.4131 2.0377 40.2120 -5.0604 -4.5571
Car -1 -1 -4.4291 219.2491 190.4557 265.9119 218.8292 1.7117 1.6803 4.2053 -24.6613 2.9489 48.5070 -4.8975 -4.7587
Car -1 -1 -6.8817 875.0207 202.2337 978.1126 239.0860 1.5082 1.7170 4.0144 14.2744 2.8895 32.7063 -6.4744 -4.8684
Car -1 -1 -3.7379 320.8807 186.9606 383.7240 210.0531 1.5293 1.6586 4.0813 -18.7403 2.5977 52.5283 -4.0793 -4.9337
Car -1 -1 -5.1319 620.0523 177.2200 661.4155 200.7239 1.5902 1.5807 3.6887 2.1252 1.9141 51.5687 -5.0914 -4.9535
Car -1 -1 -5.0087 498.7321 180.7686 534.1248 201.6659 1.4835 1.5904 3.9268 -7.1893 2.1090 54.9404 -5.1386 -4.9873
Car -1 -1 -5.3272 837.6971 197.2332 912.4193 232.1902 1.4521 1.5658 3.5899 12.5963 2.6869 34.6156 -4.9818 -5.1936
Car -1 -1 -6.9601 637.2664 176.8602 700.1566 202.8898 1.4882 1.5874 3.5661 3.5127 1.7382 43.4219 -6.8804 -5.3820
Car -1 -1 -2.9119 205.4308 185.9567 284.2384 216.2319 1.4810 1.6784 3.3644 -18.9780 2.1846 37.5519 -3.3773 -5.4506
Car -1 -1 -4.4827 567.1674 178.0635 605.0628 202.8441 1.4187 1.5580 3.4807 -1.4494 1.7492 43.9501 -4.5160 -5.5378
Car -1 -1 -2.5474 0.0000 162.7356 27.0461 227.6994 1.8576 1.7743 4.5435 -20.8198 1.5680 21.8706 -3.3022 -5.6588
Car -1 -1 -4.6821 1092.7306 192.2375 1127.8134 219.2046 1.5035 1.7087 3.9595 31.4354 2.7779 45.3504 -4.0796 -5.7567
Car -1 -1 -6.7021 216.5253 184.7338 300.9035 213.5835 1.6908 1.7181 4.5868 -22.5993 2.4940 46.4933 -7.1526 -5.7650
Car -1 -1 -4.5165 0.0000 185.1496 0.0000 211.6123 1.5297 1.6547 4.0133 -41.6075 2.3474 45.8525 -5.2506 -5.8867
Car -1 -1 -4.5486 0.0000 183.6891 19.8614 208.0162 1.5176 1.6542 4.0148 -41.6087 2.2865 49.0738 -5.2493 -5.8867
Car -1 -1 -4.9518 1241.0000 166.4094 1241.0000 196.5324 1.4943 1.6490 4.0022 41.4676 1.1743 37.9156 -4.1258 -5.8867
Car -1 -1 -4.5805 16.3394 184.5492 54.6819 207.4893 1.5247 1.6528 4.0098 -41.6062 2.4067 52.2895 -5.2502 -5.8867
Car -1 -1 -4.9212 1241.0000 166.8804 1241.0000 194.2379 1.4638 1.6394 3.9917 41.4676 1.1439 40.7242 -4.1305 -5.8867
Car -1 -1 -4.8811 1241.0000 167.5636 1241.0000 193.8132 1.5069 1.6609 4.0107 41.4660 1.2029 43.5500 -4.1237 -5.8867
Car -1 -1 -5.0150 552.0148 179.9691 584.7725 200.4508 1.4863 1.5365 3.5189 -3.2661 2.0533 55.6098 -5.0738 -5.8931
Car -1 -1 -4.4798 540.8274 178.1306 578.6564 202.7545 1.4055 1.5238 3.5229 -3.0469 1.7394 43.8430 -4.5493 -5.9285
Car -1 -1 -5.3619 0.0000 191.5128 13.9968 313.3458 1.6040 1.8080 4.3624 -11.9375 1.9168 10.9758 -6.1770 -6.5938
