Car -1 -1 -4.2632 158.2990 186.6258 325.7473 267.4818 1.4966 1.6616 4.1341 -8.0403 1.8439 16.1346 -4.7194 8.2911
Car -1 -1 -4.6178 504.5825 177.9594 528.0102 196.6781 1.5324 1.6473 3.8034 -8.0512 1.9848 62.0501 -4.7466 1.3561
Car -1 -1 -4.2954 211.3892 175.9575 253.1879 195.1945 1.4677 1.6383 3.5769 -30.0626 1.7225 57.4782 -4.7756 -0.9804
Car -1 -1 -7.8405 243.1043 170.7083 268.7376 194.4702 1.7201 1.6760 4.0602 -26.6976 1.5645 54.4244 -8.2948 -1.8667
Car -1 -1 -7.4026 289.6293 182.3065 359.6191 213.0792 1.4443 1.7284 4.1288 -14.6935 1.9604 37.2953 -7.7758 -1.8950
Car -1 -1 -4.1735 593.5396 175.9297 642.3719 199.6914 1.5727 1.6610 3.8701 0.5653 1.7961 50.3807 -4.1628 -2.2499
Car -1 -1 -5.9967 631.8579 177.2203 698.1711 202.1021 1.4311 1.5997 3.6746 3.2770 1.7018 43.3864 -5.9223 -2.4529
Car -1 -1 -4.6963 216.5061 174.9837 243.1704 197.8936 1.6068 1.6685 4.1775 -28.0505 1.7703 53.2616 -5.1792 -3.9423
Car -1 -1 -4.6307 624.1681 176.0130 658.1235 204.0491 1.5042 1.6198 4.0761 1.7916 1.6940 41.3121 -4.5881 -3.9738
Car -1 -1 -5.0433 615.1119 174.8550 656.8349 199.9393 1.7505 1.7167 4.4143 1.8276 1.9040 53.0911 -5.0095 -4.0587
Car -1 -1 -7.5675 206.9631 178.9065 240.3222 197.5515 1.7577 1.8264 4.1227 -38.3362 2.3770 71.6551 -8.0574 -4.0831
Car -1 -1 -6.6422 626.7822 180.0243 690.0507 205.2285 1.5026 1.6709 3.5851 2.9785 1.9635 45.0867 -6.5772 -4.0990
Car -1 -1 -4.6458 240.8794 178.0294 265.0267 197.4964 1.5331 1.5558 3.5811 -29.5903 1.9758 59.8117 -5.1037 -4.1059
Car -1 -1 -4.2114 185.9913 178.4003 248.8206 206.2871 1.5843 1.6280 3.9861 -23.7719 1.9359 43.7836 -4.7065 -4.1881
Car -1 -1 -5.0011 307.5412 182.9745 343.3549 205.1422 1.7139 1.6756 4.0640 -23.6504 2.5826 59.8369 -5.3763 -4.4111
Car -1 -1 -4.9680 505.3359 177.7456 537.3918 197.8468 1.5417 1.6926 3.6832 -7.2253 1.9507 58.3485 -5.0910 -4.4147
Car -1 -1 -4.4595 174.8234 188.5105 297.9091 253.3920 1.4148 1.8057 4.5254 -9.8372 1.8853 19.2955 -4.9258 -4.5222
Car -1 -1 -4.7140 524.9756 178.9585 543.9799 196.8762 1.4635 1.5816 3.8309 -6.5465 2.0069 62.2772 -4.8187 -4.5597
Car -1 -1 -4.6517 489.6153 177.6228 510.1776 196.1440 1.5232 1.5455 3.3794 -9.4597 1.9443 61.9961 -4.8028 -4.5774
Car -1 -1 -4.7016 644.0354 175.7890 677.9015 207.4171 1.5156 1.6405 4.1871 2.5993 1.6751 37.1270 -4.6328 -4.6850
Car -1 -1 -4.0927 209.3676 189.7805 253.6219 208.4379 1.5774 1.6916 3.8653 -34.9652 3.1899 66.7178 -4.5741 -4.7441
Car -1 -1 -4.3789 331.5638 185.2887 363.7598 203.6718 1.5302 1.5340 3.8434 -23.4690 2.6766 64.6055 -4.7264 -4.7814
Car -1 -1 -4.4919 665.0682 187.1004 690.9380 204.3030 1.4770 1.6066 3.8708 6.3692 2.8507 67.4986 -4.3988 -4.8654
Car -1 -1 -3.9023 474.0689 178.1822 518.8112 196.8214 1.4387 1.6558 3.3797 -9.2218 1.8846 58.5906 -4.0580 -5.0794
Car -1 -1 -4.5333 785.4283 187.8808 811.1137 207.0043 1.5305 1.5403 3.6920 16.4090 2.8815 62.8854 -4.2797 -5.0819
Car -1 -1 -4.9199 668.8687 189.4622 698.6262 210.4867 1.4086 1.4716 3.5331 5.3605 2.6722 53.0763 -4.8205 -5.1146
Car -1 -1 -2.0024 276.3862 182.4099 323.5215 203.6601 1.5443 1.6966 4.4162 -24.3077 2.3194 56.4398 -2.4077 -5.2437
Car -1 -1 -4.8116 628.2112 179.8069 654.7421 200.8367 1.5647 1.7093 3.8688 2.4236 2.1326 56.9764 -4.7698 -5.2926
Car -1 -1 -4.8825 534.3112 176.0739 562.4387 195.4528 1.4681 1.5880 3.9007 -4.9660 1.7334 57.4430 -4.9687 -5.3213
Car -1 -1 -4.7503 201.2845 189.2641 222.8087 208.0936 1.5741 1.5798 3.9680 -36.4974 3.1251 66.0998 -5.2533 -5.4369
Car -1 -1 -4.5040 490.8882 179.7666 519.4818 198.1156 1.3721 1.5231 3.6502 -8.3065 1.9381 57.2353 -4.6478 -5.4479
Car -1 -1 -4.9245 572.0179 176.7177 608.1340 197.3137 1.4103 1.7244 4.4655 -1.5335 1.7047 52.6713 -4.9539 -5.4490
Car -1 -1 -5.0275 452.1010 176.5569 486.6208 194.5753 1.4144 1.6090 4.1023 -11.6999 1.7318 59.7217 -5.2205 -5.4609
Car -1 -1 -4.5158 462.6337 180.7188 486.9652 197.5219 1.5587 1.6553 3.6536 -13.1965 2.3468 70.4887 -4.7006 -5.5015
Car -1 -1 -4.7752 428.9217 178.4116 446.5120 194.7815 1.5534 1.4925 3.2324 -17.0909 2.1169 71.4327 -5.0095 -5.6208
Car -1 -1 -4.6170 623.8193 178.3615 642.9763 195.4235 1.5539 1.4830 3.7473 2.2385 2.0946 68.9273 -4.5851 -5.6484
Car -1 -1 -4.6611 209.7807 182.4572 280.0523 236.2638 1.4431 1.7101 4.4112 -11.3480 1.7745 22.5595 -5.1228 -5.7271
Car -1 -1 -2.0438 171.6474 178.0026 215.3514 196.5433 1.7210 1.9143 4.3332 -40.4718 2.2348 70.0593 -2.5662 -5.7821
Car -1 -1 -5.0681 702.5994 183.1516 732.8788 201.1566 1.5133 1.5861 3.4061 9.5873 2.4607 64.5704 -4.9218 -5.8140
Car -1 -1 -7.2356 78.0094 169.2412 145.3383 202.7388 2.0640 1.6819 3.7671 -31.9623 1.8411 46.3562 -7.8367 -5.8482
Car -1 -1 -8.2951 752.2529 186.0918 1025.1241 328.0726 1.4838 1.7583 4.3816 3.5106 1.7133 10.2466 -7.9750 -5.8625
Car -1 -1 -4.6721 121.9990 183.9601 146.9263 202.9184 1.5366 1.6559 4.0136 -41.6031 2.5413 63.1452 -5.2529 -5.8867
Car -1 -1 -4.6463 561.6981 176.1304 583.8212 193.3677 1.3509 1.5629 3.8990 -3.0545 1.6286 59.2533 -4.6979 -5.8867
Car -1 -1 -3.5046 0.0000 195.9915 0.0000 374.0000 1.5096 1.6084 3.9595 -7.0818 1.6543 2.5295 -4.6974 -5.8867
Car -1 -1 -4.6033 0.0000 173.2202 0.0000 198.3731 1.5350 1.6887 4.0825 -41.3136 1.5593 46.2503 -5.3297 -5.8867
Car -1 -1 -4.6931 149.2792 182.4412 171.3385 199.9362 1.5100 1.6510 4.0141 -41.6055 2.4255 66.7752 -5.2488 -5.8867
Car -1 -1 -6.7851 0.0000 0.0000 1241.0000 374.0000 1.5435 1.5885 3.8032 -2.9055 1.6401 1.0040 -7.9391 -5.8867
Car -1 -1 -4.6523 101.8334 183.4155 129.2465 203.2575 1.5481 1.6593 4.0204 -41.6052 2.4683 60.7352 -5.2511 -5.8867
Car -1 -1 -4.3078 171.7906 184.8195 210.0190 203.0840 1.5546 1.6087 3.9330 -38.3870 2.6851 66.1451 -4.8322 -5.8867
Car -1 -1 -3.8225 0.0000 180.7286 53.9401 216.3296 1.7510 1.7793 5.1944 -33.6029 2.2104 39.4077 -4.5253 -6.0352
Car -1 -1 -4.6464 243.5981 180.4769 291.6336 217.7885 1.4877 1.6309 4.3299 -15.1638 1.8503 32.0286 -5.0856 -6.1017
Car -1 -1 -4.6944 373.0795 187.8088 391.4962 205.5962 1.6023 1.6487 3.8859 -22.2786 3.1090 70.6174 -4.9993 -6.1112
Car -1 -1 -5.0682 1190.5729 188.8737 1241.0000 224.3741 1.6034 1.5485 3.4000 30.6872 2.4467 36.1310 -4.3687 -6.1199
Car -1 -1 -7.1480 216.5711 179.5742 262.1103 198.3656 1.7612 1.8514 3.9987 -36.6050 2.4453 71.3266 -7.6209 -6.5110
Car -1 -1 -6.7751 723.8708 190.2758 911.3568 264.1218 1.5931 1.7641 4.0122 4.9253 2.0465 17.4846 -6.5060 -6.6411
