Car -1 -1 -7.8348 582.3200 180.2921 623.1668 213.8364 1.2786 1.6028 3.5969 -0.3151 1.6073 30.1080 -7.8458 5.4613
Car -1 -1 -7.7698 528.1319 178.5835 566.1022 207.7228 1.3868 1.6305 3.7145 -3.2093 1.6946 36.9307 -7.8564 5.1069
Car -1 -1 -4.6740 442.6748 175.6887 466.0251 195.6906 1.4934 1.6352 4.1062 -12.2132 1.7242 56.6503 -4.8857 0.4893
Car -1 -1 -5.2318 202.9637 178.6335 261.0272 203.8572 1.5818 1.6521 3.9857 -25.1068 1.9789 47.8320 -5.7131 -1.0170
Car -1 -1 -4.2001 154.2983 185.7928 234.0132 219.3012 1.5177 1.6491 4.1478 -20.8839 2.2068 36.3659 -4.7184 -1.5805
Car -1 -1 -3.6831 34.4785 192.0581 111.9763 219.2820 1.5285 1.6445 3.5596 -33.6132 2.7842 45.2328 -4.3195 -1.8840
Car -1 -1 -4.3396 78.1315 185.6787 140.4576 217.2822 1.5934 1.6333 3.5682 -27.6176 2.3358 39.8634 -4.9425 -2.1140
Car -1 -1 -4.8372 903.7849 184.4064 935.4346 209.4472 1.6052 1.5443 3.8080 21.4560 2.4411 50.1806 -4.4358 -2.5345
Car -1 -1 -4.3442 57.6563 190.4346 112.9427 219.0381 1.5950 1.6426 3.3554 -32.1924 2.7191 44.3174 -4.9698 -2.8196
Car -1 -1 -5.1860 559.9872 177.4365 624.9742 207.4037 1.4259 1.6122 4.1802 -1.0086 1.6762 37.2324 -5.2134 -2.8542
Car -1 -1 -8.0341 520.9763 167.7147 551.8511 191.5674 1.8107 1.7077 4.1346 -5.8776 1.4203 56.9971 -8.1367 -2.8963
Car -1 -1 -4.0453 102.4078 185.3820 173.8768 211.9428 1.5286 1.6925 3.9371 -29.6862 2.3534 45.4845 -4.6210 -3.2259
Car -1 -1 -3.2680 280.6332 180.7751 355.8275 209.7757 1.4806 1.6245 3.6229 -15.9211 1.9293 39.3004 -3.6509 -3.5333
Car -1 -1 -4.4840 231.9255 180.6627 269.2257 203.2338 1.5300 1.6004 3.7907 -26.0520 2.1182 52.3435 -4.9440 -3.6621
Car -1 -1 -4.3031 49.2803 182.5560 140.5761 225.6821 1.5545 1.6271 3.6818 -20.5229 1.9688 28.8615 -4.9171 -3.8811
Car -1 -1 -4.3961 123.2138 189.2025 175.9986 217.0802 1.4814 1.5652 3.6384 -27.1418 2.4905 42.5926 -4.9608 -3.9172
Car -1 -1 -7.7210 216.5306 179.0246 267.8056 213.2743 1.4556 1.6055 3.9318 -17.0693 1.7603 33.5492 -8.1887 -3.9226
Car -1 -1 -7.6163 254.9405 183.3324 308.0593 217.7912 1.4826 1.5322 3.2829 -15.3956 1.9996 33.8666 -8.0404 -3.9868
Car -1 -1 -7.3459 383.8642 177.4483 444.7589 208.0372 1.4877 1.5381 3.5193 -10.1602 1.7386 37.5543 -7.6087 -4.0434
Car -1 -1 -4.6987 427.2317 175.7853 447.3094 194.8599 1.5514 1.6076 3.7400 -14.6719 1.8083 61.3015 -4.9330 -4.1197
Car -1 -1 -4.3577 782.9354 177.6809 853.6519 217.4355 1.5553 1.6799 3.8349 8.8901 1.7745 30.7677 -4.0796 -4.2161
Car -1 -1 -4.8955 551.6863 178.7383 589.9647 203.4710 1.4927 1.7071 4.3995 -2.6365 1.8947 46.9990 -4.9517 -4.2353
Car -1 -1 -4.6159 71.8060 188.9389 116.3285 220.1127 1.6164 1.6906 4.3493 -30.0689 2.6060 42.1002 -5.2334 -4.3520
Car -1 -1 -4.8993 379.9739 175.8958 412.4745 197.7684 1.5012 1.5957 3.6557 -15.4851 1.7288 52.0670 -5.1873 -4.4796
Car -1 -1 -2.2676 291.2964 177.8792 362.1922 205.6000 1.4957 1.5959 3.9640 -16.2156 1.7937 41.1802 -2.6408 -4.5693
Car -1 -1 -5.2409 486.5546 180.4064 534.5707 201.9206 1.4777 1.6327 4.1502 -7.3978 2.0565 53.1929 -5.3788 -4.6649
Car -1 -1 -7.5102 579.3116 177.5245 638.0799 211.1650 1.4178 1.5123 3.7536 -0.0400 1.6441 32.9924 -7.5120 -4.7202
Car -1 -1 -4.9683 352.1443 177.6222 393.3416 203.2486 1.5612 1.6093 3.8705 -15.4516 1.8837 46.7855 -5.2859 -4.9868
Car -1 -1 -5.3730 221.2871 183.4455 299.9149 214.4081 1.4212 1.5852 3.6692 -17.3277 1.9671 35.6878 -5.8224 -5.2258
Car -1 -1 -3.7166 274.9344 175.3898 337.3863 199.0881 1.6826 1.6325 4.0580 -22.6416 1.8790 53.8230 -4.1133 -5.3363
Car -1 -1 -5.1257 581.7419 176.0804 633.5087 198.8403 1.3618 1.6663 4.4286 -0.2464 1.5787 46.2038 -5.1314 -5.5844
Car -1 -1 -3.9528 50.7575 187.6677 153.8621 223.5099 1.4394 1.5624 3.8945 -22.9269 2.1525 32.7075 -4.5606 -5.7041
Car -1 -1 -4.3383 122.3891 183.4747 173.8895 209.0806 1.5976 1.6368 3.8324 -31.1619 2.3448 48.7454 -4.9049 -5.9921
Car -1 -1 -2.4031 239.9262 175.7651 306.8094 202.0610 1.9595 1.7577 4.7252 -25.9870 2.1900 55.6534 -2.8384 -6.9114
Car -1 -1 -7.6032 412.1266 169.2435 438.8632 188.2120 1.8085 1.6486 3.7883 -18.0595 1.4640 70.6874 -7.8527 -7.1959
