Car -1 -1 -7.8767 582.4576 173.3983 601.6649 190.1417 1.3971 1.5679 3.5402 -1.5919 1.4450 62.1296 -7.9025 1.3719
Car -1 -1 -4.6200 635.1200 173.3757 668.1555 201.5865 1.6101 1.6336 3.8729 2.5037 1.6426 43.2933 -4.5631 -0.5484
Car -1 -1 -5.0494 652.6070 176.9800 686.6227 195.9298 1.5046 1.5837 4.0333 4.9221 1.8619 60.3787 -4.9689 -1.5260
Car -1 -1 -7.5884 208.9583 188.9928 256.5584 216.5922 1.4899 1.6048 3.7093 -22.5839 2.5014 43.2523 -8.0674 -2.1099
Car -1 -1 -6.4704 230.3029 183.8496 320.9927 217.6544 1.4802 1.5872 3.6983 -15.9696 2.0308 34.4316 -6.9020 -2.1587
Car -1 -1 -4.5822 737.4122 181.4682 767.8084 205.5459 1.6051 1.6719 3.7043 10.1929 2.2445 51.5676 -4.3887 -2.2447
Car -1 -1 -4.6441 379.6413 178.4676 402.7574 198.0045 1.6438 1.6857 4.1852 -19.4609 2.1605 64.2181 -4.9375 -2.4275
Car -1 -1 -7.4970 649.2360 175.4669 691.8020 201.8191 1.6194 1.5721 3.6574 3.9243 1.7955 46.7243 -7.4143 -2.4504
Car -1 -1 -4.3797 351.7946 177.5026 402.6623 203.0656 1.4428 1.6920 4.0235 -13.9962 1.7357 43.4922 -4.6896 -2.4563
Car -1 -1 -2.8808 642.2726 176.6955 695.7671 199.3464 1.6303 1.6391 3.6776 4.3765 1.9238 53.7917 -2.8005 -2.5202
Car -1 -1 -4.4180 344.7648 178.8343 386.4949 203.3768 1.6324 1.6883 4.0566 -17.2600 2.0722 51.0464 -4.7428 -3.0184
Car -1 -1 -7.3539 230.5461 188.8320 290.9369 216.2353 1.4914 1.6068 3.8936 -21.0464 2.4999 43.5711 -7.8019 -3.0573
Car -1 -1 -8.1656 626.2754 173.0827 669.3399 198.5232 1.5949 1.6382 4.1065 2.4012 1.6103 47.4681 -8.1158 -3.1392
Car -1 -1 -3.6149 0.0000 210.7130 108.0459 252.9598 1.4917 1.6771 3.6058 -24.0417 3.2238 31.0288 -4.2702 -3.2477
Car -1 -1 -4.3377 660.1320 177.3498 696.2675 194.8169 1.6099 1.8764 4.8308 6.6791 2.0643 70.4070 -4.2439 -3.3707
Car -1 -1 -4.5593 407.1535 175.2488 437.5272 197.0341 1.5583 1.6145 3.9857 -14.0633 1.7445 54.1276 -4.8126 -3.4817
Car -1 -1 -7.8704 117.9047 179.3094 181.6705 230.5070 1.4682 1.6134 3.7910 -14.8757 1.6939 23.2300 -8.4350 -3.6243
Car -1 -1 -4.7872 1169.6154 183.2339 1205.3568 208.7362 1.6838 1.6852 3.8766 41.0622 2.4529 51.4077 -4.1165 -3.6411
Car -1 -1 -8.3406 297.2964 182.2615 348.2852 207.4303 1.6246 1.7010 3.7854 -19.8953 2.2987 49.8505 -8.7189 -3.6447
Car -1 -1 -4.4722 177.1392 186.2081 222.5725 213.0413 1.5806 1.6976 3.7580 -26.4408 2.4799 46.5690 -4.9864 -3.8060
Car -1 -1 -8.0463 451.0973 173.7462 476.4942 191.5902 1.6604 1.6507 4.0630 -14.1405 1.7488 69.5525 -8.2464 -4.0667
Car -1 -1 -4.8410 646.2111 174.7612 670.6884 192.4369 1.5795 1.7357 4.2215 4.4498 1.7622 67.1023 -4.7755 -4.1117
Car -1 -1 -4.7141 685.9148 177.4670 709.9399 198.3235 1.4987 1.7514 4.5291 6.6923 1.8666 55.2408 -4.5946 -4.3270
Car -1 -1 -4.4568 207.9029 183.8391 249.5575 209.5729 1.5698 1.5542 3.6477 -25.1478 2.3245 47.6352 -4.9405 -4.3830
Car -1 -1 -4.4298 184.0068 184.2200 243.7756 219.0053 1.7315 1.7099 4.4343 -21.7895 2.3951 39.7992 -4.9282 -4.5402
Car -1 -1 -4.8938 639.4257 173.8246 669.2670 194.0324 1.5998 1.6935 4.3503 3.5949 1.6827 59.6016 -4.8342 -4.8511
Car -1 -1 -5.6785 0.0000 188.0895 1.2391 263.5757 1.4126 1.5756 3.8984 -15.5144 1.7550 15.0943 -6.4688 -4.8949
Car -1 -1 -5.2956 599.8978 174.4191 649.3023 197.5788 1.6235 1.7402 3.9398 1.0016 1.7428 52.9978 -5.2772 -5.0104
Car -1 -1 -4.8342 1198.1248 184.7112 1241.0000 210.9473 1.6239 1.7718 4.1974 41.2809 2.4645 48.9300 -4.1369 -5.0986
Car -1 -1 -4.7963 357.8965 179.5576 384.9033 199.2339 1.4233 1.6373 4.2788 -18.5902 1.9649 56.0398 -5.1155 -5.1250
Car -1 -1 -4.6334 329.5052 178.4907 357.6418 203.5864 1.6826 1.5965 3.4994 -18.8741 2.0966 51.1316 -4.9856 -5.3870
Car -1 -1 -5.7485 190.2952 171.7525 311.9601 213.8979 1.7716 1.8959 4.3983 -15.6173 1.7250 31.4449 -6.2064 -5.6913
Car -1 -1 -4.7164 558.3955 174.2527 581.2442 198.3917 1.6396 1.5596 4.5098 -2.9144 1.7437 51.5738 -4.7730 -5.8865
Car -1 -1 -4.7597 1126.6768 172.6755 1156.0360 192.4127 1.4852 1.6455 3.9914 41.4733 1.4715 56.4135 -4.1285 -5.8867
Car -1 -1 -4.7150 1081.0325 173.6031 1104.7040 191.6538 1.4948 1.6458 3.9913 41.4757 1.5611 62.0451 -4.1282 -5.8867
Car -1 -1 -4.9426 1241.0000 167.5523 1241.0000 196.9508 1.4911 1.6468 3.9981 41.4686 1.2219 38.7177 -4.1269 -5.8867
Car -1 -1 -4.7805 1148.8282 176.6739 1182.0668 199.0605 1.5859 1.6835 4.0230 41.4819 1.8828 53.9879 -4.1284 -5.8867
Car -1 -1 -4.7340 1099.7112 173.6910 1125.5764 192.6805 1.5085 1.6528 3.9967 41.4756 1.5799 59.6292 -4.1288 -5.8867
Car -1 -1 -4.9116 1241.0000 167.7157 1241.0000 195.2589 1.4892 1.6480 3.9995 41.4679 1.2111 41.1334 -4.1259 -5.8867
Car -1 -1 -3.5047 0.0000 190.0327 0.0000 374.0000 1.4945 1.6039 3.9542 -7.0821 1.6018 2.5303 -4.6975 -5.8867
Car -1 -1 -6.7128 88.6053 184.6185 280.8429 263.9185 1.4366 1.3844 3.2279 -8.9470 1.7137 15.2964 -7.2348 -5.9164
Car -1 -1 -4.8963 1136.6648 193.0490 1192.8302 223.6075 1.3541 1.5541 3.9521 28.2341 2.4452 36.8815 -4.2473 -5.9254
Car -1 -1 -4.5338 612.1732 173.6832 639.1868 193.9997 1.6122 1.5727 3.8361 1.2986 1.6826 59.4606 -4.5125 -5.9334
Car -1 -1 -4.9440 741.1392 179.5698 765.7478 194.8406 1.4442 1.5934 3.6625 14.2119 2.1289 71.7345 -4.7496 -6.0001
Car -1 -1 -5.0617 372.6203 182.3304 402.5353 199.3324 1.5208 1.5258 3.7605 -21.2143 2.4483 68.6837 -5.3605 -6.0264
Car -1 -1 -7.9054 1238.3204 163.3431 1241.0000 190.9932 1.6735 1.7648 4.3853 41.2489 1.0975 45.9316 -7.1771 -6.0484
Car -1 -1 -7.9573 1012.5187 185.2308 1040.8833 205.9905 1.6214 1.6369 4.3210 35.3965 2.7141 61.4119 -7.4370 -6.0913
Car -1 -1 -4.8661 752.2548 179.3071 774.1003 196.0974 1.5332 1.5356 3.3717 14.5884 2.1648 68.9356 -4.6588 -6.3281
Car -1 -1 -4.6575 723.5303 178.2080 747.7520 200.9886 1.5648 1.5340 3.9613 9.1679 1.9708 52.6526 -4.4865 -6.3288
Car -1 -1 -5.3119 0.0000 188.0401 7.0163 311.0399 1.5566 1.8284 4.4589 -11.7919 1.8068 10.6696 -6.1347 -6.5657
Car -1 -1 -4.7466 726.5414 180.1673 744.7424 194.8986 1.3803 1.6449 3.5028 12.3715 2.1213 71.2879 -4.5758 -6.6642
