Car -1 -1 -7.7950 582.8430 180.0145 620.7420 210.4149 1.3305 1.5949 3.5663 -0.3851 1.6882 34.2549 -7.8067 4.3085
Car -1 -1 -7.7846 538.4377 180.0330 571.4858 204.7746 1.3221 1.6532 3.4306 -3.1461 1.7496 41.2765 -7.8607 3.8426
Car -1 -1 -6.8291 212.2572 182.8379 305.0671 218.5865 1.4595 1.5510 3.4364 -15.7352 1.9328 32.3628 -7.2788 -0.8247
Car -1 -1 -7.7003 543.0670 167.1686 566.1952 185.4111 1.7006 1.6454 3.8451 -5.3038 1.1703 69.2449 -7.7767 -0.8559
Car -1 -1 -5.3252 280.5496 183.8806 351.2775 212.3935 1.5235 1.6459 4.2619 -17.1060 2.1905 41.8241 -5.7115 -1.2820
Car -1 -1 -5.0759 812.3057 187.9737 868.5030 218.1648 1.5476 1.6713 4.1569 13.0527 2.4560 41.2389 -4.7721 -1.6256
Car -1 -1 -3.7378 802.7757 184.5226 899.0840 219.2850 1.4611 1.6213 3.8804 10.8006 2.0079 32.5214 -3.4205 -1.8499
Car -1 -1 -4.7518 1113.8392 184.8498 1155.6921 215.8063 1.5245 1.6620 4.1109 28.5479 2.2153 39.3916 -4.1287 -1.9423
Car -1 -1 -4.8300 1179.4651 190.7275 1241.0000 231.5283 1.5919 1.6778 4.0361 26.6813 2.4423 32.1897 -4.1431 -2.3487
Car -1 -1 -5.2800 241.3021 184.0800 306.1087 211.0538 1.5043 1.6354 4.0239 -20.3209 2.2081 43.4853 -5.7151 -2.5819
Car -1 -1 -4.2520 419.8447 174.9450 462.0020 197.1790 1.7570 1.6968 4.2182 -13.9577 1.9361 59.6869 -4.4811 -2.7183
Car -1 -1 -5.2508 185.8688 185.2018 236.8039 207.0254 1.6035 1.6956 4.0024 -31.3799 2.6037 56.7266 -5.7543 -2.8192
Car -1 -1 -4.6132 322.8058 180.7604 362.8467 212.2482 1.5692 1.6446 3.9945 -14.4836 2.0216 39.1718 -4.9655 -2.9991
Car -1 -1 -4.9458 303.6478 181.5078 334.9102 200.5025 1.5371 1.6273 4.0008 -25.1948 2.3105 62.4085 -5.3283 -3.0693
Car -1 -1 -4.4940 354.9091 177.1990 380.6903 192.3755 1.4242 1.6030 3.8467 -23.7652 1.8625 70.8486 -4.8167 -3.2507
Car -1 -1 -4.9555 554.3192 180.3079 588.7040 203.2137 1.4748 1.5576 3.4974 -2.7117 2.0064 49.5933 -5.0103 -3.3169
Car -1 -1 -6.1537 448.5188 180.4122 505.3303 205.5295 1.6009 1.6797 3.4890 -8.7533 2.1077 47.4793 -6.3355 -3.3347
Car -1 -1 -7.2395 50.2441 186.9426 157.6310 227.0130 1.5204 1.6740 4.1388 -21.5728 2.1643 30.9153 -7.8449 -3.4143
Car -1 -1 -4.6864 195.6613 183.2846 242.3551 220.5508 1.4944 1.7290 4.6464 -17.7241 2.0036 32.7774 -5.1790 -3.7321
Car -1 -1 -3.7807 269.8815 183.4010 338.4310 208.0883 1.5316 1.6467 4.0946 -20.6585 2.2767 48.8114 -4.1794 -3.8701
Car -1 -1 -4.5611 192.9903 179.0089 229.4576 207.8870 1.9526 1.6901 4.1218 -28.6926 2.4146 51.9626 -5.0637 -3.9257
Car -1 -1 -6.7593 624.1705 179.4257 687.1313 202.0139 1.4890 1.5980 4.0776 3.1368 1.9583 50.0173 -6.6975 -3.9335
Car -1 -1 -2.2871 310.5007 179.6485 357.1905 197.9550 1.5531 1.6787 3.9763 -24.5757 2.1725 64.1349 -2.6519 -3.9693
Car -1 -1 -4.3367 177.4863 182.9818 235.3128 210.5671 1.4670 1.6159 3.8661 -23.3810 2.0829 41.8790 -4.8435 -4.1885
Car -1 -1 -4.2183 454.0205 176.4855 489.0117 193.4779 1.5638 1.6249 3.9580 -13.3083 1.9237 69.4445 -4.4073 -4.3451
Car -1 -1 -4.3739 208.0274 182.3614 263.1599 210.0961 1.4915 1.5946 4.1085 -21.9634 2.0783 42.4148 -4.8494 -4.5041
Car -1 -1 -4.7454 446.5058 176.3132 467.1404 193.1541 1.5536 1.8041 4.6274 -14.9169 1.9009 70.0378 -4.9548 -4.6148
Car -1 -1 -4.6582 686.5695 178.0797 718.0812 205.3955 1.5745 1.7257 3.8361 5.6858 1.9107 44.4134 -4.5322 -4.6376
Car -1 -1 -4.0078 364.2585 177.1322 402.9177 191.8207 1.3794 1.5554 3.7725 -22.2554 1.8121 70.9868 -4.3107 -4.6590
Car -1 -1 -4.7057 1088.8501 178.7255 1124.5208 207.2468 1.5362 1.6351 3.8144 28.6845 1.8921 41.7340 -4.1072 -4.6880
Car -1 -1 -7.9674 611.6386 178.2489 645.7062 205.5296 1.5369 1.6061 3.9300 1.0451 1.8768 43.4800 -7.9441 -4.8197
Car -1 -1 -7.0912 1098.6599 185.1604 1203.4575 219.6190 1.6657 1.8230 4.3383 27.7034 2.3189 37.0485 -6.4535 -4.9649
Car -1 -1 -4.5848 2.2402 188.6711 55.7477 222.1242 1.4239 1.5347 3.5865 -27.7244 2.2215 34.4681 -5.2585 -4.9840
Car -1 -1 -4.0898 636.4163 175.2969 696.6476 204.3381 1.6321 1.5633 3.9510 3.3676 1.7839 42.9041 -4.0125 -5.2134
Car -1 -1 -4.2846 395.1186 176.7997 448.6656 201.4145 1.3819 1.6009 3.9716 -11.2499 1.6297 43.2734 -4.5378 -5.2836
Car -1 -1 -3.2869 279.2372 181.5423 382.8908 238.8855 1.5241 1.5054 2.6071 -8.1166 1.7906 20.8647 -3.6541 -5.3774
Car -1 -1 -4.9118 280.1588 178.8787 320.8668 205.1614 1.5635 1.6207 4.0267 -19.8027 1.9650 46.0099 -5.3165 -5.5617
Car -1 -1 -4.8684 677.7603 175.2908 710.0122 201.7924 1.6696 1.5374 3.7916 5.4755 1.8370 47.7387 -4.7554 -6.0208
Car -1 -1 -4.5167 31.2594 187.9540 97.7049 225.4873 1.6119 1.7935 4.1113 -26.4228 2.3916 35.0311 -5.1595 -7.4907
