Car -1 -1 -5.0570 242.6417 186.8474 305.1883 219.4549 1.5488 1.6286 4.3531 -17.8794 2.3307 38.2110 -5.4924 -0.9783
Car -1 -1 -5.2526 627.4472 175.6548 669.4575 195.6803 1.5441 1.6226 3.8745 3.0424 1.7783 58.3133 -5.2012 -1.0852
Car -1 -1 -1.9856 194.0355 182.9896 257.6743 213.5737 1.6572 1.7232 4.2914 -22.6558 2.2812 42.4321 -2.4737 -1.8360
Car -1 -1 -4.4456 358.6718 177.3587 396.8720 201.0552 1.6974 1.7278 4.0970 -17.5337 2.0507 54.5593 -4.7555 -2.0471
Car -1 -1 -4.8856 387.2794 174.5243 412.9037 191.6092 1.5367 1.6428 3.9514 -19.6691 1.6975 67.4522 -5.1685 -2.3013
Car -1 -1 -7.8554 581.1816 173.8298 600.5775 191.4194 1.4878 1.6469 4.1479 -1.7077 1.5760 63.3586 -7.8826 -2.3875
Car -1 -1 -5.4294 121.4605 180.5592 247.3499 224.3182 1.4372 1.6229 4.0030 -15.1353 1.7253 25.6005 -5.9590 -2.5431
Car -1 -1 -4.5660 661.6054 178.7033 695.6753 203.3725 1.6052 1.7562 4.3618 4.8064 2.0322 50.3807 -4.4719 -2.6220
Car -1 -1 -4.2646 646.8098 177.0650 683.9956 193.9170 1.5458 1.7794 4.5911 5.3823 1.9672 69.8329 -4.1884 -2.7539
Car -1 -1 -4.5830 44.3237 203.6006 99.6647 241.2695 1.5245 1.6237 4.0393 -25.9710 3.1029 34.8869 -5.2195 -2.8774
Car -1 -1 -2.6936 584.6276 175.9585 651.4071 201.5557 1.4585 1.5777 3.6560 0.4372 1.6497 42.9945 -2.6840 -2.9803
Car -1 -1 -4.3399 235.9854 181.7087 295.3095 213.1459 1.7355 1.7087 4.4511 -20.6525 2.2957 43.3958 -4.7820 -3.4876
Car -1 -1 -4.6932 623.8544 175.6866 657.0411 208.3491 1.5310 1.5713 3.6256 1.5094 1.6793 35.9986 -4.6522 -3.5891
Car -1 -1 -4.9664 247.8537 187.4611 291.4093 213.7168 1.5499 1.6329 3.8985 -22.1692 2.5392 46.8623 -5.4063 -3.6552
Car -1 -1 -7.8596 1010.1444 173.4736 1030.5131 190.4193 1.6035 1.6890 3.9836 40.0956 1.6657 70.5842 -7.3451 -3.7013
Car -1 -1 -4.6103 1134.0255 186.7729 1168.0725 209.8408 1.6143 1.6977 3.9010 41.1830 2.7125 54.9322 -3.9701 -4.0261
Car -1 -1 -4.2509 575.5707 177.6347 610.3470 192.8188 1.4206 1.7491 4.1917 -1.6635 1.9071 71.2026 -4.2745 -4.0934
Car -1 -1 -4.7217 652.4691 178.7673 683.5842 207.4760 1.4271 1.5771 3.6236 3.0329 1.7575 38.4953 -4.6442 -4.2485
Car -1 -1 -6.4467 550.4476 173.6490 610.7381 198.4190 1.7435 1.7803 4.1183 -2.1751 1.8021 52.1613 -6.4885 -4.3224
Car -1 -1 -4.4559 620.5789 173.2464 657.4092 197.4715 1.7237 1.7100 4.2930 2.1752 1.7538 53.7157 -4.4161 -4.3679
Car -1 -1 -5.2115 549.9037 177.4604 585.4933 193.0614 1.4614 1.7691 4.0582 -4.2163 1.9288 71.0716 -5.2709 -4.4240
Car -1 -1 -4.3036 645.0902 174.4356 690.3975 200.3292 1.8550 1.7634 4.5026 4.3730 1.9792 54.3865 -4.2242 -4.4277
Car -1 -1 -4.5194 104.8146 190.5602 167.6383 227.0818 1.5426 1.7427 4.3047 -22.9539 2.4594 35.0497 -5.0959 -4.4662
Car -1 -1 -7.9667 232.1345 160.8165 261.1813 185.1865 2.1322 1.8770 4.3684 -33.0175 1.0787 65.4707 -8.4323 -4.5501
Car -1 -1 -4.3515 277.4619 175.0535 313.0748 194.7258 1.6833 1.6382 3.8712 -27.9582 1.8846 64.1544 -4.7612 -4.6754
Car -1 -1 -7.7598 611.3217 173.6604 630.1230 187.9822 1.3694 1.5171 3.6743 1.0608 1.4507 71.1133 -7.7452 -4.8621
Car -1 -1 -7.5716 533.0532 177.1086 561.6210 194.9646 1.6727 1.7521 3.9781 -6.1260 2.1020 70.7255 -7.6580 -4.9049
Car -1 -1 -8.0390 310.2391 179.2797 347.1646 207.3311 1.9293 1.7495 4.3917 -20.7351 2.4219 53.0175 -8.4104 -4.9207
Car -1 -1 -4.3784 523.4512 179.0322 555.7941 198.7743 1.5387 1.5826 3.5163 -5.7774 2.0625 59.3169 -4.4755 -5.0141
Car -1 -1 -4.9241 472.0202 177.2559 507.9756 201.0530 1.5076 1.5714 4.0527 -8.1695 1.8175 48.6867 -5.0899 -5.0505
Car -1 -1 -4.8101 720.6426 181.4051 740.0111 195.9789 1.3669 1.5571 3.4528 11.8865 2.2354 71.5307 -4.6465 -5.1191
Car -1 -1 -4.5419 1168.1416 178.9435 1211.5530 201.0333 1.4794 1.7832 3.9147 41.2743 1.9293 51.3746 -3.8682 -5.2269
Car -1 -1 -4.2975 243.5376 183.8770 289.5520 203.8596 1.4116 1.6833 4.0666 -26.2828 2.2874 55.2934 -4.7396 -5.3004
Car -1 -1 -4.5275 33.1805 205.2970 92.7724 243.6996 1.6614 1.6930 4.2395 -28.2511 3.4422 37.3360 -5.1721 -5.3495
Car -1 -1 -7.8030 643.7710 174.3848 671.7029 201.3019 1.8021 1.7451 4.4968 3.3782 1.9147 50.9063 -7.7376 -5.4159
Car -1 -1 -4.5901 1241.0000 166.7853 1241.0000 190.3211 1.4170 1.6065 3.8883 41.8930 1.0513 45.3132 -3.8473 -5.4371
Car -1 -1 -8.1012 1224.6045 166.8772 1241.0000 194.7151 1.7353 1.6032 3.4982 41.4706 1.3625 46.9006 -7.3805 -5.7060
Car -1 -1 -4.6773 1046.2545 174.7029 1069.0835 191.9909 1.5398 1.6677 4.0222 41.4785 1.7163 66.8571 -4.1243 -5.8867
Car -1 -1 -4.7102 1074.8466 175.0766 1098.4015 193.6482 1.5496 1.6658 4.0046 41.4786 1.7494 62.8436 -4.1292 -5.8867
Car -1 -1 -4.9016 1241.0000 167.1105 1241.0000 193.9332 1.4802 1.6461 4.0005 41.4673 1.1630 41.9396 -4.1255 -5.8867
Car -1 -1 -4.9417 1241.0000 166.9556 1241.0000 196.4399 1.4954 1.6495 4.0021 41.4679 1.1960 38.7194 -4.1260 -5.8867
Car -1 -1 -4.7457 1112.7676 175.6229 1140.5905 196.1030 1.5700 1.6708 3.9990 41.4772 1.8005 58.0173 -4.1278 -5.8867
Car -1 -1 -4.6700 766.1919 180.7283 786.3964 198.5258 1.5525 1.6689 3.8963 15.4197 2.3051 66.8968 -4.4448 -5.8867
Car -1 -1 -4.7274 1093.4192 173.5074 1118.3982 192.0678 1.4962 1.6493 3.9934 41.4747 1.5526 60.4351 -4.1285 -5.8867
Car -1 -1 -4.9187 528.4353 175.3687 562.5858 198.7817 1.6235 1.6223 4.3776 -4.7985 1.8155 52.8622 -5.0091 -6.0679
Car -1 -1 -4.1056 1023.6228 173.5341 1067.8301 191.9324 1.7041 1.6343 3.9560 41.3503 1.7699 68.5040 -3.5647 -6.1369
Car -1 -1 -3.1727 935.8625 180.5207 991.9043 201.0783 1.8044 1.8320 4.5696 32.4873 2.5287 66.4230 -2.7201 -6.5990
Car -1 -1 -4.9915 648.2265 177.0057 688.4170 205.1882 1.7483 1.5960 3.9580 3.7549 2.0333 47.4776 -4.9136 -6.8759
