Car -1 -1 -7.8286 577.1949 162.3260 606.2148 189.8335 1.5349 1.6011 3.9426 -1.0675 0.9471 42.2317 -7.8540 2.6296
Car -1 -1 -7.7407 541.8323 162.9540 573.5765 185.7860 1.5538 1.7570 4.5138 -3.7070 0.8798 51.3959 -7.8126 1.2205
Car -1 -1 -2.6992 199.5032 169.0078 264.4413 193.6077 1.6960 1.6393 3.6915 -26.5200 1.4305 50.6352 -3.1797 -0.9650
Car -1 -1 -7.7087 290.5429 173.2027 328.7827 198.9158 1.4877 1.6389 3.5366 -18.1798 1.5094 43.7123 -8.1009 -1.4191
Car -1 -1 -4.8698 514.4554 170.2404 543.8140 190.6934 1.5134 1.6271 4.0443 -6.2899 1.3197 55.5563 -4.9823 -1.6126
Car -1 -1 -4.8788 1142.3523 180.7458 1189.0936 208.2182 1.4418 1.5035 3.6135 31.4287 1.9106 40.9365 -4.2279 -2.1247
Car -1 -1 -2.8915 219.5439 174.7977 307.0280 201.3213 1.4795 1.6339 4.2795 -19.9732 1.5947 41.6427 -3.3365 -2.1407
Car -1 -1 -4.3206 656.9983 164.2911 704.9276 192.0594 1.5727 1.6561 3.4039 4.2060 1.0874 42.7568 -4.2235 -2.2270
Car -1 -1 -7.7039 1111.2573 164.5734 1147.3783 189.7735 1.8965 1.6991 4.1646 40.5781 1.2730 56.3862 -7.0828 -2.4354
Car -1 -1 -4.7896 161.0738 171.4540 196.2216 196.3456 1.5315 1.6465 3.9728 -27.8552 1.4451 46.4911 -5.3270 -2.5583
Car -1 -1 -7.3515 75.7819 173.8399 159.0173 206.5095 1.5858 1.6737 4.3259 -25.4365 1.6396 37.3890 -7.9458 -2.7706
Car -1 -1 -7.4690 384.9085 162.8266 432.7971 189.8642 1.8323 1.7638 4.3465 -14.2241 1.1525 51.1575 -7.7391 -2.8616
Car -1 -1 -7.5301 351.9479 164.5383 400.4055 193.0508 1.6463 1.6579 3.7947 -14.0914 1.1659 43.5693 -7.8414 -3.0433
Car -1 -1 -5.9356 362.4335 169.2763 450.9604 199.3092 1.6219 1.7491 4.3915 -11.2655 1.4284 40.0024 -6.2087 -3.1013
Car -1 -1 -4.7063 1172.3716 170.6060 1203.7297 195.3461 1.6747 1.6739 3.8281 40.7070 1.5222 50.8578 -4.0344 -3.2258
Car -1 -1 -2.6016 703.7709 163.8320 749.6265 183.2891 1.7203 1.7230 3.7687 10.5810 0.9223 65.6663 -2.4428 -3.4818
Car -1 -1 -7.3674 353.8328 167.5263 395.1255 187.8766 1.7091 1.7262 4.0312 -20.4481 1.2614 62.7323 -7.6814 -3.4845
Car -1 -1 -7.1767 289.5644 162.3954 345.5456 185.3766 1.7477 1.7869 4.3377 -23.1432 0.9520 57.2069 -7.5597 -3.5108
Car -1 -1 -4.4659 349.8817 173.5783 376.0576 189.6793 1.5390 1.6071 3.5932 -24.2898 1.6118 70.9902 -4.7947 -3.5161
Car -1 -1 -3.4908 489.5397 166.4775 541.8628 187.4039 1.4925 1.6401 3.4575 -6.9521 1.0374 52.9863 -3.6209 -4.1035
Car -1 -1 -8.0142 1146.4733 174.0842 1195.1864 202.1226 1.6625 1.7221 4.3395 35.0999 1.7433 45.3029 -7.3585 -4.2307
Car -1 -1 -6.3433 1002.5436 167.0372 1071.6404 192.3229 1.8064 1.7782 4.2858 31.4406 1.3905 53.3090 -5.8131 -4.2917
Car -1 -1 -5.1502 831.7564 172.3909 875.0611 192.7060 1.5038 1.5874 4.0258 18.6384 1.4693 55.5033 -4.8281 -4.6401
Car -1 -1 -7.5390 380.4514 169.0400 439.2426 200.2554 1.5123 1.6155 4.4499 -10.2745 1.3272 37.2176 -7.8069 -5.0401
Car -1 -1 -5.5670 244.4069 171.9545 327.5516 200.2320 1.5137 1.5988 4.1864 -17.9915 1.4653 39.9997 -5.9874 -5.3319
Car -1 -1 -4.5874 830.1626 171.1491 858.3506 193.8525 1.5643 1.4645 3.8451 16.8040 1.4465 51.7661 -4.2755 -5.7114
Car -1 -1 -4.7795 1114.9952 170.7566 1146.1774 194.6839 1.6827 1.5916 3.6339 37.9555 1.5349 52.7071 -4.1584 -5.7147
Car -1 -1 -4.6896 797.3605 171.6754 823.0720 193.8987 1.4688 1.6304 3.9182 13.8160 1.3906 49.7992 -4.4208 -5.7360
Car -1 -1 -4.9153 1241.0000 171.5818 1241.0000 200.0102 1.5363 1.6607 4.0039 41.4735 1.4673 41.1221 -4.1295 -5.8867
Car -1 -1 -4.9549 1241.0000 169.3514 1241.0000 199.6897 1.5047 1.6490 3.9959 41.4710 1.3307 37.9078 -4.1288 -5.8867
Car -1 -1 -4.8678 1241.0000 174.8113 1241.0000 202.0027 1.5320 1.6772 4.0232 41.2928 1.6543 43.0894 -4.1074 -5.8867
Car -1 -1 -4.5837 950.8932 173.7680 986.3730 201.0137 1.6526 1.5724 3.6766 22.7887 1.7129 45.8634 -4.1255 -6.1530
