Car -1 -1 -7.7531 532.8321 180.9010 570.9418 208.8321 1.3793 1.6727 3.6193 -3.0929 1.8288 38.5093 -7.8332 5.1474
Car -1 -1 -7.8173 583.8358 182.5573 623.7438 214.6604 1.2796 1.6244 3.5564 -0.2667 1.7291 31.6485 -7.8262 4.5700
Car -1 -1 -7.8215 137.8519 185.4816 169.0310 210.6505 1.5740 1.6681 4.0818 -31.3043 2.4782 49.4968 -8.3832 0.3737
Car -1 -1 -4.3827 143.7963 181.0861 197.8261 209.1489 1.6058 1.6383 4.0140 -27.1483 2.1396 44.6756 -4.9263 -1.2583
Car -1 -1 -7.8703 534.3106 175.4962 553.8993 193.6403 1.4860 1.5998 3.6513 -5.6692 1.7181 61.5506 -7.9621 -2.4779
Car -1 -1 -5.1215 454.6003 176.9871 492.2411 195.0526 1.5778 1.7277 4.5735 -12.6425 1.9719 66.4816 -5.3090 -2.5310
Car -1 -1 -8.1198 1143.4526 185.3776 1213.4757 219.6914 1.5133 1.6474 4.2111 28.0011 2.1724 35.7315 -7.4597 -3.0858
Car -1 -1 -4.4074 291.6494 179.7609 328.7254 202.0595 1.6772 1.6429 3.8558 -23.8663 2.2463 57.4953 -4.7995 -3.3996
Car -1 -1 -4.4862 624.4032 177.6916 652.8955 196.1800 1.5449 1.6500 4.0344 2.5357 1.9855 63.5882 -4.4470 -3.6212
Car -1 -1 -4.7806 106.7220 187.6958 151.8643 218.6118 1.3896 1.6393 3.9654 -24.3854 2.1825 36.4919 -5.3665 -3.8913
Car -1 -1 -8.3292 1101.4680 184.8884 1178.0840 219.4823 1.5838 1.5945 3.6490 26.5075 2.2209 36.2959 -7.7028 -3.9510
Car -1 -1 -4.4597 269.5473 181.6697 312.5898 206.6137 1.5356 1.7006 3.8450 -21.1412 2.1453 47.8919 -4.8736 -4.0477
Car -1 -1 -4.9199 671.6080 181.5337 700.3439 199.9615 1.4562 1.6210 3.9889 6.3638 2.2149 61.0322 -4.8169 -4.0826
Car -1 -1 -7.6496 76.6234 175.7420 134.3351 211.3250 1.9686 1.8791 4.7139 -29.9079 2.1500 42.8662 -8.2561 -4.2733
Car -1 -1 -5.1307 599.6183 176.9778 634.8725 195.5731 1.5518 1.6001 4.0017 0.5753 1.9257 63.3223 -5.1220 -4.3346
Car -1 -1 -7.7986 131.2701 184.1727 197.1969 234.3115 1.4708 1.6505 3.7518 -14.8628 1.8811 24.1319 -8.3459 -4.3804
Car -1 -1 -5.2895 560.2169 179.1865 630.9066 210.2947 1.5383 1.6924 4.3634 -0.8813 1.8993 38.8859 -5.3126 -4.4548
Car -1 -1 -8.4995 566.0096 182.4577 620.0363 205.2030 1.4286 1.6292 3.9371 -1.2262 2.1091 49.0983 -8.5249 -4.4967
Car -1 -1 -4.7912 626.9205 180.3750 651.5491 200.8733 1.4193 1.5113 3.8566 2.0998 1.9956 53.3535 -4.7526 -4.7077
Car -1 -1 -4.4315 134.4325 181.9579 206.3514 217.1312 1.4712 1.6637 4.5678 -20.5477 1.9286 33.8552 -4.9737 -4.8107
Car -1 -1 -4.2978 172.7155 183.7868 222.9125 207.6225 1.5660 1.7079 3.7820 -29.1986 2.3710 51.1784 -4.8143 -4.9253
Car -1 -1 -4.7022 510.6459 179.9856 530.8848 201.3337 1.6669 1.6039 3.3763 -7.3405 2.2700 59.2865 -4.8252 -5.0119
Car -1 -1 -4.7406 257.1682 184.1393 297.6933 219.9668 1.4828 1.5872 3.6062 -15.3204 2.0306 33.0709 -5.1717 -5.2144
Car -1 -1 -4.8930 503.9686 180.5175 534.2592 202.4210 1.4367 1.4978 3.4895 -6.4272 1.9932 50.5373 -5.0192 -5.2370
Car -1 -1 -4.7865 455.4586 177.4002 479.6992 196.3542 1.4751 1.6560 4.0907 -11.7796 1.8629 59.3980 -4.9817 -5.3169
Car -1 -1 -4.4300 192.7187 182.1175 267.3456 223.7508 1.5451 1.6881 3.9132 -15.6235 1.9540 29.7892 -4.9096 -5.3853
Car -1 -1 -8.1432 709.9210 172.9180 738.8775 190.5825 1.6704 1.7138 3.9865 11.0950 1.6765 70.3347 -7.9878 -5.4691
Car -1 -1 -4.8710 436.1095 178.7388 466.8690 198.6332 1.4321 1.6479 4.3383 -12.2862 1.9044 55.6319 -5.0877 -5.5336
Car -1 -1 -4.6802 471.9315 178.0443 491.2238 193.7813 1.4152 1.6701 4.2434 -12.1954 1.9242 68.5720 -4.8559 -5.5795
Car -1 -1 -4.7025 588.9326 178.3319 612.6274 200.4127 1.5064 1.6496 4.0450 -0.6804 1.9183 52.2567 -4.7159 -5.7536
Car -1 -1 -4.7299 531.7156 178.6559 557.4911 200.5645 1.4399 1.7254 4.2778 -4.6733 1.8661 50.8174 -4.8216 -5.7546
Car -1 -1 -4.7307 439.3452 178.2189 464.9993 200.5079 1.4351 1.6474 4.1261 -10.9381 1.8208 49.7124 -4.9465 -5.7914
Car -1 -1 -4.6884 473.4045 179.4869 499.5417 201.3608 1.3690 1.6383 4.3090 -8.3418 1.8378 48.7745 -4.8572 -5.8348
Car -1 -1 -4.4725 418.3665 179.1734 458.5155 202.2552 1.3824 1.5844 4.0795 -11.0050 1.8062 46.3803 -4.7046 -5.8865
Car -1 -1 -4.2549 90.0590 185.3809 150.5043 210.7773 1.5618 1.6729 4.2382 -33.0394 2.4466 48.7682 -4.8480 -5.8867
Car -1 -1 -8.1633 0.0000 0.0000 853.3992 374.0000 1.5451 1.5901 3.8043 0.3100 1.6083 1.0034 -7.9392 -5.8867
Car -1 -1 -5.8533 0.0000 0.0000 1241.0000 374.0000 1.5171 1.6122 3.9641 4.5670 1.5443 1.7166 -4.6976 -5.8867
Car -1 -1 -4.4970 443.2342 178.1760 481.0423 201.4329 1.4024 1.5779 3.9205 -9.4876 1.7587 46.3816 -4.6980 -5.8867
Car -1 -1 -6.1973 474.5698 175.5800 525.1528 194.0012 1.6210 1.7613 4.3573 -9.8804 1.8694 64.8145 -6.3483 -5.9942
Car -1 -1 -5.2241 291.6476 181.2368 335.0949 200.9588 1.5762 1.6046 4.1042 -25.1989 2.3089 61.1877 -5.6135 -6.3506
Car -1 -1 -6.5538 518.8646 178.4786 577.0952 200.5900 1.6977 1.9452 4.2916 -5.0107 2.1618 57.9062 -6.6402 -6.3973
Car -1 -1 -5.9473 820.2623 189.2804 901.7874 225.4932 1.6320 1.4415 3.5298 12.3421 2.4816 35.6768 -5.6175 -6.8563
