Car -1 -1 -7.7447 517.7467 180.0316 560.0530 210.4496 1.3494 1.6392 3.6194 -3.4062 1.7122 34.6864 -7.8423 6.2773
Car -1 -1 -7.8700 579.2659 182.4991 624.1974 220.0480 1.2984 1.6142 3.6243 -0.3985 1.6934 27.7300 -7.8849 6.0773
Car -1 -1 -4.4977 364.1964 179.7053 410.8600 208.9182 1.4663 1.5995 4.0287 -12.0771 1.8585 39.2630 -4.7946 3.8193
Car -1 -1 -4.6010 126.7541 179.6476 169.2538 210.8441 1.5831 1.5323 3.8826 -25.3333 1.9752 39.6016 -5.1672 -0.4509
Car -1 -1 -4.5063 450.2487 176.7557 477.3980 193.9090 1.4653 1.6227 3.8520 -13.0433 1.8240 64.4483 -4.7055 -1.1633
Car -1 -1 -7.9108 327.0205 173.8269 349.1261 191.8539 1.5340 1.6176 3.6874 -24.0237 1.6222 63.6281 -8.2707 -1.2867
Car -1 -1 -2.7708 133.7492 182.1560 214.8034 210.1245 1.5891 1.6279 3.7905 -25.8583 2.1559 42.8649 -3.3111 -1.4293
Car -1 -1 -5.0479 601.9328 175.3892 630.2628 190.0889 1.3954 1.6113 3.8653 0.5531 1.6529 71.3023 -5.0405 -2.7791
Car -1 -1 -2.2798 320.2064 173.7017 362.1804 191.2415 1.6622 1.6587 3.9477 -26.1879 1.7464 70.2245 -2.6357 -2.7919
Car -1 -1 -7.1211 133.8348 189.8863 229.0767 226.5761 1.4883 1.6058 3.8387 -19.6497 2.3200 33.2047 -7.6522 -2.9832
Car -1 -1 -4.7297 622.5446 174.7752 638.8265 189.6394 1.4273 1.5462 3.6511 2.0133 1.6225 71.5922 -4.7020 -3.5011
Car -1 -1 -4.2813 422.7799 177.5694 457.9173 194.8529 1.4702 1.5700 3.9114 -15.1642 1.9055 64.5798 -4.5113 -3.5482
Car -1 -1 -7.3808 116.1702 182.2731 227.2941 229.4229 1.4814 1.6308 4.1819 -15.4702 1.8440 25.6639 -7.9189 -3.6060
Car -1 -1 -7.8622 576.3266 176.9308 618.4641 216.7236 1.5757 1.6962 4.3671 -0.6129 1.7643 31.2304 -7.8822 -4.0249
Car -1 -1 -4.7699 364.7636 179.1691 403.8294 212.7765 1.4927 1.5869 3.6701 -10.9643 1.8145 34.7960 -5.0734 -4.0687
Car -1 -1 -4.1876 317.3471 175.4527 355.0980 193.8985 1.6282 1.5422 3.8016 -25.1158 1.8738 66.2559 -4.5488 -4.1128
Car -1 -1 -1.9346 66.2780 183.3798 168.2035 228.4964 1.4563 1.6513 4.2270 -17.8807 1.8637 26.0594 -2.5314 -4.1450
Car -1 -1 -4.3725 688.8834 177.6365 726.6722 199.2861 1.5295 1.5971 3.9053 7.3254 1.9011 54.0070 -4.2388 -4.1623
Car -1 -1 -7.0405 190.2980 183.6113 257.0779 209.6023 1.4835 1.5891 3.5129 -23.8960 2.1780 44.6888 -7.5294 -4.2579
Car -1 -1 -8.0840 436.2568 178.2863 475.3563 204.0998 1.5749 1.6478 3.8720 -10.1172 1.9443 47.0087 -8.2952 -4.3781
Car -1 -1 -4.7609 554.6768 179.2469 580.7675 202.0932 1.4463 1.5734 3.6517 -2.9139 1.8939 48.6428 -4.8209 -4.3939
Car -1 -1 -6.8710 239.5672 184.2781 319.9100 215.7583 1.5370 1.5864 3.6409 -17.6532 2.1793 38.6205 -7.2974 -4.4083
Car -1 -1 -4.3419 303.5106 177.8735 357.8566 206.8054 1.5451 1.5944 3.8598 -15.8890 1.8444 41.1367 -4.7086 -4.4796
Car -1 -1 -4.7272 552.5674 181.1567 578.6697 207.2292 1.4033 1.4468 3.5702 -2.6398 1.9056 41.8404 -4.7903 -4.5161
Car -1 -1 -4.8757 1148.7963 169.8380 1205.3767 204.2666 1.5983 1.5615 3.8578 27.8298 1.4580 35.5641 -4.2160 -4.5425
Car -1 -1 -4.8355 613.5563 175.1803 634.9459 190.3297 1.3851 1.6174 3.3606 1.3043 1.6105 68.2634 -4.8168 -4.7097
Car -1 -1 -8.0806 1195.4276 162.0917 1241.0000 201.5294 1.5365 1.7228 4.0658 26.1615 1.1169 30.3117 -7.3736 -4.7171
Car -1 -1 -7.6517 461.3174 178.5728 498.9078 204.3164 1.5861 1.6433 4.0875 -8.5194 1.9781 47.4344 -7.8288 -4.7628
Car -1 -1 -4.6431 468.4307 176.8277 492.1879 196.1657 1.6596 1.8366 3.8561 -11.6306 2.0271 64.7660 -4.8204 -4.7833
Car -1 -1 -4.0483 624.1740 176.7077 669.6016 198.0766 1.6196 1.6327 3.7688 2.9328 1.9360 57.3504 -3.9979 -4.7911
Car -1 -1 -4.6754 354.2233 177.2460 374.0004 194.4581 1.4759 1.5459 3.7050 -22.1073 1.8827 64.8862 -5.0028 -4.8570
Car -1 -1 -4.7410 564.9177 178.9819 584.5195 195.0735 1.3999 1.6829 3.8561 -3.2875 1.9793 66.2731 -4.7908 -4.8578
Car -1 -1 -4.2842 536.0044 179.9649 578.3456 202.2960 1.5730 1.6755 3.9949 -3.9628 2.1298 54.3658 -4.3570 -4.8897
Car -1 -1 -5.0248 608.3596 177.7548 649.5917 201.6846 1.4605 1.5679 3.8410 1.1550 1.7931 46.9484 -5.0008 -5.0306
Car -1 -1 -4.4688 628.7447 178.0415 654.3967 195.4728 1.5240 1.5536 3.4984 2.8968 2.0127 66.1109 -4.4256 -5.1681
Car -1 -1 -4.9697 681.1080 174.9140 725.4767 200.9966 1.5953 1.7004 4.7307 5.9717 1.7361 46.9763 -4.8444 -5.1992
Car -1 -1 -4.4565 433.4373 174.6486 465.9411 194.8780 1.6545 1.7161 4.1167 -13.6367 1.8122 61.4711 -4.6742 -5.2578
Car -1 -1 -4.2516 628.2811 175.6134 671.9029 196.0563 1.4087 1.5715 3.9543 2.9215 1.6168 52.3970 -4.1966 -5.2780
Car -1 -1 -2.8530 0.0000 184.6136 133.5835 233.6215 1.4787 1.6544 3.7664 -18.2447 1.8912 23.8943 -3.4999 -5.2874
Car -1 -1 -5.0345 581.2039 176.3571 625.3411 198.4537 1.3459 1.6053 4.2256 -0.5241 1.5844 46.9252 -5.0460 -5.3485
Car -1 -1 -8.4380 520.8629 175.0218 556.7668 191.4995 1.4479 1.6326 3.4296 -6.5275 1.6507 65.7349 -8.5369 -5.3799
Car -1 -1 -4.8505 571.2104 176.1028 615.6395 210.2135 1.6803 1.7192 4.7165 -0.9899 1.8643 38.4796 -4.8766 -5.4237
Car -1 -1 -3.8208 636.5504 175.3323 696.2126 198.8519 1.5273 1.5518 3.9390 3.8147 1.7012 48.9790 -3.7439 -5.4248
Car -1 -1 -4.0325 171.6375 182.3023 259.7306 213.4045 1.4965 1.7564 4.3629 -20.9161 2.0296 38.4241 -4.5283 -5.6668
Car -1 -1 -4.9673 558.1561 177.1895 595.7591 197.9512 1.4269 1.6630 4.5262 -2.5069 1.7596 53.0036 -5.0147 -5.7475
Car -1 -1 -8.6434 0.0000 0.0000 1048.8149 374.0000 1.5419 1.5892 3.8035 1.1138 1.5885 1.0038 -7.9392 -5.8867
Car -1 -1 -7.5644 152.2314 0.0000 1241.0000 374.0000 1.5428 1.5888 3.8036 -0.4938 1.6099 1.0043 -7.9392 -5.8867
Car -1 -1 -4.6935 597.2446 177.3673 617.0068 195.0340 1.3976 1.5750 3.9186 -0.2381 1.7853 60.0565 -4.6979 -5.8867
Car -1 -1 -6.9169 0.0000 0.0000 1241.0000 374.0000 1.5424 1.5881 3.8031 -2.1016 1.6274 1.0043 -7.9391 -5.8867
Car -1 -1 -5.9535 0.0000 0.0000 1241.0000 374.0000 1.5140 1.6096 3.9614 6.1750 1.5217 1.7164 -4.6976 -5.8867
Car -1 -1 -3.5047 0.0000 189.6025 0.0000 374.0000 1.4935 1.6036 3.9540 -7.0821 1.5981 2.5306 -4.6975 -5.8867
Car -1 -1 -4.7559 574.7174 177.3351 608.8331 206.5241 1.5987 1.8025 4.5359 -1.1631 1.8772 42.5606 -4.7836 -5.8951
Car -1 -1 -4.4138 372.1320 178.9379 417.4510 203.5968 1.4972 1.6469 4.2511 -13.9843 1.9112 46.9965 -4.7018 -6.0170
Car -1 -1 -4.2191 486.4973 178.3701 555.0074 215.2150 1.5038 1.5770 3.4105 -3.9248 1.7616 31.8854 -4.3411 -7.1040
