Car -1 -1 -4.4042 338.6917 181.2329 424.9698 227.4839 1.4186 1.7106 3.8992 -7.7718 1.7290 24.7954 -4.7053 6.3300
Car -1 -1 -7.8209 582.1329 176.0970 599.9753 190.2166 1.3129 1.6077 3.6499 -1.8288 1.6343 69.7609 -7.8474 -0.1189
Car -1 -1 -4.6630 502.4109 175.3572 524.9533 194.9036 1.5391 1.6464 3.9592 -7.9206 1.7519 59.3796 -4.7953 -0.5423
Car -1 -1 -4.6501 244.5268 181.5886 274.5839 206.6112 1.7789 1.7998 4.3221 -26.8237 2.4760 55.2698 -5.1003 -2.1523
Car -1 -1 -5.3896 731.3044 180.6542 782.4798 203.2012 1.6712 1.6709 4.2682 11.5922 2.3154 57.3375 -5.1916 -2.5742
Car -1 -1 -4.9201 617.0468 176.1018 648.8022 198.5799 1.7132 1.6954 4.2586 1.7695 1.9835 57.8865 -4.8901 -2.6340
Car -1 -1 -5.4276 288.5060 181.5543 336.4706 203.8046 1.7368 1.6157 3.6785 -24.3889 2.4675 59.0773 -5.8178 -2.6425
Car -1 -1 -4.6803 327.4328 183.2072 348.5372 201.9626 1.5947 1.6724 4.2715 -24.9345 2.5768 66.1715 -5.0396 -2.7496
Car -1 -1 -4.4009 622.0574 175.4634 667.3343 200.7866 1.4658 1.5877 4.1721 2.1553 1.6344 44.4585 -4.3532 -2.7521
Car -1 -1 -5.8502 165.9045 183.1727 247.8438 211.6445 1.6751 1.6839 4.0460 -24.6494 2.3204 44.1564 -6.3570 -2.8894
Car -1 -1 -5.1293 245.4919 192.0063 286.2104 212.9810 1.5917 1.5991 3.9546 -28.7154 3.2373 60.1106 -5.5735 -3.3392
Car -1 -1 -4.4965 390.6336 174.9122 427.7470 198.4745 1.6176 1.6725 4.4304 -14.4957 1.7725 52.1849 -4.7665 -3.5541
Car -1 -1 -7.7704 355.7656 174.9359 404.3320 214.6156 1.5574 1.6351 3.9022 -9.7324 1.6515 30.6218 -8.0760 -3.6393
Car -1 -1 -7.7071 601.8093 175.6986 638.7971 201.9684 1.4755 1.6486 3.9639 0.6259 1.6532 43.0679 -7.6931 -3.7328
Car -1 -1 -4.7913 618.8087 174.1555 651.1057 203.7558 1.5657 1.4896 3.8762 1.3142 1.6417 40.3101 -4.7595 -4.0022
Car -1 -1 -4.2694 287.0265 189.8332 333.5444 213.0002 1.4949 1.5874 3.7727 -21.2822 2.7472 51.3040 -4.6612 -4.0709
Car -1 -1 -6.4410 516.2361 175.5222 578.4974 199.2252 1.6976 1.7965 4.3605 -4.6791 1.8999 53.3923 -6.5284 -4.4530
Car -1 -1 -6.1918 291.4822 182.1594 350.8975 204.5796 1.6173 1.6927 4.0342 -21.8193 2.3388 54.5817 -6.5707 -4.4537
Car -1 -1 -5.0691 598.9958 175.4908 635.1241 198.6583 1.7559 1.5854 3.9405 0.4938 1.9728 57.2933 -5.0609 -4.6048
Car -1 -1 -5.1445 1106.2100 192.3502 1163.0028 217.0285 1.4945 1.5811 4.0030 35.6227 2.8795 49.1538 -4.5209 -4.6376
Car -1 -1 -4.9612 501.1559 172.7865 536.0189 194.3367 1.6062 1.8002 3.7704 -7.1397 1.6009 55.8619 -5.0881 -4.6383
Car -1 -1 -7.8304 413.6885 175.9691 435.3740 195.6469 1.5147 1.6043 3.8126 -14.9618 1.7745 58.2221 -8.0811 -4.6468
Car -1 -1 -4.3995 972.5657 192.1883 1036.5887 226.2780 1.6053 1.8313 4.1008 20.9999 2.6899 38.4109 -3.9031 -4.6837
Car -1 -1 -4.5406 456.5495 176.4107 477.5674 190.7367 1.3722 1.5079 3.2788 -14.1766 1.7329 71.5888 -4.7357 -4.7630
Car -1 -1 -4.5984 433.8148 175.2037 458.4219 193.9534 1.5935 1.6543 4.2865 -14.5443 1.8092 64.1009 -4.8209 -4.8702
Car -1 -1 -5.0821 688.7005 181.6939 718.2597 196.9479 1.4146 1.6379 3.7695 9.1838 2.3125 71.2883 -4.9550 -4.9140
Car -1 -1 -4.5032 666.3447 181.8413 692.1491 200.1921 1.5319 1.5785 3.5695 6.1522 2.3538 64.0715 -4.4084 -5.0116
Car -1 -1 -4.8243 584.7766 173.9624 611.3446 191.7580 1.3667 1.6479 4.3752 -1.0240 1.4589 57.9721 -4.8422 -5.2766
Car -1 -1 -4.6266 334.4130 183.2182 358.0010 204.1611 1.6514 1.5504 3.7792 -22.2662 2.5553 60.9257 -4.9759 -5.3679
Car -1 -1 -4.8577 639.4085 178.9176 660.0255 195.3135 1.5476 1.5274 3.5726 3.8828 2.1622 71.3205 -4.8040 -5.4861
Car -1 -1 -4.4585 380.9571 180.3212 407.1911 195.8224 1.4352 1.5154 3.9687 -21.1560 2.1880 70.7538 -4.7483 -5.4867
Car -1 -1 -3.0972 102.5863 165.9659 167.0826 195.5991 2.0644 1.6353 3.8063 -34.1609 1.5843 51.9405 -3.6768 -5.5133
Car -1 -1 -4.9725 1003.2670 192.6883 1048.1886 218.8395 1.4590 1.5608 3.5138 25.8525 2.7488 45.0323 -4.4549 -5.6143
Car -1 -1 -4.7552 263.7646 187.8579 294.7007 214.7629 1.5398 1.6179 4.0381 -21.0948 2.5384 45.8750 -5.1843 -5.7771
Car -1 -1 -4.6801 361.5833 181.3487 400.6571 212.5030 1.3374 1.6363 4.3130 -10.9301 1.7706 34.5233 -4.9849 -5.8312
Car -1 -1 -4.4907 460.7695 175.9322 490.6870 194.4724 1.4561 1.5937 3.9274 -11.0254 1.7174 59.3229 -4.6740 -5.8483
Car -1 -1 -4.8656 1241.0000 169.0587 1241.0000 194.0972 1.4933 1.6485 4.0008 41.4696 1.2667 45.1553 -4.1262 -5.8867
Car -1 -1 -4.8337 1204.3135 170.8929 1241.0000 193.7418 1.4772 1.6401 3.9880 41.4722 1.3501 48.7652 -4.1321 -5.8867
Car -1 -1 -4.8101 1177.3755 171.5981 1214.4519 193.4245 1.4840 1.6425 3.9894 41.4732 1.3984 51.1782 -4.1322 -5.8867
Car -1 -1 -5.4313 1069.1799 192.1465 1142.8531 220.9376 1.7829 1.8871 4.1903 34.1144 3.1733 49.8171 -4.8343 -5.9575
Car -1 -1 -4.5900 274.8759 185.6317 299.3576 202.8936 1.4912 1.6067 4.1130 -30.3196 2.7304 67.7913 -5.0094 -6.0224
Car -1 -1 -7.8220 1045.5538 197.3509 1101.0643 244.9851 1.6440 1.7946 4.2162 18.9202 2.7203 29.4624 -7.2566 -6.1009
