Car -1 -1 -7.8362 582.6108 178.7424 616.1387 207.3234 1.3057 1.5678 3.7515 -0.5341 1.6114 35.6140 -7.8517 4.5018
Car -1 -1 -7.8297 539.7700 178.4253 568.9335 202.6467 1.3553 1.6496 3.4036 -3.3108 1.6999 42.9188 -7.9067 3.5729
Car -1 -1 -6.8886 790.0320 184.3571 882.1789 216.1289 1.4936 1.6773 4.2388 11.3561 2.0965 36.3994 -6.5891 0.9374
Car -1 -1 -5.4006 1177.4774 195.5936 1241.0000 227.6424 1.4443 1.5859 3.7171 31.3280 2.6698 37.0300 -4.7030 -1.3232
Car -1 -1 -5.3283 279.6528 182.3839 345.8699 209.8270 1.5335 1.6720 4.0049 -17.9031 2.1290 43.3318 -5.7182 -1.4728
Car -1 -1 -7.6388 248.4400 182.4673 300.3699 214.1921 1.4628 1.6182 3.6975 -16.9211 1.9745 36.4481 -8.0710 -2.4552
Car -1 -1 -7.6216 374.6191 177.8389 412.8672 200.6976 1.4526 1.6222 3.8680 -14.5739 1.8024 48.6924 -7.9112 -2.5888
Car -1 -1 -7.2898 180.8916 180.3397 249.1099 210.9297 1.6001 1.5966 3.7654 -22.1874 2.0412 40.6187 -7.7873 -2.8313
Car -1 -1 -7.3594 21.0805 191.0831 107.5980 227.4153 1.3734 1.5726 3.2566 -23.1828 2.1932 30.7345 -8.0016 -3.5055
Car -1 -1 -3.6008 1060.4015 175.8480 1153.4230 203.5236 1.5470 1.6445 4.1235 28.5894 1.7242 41.6692 -3.0031 -3.6666
Car -1 -1 -5.9465 412.3211 178.2969 485.7625 203.9185 1.5777 1.6629 4.2562 -10.2580 1.9322 45.9624 -6.1652 -3.8557
Car -1 -1 -5.2579 680.3995 180.1211 735.0258 206.1131 1.5261 1.5913 3.9653 6.0972 2.0075 45.6940 -5.1266 -4.0494
Car -1 -1 -7.1327 358.2588 173.1872 401.6602 191.5501 1.6857 1.6869 4.0256 -21.8141 1.7181 68.4996 -7.4401 -4.1513
Car -1 -1 -5.1108 680.3906 178.1317 738.2614 207.4584 1.5054 1.6541 4.2459 5.4116 1.8151 40.1188 -4.9782 -4.2139
Car -1 -1 -4.5668 333.7486 177.9135 373.4036 206.5598 1.6347 1.6981 4.1385 -15.6626 1.9593 44.1429 -4.9062 -4.2560
Car -1 -1 -7.4493 116.7369 183.6945 196.8103 221.3483 1.6175 1.6759 4.2952 -21.6115 2.1699 34.5388 -8.0051 -4.2733
Car -1 -1 -8.0321 577.0486 175.9631 618.8528 206.0849 1.5807 1.6743 3.8222 -0.7604 1.7629 40.3229 -8.0513 -4.2981
Car -1 -1 -4.7294 242.5792 180.4894 265.0778 201.8620 1.6382 1.5819 3.7121 -29.0508 2.2810 58.7576 -5.1870 -4.3465
Car -1 -1 -4.6196 790.0793 184.2530 821.0648 210.0026 1.5748 1.6253 4.3421 13.1504 2.3773 48.4978 -4.3569 -4.4814
Car -1 -1 -4.7178 251.2648 179.4735 286.0692 210.1839 1.7100 1.8147 4.4806 -20.6767 2.1321 43.6291 -5.1583 -4.5579
Car -1 -1 -4.9078 1156.8948 194.5197 1205.4476 225.5882 1.5115 1.4488 3.2899 31.0923 2.7483 39.4021 -4.2440 -4.5697
Car -1 -1 -4.7198 726.6568 178.3366 750.9732 201.3419 1.6187 1.7236 4.1427 9.5865 2.0453 53.9972 -4.5455 -4.7244
Car -1 -1 -4.5893 565.9979 179.5094 588.6404 197.0996 1.4895 1.5683 3.8298 -2.9178 2.1028 64.5581 -4.6347 -4.7259
Car -1 -1 -4.5249 646.8358 171.7328 683.8696 198.2099 1.7109 1.7381 4.2956 3.7683 1.6381 48.9231 -4.4489 -4.7429
Car -1 -1 -4.7380 690.9850 176.6521 724.3975 208.0257 1.5068 1.5888 3.8617 4.9429 1.7125 37.1419 -4.6073 -4.7680
Car -1 -1 -4.8029 711.5271 180.3286 732.7576 198.4092 1.5777 1.5861 3.8249 10.2909 2.2869 66.5365 -4.6506 -4.8928
Car -1 -1 -4.3207 752.9579 184.6699 794.7522 206.8668 1.5326 1.6370 4.0783 12.3219 2.4555 54.2349 -4.0990 -4.8999
Car -1 -1 -5.4710 763.9331 180.3044 847.7976 210.3798 1.4771 1.7665 4.4785 10.4614 1.9043 39.0098 -5.2114 -5.0103
Car -1 -1 -4.8224 964.0822 184.3318 998.6737 210.1878 1.5360 1.5726 3.7218 23.9418 2.3103 46.6750 -4.3515 -5.0749
Car -1 -1 -4.8752 233.7275 173.8127 266.8781 201.3617 2.0499 1.7088 3.7805 -27.9009 2.1265 55.8642 -5.3368 -5.2311
Car -1 -1 -4.5573 302.9264 170.4724 335.5576 199.1039 2.1732 1.7316 4.4022 -22.9863 1.9921 57.1058 -4.9386 -5.4425
Car -1 -1 -8.3288 671.3864 177.6925 742.3209 212.7800 1.4794 1.6674 3.7661 4.3205 1.7145 33.0442 -8.2005 -5.5226
Car -1 -1 -4.7771 617.6522 179.6787 639.8201 199.2846 1.4690 1.5134 3.7185 1.4317 2.0281 57.2636 -4.7527 -5.7219
Car -1 -1 -4.8667 670.2880 174.6562 699.3314 197.9412 1.6000 1.5034 3.7611 5.3026 1.7339 51.7945 -4.7656 -5.7847
Car -1 -1 -4.4684 433.6237 176.8204 470.2947 197.6950 1.3765 1.5724 4.0332 -11.0186 1.6644 50.3934 -4.6829 -5.8310
Car -1 -1 -4.8209 720.0286 176.8959 743.3474 197.5723 1.5867 1.4699 3.4324 9.6947 1.9201 57.8110 -4.6560 -5.8314
Car -1 -1 -3.5046 0.0000 187.9187 0.0000 374.0000 1.4910 1.6024 3.9526 -7.0819 1.5851 2.5309 -4.6974 -5.8867
Car -1 -1 -5.2163 1241.0000 170.7783 1241.0000 374.0000 1.4407 1.5723 4.2639 4.3097 1.4389 2.7897 -4.2672 -5.9581
Car -1 -1 -7.3341 45.0463 186.5619 135.6156 226.0102 1.6371 1.6895 3.8619 -23.9297 2.3083 33.3420 -7.9530 -6.1845
Car -1 -1 -5.2451 0.0000 188.8661 2.8540 322.5250 1.5772 1.8263 4.4251 -11.3516 1.8334 10.1988 -6.0708 -6.6299
