Car -1 -1 -7.8638 580.9185 182.2802 623.9647 218.5504 1.3019 1.6020 3.5580 -0.3679 1.6991 28.6305 -7.8772 4.9053
Car -1 -1 -7.7455 522.6634 180.4287 563.1196 209.8508 1.3382 1.6145 3.4747 -3.2911 1.7287 35.4694 -7.8379 4.6967
Car -1 -1 -4.5087 404.7624 180.3550 441.8005 204.4214 1.4439 1.5771 3.7498 -11.9896 1.9457 46.3901 -4.7606 2.4090
Car -1 -1 -7.7353 284.7752 178.5372 329.5925 212.8982 1.6000 1.6368 3.7705 -15.2147 1.9017 36.3084 -8.1298 -1.3037
Car -1 -1 -1.7710 49.7675 194.5129 133.1488 242.1629 1.3884 1.5942 3.7951 -17.7716 2.1830 24.6060 -2.3916 -1.9342
Car -1 -1 -7.8862 544.6949 174.1842 562.2033 190.0121 1.4761 1.5621 3.5788 -5.4849 1.6073 69.4685 -7.9650 -2.3773
Car -1 -1 -3.8178 622.9571 178.8502 681.9396 202.6316 1.5841 1.6352 4.0067 2.9784 2.0213 50.8122 -3.7601 -3.1083
Car -1 -1 -7.2019 0.0000 196.0546 91.0487 243.8649 1.3719 1.5509 3.6421 -19.5991 2.2128 24.3241 -7.8749 -3.2972
Car -1 -1 -4.9377 550.3370 181.2972 583.8841 204.2825 1.4718 1.5339 3.5710 -3.0119 2.0738 49.5474 -4.9986 -3.3941
Car -1 -1 -4.5210 182.3478 180.6978 226.6502 208.0229 1.6346 1.6965 4.3825 -26.2947 2.1692 46.8566 -5.0301 -3.4727
Car -1 -1 -3.7783 0.0000 185.9479 106.7062 228.2482 1.5285 1.5754 3.6329 -22.7691 2.0946 29.2503 -4.4354 -3.5011
Car -1 -1 -6.4367 347.1187 178.7491 393.6752 196.0575 1.5452 1.6646 3.9046 -22.3168 2.1069 67.1554 -6.7566 -3.5543
Car -1 -1 -4.9739 404.1075 179.4230 449.3783 206.2211 1.4799 1.6405 3.9769 -11.0064 1.8908 43.0293 -5.2233 -3.7777
Car -1 -1 -3.9811 96.7034 185.2565 236.8727 233.8164 1.4794 1.6722 4.4341 -15.5195 1.9577 25.5089 -4.5233 -3.7897
Car -1 -1 -4.7654 602.5329 175.2434 622.5772 195.2272 1.6635 1.5474 3.3200 0.1735 1.8747 62.1656 -4.7630 -3.9368
Car -1 -1 -4.6942 505.7992 180.0374 527.0157 199.5666 1.4644 1.6089 3.5621 -7.4364 2.0534 57.3313 -4.8230 -4.0522
Car -1 -1 -5.2515 443.0080 177.8946 479.7929 193.8257 1.4886 1.7189 4.0084 -14.6193 1.9972 70.7823 -5.4548 -4.0915
Car -1 -1 -6.3605 238.3854 180.1564 304.4231 204.4858 1.5433 1.6412 3.9013 -22.7570 2.0503 48.4490 -6.7978 -4.2999
Car -1 -1 -5.0718 786.1597 186.2309 834.8694 212.3945 1.5245 1.6907 4.0064 12.7502 2.4198 46.2355 -4.8050 -4.3225
Car -1 -1 -5.3276 166.2866 181.1152 232.9111 209.3979 1.6040 1.5599 3.8250 -24.6865 2.1173 43.3305 -5.8431 -4.3757
Car -1 -1 -4.3339 0.0000 186.7042 35.4653 233.4544 1.4785 1.6140 3.5243 -22.3891 2.0121 25.8896 -5.0419 -4.4475
Car -1 -1 -8.5593 1101.8671 166.2461 1200.5803 200.7040 1.5842 1.6010 4.0435 26.2623 1.2801 35.2449 -7.9232 -4.5372
Car -1 -1 -7.1652 92.7605 186.1830 189.4696 220.5975 1.5362 1.6992 4.3211 -23.4223 2.2460 36.1924 -7.7364 -4.6297
Car -1 -1 -5.3069 662.7931 177.1565 717.6359 202.5287 1.6470 1.6815 4.2217 5.4557 1.9575 49.8630 -5.1991 -4.7377
Car -1 -1 -4.8175 691.0555 178.8762 725.0010 205.3600 1.4684 1.6106 3.5470 5.7116 1.8388 42.6167 -4.6856 -5.0284
Car -1 -1 -5.1950 8.9327 187.0739 122.3893 231.0983 1.5107 1.6218 4.3659 -20.8169 2.0856 27.5117 -5.8383 -5.0968
Car -1 -1 -4.5530 433.2120 181.7677 478.1112 208.7657 1.4243 1.8173 4.8202 -8.9734 1.9749 42.1375 -4.7620 -5.1298
Car -1 -1 -4.4047 0.0000 204.2559 38.1984 232.5163 1.5425 1.6495 3.9841 -38.4779 3.6524 46.3305 -5.0952 -5.1806
Car -1 -1 -4.4951 445.2123 179.9690 482.1153 204.7533 1.5677 1.6226 3.9920 -9.8800 2.0685 48.8054 -4.6942 -5.2153
Car -1 -1 -4.1847 469.2442 178.2686 504.1429 193.5267 1.4297 1.6093 3.9889 -12.1622 1.9804 71.2830 -4.3534 -5.2606
Car -1 -1 -5.2735 619.1153 177.7245 659.3638 194.6797 1.5381 1.8185 4.3369 2.7417 2.0202 69.1301 -5.2344 -5.2884
Car -1 -1 -4.8228 514.7507 180.6688 535.2614 197.0337 1.4657 1.5362 3.6425 -8.1042 2.2277 68.4326 -4.9406 -5.5105
Car -1 -1 -5.0248 566.7656 177.4826 620.4813 203.8532 1.4370 1.8124 4.6882 -1.0767 1.7268 42.7128 -5.0503 -5.5692
Car -1 -1 -5.0859 567.3909 176.1057 599.1528 191.8513 1.4201 1.6251 4.0572 -2.5792 1.7368 68.1618 -5.1239 -5.6387
Car -1 -1 -4.6564 606.1581 177.8586 625.8099 193.6681 1.4130 1.6243 4.1679 0.5707 1.8989 67.9694 -4.6484 -5.7827
Car -1 -1 -5.0797 585.9822 179.1965 632.4947 202.3261 1.4218 1.6181 4.3765 -0.1398 1.8636 47.9653 -5.0831 -5.7845
Car -1 -1 -5.0147 319.1946 177.2519 359.7115 199.5996 1.6232 1.6588 4.4973 -20.9086 1.9757 55.5923 -5.3732 -5.8195
Car -1 -1 -4.5037 0.0000 191.7288 0.0000 220.6131 1.6491 1.7022 4.0600 -41.6274 2.9154 46.2346 -5.2340 -5.8867
Car -1 -1 -4.5572 0.0000 184.5399 28.9466 208.5697 1.5201 1.6539 4.0095 -41.6070 2.3623 49.8761 -5.2500 -5.8867
Car -1 -1 -5.1539 808.0701 188.3432 850.4928 210.4987 1.5028 1.5217 3.8295 16.2550 2.6996 53.7553 -4.8623 -6.0376
Car -1 -1 -4.6848 945.2762 189.1116 972.9168 214.0522 1.4451 1.5157 4.0794 22.6304 2.5477 46.7855 -4.2373 -6.3686
Car -1 -1 -4.6403 438.0608 180.1098 460.3311 196.7802 1.4820 1.7682 3.9828 -15.1588 2.1873 68.0715 -4.8589 -6.7348
Car -1 -1 -4.3440 228.5553 178.3750 293.7943 208.7555 1.5188 1.6901 4.4497 -18.8794 1.8358 39.1862 -4.7906 -6.9309
Car -1 -1 -2.7216 352.6942 174.9040 413.8273 197.4898 1.9907 1.8178 4.9434 -20.4225 2.1784 65.0006 -3.0252 -6.9415
