Car -1 -1 -5.5631 1160.9659 189.7237 1241.0000 216.6498 1.4934 1.6879 3.8288 36.5002 2.5830 44.5888 -4.8809 2.3885
Car -1 -1 -7.8716 584.0905 171.2669 604.7020 189.0498 1.4170 1.6247 3.6953 -1.3358 1.2903 59.3750 -7.8943 1.6249
Car -1 -1 -7.8931 560.3647 169.3493 578.0666 184.3457 1.4358 1.5906 3.7286 -4.0546 1.0999 71.0133 -7.9501 0.2965
Car -1 -1 -4.4736 321.8013 175.9082 372.8322 205.7829 1.4622 1.5959 4.0442 -13.7410 1.6309 37.8400 -4.8199 -1.7846
Car -1 -1 -5.1744 641.0126 174.2309 688.8464 198.2962 1.4758 1.5730 3.7174 3.4588 1.5681 46.4967 -5.1010 -2.1202
Car -1 -1 -4.5721 645.5990 174.4718 667.9567 190.1423 1.4688 1.6381 3.9426 4.5564 1.6305 70.1586 -4.5078 -2.1274
Car -1 -1 -7.9445 239.0353 179.1582 278.1590 209.9445 1.6160 1.6657 3.5925 -19.8645 1.9881 40.6494 -8.3968 -2.2230
Car -1 -1 -7.4650 278.6294 181.3706 347.3090 217.0359 1.5070 1.5834 3.8503 -13.6732 1.9229 33.3353 -7.8518 -2.7831
Car -1 -1 -4.4549 362.9519 177.3605 392.5051 194.3996 1.4673 1.6223 3.8012 -20.9399 1.8857 65.1023 -4.7652 -2.8006
Car -1 -1 -4.0950 260.0895 184.0340 341.9588 218.5097 1.4883 1.6220 3.9391 -14.7613 2.0568 34.6074 -4.4957 -2.8775
Car -1 -1 -7.5041 658.9424 176.6599 712.9264 207.0851 1.5069 1.6283 3.8780 4.0502 1.7200 38.3609 -7.4002 -3.0728
Car -1 -1 -4.3648 658.5387 176.1007 690.0380 193.2671 1.4763 1.6213 3.8218 5.7912 1.7774 64.9092 -4.2766 -3.4878
Car -1 -1 -4.2594 147.5143 185.8970 220.0747 221.2852 1.5951 1.5753 3.8574 -21.1862 2.2808 35.9675 -4.7887 -3.6298
Car -1 -1 -4.4957 561.5715 174.4269 590.2302 192.3986 1.5524 1.7135 4.2077 -3.0528 1.6985 64.9326 -4.5428 -3.6943
Car -1 -1 -4.5409 297.3856 185.3089 333.7858 208.5906 1.4504 1.6289 4.1026 -20.1574 2.3414 49.4571 -4.9263 -3.7050
Car -1 -1 -4.3282 674.1794 177.3994 720.2914 202.3401 1.4917 1.5911 3.8615 5.5675 1.7941 45.9859 -4.2090 -3.7733
Car -1 -1 -6.2770 379.2733 169.8450 438.6985 196.3050 1.9481 1.7822 4.2597 -15.1944 1.7263 54.5408 -6.5477 -3.9067
Car -1 -1 -4.4707 572.6136 169.8335 596.3938 186.3825 1.5930 1.6057 3.2970 -2.5119 1.3019 71.2327 -4.5061 -3.9294
Car -1 -1 -4.6196 368.4972 181.0226 392.7215 200.4913 1.5641 1.6062 4.1267 -19.6952 2.2903 61.9893 -4.9263 -4.0377
Car -1 -1 -7.7084 546.1801 175.7805 570.6647 193.3925 1.5145 1.6528 3.8316 -4.6145 1.7845 64.6754 -7.7797 -4.1369
Car -1 -1 -4.5449 390.3395 175.8631 414.7057 192.1169 1.5372 1.7219 3.5987 -20.3516 1.8401 70.8209 -4.8240 -4.3653
Car -1 -1 -4.6700 280.2492 182.9430 304.0157 203.9548 1.5451 1.5587 3.7323 -25.1148 2.3704 57.0224 -5.0834 -4.3712
Car -1 -1 -7.5314 767.0097 183.9821 815.9377 210.7429 1.5353 1.6935 4.4303 11.4955 2.2749 45.6517 -7.2869 -4.4910
Car -1 -1 -7.2078 464.0594 175.5971 500.4182 190.3830 1.3855 1.5377 3.7620 -12.4493 1.6605 70.3885 -7.3824 -4.5209
Car -1 -1 -5.1481 776.1554 179.7992 809.5239 195.4704 1.4232 1.5942 3.9326 17.5392 2.1115 69.4551 -4.9022 -4.5997
Car -1 -1 -4.4810 263.8642 183.9317 305.1992 209.4469 1.4984 1.6041 3.6444 -20.7279 2.2342 45.9999 -4.9025 -4.7106
Car -1 -1 -5.0264 1072.5664 191.3332 1118.9005 214.3686 1.4997 1.7145 3.6713 35.0348 2.8871 52.1831 -4.4383 -4.7167
Car -1 -1 -4.8120 669.3734 170.5138 701.3141 196.1318 1.7713 1.8079 4.9411 5.3826 1.6091 52.3600 -4.7105 -4.7417
Car -1 -1 -4.8119 1016.1306 186.9598 1040.9182 204.5784 1.5137 1.6079 3.9620 39.1230 2.8757 67.5475 -4.2893 -4.8424
Car -1 -1 -4.8545 493.0541 175.6440 517.9967 193.6030 1.5104 1.6107 4.0579 -9.2521 1.7641 63.5315 -4.9989 -4.9773
Car -1 -1 -4.5841 799.0235 184.7379 833.4160 209.5452 1.4580 1.6262 4.2681 13.4030 2.2674 46.8758 -4.3079 -4.9779
Car -1 -1 -4.8565 285.3352 180.0026 318.1201 202.4777 1.5898 1.7315 3.9398 -23.3543 2.1509 54.5297 -5.2596 -5.1446
Car -1 -1 -5.1446 501.9205 176.8310 542.5588 198.3029 1.5332 1.5907 3.7906 -6.6677 1.8435 54.3050 -5.2665 -5.2368
Car -1 -1 -4.2946 194.2545 187.2903 256.3354 219.0320 1.6926 1.6993 4.1051 -22.6044 2.5848 42.4979 -4.7811 -5.5827
Car -1 -1 -5.1042 652.3300 175.9140 704.8046 203.6914 1.5192 1.6067 4.0637 3.9043 1.7068 42.1207 -5.0129 -5.6310
Car -1 -1 -4.1664 213.0481 180.4902 271.3428 202.6550 1.3553 1.5481 4.0436 -24.2310 1.8810 47.6250 -4.6350 -5.6678
Car -1 -1 -4.4337 250.5440 180.8628 291.2863 201.4502 1.3568 1.5823 3.9749 -24.0635 1.9487 51.2643 -4.8708 -5.7133
Car -1 -1 -4.4813 715.4485 178.7585 743.7729 195.2051 1.4682 1.6973 4.3849 11.3603 2.0473 68.4517 -4.3179 -5.8184
Car -1 -1 -4.0736 169.7373 181.2090 237.6306 206.7685 1.4653 1.5981 4.0023 -25.1843 2.0082 44.8178 -4.5832 -5.8685
Car -1 -1 -4.7086 1074.8312 174.5996 1098.2119 192.8151 1.5228 1.6539 3.9922 41.4769 1.6797 62.8484 -4.1277 -5.8867
Car -1 -1 -4.8177 1190.5479 171.9967 1229.5154 194.5075 1.4931 1.6469 3.9908 41.4722 1.4359 49.9772 -4.1282 -5.8867
Car -1 -1 -4.9527 1241.0000 167.1431 1241.0000 197.2710 1.4945 1.6478 3.9995 41.4685 1.2109 37.9136 -4.1266 -5.8867
Car -1 -1 -4.7953 1160.7101 172.6056 1195.3286 194.0062 1.5027 1.6479 3.9904 41.4743 1.4850 52.7862 -4.1324 -5.8867
Car -1 -1 -4.9046 1241.0000 172.0783 1241.0000 199.7662 1.5277 1.6554 3.9879 41.4691 1.4846 41.9311 -4.1285 -5.8867
Car -1 -1 -4.8410 1218.6511 175.2942 1241.0000 200.7106 1.5859 1.6744 3.9982 41.4753 1.7536 47.5582 -4.1272 -5.8867
Car -1 -1 -4.8162 786.5641 180.2410 808.3022 195.6227 1.4427 1.6842 3.9203 18.5807 2.1977 71.7181 -4.5641 -5.9367
Car -1 -1 -4.6783 728.9232 177.8540 748.9446 196.3450 1.5346 1.5916 4.3858 11.3408 1.9900 63.4428 -4.5026 -6.0477
Car -1 -1 -4.3760 1033.5850 183.5137 1069.7134 201.9005 1.5977 1.7371 3.6819 40.7983 2.6095 66.6684 -3.8293 -6.1359
Car -1 -1 -4.9599 802.4252 179.4724 826.8779 196.0951 1.5281 1.4963 3.2682 19.6074 2.1786 69.2982 -4.6857 -6.1529
Car -1 -1 -5.2061 0.0000 180.3090 1.8609 297.4579 1.5835 1.8165 4.4061 -12.2731 1.7160 11.3946 -6.0169 -6.4988
Car -1 -1 -5.7314 0.0000 191.3185 1.3170 360.3759 1.6732 1.7545 3.9722 -10.3799 1.9363 8.8711 -6.5799 -6.6496
Car -1 -1 -4.9935 814.1007 178.2528 846.3046 195.9455 1.5926 1.7420 4.4741 20.8557 2.1222 68.5687 -4.6998 -6.8106
