Car -1 -1 -7.8602 578.3138 167.0587 606.1410 191.2098 1.3307 1.5338 3.6226 -1.0756 1.0111 41.5909 -7.8862 2.4752
Car -1 -1 -7.8593 543.2879 166.1184 567.5485 187.4702 1.4330 1.6259 3.6403 -3.8480 0.9807 50.3058 -7.9356 1.6351
Car -1 -1 -7.8024 993.6644 171.6973 1022.6553 195.9095 1.7323 1.6930 4.1896 29.7142 1.6493 53.8518 -7.3008 -0.0579
Car -1 -1 -4.7400 217.6279 177.7155 250.9793 206.5287 1.5286 1.5810 3.5286 -21.3374 1.8166 40.8563 -5.2189 -1.1447
Car -1 -1 -7.4678 300.2568 165.5377 342.9685 190.3069 1.8808 1.7262 4.0364 -22.6752 1.3249 56.8130 -7.8462 -2.0879
Car -1 -1 -6.6867 393.0448 166.5549 457.4785 190.7548 1.6129 1.6941 3.9779 -12.8018 1.1927 49.9703 -6.9365 -2.1290
Car -1 -1 -8.3357 709.0889 171.6318 753.3367 193.1951 1.5509 1.6203 3.9317 8.9953 1.4627 54.0143 -8.1719 -2.3619
Car -1 -1 -5.4586 1070.1349 172.7389 1147.9038 200.3493 1.6317 1.6075 4.0909 30.8343 1.6246 44.7825 -4.8590 -2.4167
Car -1 -1 -5.3197 1178.4658 176.4394 1241.0000 211.5787 1.6034 1.6835 3.9358 30.0936 1.7890 35.3776 -4.6193 -3.1071
Car -1 -1 -8.5334 1084.3745 166.7812 1152.2388 195.6437 2.1236 1.8167 4.5105 38.8980 1.6765 55.4016 -7.9240 -3.2369
Car -1 -1 -2.6375 708.8057 163.1087 754.0085 183.0618 1.7252 1.7208 3.5775 10.7611 0.8823 64.1723 -2.4723 -3.2970
Car -1 -1 -4.3171 302.7265 170.3890 364.3729 202.4801 1.5184 1.5424 3.7532 -13.7699 1.4015 36.0412 -4.6799 -3.4378
Car -1 -1 -4.7065 360.2439 175.8107 380.7630 195.0644 1.5354 1.5754 3.4106 -19.9194 1.7886 59.9788 -5.0261 -3.5113
Car -1 -1 -6.3870 583.9131 172.3191 680.4342 209.1785 1.4379 1.5533 3.7403 0.8066 1.4167 29.0656 -6.3601 -3.6816
Car -1 -1 -2.4241 114.7403 173.3106 189.2747 200.0659 1.6006 1.6370 3.7033 -28.1243 1.6290 44.2953 -2.9873 -3.6847
Car -1 -1 -4.6117 335.2023 165.9099 378.8815 199.5259 1.5324 1.6206 3.7156 -12.2111 1.2156 34.8867 -4.9462 -3.7411
Car -1 -1 -7.6950 215.4651 173.3767 256.6829 201.0716 1.5939 1.6180 3.8588 -22.6170 1.6267 43.6888 -8.1704 -3.7558
Car -1 -1 -7.5525 401.4293 174.8307 447.9652 202.2916 1.5500 1.6024 3.8800 -11.0156 1.6729 42.9913 -7.8022 -3.7892
Car -1 -1 -4.5795 611.0151 168.0278 642.2748 191.6037 1.5837 1.6738 4.0445 1.1764 1.2592 50.5949 -4.5568 -3.8313
Car -1 -1 -6.7393 694.0534 170.5726 769.4736 199.3166 1.4981 1.6515 3.6583 6.5161 1.3789 38.9220 -6.5750 -3.9371
Car -1 -1 -4.4992 613.6493 165.5081 643.3564 184.7216 1.5142 1.6459 3.8768 1.5201 0.9350 58.9437 -4.4738 -3.9506
Car -1 -1 -7.4280 443.9611 169.1008 477.9896 187.6440 1.7479 1.7085 4.0791 -14.4739 1.3938 70.1909 -7.6308 -4.1152
Car -1 -1 -7.9444 731.4451 173.0801 775.0872 209.2427 1.6228 1.6695 3.9978 6.7420 1.6340 34.4778 -7.7534 -4.1210
Car -1 -1 -4.4342 764.7386 172.4104 803.2000 196.4543 1.5773 1.5732 3.8370 11.9110 1.5479 49.3917 -4.1993 -4.1431
Car -1 -1 -8.1170 703.4106 179.0277 759.2790 213.1323 1.4127 1.5112 3.8922 5.3733 1.7088 32.6296 -7.9558 -4.2658
Car -1 -1 -5.3405 1110.4272 168.8807 1189.4863 201.5772 1.8603 1.5936 4.2225 32.1549 1.6340 43.1711 -4.7039 -4.3284
Car -1 -1 -7.2296 317.7663 169.2339 369.8926 191.5385 1.6937 1.7566 4.1709 -21.0032 1.4185 57.0351 -7.5812 -4.3508
Car -1 -1 -7.8455 554.7178 165.5162 583.2167 192.0006 1.5594 1.6770 4.1054 -2.5538 1.1271 44.5757 -7.9027 -4.3867
Car -1 -1 -7.3930 379.5056 167.2436 429.2686 192.7583 1.7509 1.7303 4.2259 -14.7113 1.3656 51.7497 -7.6689 -4.4136
Car -1 -1 -4.6417 263.8693 173.9047 293.4804 197.0121 1.5108 1.5718 3.8293 -22.6886 1.5855 49.4324 -5.0701 -4.4554
Car -1 -1 -4.2648 246.3992 171.9194 317.0467 204.8596 1.4211 1.5106 3.6211 -14.9490 1.3805 32.9576 -4.6879 -4.5747
Car -1 -1 -2.5548 413.8999 166.6817 468.0562 186.6463 1.8032 1.8315 4.6484 -15.6767 1.2454 66.8385 -2.7845 -4.6717
Car -1 -1 -5.1733 1163.9456 178.8292 1231.9955 206.7756 1.5679 1.6569 3.7529 35.1969 1.9433 43.3526 -4.4951 -4.7013
Car -1 -1 -5.9228 457.2534 167.6483 507.7671 184.8690 1.6059 1.8109 4.3705 -12.1205 1.1201 68.5782 -6.0973 -4.7081
Car -1 -1 -5.1906 682.1533 176.1339 727.3514 199.3328 1.4928 1.5708 3.5532 6.3476 1.7237 48.9164 -5.0628 -4.7508
Car -1 -1 -7.8252 1133.8164 169.4237 1163.5157 197.2518 2.0236 1.6946 4.2834 40.8131 1.7739 54.6754 -7.1869 -4.7842
Car -1 -1 -4.0520 184.2012 179.6010 242.0113 204.2540 1.5158 1.5879 3.3429 -25.8875 1.9726 47.1127 -4.5523 -5.0567
Car -1 -1 -8.2595 654.0068 161.5713 709.1850 194.0256 1.8607 1.7019 4.4389 4.2340 1.2135 43.7418 -8.1640 -5.0986
Car -1 -1 -4.4066 190.2477 181.5379 225.6684 198.8214 1.4199 1.5775 4.0427 -35.3878 2.2103 63.5621 -4.9130 -5.3401
Car -1 -1 -6.5044 942.0551 169.7849 1010.6470 193.9507 1.8281 1.8135 4.4530 28.3388 1.5956 56.0019 -6.0384 -5.3519
Car -1 -1 -6.2479 349.4059 169.6457 436.7970 204.6596 1.5671 1.6458 3.8045 -10.0716 1.4232 33.5684 -6.5375 -5.4033
Car -1 -1 -7.7670 356.0907 173.3501 377.8606 190.3748 1.6300 1.7183 3.7179 -23.9720 1.6800 71.2071 -8.0909 -5.7172
Car -1 -1 -4.2444 160.1761 181.5649 207.2125 199.9257 1.5107 1.7961 4.3649 -37.5996 2.3067 63.7226 -4.7758 -5.8429
Car -1 -1 -4.9636 1241.0000 168.7666 1241.0000 199.3458 1.4994 1.6457 3.9940 41.4708 1.2987 37.5004 -4.1321 -5.8867
Car -1 -1 -4.6844 137.6131 182.7973 160.7567 200.6438 1.4997 1.6449 4.0114 -41.6052 2.4269 65.1636 -5.2509 -5.8867
Car -1 -1 -4.6581 105.4031 184.0956 132.1687 203.6135 1.5290 1.6540 4.0111 -41.6091 2.5147 61.1410 -5.2538 -5.8867
Car -1 -1 -4.7002 155.0254 182.8710 176.3105 200.0194 1.4957 1.6441 4.0063 -41.6043 2.4633 67.5773 -5.2505 -5.8867
Car -1 -1 -5.7530 1136.1954 179.0789 1241.0000 213.5716 1.5647 1.6567 3.9914 28.6065 1.8908 35.6712 -5.0815 -6.4494
