Car -1 -1 -4.3313 249.2289 185.7055 371.9175 248.0033 1.4469 1.6263 4.1876 -8.0547 1.8351 19.7182 -4.7149 7.5917
Car -1 -1 -4.7436 509.0370 176.8735 529.1570 194.4143 1.5147 1.6781 4.1581 -8.2999 1.8914 65.4916 -4.8695 -0.3206
Car -1 -1 -7.1008 226.3750 180.2845 276.6431 199.9838 1.5315 1.5930 3.7389 -29.6019 2.1661 59.6374 -7.5600 -2.0842
Car -1 -1 -6.0828 647.7085 177.9968 745.6594 216.5820 1.4789 1.5736 3.7178 3.4916 1.6972 29.3367 -5.9661 -2.1979
Car -1 -1 -4.9101 222.8687 184.1228 260.5027 207.8483 1.4893 1.5680 3.8086 -25.1490 2.2876 49.1531 -5.3811 -2.2336
Car -1 -1 -4.5624 429.5576 175.3031 458.1376 196.8198 1.6652 1.6638 4.0729 -13.4356 1.8703 58.4109 -4.7878 -2.5132
Car -1 -1 -3.5123 95.2400 203.2260 182.3400 235.0517 1.4434 1.5171 3.5549 -24.9301 3.1307 38.2069 -4.0875 -3.1015
Car -1 -1 -4.6231 300.9426 181.8916 333.8966 207.8654 1.4765 1.5638 3.4731 -17.9223 2.0537 44.2180 -5.0064 -3.1453
Car -1 -1 -4.7187 219.2516 181.6277 242.1137 201.8360 1.5570 1.6225 3.9970 -31.3640 2.3074 59.5991 -5.2015 -3.5420
Car -1 -1 -4.7142 0.4621 185.0366 39.5592 217.4548 1.6121 1.5879 3.7196 -32.1454 2.3079 39.2845 -5.3968 -3.6494
Car -1 -1 -4.8518 336.5920 181.8020 379.0440 211.1588 1.4335 1.6100 3.9691 -13.5933 1.9391 38.6652 -5.1880 -3.7122
Car -1 -1 -7.6872 621.7311 177.1384 655.2889 202.8298 1.5706 1.5790 3.7378 1.8530 1.8598 46.7657 -7.6484 -3.7724
Car -1 -1 -2.8481 192.6049 176.5843 262.7069 198.7409 1.5978 1.6909 4.3047 -28.4202 1.8815 53.6912 -3.3331 -3.7923
Car -1 -1 -4.6580 277.8701 181.0211 309.4595 206.5781 1.4463 1.5679 3.5870 -19.2988 1.9666 44.0363 -5.0691 -3.8169
Car -1 -1 -5.0491 809.7427 193.9924 860.5197 222.3621 1.4466 1.6231 3.7601 12.8620 2.7194 41.5484 -4.7516 -4.0457
Car -1 -1 -4.9300 407.8979 176.4809 440.4658 197.8657 1.6404 1.6936 4.1392 -15.0818 1.9445 58.3318 -5.1822 -4.0668
Car -1 -1 -4.6408 485.5000 178.3102 507.6004 196.5084 1.5645 1.6959 3.9978 -10.2628 2.0738 65.3306 -4.7963 -4.2050
Car -1 -1 -2.7994 289.7324 184.6535 370.4578 210.7328 1.4175 1.6356 3.9437 -15.8446 2.0999 40.8734 -3.1674 -4.3009
Car -1 -1 -5.1135 244.0279 171.6181 288.1837 194.5415 1.7224 1.6442 4.0776 -26.8278 1.6292 56.1825 -5.5573 -4.3204
Car -1 -1 -6.8481 641.4507 178.0657 713.0566 208.0088 1.4887 1.5878 3.4265 3.4955 1.7728 37.8800 -6.7574 -4.3456
Car -1 -1 -6.4924 632.0684 176.1704 697.4468 202.6648 1.6019 1.7330 3.7873 3.3545 1.8136 45.0186 -6.4190 -4.6116
Car -1 -1 -7.0975 193.5201 186.2073 309.3044 230.5485 1.6037 1.7854 4.3427 -14.7305 2.1990 29.8438 -7.5528 -4.6148
Car -1 -1 -4.6587 505.3653 176.6592 527.9111 197.4028 1.6983 1.7293 3.3182 -7.9455 2.0310 61.4228 -4.7872 -4.6298
Car -1 -1 -4.9280 808.8983 183.2717 833.8386 200.8209 1.6113 1.5858 3.6161 20.5455 2.6530 70.3103 -4.6453 -4.6805
Car -1 -1 -4.1148 317.7726 174.9771 358.3011 194.1705 1.6390 1.6393 3.5650 -24.0906 1.8326 63.9674 -4.4739 -4.7934
Car -1 -1 -4.8976 361.8000 180.9150 409.6078 211.4449 1.5195 1.7256 4.3230 -12.3508 1.9858 39.4483 -5.1995 -4.9679
Car -1 -1 -4.9613 282.3687 182.8176 372.1961 231.2971 1.3886 1.7440 4.3503 -9.4817 1.7495 23.8777 -5.3359 -5.0184
Car -1 -1 -4.8198 645.3833 177.7301 688.4216 210.9814 1.4609 1.6230 3.7346 2.5970 1.7042 34.1499 -4.7452 -5.2662
Car -1 -1 -5.2002 1120.5980 194.0271 1208.2980 225.3166 1.3021 1.6938 3.9401 26.6671 2.3876 34.9211 -4.5527 -5.4344
Car -1 -1 -4.6397 570.6788 175.9256 597.0533 199.9290 1.6772 1.6389 4.2528 -1.9155 1.9122 53.1234 -4.6760 -5.4951
Car -1 -1 -8.3887 736.2949 186.3226 980.0156 308.3837 1.5088 1.7635 4.1155 3.6371 1.7665 11.6143 -8.0936 -5.6382
Car -1 -1 -4.9033 1225.2190 179.2738 1241.0000 205.7956 1.6106 1.6972 3.7038 41.4170 2.0449 46.8242 -4.1826 -5.6837
Car -1 -1 -4.8292 570.8912 177.4507 603.2675 201.9789 1.3850 1.5217 3.6491 -1.4516 1.6733 43.3790 -4.8629 -5.7556
Car -1 -1 -4.8103 1155.9315 181.8371 1192.4496 206.7968 1.7186 1.7403 3.8343 41.5694 2.4074 53.2681 -4.1508 -5.7929
Car -1 -1 -3.5046 0.0000 195.3891 0.0000 374.0000 1.5077 1.6072 3.9587 -7.0816 1.6486 2.5299 -4.6974 -5.8867
Car -1 -1 -4.9236 1241.0000 167.7938 1241.0000 195.3567 1.4597 1.6360 3.9884 41.4684 1.1914 40.3261 -4.1281 -5.8867
Car -1 -1 -4.6004 0.0000 175.7442 6.9447 200.7032 1.5630 1.6903 4.0705 -41.3730 1.7630 47.8422 -5.3107 -5.8867
Car -1 -1 -4.6395 556.6185 177.0307 579.1392 194.6389 1.3752 1.5684 3.9094 -3.4546 1.7293 59.2526 -4.6979 -5.8867
Car -1 -1 -4.9520 1241.0000 166.5192 1241.0000 196.6128 1.4928 1.6484 4.0014 41.4677 1.1783 37.9152 -4.1260 -5.8867
Car -1 -1 -4.7574 1126.6550 171.0796 1155.8877 190.7714 1.4819 1.6466 3.9994 41.4711 1.3480 56.4193 -4.1262 -5.8867
Car -1 -1 -4.8911 1241.0000 166.3473 1241.0000 192.7253 1.4851 1.6535 4.0067 41.4609 1.1185 42.7485 -4.1246 -5.8867
Car -1 -1 -4.5032 0.0000 176.4163 0.0000 201.2001 1.4390 1.6417 4.0318 -41.6216 1.6699 44.6647 -5.2505 -5.8867
Car -1 -1 -6.7852 0.0000 0.0000 1241.0000 374.0000 1.5431 1.5884 3.8032 -2.9056 1.6381 1.0042 -7.9391 -5.8867
Car -1 -1 -4.6471 317.6895 180.0851 359.2478 212.1876 1.4495 1.6507 4.2775 -13.4824 1.8318 35.8945 -5.0043 -5.9384
Car -1 -1 -4.5779 541.3079 177.6202 569.9239 198.3782 1.4038 1.5474 3.8073 -3.8858 1.7575 51.6363 -4.6530 -5.9558
Car -1 -1 -4.8759 1146.5891 191.6268 1198.7766 219.0584 1.4146 1.7045 4.5378 33.3306 2.5929 42.8979 -4.2193 -5.9691
Car -1 -1 -4.8582 615.4423 179.6922 643.3284 204.0629 1.6704 1.5469 3.2807 1.3409 2.1806 52.1438 -4.8332 -6.0197
Car -1 -1 -4.7178 1140.0985 193.7292 1171.8278 220.4684 1.5503 1.5951 3.9033 35.5438 2.9708 47.0659 -4.0747 -6.2698
Car -1 -1 -4.8985 1179.0778 184.4103 1220.3298 208.9229 1.6047 1.6213 3.5024 41.5774 2.4517 50.9778 -4.2176 -6.2780
Car -1 -1 -4.8743 733.0276 186.9613 762.6923 210.2292 1.7042 1.6819 3.9793 10.8781 2.8633 57.2927 -4.6882 -6.6632
