Car -1 -1 -4.8708 392.2607 175.5285 416.4365 192.0869 1.5228 1.6344 3.8867 -19.7506 1.7866 69.1426 -5.1482 -1.0461
Car -1 -1 -4.3127 363.4456 178.4988 404.5489 199.9696 1.5761 1.6554 3.9066 -17.5324 2.0302 56.0544 -4.6148 -1.5132
Car -1 -1 -7.4853 255.4168 184.4181 307.8845 213.6769 1.6187 1.6275 3.7308 -19.6865 2.3435 43.3344 -7.9097 -1.6612
Car -1 -1 -4.7745 579.5033 174.3548 601.0513 191.1482 1.4065 1.6182 4.1512 -1.7742 1.5415 62.9517 -4.8029 -1.7378
Car -1 -1 -4.9713 629.0336 173.3071 661.8058 194.1795 1.6875 1.7070 4.2765 2.9114 1.7267 60.7031 -4.9240 -1.9687
Car -1 -1 -6.3094 546.8394 177.4717 600.9991 200.5625 1.6578 1.7158 3.9266 -2.7088 2.0044 53.2111 -6.3605 -2.1090
Car -1 -1 -4.6581 632.4720 174.6653 661.3251 200.4104 1.5458 1.6102 4.1586 2.3465 1.6658 45.7779 -4.6077 -2.4111
Car -1 -1 -4.5522 419.9319 173.1472 449.5194 193.7567 1.6343 1.7263 4.1485 -14.4148 1.6591 59.4137 -4.7894 -2.7340
Car -1 -1 -7.2399 262.0673 167.3384 307.9909 188.5971 1.8953 1.7850 4.1662 -29.9323 1.4033 66.5437 -7.6613 -2.7626
Car -1 -1 -5.5887 256.6656 188.7648 321.5666 213.5357 1.5503 1.6851 3.7528 -21.4478 2.6417 48.1838 -6.0057 -2.8198
Car -1 -1 -5.3018 881.4106 191.5267 981.6732 236.9993 1.4960 1.6303 3.7721 12.0385 2.2561 27.3829 -4.8923 -2.9458
Car -1 -1 -5.8398 587.7361 173.6165 656.0879 197.1936 1.6547 1.7399 4.6854 0.8257 1.7118 52.5731 -5.8246 -3.1270
Car -1 -1 -4.8521 152.4484 195.4875 199.7263 229.0144 1.5388 1.6064 3.8627 -22.8235 2.7882 37.8331 -5.3921 -3.1623
Car -1 -1 -5.0156 516.9217 178.2728 544.8730 193.4953 1.4268 1.6310 3.9704 -7.8646 1.9781 71.3038 -5.1253 -3.2793
Car -1 -1 -5.0210 256.6253 185.7378 312.5271 216.4178 1.5304 1.6459 4.0962 -18.0291 2.2779 39.8071 -5.4441 -3.5169
Car -1 -1 -2.9675 582.5456 176.9504 647.7922 201.3097 1.4283 1.5789 3.7444 0.2982 1.6829 43.7929 -2.9612 -3.5689
Car -1 -1 -6.3285 1228.2483 176.4172 1241.0000 207.2309 1.7729 1.7311 4.0329 40.2724 1.9992 43.9212 -5.5902 -3.6577
Car -1 -1 -4.7735 948.2327 191.4559 1004.1793 237.4989 1.5086 1.6308 3.7121 13.7348 2.2645 27.3062 -4.3125 -3.6736
Car -1 -1 -4.6277 651.1435 175.2747 671.2109 191.4926 1.5340 1.6461 3.9240 5.0373 1.7786 70.9299 -4.5575 -3.8291
Car -1 -1 -4.6804 82.2736 204.0087 122.5548 237.6035 1.5020 1.6166 4.3234 -27.1924 3.2694 38.6888 -5.2900 -3.8785
Car -1 -1 -7.9202 646.3954 176.6115 680.5562 205.1077 1.5182 1.6539 4.1285 2.9568 1.7425 41.0559 -7.8493 -4.0458
Car -1 -1 -4.4131 535.8495 177.6449 562.7205 193.0100 1.4519 1.5995 3.8196 -6.0022 1.9397 71.4859 -4.4969 -4.0662
Car -1 -1 -5.3534 642.2842 177.3357 690.3868 197.3785 1.5143 1.6603 4.1780 4.4349 1.8861 57.7094 -5.2775 -4.1357
Car -1 -1 -4.8720 357.8297 178.1980 395.4297 203.2322 1.4803 1.6618 3.9234 -14.8501 1.8342 45.6977 -5.1848 -4.2107
Car -1 -1 -4.5625 623.7624 173.8353 651.9567 194.0877 1.5419 1.6694 3.9347 2.2170 1.6223 57.2252 -4.5244 -4.2814
Car -1 -1 -4.7539 1146.2820 181.8791 1179.0281 207.6350 1.7850 1.7471 4.1552 41.0945 2.4847 53.7559 -4.1044 -4.2829
Car -1 -1 -8.1318 631.5911 177.2648 660.0215 192.4705 1.4202 1.7081 4.1589 3.4635 1.8669 70.8999 -8.0836 -4.3025
Car -1 -1 -4.0614 921.1390 180.2948 961.9064 199.3979 1.7843 1.7507 3.6655 32.2858 2.5258 70.3042 -3.6330 -4.3128
Car -1 -1 -4.7448 642.0861 174.4935 667.9319 199.6477 1.7387 1.7230 4.1657 3.1916 1.8619 52.2539 -4.6846 -4.3250
Car -1 -1 -7.4098 56.5757 201.8647 126.8091 234.3163 1.5804 1.6470 4.0876 -29.4916 3.3213 41.1498 -8.0288 -4.5307
Car -1 -1 -4.3935 655.6023 176.0365 695.9188 201.5202 1.7352 1.6631 4.1982 4.7489 1.9740 51.9510 -4.3034 -4.6655
Car -1 -1 -3.5438 581.3470 173.8512 647.4858 197.0464 1.5681 1.6829 4.3174 0.2807 1.6398 50.5276 -3.5387 -4.6765
Car -1 -1 -4.5025 275.3632 184.4701 307.0417 205.9829 1.5522 1.5315 3.5997 -24.7510 2.4852 56.0512 -4.9169 -4.6905
Car -1 -1 -4.6905 249.1111 186.2617 280.0046 214.7761 1.6109 1.6446 4.2050 -21.5965 2.4913 45.1379 -5.1348 -4.7285
Car -1 -1 -4.5914 302.8604 187.2021 339.0638 213.4124 1.5177 1.6611 4.2463 -18.6137 2.4875 46.5238 -4.9704 -4.8514
Car -1 -1 -3.1870 1163.0962 178.0043 1241.0000 207.4900 1.7778 1.7401 4.0165 37.8224 2.1198 46.0611 -2.5031 -4.9532
Car -1 -1 -4.9747 514.9296 179.0653 543.9165 198.0305 1.5003 1.5423 3.5176 -6.7817 2.0353 60.2564 -5.0867 -4.9949
Car -1 -1 -4.7139 622.3334 175.5677 652.5606 204.3917 1.5623 1.6548 4.1123 1.5364 1.7262 41.5845 -4.6777 -5.0720
Car -1 -1 -4.4126 1225.9163 178.4940 1241.0000 206.7377 1.7095 1.6659 3.8044 41.0987 2.0825 46.0514 -3.6875 -5.1940
Car -1 -1 -4.7498 0.0000 210.1871 21.7892 256.7755 1.6180 1.6161 3.5776 -25.6025 3.2619 29.9129 -5.4534 -5.2241
Car -1 -1 -4.4781 253.6201 184.9752 289.7468 205.4714 1.4407 1.6607 3.7897 -25.8281 2.4005 55.1317 -4.9146 -5.2778
Car -1 -1 -7.8963 902.7799 189.7126 929.7308 214.5573 1.5985 1.5860 3.9108 21.7440 2.8483 51.3943 -7.4987 -5.5444
Car -1 -1 -4.7268 293.9984 182.0798 313.1955 197.8427 1.3133 1.5284 3.8933 -27.4965 2.1664 64.6509 -5.1277 -5.5843
Car -1 -1 -4.7397 1112.8760 177.6951 1140.7614 199.2015 1.6434 1.7070 3.8482 41.5783 2.0471 58.1413 -4.1216 -5.6856
Car -1 -1 -4.5648 287.3185 180.2322 316.3799 198.3034 1.4121 1.6447 4.1192 -25.7668 2.0517 60.3778 -4.9668 -5.7458
Car -1 -1 -4.6442 1065.4910 183.8286 1092.1155 203.7332 1.6351 1.7171 3.9268 41.3565 2.6347 63.6578 -4.0706 -5.8761
Car -1 -1 -4.9343 1241.0000 169.3947 1241.0000 198.2461 1.4954 1.6461 3.9943 41.4709 1.3158 39.5177 -4.1287 -5.8867
Car -1 -1 -4.6815 1046.3649 174.4757 1068.7765 191.4081 1.5099 1.6528 3.9955 41.4772 1.6647 66.8703 -4.1286 -5.8867
Car -1 -1 -4.9879 1046.8044 184.3967 1084.5681 204.6288 1.6303 1.7371 4.0167 39.5748 2.6692 62.7907 -4.4282 -6.4715
Car -1 -1 -3.1237 928.8934 180.8941 981.8336 201.9340 1.8956 1.8972 4.4607 32.6314 2.6765 68.2603 -2.6799 -6.6752
