Car -1 -1 -7.8719 586.1603 174.8636 606.3514 192.3718 1.3476 1.5463 3.5122 -1.1507 1.5131 57.7316 -7.8921 0.8160
Car -1 -1 -4.8259 1199.1437 192.8210 1241.0000 221.2783 1.5161 1.6824 4.2061 37.0567 2.7885 43.7718 -4.1273 -0.9253
Car -1 -1 -6.1797 75.3816 196.3164 181.7787 233.5834 1.4183 1.6074 3.6477 -20.5940 2.4757 30.9726 -6.7627 -2.1747
Car -1 -1 -4.7019 158.9645 180.7179 188.7929 206.3508 1.5448 1.5981 3.8471 -28.2933 2.0772 46.8140 -5.2432 -2.2616
Car -1 -1 -4.5804 513.5214 174.6655 535.7640 191.0444 1.5229 1.6228 3.9575 -8.2133 1.7021 69.5175 -4.6979 -2.3098
Car -1 -1 -7.8536 562.6191 172.2074 579.6292 186.7848 1.3677 1.5947 3.5911 -3.7665 1.3067 69.5316 -7.9078 -2.6320
Car -1 -1 -2.3161 409.0638 176.0084 457.4149 196.1692 1.5098 1.6151 3.6470 -13.8169 1.7627 56.2415 -2.5563 -2.6950
Car -1 -1 -4.8697 349.7270 182.0308 389.9286 208.1147 1.3933 1.6031 4.1586 -14.1628 1.9594 42.3160 -5.1912 -2.8357
Car -1 -1 -4.2304 371.9241 179.5798 408.6832 197.6763 1.5965 1.6309 3.9568 -20.4695 2.2431 67.3078 -4.5248 -2.9791
Car -1 -1 -4.8954 298.4302 181.6293 328.5293 201.7884 1.5388 1.6066 3.8063 -24.2483 2.2793 58.8817 -5.2848 -3.0184
Car -1 -1 -5.1964 305.8118 181.5036 356.3296 210.6772 1.9019 1.7109 3.7696 -19.3970 2.5240 50.0406 -5.5648 -3.0764
Car -1 -1 -4.6579 651.9534 179.0948 684.3605 206.7542 1.3577 1.5162 3.7914 3.0875 1.7057 38.2917 -4.5785 -3.1723
Car -1 -1 -7.7649 48.0023 196.2063 111.1783 241.2008 1.4861 1.6132 4.1869 -20.7781 2.4744 28.3359 -8.3934 -3.3111
Car -1 -1 -7.2015 344.5698 177.5058 404.4416 205.4285 1.9008 1.8928 4.3067 -17.0102 2.2524 52.2436 -7.5151 -3.6529
Car -1 -1 -4.6531 320.1870 178.9745 343.8180 198.9441 1.5680 1.6068 3.8234 -23.1026 2.0940 59.9839 -5.0195 -3.9159
Car -1 -1 -3.1034 535.9210 177.8059 587.8746 201.4545 1.6429 1.7021 3.6320 -3.4253 2.0015 51.4050 -3.1700 -3.9324
Car -1 -1 -6.5805 524.4576 172.8428 583.1058 194.7854 1.7116 1.7055 4.3828 -4.5360 1.7104 57.8794 -6.6588 -4.5242
Car -1 -1 -4.6079 367.6979 181.7135 391.9162 201.0085 1.6037 1.6406 3.9691 -20.4115 2.4154 64.0185 -4.9157 -4.5303
Car -1 -1 -5.2147 692.2622 180.0267 743.8169 204.5950 1.5072 1.6434 3.9834 7.0492 2.0023 47.6754 -5.0693 -4.7855
Car -1 -1 -4.7634 603.5016 175.8649 622.2780 189.5112 1.2921 1.6397 4.1858 0.2407 1.5986 71.3872 -4.7604 -4.7969
Car -1 -1 -4.5170 286.2697 186.3670 327.0480 213.6039 1.6071 1.6357 4.3563 -19.7913 2.5329 47.1512 -4.9128 -4.8533
Car -1 -1 -4.5648 648.9072 176.0017 671.8186 192.1772 1.5172 1.6531 4.1472 4.9479 1.8351 70.7393 -4.4956 -4.9411
Car -1 -1 -4.2612 634.1038 174.8479 685.9232 201.0610 1.5299 1.6185 3.9910 3.1022 1.6587 44.5701 -4.1926 -5.0121
Car -1 -1 -4.3886 539.2279 173.7966 569.4489 188.3874 1.3757 1.6651 4.3117 -5.4274 1.4707 70.6211 -4.4653 -5.0465
Car -1 -1 -4.6915 377.1042 179.8118 406.0781 205.6925 1.4581 1.6003 3.6496 -13.2187 1.8980 43.6830 -4.9840 -5.1755
Car -1 -1 -4.7408 724.7050 181.1431 741.9229 196.9253 1.4144 1.5008 3.7509 11.6954 2.2258 68.6877 -4.5733 -5.4018
Car -1 -1 -3.0867 1056.3170 187.3534 1130.2612 213.9106 1.7124 1.8617 4.2301 33.9230 2.7720 50.7323 -2.5006 -5.4469
Car -1 -1 -4.8093 674.9729 177.0600 714.1173 206.8890 1.5296 1.7006 4.5412 4.5786 1.7753 39.9266 -4.6965 -5.5494
Car -1 -1 -4.7124 951.6232 183.2521 971.5673 199.9680 1.5149 1.7031 4.1680 34.2893 2.5620 70.4321 -4.2615 -5.5969
Car -1 -1 -7.4470 249.1095 180.2139 325.2760 218.7767 1.4974 1.5575 3.8252 -13.6635 1.8295 30.6699 -7.8632 -5.5973
Car -1 -1 -4.6525 1065.1992 180.9990 1091.5607 199.6264 1.5331 1.7093 4.2083 41.2263 2.2746 63.5115 -4.0793 -5.7110
Car -1 -1 -4.9269 1224.3838 184.3218 1241.0000 211.1093 1.5903 1.7167 3.8862 41.3957 2.3669 46.7634 -4.2059 -5.7786
Car -1 -1 -4.4035 311.0826 180.5872 363.8463 209.5302 1.5588 1.6708 4.2300 -15.8842 2.0335 42.1654 -4.7620 -5.8786
Car -1 -1 -4.9447 1241.0000 169.5432 1241.0000 199.1802 1.5029 1.6500 3.9966 41.4708 1.3347 38.7120 -4.1289 -5.8867
Car -1 -1 -4.6757 1041.1013 173.4715 1063.2916 189.6745 1.4687 1.6395 3.9880 41.4750 1.5281 67.6790 -4.1281 -5.8867
Car -1 -1 -4.0820 203.9619 182.6938 268.6160 208.3139 1.4900 1.6039 3.9542 -23.5883 2.1403 45.6347 -4.5570 -5.8867
Car -1 -1 -4.9138 1241.0000 169.8189 1241.0000 197.3590 1.4890 1.6439 3.9897 41.4704 1.3246 41.1281 -4.1281 -5.8867
Car -1 -1 -5.1631 737.7530 181.6855 773.8276 199.5354 1.6453 1.9073 4.0106 14.2531 2.5388 70.8446 -4.9659 -5.9984
Car -1 -1 -4.8850 445.7740 175.8474 470.3330 194.0174 1.5678 1.5309 3.8061 -13.7323 1.8455 64.9828 -5.0928 -5.9988
Car -1 -1 -5.1848 1161.0957 191.9555 1241.0000 224.8438 1.3271 1.6317 3.4667 27.1383 2.2536 33.1455 -4.5037 -6.0039
Car -1 -1 -8.3093 383.5527 173.3610 424.6710 195.1508 1.8941 1.7443 4.5475 -18.6296 1.9411 65.0986 -8.5872 -6.1195
