Car -1 -1 -7.7728 541.0973 178.3702 571.5917 202.0899 1.3991 1.6185 3.6398 -3.3599 1.7585 45.2337 -7.8469 4.4133
Car -1 -1 -7.8381 581.1224 178.8924 613.6951 207.2072 1.3643 1.6059 3.7814 -0.6656 1.6933 37.4648 -7.8563 4.0149
Car -1 -1 -4.5803 765.9468 180.6603 803.0292 208.5676 1.5037 1.6152 3.9129 10.2030 1.9827 42.1785 -4.3451 -0.8819
Car -1 -1 -7.9664 97.6283 192.8952 161.1048 236.4356 1.3890 1.5612 3.6217 -17.8343 2.1812 26.6458 -8.5518 -1.2339
Car -1 -1 -4.9078 840.4417 188.1938 881.1923 214.3493 1.4532 1.6058 4.0701 15.4454 2.4485 44.7054 -4.5779 -1.3332
Car -1 -1 -4.7930 276.9759 186.9224 311.1414 214.3463 1.5368 1.6215 4.1098 -19.7196 2.4543 44.8785 -5.2052 -2.1739
Car -1 -1 -2.8897 154.5374 186.7429 240.8018 215.9505 1.5003 1.6443 3.8186 -22.5805 2.2867 39.5823 -3.4054 -2.2405
Car -1 -1 -2.6546 733.2984 181.3378 789.5405 203.1909 1.4951 1.6124 3.6810 10.9769 2.1338 52.5527 -2.4503 -2.2802
Car -1 -1 -2.8349 796.0256 185.6824 872.9608 213.3060 1.5395 1.6816 4.1482 13.5728 2.3516 43.8212 -2.5371 -2.5417
Car -1 -1 -4.4700 44.9664 175.2493 96.3801 201.0166 1.5456 1.6657 4.1447 -34.2844 1.7052 45.9281 -5.1086 -2.9596
Car -1 -1 -4.2101 694.1220 177.8062 749.0412 202.5760 1.5101 1.6601 4.3486 7.2985 1.8485 47.1112 -4.0578 -2.9867
Car -1 -1 -6.8847 1138.7120 183.8007 1227.5625 213.5583 1.6121 1.6684 3.6224 32.2617 2.2442 40.7356 -6.2189 -3.0515
Car -1 -1 -7.8344 16.9822 180.9845 61.4095 215.7841 1.6111 1.6711 4.1099 -28.8881 2.0468 36.5498 -8.4998 -3.1420
Car -1 -1 -4.4331 1201.4954 181.5337 1241.0000 216.9555 1.6513 1.6699 3.6367 31.3380 2.1065 36.1661 -3.7236 -3.3246
Car -1 -1 -4.9010 332.2534 182.2673 371.0101 208.6432 1.5138 1.6031 3.6900 -16.1201 2.1244 44.8324 -5.2446 -3.3352
Car -1 -1 -4.4862 323.8268 175.7582 354.5040 198.7555 1.8705 1.5916 3.9464 -22.9781 2.1251 61.2675 -4.8439 -3.4118
Car -1 -1 -5.0972 1000.6792 177.0482 1054.0044 204.4987 1.6643 1.6875 3.6781 26.6600 1.9443 46.2745 -4.5777 -3.5952
Car -1 -1 -7.5871 8.5620 168.0978 68.0528 198.2193 1.6546 1.6766 4.0779 -33.0961 1.3930 41.8393 -8.2533 -3.6817
Car -1 -1 -4.8813 297.7719 185.8665 337.8442 213.6176 1.5782 1.6490 4.2159 -18.4361 2.4358 45.3476 -5.2657 -3.7559
Car -1 -1 -4.7295 581.6570 177.1839 611.5978 205.9297 1.5287 1.6185 3.9261 -0.8350 1.7862 40.9648 -4.7503 -3.7570
Car -1 -1 -4.2123 145.0417 188.5320 244.4121 230.8632 1.4079 1.5909 3.8769 -15.6770 2.0452 27.3932 -4.7282 -3.9861
Car -1 -1 -4.4998 646.9619 174.2996 682.7574 200.5656 1.7084 1.6104 4.1404 3.7666 1.8115 49.3877 -4.4246 -4.2132
Car -1 -1 -4.4971 620.0715 180.2366 649.5584 200.0181 1.4745 1.5617 3.8461 1.9802 2.0823 57.3742 -4.4633 -4.6688
Car -1 -1 -4.3049 841.7630 182.2668 879.7717 204.2493 1.8405 1.7994 3.9108 22.3182 2.7048 64.2190 -3.9723 -4.6910
Car -1 -1 -7.1432 1226.9259 177.6347 1241.0000 212.4760 1.6319 1.6562 4.2121 32.6986 1.8715 35.1519 -6.3985 -4.8747
Car -1 -1 -4.8031 701.9954 180.0066 722.2403 197.2768 1.6082 1.6167 3.8356 9.9686 2.3288 70.7634 -4.6641 -4.9710
Car -1 -1 -3.4296 583.1687 177.8852 686.4705 226.6134 1.4567 1.4497 2.9812 0.7157 1.6234 22.8737 -3.3995 -5.4202
Car -1 -1 -7.1782 39.2270 187.6667 133.0755 225.6689 1.7645 1.7053 4.1273 -26.9516 2.5721 37.2488 -7.8013 -5.5087
Car -1 -1 -5.0663 671.8407 176.8135 714.4278 199.1064 1.4863 1.6650 4.1027 5.8008 1.7783 51.0741 -4.9543 -5.7687
Car -1 -1 -4.7606 460.2187 177.2501 484.0563 196.5318 1.4448 1.6580 4.1028 -10.9959 1.8066 57.2516 -4.9499 -5.7761
Car -1 -1 -4.9217 651.3129 174.7158 690.2360 198.3109 1.3986 1.5827 4.2056 3.7277 1.5209 45.3015 -4.8405 -5.7792
Car -1 -1 -4.7957 554.2874 176.5710 579.9365 195.9804 1.4284 1.6463 4.1112 -3.3951 1.7280 56.0753 -4.8563 -5.7872
Car -1 -1 -2.4217 332.4501 180.1545 397.7882 203.9946 1.5937 1.6304 4.3649 -17.2745 2.1234 50.7962 -2.7482 -5.8575
Car -1 -1 -4.6981 591.4171 176.8383 612.6603 196.2878 1.4721 1.6331 4.1603 -0.6342 1.8011 57.5483 -4.7094 -5.8671
Car -1 -1 -4.4811 462.2030 176.7979 496.1439 196.6479 1.3658 1.5796 3.8725 -9.4880 1.6628 52.4077 -4.6597 -5.8867
Car -1 -1 -3.5479 0.0000 188.0466 0.0000 374.0000 1.4932 1.6033 3.9541 -6.2781 1.5881 2.5310 -4.6975 -5.8867
Car -1 -1 -4.7795 648.7739 176.9438 673.3934 196.7521 1.4174 1.5797 3.9828 3.7919 1.7370 54.4471 -4.7108 -5.8867
Car -1 -1 -6.9167 0.0000 0.0000 1241.0000 374.0000 1.5426 1.5884 3.8029 -2.1017 1.6284 1.0039 -7.9391 -5.8867
Car -1 -1 -7.5644 152.3328 0.0000 1241.0000 374.0000 1.5432 1.5886 3.8035 -0.4937 1.6123 1.0041 -7.9391 -5.8867
Car -1 -1 -8.6434 0.0000 0.0000 1048.8381 374.0000 1.5419 1.5886 3.8032 1.1141 1.5901 1.0039 -7.9392 -5.8867
Car -1 -1 -4.5732 441.4586 176.6245 471.2151 196.5902 1.3630 1.5685 3.9248 -11.0697 1.6451 52.0309 -4.7821 -5.8867
Car -1 -1 -4.9522 1087.7209 186.8726 1142.0110 216.4433 1.6254 1.7466 4.2057 30.7320 2.5260 44.0938 -4.3473 -6.0642
Car -1 -1 -4.3016 527.9290 179.5047 559.2318 196.4350 1.4901 1.6484 3.4562 -6.1494 2.1239 66.8971 -4.3933 -6.1907
Car -1 -1 -4.5684 714.2773 180.1822 739.6235 200.1750 1.5315 1.5432 3.5626 9.5007 2.1462 58.6188 -4.4089 -6.3828
Car -1 -1 -8.0438 656.3721 172.7765 683.8598 192.4296 1.7800 1.7843 4.2631 5.5700 1.7727 67.5663 -7.9623 -8.0705
