Car -1 -1 -7.7681 530.0710 180.1962 568.0698 208.5894 1.3590 1.6585 3.5112 -3.1348 1.7552 37.2026 -7.8521 5.4785
Car -1 -1 -7.8353 583.9881 182.5601 623.6862 215.2068 1.2468 1.5728 3.4145 -0.2736 1.6771 30.2903 -7.8449 4.1734
Car -1 -1 -7.2631 100.4245 185.8372 165.6633 210.5612 1.4476 1.5837 3.8911 -30.5188 2.3146 46.2500 -7.8440 -0.3238
Car -1 -1 -7.7159 447.2720 177.6065 474.5244 196.8633 1.4916 1.6305 4.1316 -12.1883 1.8942 59.0489 -7.9189 -1.1196
Car -1 -1 -4.6977 317.1663 181.5148 347.5031 209.6787 1.5210 1.5885 3.6666 -16.2349 2.0511 42.1895 -5.0633 -1.7453
Car -1 -1 -5.2164 166.0576 184.4713 258.8867 225.3434 1.5787 1.6538 4.1772 -16.9943 2.1022 30.7179 -5.7184 -2.1005
Car -1 -1 -6.5047 247.3425 179.5432 338.8712 213.2195 1.5257 1.6372 3.8232 -15.4665 1.8682 35.1912 -6.9163 -2.8527
Car -1 -1 -4.3710 29.0891 184.1125 109.1144 220.9321 1.5221 1.6878 4.0441 -24.9155 2.0761 33.3418 -5.0091 -2.9589
Car -1 -1 -5.1610 239.8925 185.1629 311.3523 218.1396 1.5488 1.6751 4.2698 -17.4013 2.2206 37.3887 -5.5942 -3.1125
Car -1 -1 -4.2186 83.5023 188.4922 180.5636 231.7022 1.5584 1.6224 3.9427 -19.4678 2.2422 29.5284 -4.7976 -3.1508
Car -1 -1 -4.9239 556.1360 180.7769 589.7108 204.5584 1.5048 1.5487 3.5702 -2.5786 2.0622 48.8641 -4.9769 -3.3200
Car -1 -1 -4.4864 624.1387 175.9828 653.5122 194.7331 1.5397 1.6460 4.1510 2.4975 1.8188 62.2093 -4.4469 -3.4883
Car -1 -1 -4.7709 393.8718 179.1024 419.7910 200.2709 1.4661 1.6136 3.9874 -15.0915 1.9467 53.3881 -5.0454 -3.7265
Car -1 -1 -4.5749 106.1492 178.4587 154.6247 212.5541 1.7798 1.6841 4.3873 -27.0640 2.1145 40.7778 -5.1580 -4.0040
Car -1 -1 -4.5238 78.3746 182.5298 140.1903 219.7348 1.5751 1.6351 4.0761 -23.4612 2.0586 33.8835 -5.1259 -4.0483
Car -1 -1 -6.2856 443.8539 179.0611 506.0376 204.3460 1.5905 1.6831 3.9257 -8.8479 2.0061 47.1632 -6.4705 -4.0827
Car -1 -1 -4.7840 557.7579 180.4770 592.1332 208.8245 1.5323 1.6886 4.7078 -2.1664 2.0095 42.7542 -4.8349 -4.5015
Car -1 -1 -4.7742 470.4763 178.2706 495.3710 197.4427 1.4980 1.7754 4.1902 -10.6049 1.9641 59.8898 -4.9490 -4.5151
Car -1 -1 -4.5610 969.0909 189.2205 1006.4963 216.4816 1.5337 1.5499 3.5543 23.4261 2.5916 44.7589 -4.0822 -4.7169
Car -1 -1 -4.7638 412.2538 176.2192 438.2668 199.6510 1.6678 1.6780 4.2117 -13.9549 1.9311 54.2663 -5.0147 -4.7274
Car -1 -1 -4.5732 807.3538 188.3732 837.1569 209.9591 1.4259 1.5845 3.8017 15.4965 2.6030 52.6817 -4.2892 -4.8575
Car -1 -1 -4.6768 418.2473 175.1179 435.5925 192.3903 1.6627 1.5543 3.3014 -18.1900 1.8929 71.7006 -4.9247 -4.8871
Car -1 -1 -4.4596 793.5121 179.6130 821.8331 197.5273 1.6319 1.6754 4.0683 19.0628 2.3036 69.5576 -4.1936 -4.8971
Car -1 -1 -7.9452 620.4321 177.8721 657.8256 209.6201 1.5222 1.5739 3.7375 1.4112 1.7932 37.1058 -7.9080 -4.8991
Car -1 -1 -4.2558 222.7599 178.9380 305.4753 217.4566 1.5512 1.5869 4.2054 -15.1857 1.8372 31.8395 -4.6979 -4.9098
Car -1 -1 -4.4207 929.7003 177.1497 978.5634 204.6325 1.6891 1.7915 4.0883 22.4741 1.9820 47.1260 -3.9786 -4.9436
Car -1 -1 -4.5847 75.5466 184.8374 120.6429 212.6853 1.6003 1.7882 4.3210 -32.4509 2.3992 45.7943 -5.1986 -4.9559
Car -1 -1 -7.8764 445.1300 180.3089 476.9291 208.4274 1.4854 1.6893 3.7025 -8.5723 1.9311 41.1684 -8.0808 -4.9873
Car -1 -1 -8.1274 584.7689 176.4345 625.9214 201.7202 1.3854 1.5643 3.2230 -0.3442 1.6013 41.7998 -8.1360 -5.0085
Car -1 -1 -6.9099 0.0000 180.6163 154.5555 253.7951 1.6666 1.8239 4.3702 -14.8825 1.8991 19.2873 -7.5606 -5.0439
Car -1 -1 -4.8807 737.2612 177.8367 768.7588 201.7919 1.5607 1.5216 3.6565 9.7629 1.9158 49.6216 -4.6880 -5.0819
Car -1 -1 -4.7759 613.5580 178.1931 633.5012 196.3794 1.4910 1.4861 3.5284 1.1145 1.9628 62.0066 -4.7584 -5.0983
Car -1 -1 -4.4551 708.8647 175.4032 740.8576 195.4165 1.6161 1.6563 4.2448 9.7407 1.8398 61.1213 -4.2982 -5.1395
Car -1 -1 -4.5547 436.2549 178.8018 465.3935 199.5304 1.4912 1.5976 3.7406 -12.1055 1.9594 54.9191 -4.7710 -5.2764
Car -1 -1 -8.6490 0.0000 0.0000 1241.0000 374.0000 1.6955 1.6857 3.3118 2.8134 1.5725 1.4585 -7.6367 -5.2929
Car -1 -1 -4.5592 521.9014 180.4583 544.8203 197.0050 1.4577 1.6240 3.3250 -7.0935 2.1796 66.8250 -4.6649 -5.3171
Car -1 -1 -3.7342 141.3596 184.2345 249.8102 219.5554 1.6242 1.7733 4.6560 -21.3106 2.2506 37.2564 -4.2509 -5.3347
Car -1 -1 -4.1766 134.4098 180.8419 194.2245 205.0482 1.4862 1.6542 3.7574 -29.2564 2.0320 47.4378 -4.7269 -5.3569
Car -1 -1 -4.1434 642.9006 177.8887 712.9667 210.0810 1.5650 1.6240 4.2768 3.5914 1.8447 37.9466 -4.0504 -5.3684
Car -1 -1 -5.1271 585.5450 176.9038 633.9103 198.9159 1.3713 1.6235 4.2882 -0.1056 1.6537 48.0811 -5.1297 -5.3945
Car -1 -1 -4.6249 629.7711 180.0937 657.9294 203.5739 1.5455 1.6487 3.9308 2.3888 2.0757 50.8178 -4.5787 -5.4965
Car -1 -1 -2.8414 246.0969 176.0512 312.7927 199.3928 1.7782 1.7616 4.4203 -25.8307 2.0331 56.4395 -3.2691 -5.5044
Car -1 -1 -4.6321 101.8806 187.0960 134.9344 211.4561 1.5063 1.5519 3.7487 -33.3601 2.5127 48.9849 -5.2277 -5.5176
Car -1 -1 -4.3763 425.6774 176.4489 461.4714 194.6858 1.4091 1.6261 3.9314 -13.4967 1.7110 58.6011 -4.6020 -5.5901
Car -1 -1 -5.0551 567.8857 176.9796 598.2469 192.8764 1.4318 1.5972 4.0543 -2.6032 1.8345 68.2981 -5.0934 -5.6154
Car -1 -1 -4.7194 610.9907 177.7573 628.9392 193.3286 1.3954 1.6424 4.3225 0.9025 1.8733 68.1915 -4.7066 -5.6872
Car -1 -1 -4.6056 685.0283 175.9516 712.0417 199.3224 1.7237 1.6909 3.7141 6.8424 1.9713 55.7457 -4.4845 -5.7068
Car -1 -1 -8.3965 0.0000 0.0000 1241.0000 374.0000 1.6267 1.4864 3.2066 0.7059 1.7936 0.4840 -7.6704 -5.7641
Car -1 -1 -5.0007 652.0646 179.0880 687.3601 201.8786 1.5882 1.5317 3.9796 4.3574 2.0686 53.5374 -4.9204 -5.8718
Car -1 -1 -3.5047 0.0000 189.0909 0.0000 374.0000 1.4923 1.6033 3.9536 -7.0822 1.5937 2.5306 -4.6975 -5.8867
Car -1 -1 -4.5088 183.7224 178.4080 224.9728 201.3905 1.4376 1.6182 4.0433 -27.1550 1.8262 48.3531 -5.0183 -5.8867
Car -1 -1 -9.0982 0.0000 0.0000 1241.0000 374.0000 1.5053 1.6404 4.1939 4.2832 1.4886 1.3758 -7.8993 -5.9905
Car -1 -1 -4.4081 190.2733 184.1311 256.8512 219.5932 1.5812 1.6804 4.3608 -19.1773 2.1783 35.9296 -4.8956 -6.0335
Car -1 -1 -4.8837 453.3400 177.3826 485.4875 197.6275 1.4893 1.7958 4.0325 -11.0260 1.8559 56.2678 -5.0766 -6.0495
Car -1 -1 -4.5799 596.5579 176.8337 627.0660 199.2011 1.4963 1.6417 4.0828 0.1380 1.7900 51.1616 -4.5777 -6.0689
Car -1 -1 -4.6587 691.5918 177.5504 712.5849 194.8142 1.4327 1.6132 4.0864 8.0705 1.8578 63.2064 -4.5327 -6.1633
Car -1 -1 -4.9989 684.7097 177.4578 720.9638 202.5995 1.5699 1.4735 3.3354 6.0355 1.8837 47.4648 -4.8737 -6.1646
