Car -1 -1 -7.8416 578.8185 172.6047 607.0005 197.3072 1.3428 1.5320 3.5541 -0.9885 1.3290 41.0094 -7.8659 3.5118
Car -1 -1 -7.7544 541.7435 171.4699 570.6738 193.0203 1.4293 1.6430 3.5379 -3.6978 1.3372 49.6443 -7.8287 2.0460
Car -1 -1 -4.2522 154.3079 186.1286 231.8649 221.2364 1.4773 1.5867 3.8651 -19.4836 2.1357 33.8315 -4.7716 -0.8723
Car -1 -1 -4.3722 271.1873 169.8808 316.4375 193.9846 1.6452 1.6853 4.0601 -22.4601 1.4420 51.3326 -4.7829 -1.9911
Car -1 -1 -4.8014 235.4076 181.3384 274.5400 212.2739 1.5617 1.5945 3.8394 -19.5592 2.0513 39.6064 -5.2577 -2.4007
Car -1 -1 -4.5128 519.1616 171.0250 551.9549 193.1832 1.4935 1.6223 3.4880 -5.1983 1.3699 50.4467 -4.6153 -2.5134
Car -1 -1 -7.5651 1147.7755 175.2408 1203.0812 203.8891 1.5608 1.5743 3.4792 32.2939 1.7024 41.2389 -6.9045 -2.5637
Car -1 -1 -4.7983 345.3828 169.1199 382.3467 198.9868 1.6471 1.6793 4.2575 -14.4312 1.4408 42.0769 -5.1270 -2.6939
Car -1 -1 -4.6640 366.2774 173.5199 396.5168 198.4432 1.4953 1.6271 3.9026 -14.4044 1.5389 45.4944 -4.9692 -2.9003
Car -1 -1 -7.7646 722.3916 174.8646 762.9650 208.2250 1.5546 1.6458 4.0890 6.6432 1.6610 36.0779 -7.5845 -3.0734
Car -1 -1 -7.9191 1003.7519 174.5693 1035.7437 200.8760 1.8166 1.7197 4.4360 29.7351 1.9468 52.5071 -7.4066 -3.3280
Car -1 -1 -5.1189 169.3867 179.3464 220.2222 200.9753 1.5422 1.7250 4.4470 -31.5190 2.0521 54.6852 -5.6399 -3.5657
Car -1 -1 -4.3744 194.7779 181.6804 254.9844 211.3178 1.5334 1.7167 4.1472 -21.7270 2.0589 40.8069 -4.8612 -3.6942
Car -1 -1 -4.4503 405.0797 171.2225 443.4534 193.8580 1.6926 1.7943 4.4726 -14.4359 1.5703 56.2022 -4.7008 -3.8042
Car -1 -1 -4.6683 1216.9683 175.9482 1241.0000 203.0287 1.6831 1.6919 3.9659 41.0295 1.8945 47.3314 -3.9575 -3.8465
Car -1 -1 -4.5962 80.9118 177.1511 127.8051 209.5728 1.6201 1.6123 3.8535 -27.0808 1.8626 38.6851 -5.2039 -4.0292
Car -1 -1 -3.6439 170.1301 187.4250 274.5533 221.4167 1.3906 1.6915 3.9338 -17.9197 2.1081 33.4350 -4.1329 -4.0339
Car -1 -1 -8.9000 1076.6694 175.2962 1170.5247 204.9376 1.6470 1.6802 4.2558 30.2917 1.7991 42.7509 -8.2872 -4.0578
Car -1 -1 -2.9310 618.1497 172.2675 673.5854 191.9614 1.5994 1.7065 4.3429 2.9664 1.5515 59.9816 -2.8822 -4.2813
Car -1 -1 -4.7419 864.6222 173.5800 886.3927 193.0632 1.6968 1.7151 4.0307 23.9307 1.7643 65.1838 -4.3918 -4.2938
Car -1 -1 -4.9724 1182.3391 184.7807 1241.0000 214.8587 1.4828 1.5530 3.9966 32.7935 2.1693 39.4086 -4.2825 -4.4423
Car -1 -1 -4.6152 1024.8999 174.6407 1058.8254 199.1512 1.6650 1.6866 4.2707 30.8576 1.7979 51.5589 -4.0787 -4.4987
Car -1 -1 -6.1868 1070.5065 182.2934 1160.6176 211.9529 1.4656 1.5609 3.8267 27.0046 1.9950 38.6529 -5.5810 -4.6284
Car -1 -1 -7.7848 454.8239 173.6388 475.6474 189.9798 1.5574 1.7343 4.0812 -14.2540 1.6367 71.1052 -7.9822 -4.6745
Car -1 -1 -4.5824 156.1389 183.7271 186.5236 205.0779 1.5442 1.5537 3.6792 -34.1619 2.4211 56.2141 -5.1265 -4.6930
Car -1 -1 -4.3162 727.5114 175.3602 770.1160 199.5741 1.6670 1.6949 3.7983 10.0358 1.8550 52.1514 -4.1276 -4.7196
Car -1 -1 -2.2945 0.0000 185.5521 112.6685 248.1973 1.4250 1.5854 3.7048 -14.7049 1.7597 17.9463 -2.9738 -4.7753
Car -1 -1 -3.0302 220.2598 185.5919 312.2700 218.4692 1.4099 1.6786 3.6788 -15.8681 2.0239 33.4071 -3.4709 -4.8423
Car -1 -1 -4.1265 412.7227 170.8234 452.2767 189.5601 1.5591 1.6639 3.4556 -15.2263 1.3898 61.9455 -4.3667 -4.9582
Car -1 -1 -5.1178 782.8666 176.1971 824.8418 194.7051 1.4060 1.6371 4.4075 15.4806 1.6848 57.9428 -4.8583 -5.2959
Car -1 -1 -8.2247 1099.5198 156.3210 1146.6920 182.4248 1.8822 1.6291 3.7183 38.3259 0.6898 54.0274 -7.6104 -5.3033
Car -1 -1 -5.5318 725.6648 177.6120 785.8567 201.8005 1.5395 1.6002 3.9587 9.7810 1.8747 48.8128 -5.3356 -5.4242
Car -1 -1 -4.8378 1123.7478 178.9152 1167.4227 205.6484 1.5030 1.6155 3.9838 32.3125 1.8874 43.6661 -4.2044 -5.5790
Car -1 -1 -4.4529 743.7214 181.9648 780.1550 203.8763 1.5937 1.7757 4.2545 11.9480 2.3382 56.6904 -4.2467 -5.7001
Car -1 -1 -5.0255 810.7553 178.3268 860.1141 209.5051 1.6613 1.5721 3.7836 12.7143 1.9866 41.0187 -4.7275 -5.7735
Car -1 -1 -4.3298 431.1311 169.0847 466.4260 186.9460 1.6238 1.8411 4.0884 -15.1164 1.2808 67.7641 -4.5487 -5.8382
Car -1 -1 -5.0255 841.3782 178.0035 884.2367 199.4980 1.4013 1.5716 4.2265 17.4895 1.7743 50.1871 -4.6924 -5.8769
Car -1 -1 -4.8570 1241.0000 174.8372 1241.0000 200.9142 1.4585 1.6374 3.9379 41.3359 1.5814 42.7498 -4.0921 -5.8867
Car -1 -1 -4.9430 1241.0000 168.5163 1241.0000 197.3950 1.4806 1.6414 3.9899 41.4698 1.2579 39.1104 -4.1323 -5.8867
Car -1 -1 -4.9740 1241.0000 167.4815 1241.0000 198.3157 1.4778 1.6380 3.9883 41.4697 1.2200 36.6979 -4.1318 -5.8867
Car -1 -1 -5.0175 350.5613 172.0166 388.6807 197.2532 1.7453 1.6622 3.3565 -17.2928 1.6871 51.7462 -5.3387 -6.2778
Car -1 -1 -7.0384 755.8514 179.1142 813.0331 201.7777 1.6651 1.6447 4.3602 13.4771 2.1645 55.8005 -6.8031 -6.4828
