Car -1 -1 -4.5464 452.5379 179.0616 493.6035 206.8927 1.4211 1.6059 3.8112 -7.5026 1.7782 39.6221 -4.7327 3.7100
Car -1 -1 -5.1729 241.3447 182.6600 287.0653 205.2810 1.6559 1.6592 3.8964 -27.0166 2.4456 56.2788 -5.6189 -1.2697
Car -1 -1 -4.8123 678.9844 183.0435 705.8300 204.8335 1.5093 1.5939 3.9238 6.0776 2.2965 53.7917 -4.7009 -2.4233
Car -1 -1 -4.4657 18.5567 170.8422 64.7900 195.1942 1.6030 1.6585 3.5821 -38.9333 1.4702 49.4687 -5.1300 -2.5383
Car -1 -1 -4.8078 313.6862 192.1963 341.3735 214.2374 1.5196 1.6281 3.7565 -21.7323 3.0586 55.3761 -5.1806 -2.5411
Car -1 -1 -4.5280 622.3406 180.5972 653.3546 202.8594 1.5185 1.5964 3.7989 2.0383 2.1051 52.6568 -4.4900 -2.7403
Car -1 -1 -4.3490 40.9553 174.3658 92.1000 197.8214 1.6321 1.6679 3.9781 -39.5923 1.7466 52.6254 -4.9918 -2.7650
Car -1 -1 -4.5288 602.0767 180.2729 631.1368 201.0135 1.5246 1.6034 3.8605 0.5253 2.1268 56.5518 -4.5201 -2.8843
Car -1 -1 -4.7526 20.1199 174.0771 52.1775 197.1072 1.5787 1.6503 3.7944 -41.1256 1.6693 51.6461 -5.4227 -3.1593
Car -1 -1 -4.5348 248.6385 190.8083 284.9035 215.1188 1.5349 1.6147 4.0591 -24.2040 2.8559 50.9312 -4.9767 -3.1818
Car -1 -1 -4.7209 98.4956 192.5027 140.9711 228.3661 1.5295 1.6406 4.2908 -24.1321 2.5554 35.4516 -5.3153 -3.2070
Car -1 -1 -5.2446 650.5769 182.8278 695.5411 204.8614 1.5104 1.5943 3.8101 4.5938 2.2766 53.3906 -5.1597 -3.3998
Car -1 -1 -7.5347 630.8745 176.9827 671.3818 200.6851 1.4777 1.5813 3.7510 2.7283 1.7622 47.7278 -7.4784 -3.4773
Car -1 -1 -4.8965 550.8068 179.0943 579.8246 199.3172 1.4804 1.6098 3.5913 -3.5242 1.9808 55.9537 -4.9596 -3.6091
Car -1 -1 -6.2017 137.7659 190.5463 195.2019 213.3229 1.4657 1.5394 3.2796 -30.7532 2.7281 50.0720 -6.7503 -3.6201
Car -1 -1 -4.2535 638.8960 176.7987 672.6815 194.6429 1.6677 1.7581 3.8850 4.4837 2.0644 70.4948 -4.1906 -3.9255
Car -1 -1 -7.8707 579.8700 175.4922 596.9943 191.2062 1.4234 1.5426 3.9245 -2.0768 1.6791 68.0240 -7.9014 -4.1882
Car -1 -1 -3.7090 247.7604 188.9454 310.3563 214.8685 1.6242 1.6449 3.5882 -22.7280 2.7732 49.5835 -4.1371 -4.2576
Car -1 -1 -4.6660 792.5726 186.2385 821.1234 212.0292 1.5188 1.6171 3.8765 12.7534 2.4246 46.7543 -4.4019 -4.3309
Car -1 -1 -5.3222 607.5529 174.1218 648.7288 191.3925 1.6264 1.8328 4.4039 1.7189 1.7543 70.6316 -5.2983 -4.3891
Car -1 -1 -4.5518 444.7864 176.6581 469.3920 194.5303 1.5581 1.6103 3.7514 -13.8982 1.9139 65.6310 -4.7599 -4.4634
Car -1 -1 -4.3957 479.8027 179.2581 522.2174 204.5252 1.3907 1.4389 3.5466 -6.4124 1.7845 42.5291 -4.5449 -4.5433
Car -1 -1 -4.3395 118.3931 200.7477 177.8481 233.5914 1.5682 1.5802 3.4520 -25.2033 3.1636 39.4314 -4.9054 -4.6395
Car -1 -1 -6.9465 1007.7358 192.2889 1078.0388 216.0795 1.6273 1.7573 4.1826 31.3458 3.0676 52.3468 -6.4100 -4.7574
Car -1 -1 -5.7460 620.3232 180.5983 674.3029 201.0965 1.5533 1.7428 3.9949 2.9528 2.1940 57.8935 -5.6958 -4.8418
Car -1 -1 -7.8639 850.8581 175.4093 881.6605 208.4484 1.9077 1.6993 3.6683 15.5514 2.0703 43.9826 -7.5267 -4.8644
Car -1 -1 -5.0246 405.0985 178.2234 441.3179 199.8326 1.6083 1.5721 4.1301 -14.8017 2.0478 56.9420 -5.2782 -4.9264
Car -1 -1 -2.1415 282.5888 189.1467 333.4729 212.9460 1.6351 1.6473 3.9163 -22.5661 2.8904 53.8137 -2.5372 -4.9763
Car -1 -1 -7.4393 337.9474 179.6549 378.2523 205.3625 2.0697 1.6669 4.2483 -21.4133 2.6690 61.4294 -7.7737 -4.9886
Car -1 -1 -7.9323 477.3334 167.8152 501.7423 191.6085 1.8729 1.6586 3.9387 -9.8900 1.4760 58.9084 -8.0982 -5.3366
Car -1 -1 -6.9181 1150.8024 190.0193 1240.0848 216.1409 1.3547 1.6259 3.5170 31.9305 2.3144 39.4675 -6.2421 -5.3647
Car -1 -1 -4.8269 1186.7106 184.3646 1227.3435 210.1104 1.6438 1.7259 3.8209 41.2774 2.4741 49.9946 -4.1401 -5.6886
Car -1 -1 -5.0935 1061.8087 190.5448 1111.5730 214.0556 1.5144 1.6483 3.8245 33.9750 2.8286 51.5787 -4.5143 -5.7454
Car -1 -1 -7.8107 303.7335 182.0276 331.5811 208.6482 1.5049 1.4258 3.0761 -17.6843 2.0809 43.6397 -8.1939 -5.8641
Car -1 -1 -4.9331 1241.0000 168.1290 1241.0000 196.6666 1.4794 1.6421 3.9923 41.4689 1.2341 39.5213 -4.1276 -5.8867
Car -1 -1 -4.7875 1156.7253 173.2171 1190.5547 194.6166 1.5126 1.6535 3.9938 41.4737 1.5401 53.1938 -4.1282 -5.8867
Car -1 -1 -4.7653 1133.8879 171.7450 1164.1591 191.7303 1.4817 1.6440 3.9939 41.4723 1.3991 55.6121 -4.1273 -5.8867
Car -1 -1 -5.2007 389.7237 171.7311 421.7599 189.5274 1.6957 1.5367 3.5318 -20.0091 1.5884 70.5560 -5.4763 -5.9631
Car -1 -1 -4.6540 510.6199 178.5474 534.4343 198.3338 1.4262 1.5906 3.6881 -6.6632 1.8746 54.9845 -4.7744 -6.0266
Car -1 -1 -7.8419 229.1565 177.3083 256.1074 204.8368 1.9953 1.7829 4.9928 -28.3851 2.3556 55.7839 -8.3109 -6.1090
Car -1 -1 -5.0187 601.7791 175.9630 631.7830 191.5057 1.3935 1.5834 4.3362 0.5794 1.6958 67.9191 -5.0106 -6.2599
