Car -1 -1 -7.8604 576.3361 172.7170 601.5646 194.4797 1.4190 1.6454 3.7006 -1.4743 1.4097 48.9250 -7.8908 2.7000
Car -1 -1 -7.8834 547.3025 171.8971 569.1056 190.2776 1.4591 1.6707 3.7207 -4.3033 1.3828 59.2121 -7.9559 1.6720
Car -1 -1 -7.9197 471.6335 174.2930 503.0636 201.4539 1.4998 1.5658 3.5734 -7.2042 1.5871 41.9668 -8.0890 -0.4127
Car -1 -1 -4.3767 312.1484 166.2435 377.6259 206.2079 1.9991 1.8541 4.5838 -14.0422 1.6681 38.3967 -4.7254 -1.1219
Car -1 -1 -7.7584 329.9610 171.2506 351.9236 188.0315 1.5532 1.6154 3.6834 -25.6341 1.4045 68.7707 -8.1142 -1.3082
Car -1 -1 -7.4906 349.3185 178.2690 384.6429 197.3289 1.5202 1.6356 3.5796 -20.3276 1.9869 60.4064 -7.8142 -1.9820
Car -1 -1 -6.6621 605.9683 178.4897 713.9816 224.0649 1.4659 1.5709 3.3575 1.6526 1.6691 24.7864 -6.5970 -2.1816
Car -1 -1 -2.6952 622.5335 171.0699 681.5179 194.0027 1.6727 1.6994 4.1044 3.1273 1.5423 54.3619 -2.6384 -2.6289
Car -1 -1 -4.7491 173.5489 183.8155 205.9627 210.4620 1.5102 1.5963 3.8702 -26.0685 2.2195 44.6517 -5.2751 -2.6325
Car -1 -1 -4.9869 330.8147 173.4206 365.9181 195.0022 1.7479 1.6872 4.2637 -22.0939 1.7971 60.7787 -5.3344 -2.6777
Car -1 -1 -4.8535 964.6440 177.7159 993.0900 197.9656 1.6351 1.5822 4.1134 31.3837 2.0642 61.5224 -4.3841 -2.8867
Car -1 -1 -4.4850 268.5768 171.6564 304.9633 195.4640 1.8144 1.7204 4.2277 -25.6077 1.7228 57.2286 -4.9043 -3.1689
Car -1 -1 -4.5222 194.1856 180.4512 238.4665 207.4482 1.5714 1.6920 4.1280 -24.7756 2.0733 45.4715 -5.0189 -3.2791
Car -1 -1 -5.1660 297.7878 173.8113 336.8934 193.2603 1.6765 1.6470 3.9977 -26.1378 1.7641 64.3367 -5.5507 -3.5110
Car -1 -1 -3.0602 230.9362 185.5519 307.7822 213.3958 1.4719 1.6024 3.8145 -19.2477 2.2154 40.8511 -3.4983 -3.6268
Car -1 -1 -4.7629 296.8942 173.9700 320.4611 196.7020 1.7918 1.6197 3.0680 -24.5891 1.8851 58.7769 -5.1578 -3.8239
Car -1 -1 -6.9053 1050.8689 175.5352 1122.9790 200.7155 1.7563 1.7241 4.0484 33.9547 1.9508 51.4753 -6.3252 -4.2798
Car -1 -1 -6.9392 284.1855 178.4557 348.7762 204.0213 1.7624 1.7141 4.2237 -21.5211 2.1909 52.9832 -7.3235 -4.3035
Car -1 -1 -4.3357 436.3659 170.8386 467.3920 188.8941 1.6955 1.6124 3.8939 -15.2786 1.5059 69.8057 -4.5506 -4.3318
Car -1 -1 -4.2203 444.3123 173.5288 503.2072 202.4715 1.4766 1.5884 3.6328 -7.3178 1.5145 38.8745 -4.4055 -4.3584
Car -1 -1 -4.6201 365.3422 173.2886 386.7903 190.0108 1.5144 1.5739 3.6624 -21.8457 1.5559 67.4052 -4.9326 -4.4606
Car -1 -1 -4.6093 207.5450 187.8594 249.6892 218.7462 1.5365 1.6522 4.1717 -21.2829 2.4214 40.3180 -5.0926 -4.4818
Car -1 -1 -7.1753 161.8088 189.6189 248.7712 225.7151 1.3384 1.4566 3.2169 -16.8118 2.0761 30.0516 -7.6819 -4.4949
Car -1 -1 -4.6638 729.9303 179.1982 748.3244 196.2546 1.5936 1.5995 3.9751 12.7288 2.2371 71.1054 -4.4878 -4.5397
Car -1 -1 -6.5565 361.7339 177.3772 411.4190 197.8261 1.6297 1.5316 3.6610 -18.5504 2.0149 59.8637 -6.8561 -4.9870
Car -1 -1 -5.3795 699.8370 178.8796 742.9770 195.7865 1.5687 1.8426 4.4336 10.9042 2.1815 71.0293 -5.2282 -5.0199
Car -1 -1 -3.0708 476.1821 172.9749 537.0099 197.2154 1.7341 1.7285 4.2818 -7.5313 1.7428 52.6410 -3.2126 -5.1270
Car -1 -1 -4.7846 266.0911 180.9814 293.7064 203.0391 1.5049 1.5599 3.9804 -24.2624 2.1245 52.9103 -5.2129 -5.1281
Car -1 -1 -4.5986 490.2305 173.3617 514.8690 190.9715 1.5153 1.7014 4.2635 -9.5722 1.5619 64.3725 -4.7459 -5.2313
Car -1 -1 -4.9479 309.7264 177.8786 345.5863 200.0531 1.7055 1.6889 4.6583 -23.1392 2.1326 58.9753 -5.3206 -5.3711
Car -1 -1 -7.6966 644.7162 168.1870 670.7582 186.8757 1.5395 1.6648 3.6399 4.0660 1.1547 61.3958 -7.6310 -5.3755
Car -1 -1 -4.9229 835.7692 177.6741 865.9423 196.9185 1.5441 1.6388 3.8307 20.2575 1.9639 60.8857 -4.6036 -5.8343
Car -1 -1 -4.9328 1241.0000 168.5855 1241.0000 196.7585 1.4759 1.6398 3.9884 41.4698 1.2519 39.9154 -4.1322 -5.8867
Car -1 -1 -4.8259 1195.0032 172.5356 1235.1060 195.6034 1.5168 1.6513 3.9931 41.4744 1.4956 49.5673 -4.1323 -5.8867
Car -1 -1 -4.7667 1130.2676 171.7785 1160.2040 191.4020 1.4657 1.6363 3.9868 41.4736 1.3850 56.0063 -4.1320 -5.8867
Car -1 -1 -4.8031 1168.8696 172.4052 1204.8508 194.2138 1.5069 1.6517 3.9982 41.4741 1.4756 51.9802 -4.1327 -5.8867
Car -1 -1 -4.8506 1228.4037 175.7191 1241.0000 200.8170 1.5346 1.6763 4.0249 41.4587 1.7284 46.7481 -4.1285 -5.8867
Car -1 -1 -4.9634 1241.0000 167.8853 1241.0000 198.0566 1.4796 1.6391 3.9887 41.4700 1.2357 37.5022 -4.1318 -5.8867
Car -1 -1 -4.6943 521.5690 174.8900 541.2473 193.6368 1.6235 1.6922 3.9613 -7.0722 1.8123 64.9791 -4.8026 -6.2574
