Car -1 -1 -7.7598 586.0087 174.4267 610.0634 192.0887 1.3498 1.5802 3.6293 -0.9489 1.4786 57.3485 -7.7766 1.0960
Car -1 -1 -4.7323 656.7642 175.4099 688.8750 205.6642 1.4720 1.5672 4.1569 3.1861 1.6124 37.5883 -4.6489 -0.9861
Car -1 -1 -4.3778 344.6718 180.1417 387.0302 203.8463 1.5422 1.5783 3.9403 -16.9387 2.0682 50.1362 -4.7023 -1.5503
Car -1 -1 -4.7190 3.6797 196.7953 69.6879 249.7967 1.5212 1.6533 3.9264 -19.5851 2.4055 24.6106 -5.3861 -1.7074
Car -1 -1 -5.0100 328.4961 179.7558 381.6654 208.9630 1.5223 1.6554 4.2796 -14.5204 1.9341 40.8659 -5.3497 -2.5085
Car -1 -1 -7.6879 562.4315 172.9716 585.4747 187.8340 1.3762 1.6069 3.6940 -3.4280 1.3874 68.7702 -7.7378 -2.5250
Car -1 -1 -5.5107 93.6224 178.7552 175.2706 206.2138 1.6260 1.7300 4.1931 -29.3482 2.0000 44.5143 -6.0910 -2.7485
Car -1 -1 -4.6491 505.6898 173.5589 526.5616 190.6033 1.5687 1.7017 4.3914 -8.9440 1.6379 68.8407 -4.7781 -2.7725
Car -1 -1 -7.1402 663.7557 176.1125 727.9417 204.9643 1.5641 1.6335 3.7032 4.9159 1.7591 41.3856 -7.0233 -2.8103
Car -1 -1 -4.6726 365.2238 177.8526 384.2666 194.3983 1.5337 1.6061 3.9698 -22.9117 2.0352 70.2985 -4.9868 -2.9243
Car -1 -1 -4.3192 328.0201 184.9990 367.1304 205.8478 1.4823 1.5666 3.5608 -20.0683 2.4422 55.2294 -4.6665 -3.1201
Car -1 -1 -3.4637 615.5685 174.6687 659.2728 191.4221 1.5915 1.6574 3.9246 2.6405 1.7711 70.1824 -3.4266 -3.6601
Car -1 -1 -4.2279 363.7142 178.6659 414.3864 202.8689 1.5746 1.6532 4.0816 -15.3205 1.9956 50.1400 -4.5233 -3.6657
Car -1 -1 -4.7146 219.1182 191.9848 254.8052 225.1479 1.5868 1.6487 4.2487 -20.4023 2.6913 39.4031 -5.1899 -3.7025
Car -1 -1 -5.5540 368.4344 177.4861 415.0097 196.4125 1.6153 1.5980 3.8650 -19.3489 2.0349 63.8733 -5.8473 -3.8140
Car -1 -1 -4.6867 325.3911 183.6341 354.3786 210.6945 1.7212 1.7695 4.2874 -18.7231 2.5033 50.0533 -5.0433 -3.8786
Car -1 -1 -6.2168 523.6317 174.9615 586.4622 199.2058 1.6739 1.7347 4.3115 -3.8660 1.8248 50.8605 -6.2927 -3.9135
Car -1 -1 -4.5296 290.7923 186.2985 330.2790 212.8155 1.6373 1.7050 4.4500 -20.4258 2.5994 49.2923 -4.9209 -4.4760
Car -1 -1 -4.4128 258.3156 185.3547 310.7421 212.9655 1.5536 1.6825 4.6696 -20.3394 2.3784 45.2086 -4.8337 -4.4920
Car -1 -1 -4.4418 752.3976 181.6306 779.5020 199.3067 1.5918 1.6114 3.6873 14.9123 2.4550 68.9786 -4.2303 -4.4984
Car -1 -1 -5.0067 345.4655 178.2189 377.8434 196.6983 1.5730 1.6775 3.9309 -22.3214 2.0694 64.7145 -5.3379 -4.5725
Car -1 -1 -7.5807 364.0688 177.2686 407.9466 203.0752 1.4835 1.5983 3.7583 -13.6455 1.7642 44.0281 -7.8798 -4.7276
Car -1 -1 -4.7832 363.8106 180.3961 386.8504 199.1793 1.5009 1.5848 4.0806 -20.0855 2.1674 61.6033 -5.0975 -4.8412
Car -1 -1 -4.6276 545.0930 173.4215 563.9255 188.8399 1.4335 1.4985 3.6059 -5.3050 1.4889 69.0251 -4.7044 -4.8609
Car -1 -1 -6.0856 449.1204 175.4918 500.1064 197.0373 1.6420 1.6170 3.6450 -10.5125 1.8496 56.0249 -6.2705 -4.9693
Car -1 -1 -4.8741 647.7800 173.8367 668.9704 189.6757 1.5123 1.5360 3.4536 4.7110 1.6111 70.9088 -4.8084 -5.0500
Car -1 -1 -4.3817 236.1308 184.1570 279.3943 206.3168 1.4944 1.6759 3.8541 -25.7105 2.3517 52.7288 -4.8336 -5.1692
Car -1 -1 -4.9151 364.5335 181.1421 398.6985 200.5410 1.3975 1.6949 4.3652 -17.8775 2.0704 56.2812 -5.2216 -5.2348
Car -1 -1 -4.7521 670.9199 172.6066 696.1286 196.1648 1.6861 1.7008 3.8892 5.4011 1.6681 53.6345 -4.6526 -5.2880
Car -1 -1 -4.5060 577.9653 174.4409 601.3899 190.0261 1.4648 1.5413 3.7697 -1.9690 1.6234 70.2143 -4.5343 -5.5334
Car -1 -1 -5.0895 1171.3849 199.9733 1241.0000 237.9673 1.5755 1.5339 3.7633 28.8004 2.9607 34.8376 -4.4036 -5.6970
Car -1 -1 -4.6922 1057.3337 174.1785 1079.8660 191.4415 1.5029 1.6504 3.9936 41.4764 1.6263 65.2621 -4.1284 -5.8867
Car -1 -1 -4.9439 1241.0000 167.5309 1241.0000 196.4054 1.4647 1.6371 3.9890 41.4685 1.1944 38.7165 -4.1281 -5.8867
Car -1 -1 -4.6700 1035.8031 172.1027 1057.9219 188.0426 1.4663 1.6378 4.0054 41.4701 1.3969 68.4962 -4.1278 -5.8867
Car -1 -1 -4.8486 1228.6052 174.3252 1241.0000 200.0747 1.5838 1.6784 4.0045 41.4734 1.6832 46.7556 -4.1264 -5.8867
Car -1 -1 -4.1867 458.0742 176.2452 507.3724 197.1132 1.3245 1.4786 3.9660 -8.5504 1.5625 48.5993 -4.3603 -5.8947
Car -1 -1 -4.7663 1204.3473 190.7857 1241.0000 222.2233 1.4962 1.5852 3.7146 32.8300 2.5022 38.5338 -4.0650 -5.9954
Car -1 -1 -4.8626 1174.5000 189.5475 1241.0000 224.9956 1.3912 1.7539 4.0866 26.9019 2.1961 32.5995 -4.1777 -6.0501
Car -1 -1 -2.9754 183.6414 185.4409 293.1218 241.0891 1.4019 1.3925 2.4523 -10.1045 1.7627 19.6734 -3.4447 -6.0771
Car -1 -1 -5.9618 0.0000 185.5793 28.6279 299.3041 1.7763 1.8161 4.3696 -13.8931 2.0453 13.4705 -6.7527 -6.0874
Car -1 -1 -4.8241 382.2144 178.9060 411.2097 200.3854 1.6205 1.7426 4.5894 -17.2876 2.1296 58.2721 -5.1116 -6.3211
