Car -1 -1 -7.8124 552.5642 172.0162 573.1431 189.1562 1.4575 1.6491 3.7062 -4.1281 1.3859 63.2259 -7.8777 1.7387
Car -1 -1 -7.8947 578.2375 173.2446 602.6061 193.2162 1.3952 1.6114 3.7298 -1.4824 1.4243 52.3969 -7.9232 1.3616
Car -1 -1 -4.9615 370.6709 175.6828 398.7993 194.6848 1.7090 1.6055 3.8883 -21.1461 1.9818 67.5884 -5.2638 -1.6989
Car -1 -1 -4.8138 278.2335 182.7361 307.6961 205.8902 1.5181 1.5660 3.3578 -22.3437 2.2379 50.7308 -5.2270 -1.7033
Car -1 -1 -4.9178 333.2830 170.3763 361.1945 192.2528 1.9777 1.6855 3.9113 -24.5663 1.7534 67.3360 -5.2666 -1.7407
Car -1 -1 -7.7983 236.1740 183.6917 273.5311 214.7816 1.5139 1.5837 3.5232 -18.8950 2.1195 38.4111 -8.2530 -1.8719
Car -1 -1 -5.7075 689.0239 180.5344 780.3740 216.4312 1.4482 1.5658 3.6960 5.3960 1.8049 31.7166 -5.5411 -2.0459
Car -1 -1 -5.2633 855.8227 178.6776 894.0182 196.9224 1.7197 1.7052 3.9957 26.1855 2.3137 71.4980 -4.9140 -2.1036
Car -1 -1 -2.7125 204.7430 184.1301 289.2938 215.2225 1.4974 1.5929 3.4423 -18.2132 2.0766 36.2243 -3.1757 -2.4596
Car -1 -1 -4.9023 330.0042 178.3999 366.3547 202.9053 1.6203 1.6660 4.0956 -18.5283 2.0279 50.8829 -5.2501 -3.1770
Car -1 -1 -4.1132 613.3490 174.1355 662.1736 195.0304 1.6168 1.6795 4.5527 2.2673 1.7245 58.4463 -4.0751 -3.3386
Car -1 -1 -4.9941 665.7919 176.1676 720.3721 211.2849 1.5486 1.5654 3.7714 3.8298 1.7144 34.1854 -4.8841 -3.3436
Car -1 -1 -4.3167 995.2523 178.9132 1037.6056 198.2196 1.5355 1.6664 4.0598 34.0671 2.0593 60.4935 -3.8063 -3.4274
Car -1 -1 -3.5204 623.9120 177.8709 703.8428 206.6252 1.4443 1.5899 3.8918 2.7933 1.7180 38.0566 -3.4483 -3.4973
Car -1 -1 -4.4873 258.7476 181.4677 306.9792 210.5807 1.6414 1.7274 4.5569 -20.1333 2.2011 44.5064 -4.9102 -3.5985
Car -1 -1 -4.5233 534.9988 171.2826 564.2753 189.7175 1.5909 1.7506 4.7850 -5.3924 1.4550 64.7411 -4.6064 -3.6003
Car -1 -1 -5.3852 838.9130 180.0660 879.5322 196.4578 1.5272 1.6292 4.0327 24.5668 2.2614 71.3109 -5.0551 -3.6302
Car -1 -1 -3.9613 211.5872 179.6543 283.9323 206.8953 1.5737 1.7113 4.0665 -22.5259 2.0179 44.9699 -4.4235 -3.6412
Car -1 -1 -2.9707 70.3554 189.7307 219.6344 238.0629 1.4211 1.6016 3.9080 -15.1955 2.0110 23.7436 -3.5351 -3.8465
Car -1 -1 -4.5088 170.1587 175.8767 210.2726 201.0180 1.6214 1.6005 3.8939 -28.5622 1.8358 49.1386 -5.0332 -4.0014
Car -1 -1 -8.1078 331.0993 178.3158 379.2231 207.8553 1.5567 1.6306 3.9509 -14.5196 1.8818 40.8931 -8.4473 -4.0956
Car -1 -1 -7.7112 390.6962 170.4983 415.1422 189.5621 1.7517 1.6519 4.1711 -19.6363 1.5349 68.4771 -7.9897 -4.1452
Car -1 -1 -7.9930 536.7161 174.3050 568.4030 199.4331 1.6727 1.6866 3.7893 -4.0723 1.7777 50.2996 -8.0737 -4.2970
Car -1 -1 -7.3349 920.7281 179.2785 964.0983 200.6267 1.8724 1.7628 4.2367 30.5884 2.4807 66.4083 -6.9055 -4.5439
Car -1 -1 -7.6257 265.0835 183.7162 310.1601 212.5191 1.4013 1.4613 3.3131 -17.0503 2.0026 38.1980 -8.0433 -4.5549
Car -1 -1 -4.4053 319.3946 173.8832 353.1964 194.6671 1.7020 1.5462 4.0020 -23.2409 1.7921 61.3284 -4.7664 -4.5695
Car -1 -1 -4.5753 604.4963 171.7938 628.4476 189.0866 1.5929 1.7616 3.8931 0.6241 1.4949 68.5160 -4.5665 -4.6096
Car -1 -1 -4.4358 780.7657 186.1839 822.0309 211.1678 1.4541 1.5761 3.8387 12.2676 2.3460 46.2398 -4.1786 -4.7047
Car -1 -1 -4.5219 298.7357 181.2598 336.4020 206.0393 1.6206 1.7270 3.9871 -20.5444 2.2362 50.7504 -4.9050 -5.0274
Car -1 -1 -5.0683 557.9340 173.2848 589.5629 191.3221 1.5735 1.6203 3.8091 -3.3251 1.6133 65.1119 -5.1194 -5.0328
Car -1 -1 -7.9949 1173.8502 190.2635 1218.5334 219.4338 1.7065 1.6505 4.3802 38.2959 2.9023 47.2668 -7.3176 -5.2641
Car -1 -1 -5.2184 678.8120 180.3271 731.2218 206.7139 1.5244 1.6329 3.6962 5.8194 2.0095 44.8459 -5.0908 -5.2934
Car -1 -1 -6.7358 0.0000 183.1572 36.6763 296.3544 1.6067 1.8438 4.5904 -13.6119 1.8296 13.1608 -7.5279 -5.4893
Car -1 -1 -4.7355 515.1343 177.5511 537.0859 197.8144 1.4861 1.5956 3.4864 -6.5179 1.8598 55.6065 -4.8520 -5.5027
Car -1 -1 -5.1930 447.9876 174.3757 502.9965 201.0419 1.7147 1.7739 4.5300 -9.2119 1.8226 48.9901 -5.3782 -5.5129
Car -1 -1 -4.6059 555.4069 174.6469 575.2205 191.1036 1.4988 1.5034 3.4530 -4.1999 1.6715 67.8546 -4.6678 -5.5292
Car -1 -1 -4.6791 762.7471 177.7452 782.2195 194.5922 1.4443 1.5935 3.9334 14.6792 1.9001 65.1828 -4.4590 -5.8020
Car -1 -1 -4.8029 1168.9077 171.7743 1204.7330 193.2578 1.4846 1.6447 3.9909 41.4731 1.4097 51.9820 -4.1325 -5.8867
Car -1 -1 -4.9044 1241.0000 169.0827 1241.0000 195.7100 1.4694 1.6390 3.9884 41.4694 1.2610 41.9337 -4.1283 -5.8867
Car -1 -1 -4.7307 1099.6755 172.0449 1125.3810 190.8618 1.4999 1.6552 4.0027 41.4716 1.4351 59.6368 -4.1256 -5.8867
Car -1 -1 -4.8245 1195.0065 170.7213 1234.8694 193.2834 1.4839 1.6450 3.9879 41.4712 1.3433 49.5724 -4.1310 -5.8867
Car -1 -1 -4.6925 1057.3667 173.6559 1079.8141 190.6981 1.4867 1.6449 3.9925 41.4760 1.5613 65.2630 -4.1286 -5.8867
Car -1 -1 -4.9338 1241.0000 168.5977 1241.0000 197.1145 1.4782 1.6414 3.9907 41.4694 1.2573 39.5197 -4.1283 -5.8867
Car -1 -1 -4.7807 1145.0570 172.1319 1177.2080 192.5952 1.4827 1.6413 3.9878 41.4737 1.4301 54.3966 -4.1322 -5.8867
Car -1 -1 -4.7595 1123.0885 173.0217 1152.2212 192.9025 1.5059 1.6495 3.9888 41.4748 1.5193 56.8105 -4.1316 -5.8867
Car -1 -1 -4.9728 1241.0000 166.3266 1241.0000 197.1279 1.4763 1.6394 3.9916 41.4686 1.1631 36.7004 -4.1306 -5.8867
Car -1 -1 -3.5047 0.0000 189.5697 0.0000 374.0000 1.4936 1.6037 3.9540 -7.0821 1.5980 2.5306 -4.6975 -5.8867
Car -1 -1 -4.7102 1074.8984 173.6956 1098.2368 191.5833 1.5005 1.6507 3.9980 41.4763 1.5759 62.8472 -4.1293 -5.8867
Car -1 -1 -4.7715 263.3025 178.9051 295.3134 206.0986 1.6849 1.6900 4.2042 -22.0463 2.1057 47.9605 -5.2006 -5.9061
Car -1 -1 -4.8790 759.6234 180.4431 782.7535 194.9992 1.3751 1.6905 3.4360 15.9837 2.1481 71.7569 -4.6611 -5.9097
Car -1 -1 -4.9763 272.9815 176.8289 308.8359 199.2561 1.6046 1.5575 3.6893 -24.0356 1.9137 54.2311 -5.3919 -6.0224
Car -1 -1 -5.5406 0.0000 176.6010 21.0749 333.1283 1.6834 1.8988 4.7466 -10.6597 1.7363 9.0242 -6.3941 -6.3771
