Car -1 -1 -7.1626 649.7939 174.6415 709.6422 201.3561 1.5461 1.6386 3.7098 4.2368 1.6592 43.9011 -7.0675 1.1114
Car -1 -1 -7.8576 583.5330 170.4911 603.9020 187.8217 1.3936 1.6382 3.6181 -1.3849 1.2033 59.8504 -7.8809 -0.2793
Car -1 -1 -4.7144 645.8911 171.2080 672.0980 196.9793 1.6649 1.6911 4.4405 3.2765 1.5583 48.8833 -4.6483 -2.0065
Car -1 -1 -7.5990 335.0866 175.6304 384.0261 204.7729 1.5127 1.6041 3.9505 -13.8083 1.6737 39.8718 -7.9306 -2.1578
Car -1 -1 -4.7668 362.5229 174.1826 385.1042 192.3156 1.6054 1.7546 4.1067 -21.7943 1.7315 66.4383 -5.0829 -2.4596
Car -1 -1 -4.1933 280.5469 178.5313 340.0655 205.4255 1.5432 1.6178 3.9688 -18.3781 1.9081 44.3474 -4.5844 -2.5061
Car -1 -1 -6.3121 423.9586 177.1107 498.9412 203.5115 1.6062 1.7191 4.5688 -9.4412 1.8835 45.6983 -6.5151 -2.7676
Car -1 -1 -4.6224 667.1674 172.2609 694.0229 193.8484 1.6158 1.7397 3.8895 5.4913 1.5711 56.0782 -4.5256 -2.9999
Car -1 -1 -4.1301 610.4819 174.4495 657.6889 196.2755 1.5993 1.6157 4.1309 1.8588 1.7262 55.3398 -4.0971 -3.0776
Car -1 -1 -2.6772 587.4600 173.2563 665.6609 202.5394 1.4876 1.5918 3.8432 0.8298 1.5096 38.3004 -2.6561 -3.1552
Car -1 -1 -6.8261 206.5913 187.4958 297.9919 218.1524 1.4305 1.5981 4.0510 -18.7206 2.2415 37.8454 -7.2829 -3.1686
Car -1 -1 -4.4764 410.8781 169.7419 444.9935 191.8355 1.6318 1.6640 3.9072 -13.9244 1.4017 55.2548 -4.7224 -3.2154
Car -1 -1 -4.5560 172.0730 183.8306 226.4197 219.9783 1.5376 1.6105 4.0861 -19.4393 2.0913 34.2202 -5.0696 -3.3417
Car -1 -1 -7.9426 558.3880 172.0916 579.1486 188.4825 1.5756 1.6972 4.0417 -4.1302 1.5020 71.4809 -8.0004 -3.4407
Car -1 -1 -4.8462 353.8699 178.3006 384.9567 201.1671 1.7122 1.7836 4.3539 -19.2308 2.1636 57.4926 -5.1679 -3.4556
Car -1 -1 -3.3045 1175.1543 189.0559 1241.0000 214.5589 1.4498 1.5993 3.7586 37.5144 2.4911 44.7450 -2.6106 -3.5720
Car -1 -1 -4.8154 777.6124 183.1923 806.5892 206.0006 1.4816 1.5685 3.9116 12.7416 2.2381 50.7722 -4.5715 -3.7468
Car -1 -1 -5.0080 344.6316 181.0572 378.9842 200.0368 1.5218 1.6257 4.2315 -21.3593 2.2506 61.9390 -5.3391 -3.8070
Car -1 -1 -4.9215 544.6172 173.2365 572.1310 191.2049 1.5189 1.6326 3.8543 -4.5736 1.5532 63.1599 -4.9938 -4.0029
Car -1 -1 -8.1833 371.5684 177.7482 408.1458 199.1791 1.5975 1.6255 3.7405 -17.3492 1.9952 56.6867 -8.4793 -4.0232
Car -1 -1 -7.7306 137.8201 184.1831 190.6849 220.2281 1.4984 1.6075 3.8444 -20.5902 2.0550 33.3856 -8.2799 -4.0539
Car -1 -1 -4.4377 444.2870 172.8345 472.7716 190.5890 1.5846 1.6285 3.6621 -13.9009 1.5826 66.2807 -4.6439 -4.1046
Car -1 -1 -4.1683 666.9518 174.4223 705.9133 192.4913 1.5890 1.6439 4.1321 6.9971 1.7368 65.9678 -4.0634 -4.1193
Car -1 -1 -5.1505 587.0732 173.0622 624.3260 191.8541 1.6210 1.6929 4.2295 -0.4474 1.6400 64.5627 -5.1578 -4.4565
Car -1 -1 -3.2554 1013.6574 184.3773 1073.2379 206.7239 1.6333 1.6639 3.7828 33.4629 2.5496 55.8561 -2.7184 -4.5198
Car -1 -1 -6.3891 614.3632 172.5308 662.6537 191.3506 1.6430 1.6894 4.1203 2.4810 1.6145 63.9739 -6.3509 -4.6097
Car -1 -1 -4.4280 48.8391 189.7353 120.3782 227.7567 1.3831 1.4931 3.3260 -21.5636 2.1196 29.6772 -5.0523 -4.6320
Car -1 -1 -3.5794 691.7694 178.2882 736.6075 193.8352 1.4647 1.6159 4.0167 10.1238 2.0040 70.2840 -3.4374 -4.6344
Car -1 -1 -4.5232 493.9655 174.1744 519.9175 192.0148 1.4695 1.5214 3.7232 -8.7914 1.5854 61.6088 -4.6647 -4.6410
Car -1 -1 -4.1361 313.4389 180.7029 358.3004 199.2056 1.4795 1.6572 4.0223 -23.3920 2.1731 61.6519 -4.4976 -4.6609
Car -1 -1 -3.2282 529.8165 172.7108 590.2361 196.8569 1.7285 1.8655 4.2719 -3.7188 1.7180 52.9066 -3.2985 -5.1006
Car -1 -1 -2.2611 214.4158 184.3271 298.0189 216.4255 1.7507 1.8544 4.6974 -20.8650 2.4545 42.4653 -2.7156 -5.3289
Car -1 -1 -3.0520 333.2532 178.6908 394.1343 199.9787 1.5676 1.5683 4.2757 -18.7817 2.0232 55.0925 -3.3794 -5.5511
Car -1 -1 -4.5494 269.7056 177.0311 303.2169 197.1648 1.4135 1.5892 4.3903 -24.1640 1.7389 53.9444 -4.9689 -5.7005
Car -1 -1 -6.4718 561.2971 173.5350 609.6119 191.7668 1.5280 1.7327 3.8811 -2.1420 1.5872 61.8403 -6.5066 -5.7687
Car -1 -1 -4.8615 1162.6688 184.3000 1202.9370 208.5819 1.6277 1.7263 3.8192 41.5271 2.4921 52.4215 -4.1947 -5.8104
Car -1 -1 -4.6939 730.3255 178.3147 746.5310 193.8236 1.4567 1.5104 3.7247 12.6614 2.0097 71.1335 -4.5188 -5.8794
Car -1 -1 -4.9346 1241.0000 168.9545 1241.0000 197.6552 1.4876 1.6449 3.9948 41.4705 1.2852 39.5176 -4.1290 -5.8867
Car -1 -1 -4.6734 1040.8219 175.9836 1063.6801 193.7235 1.5928 1.6833 4.0096 41.4777 1.8953 67.6742 -4.1258 -5.8867
Car -1 -1 -4.9640 1241.0000 167.1186 1241.0000 197.7681 1.4862 1.6440 3.9955 41.4687 1.2078 37.1080 -4.1273 -5.8867
Car -1 -1 -4.6692 1074.6156 175.5666 1101.5372 197.7743 1.8299 1.7729 3.9710 41.1444 2.0711 62.1032 -4.0866 -5.9804
Car -1 -1 -4.7548 309.3098 177.7134 338.4067 204.2996 1.8012 1.7663 4.5159 -20.7622 2.1687 52.1913 -5.1320 -6.0014
Car -1 -1 -4.3226 706.1119 178.6399 741.5828 198.6883 1.5542 1.5361 3.8318 9.3368 2.0445 59.1463 -4.1672 -6.1515
Car -1 -1 -5.2184 805.8650 180.0075 842.7301 195.1644 1.4052 1.7610 3.9840 21.0369 2.1304 71.0450 -4.9321 -6.2229
Car -1 -1 -4.6918 645.4311 171.9699 663.0729 189.3074 1.5890 1.5863 4.0180 4.1856 1.5077 68.1956 -4.6311 -6.3263
Car -1 -1 -5.5694 0.0000 184.2732 10.3346 340.8499 1.6505 1.8247 4.5396 -10.6770 1.8121 9.0073 -6.4246 -6.4896
