Car -1 -1 -7.8850 581.7589 178.4019 615.0859 205.4360 1.2673 1.5594 3.6466 -0.6659 1.5616 36.4480 -7.9037 4.9262
Car -1 -1 -7.7422 539.0988 176.6578 571.7965 201.1497 1.4148 1.6051 3.5618 -3.3262 1.6563 44.0516 -7.8176 3.9036
Car -1 -1 -4.5572 781.1160 179.3025 822.3408 208.8486 1.4927 1.6084 3.8865 10.4927 1.8640 39.4739 -4.2998 0.2890
Car -1 -1 -4.5149 0.0000 183.2284 47.5675 228.6870 1.5474 1.6515 4.3801 -23.3207 1.9822 27.9398 -5.2059 -1.6294
Car -1 -1 -4.2983 146.4095 192.6698 215.9635 224.1893 1.3711 1.5368 3.8807 -21.3031 2.4133 35.9414 -4.8304 -1.8276
Car -1 -1 -4.6432 767.4734 181.2804 795.8251 206.1242 1.6177 1.6702 4.0187 12.0435 2.2338 50.6189 -4.4115 -2.1303
Car -1 -1 -5.2052 674.8440 177.4097 729.8107 202.9261 1.4741 1.6142 4.1051 5.6202 1.7698 44.6774 -5.0813 -2.5579
Car -1 -1 -4.7243 578.8614 174.4169 610.2954 203.2921 1.4942 1.6379 4.2967 -0.9181 1.5847 39.7484 -4.7477 -2.8335
Car -1 -1 -4.6008 0.0000 170.6245 20.6138 201.5711 1.6336 1.7929 4.2538 -34.4083 1.5156 40.3539 -5.3037 -2.8805
Car -1 -1 -5.8015 1029.5952 182.4307 1116.3527 213.4716 1.6859 1.6603 3.9997 27.2575 2.2803 42.6599 -5.2366 -3.1720
Car -1 -1 -5.4189 0.0000 194.0171 112.2655 237.9259 1.4728 1.6029 3.8038 -20.6312 2.2846 26.5122 -6.0754 -3.3267
Car -1 -1 -4.8820 520.8632 177.6731 548.1412 196.5297 1.5288 1.6591 4.0415 -6.5211 1.9556 61.7783 -4.9871 -3.5436
Car -1 -1 -5.4986 320.6349 178.0046 385.0871 203.7134 1.6436 1.6758 4.0853 -17.2925 2.0006 48.4168 -5.8402 -3.7128
Car -1 -1 -3.1083 976.2308 181.5607 1043.0159 210.0026 1.6231 1.6076 3.4847 24.1654 2.1694 43.7225 -2.6068 -3.7500
Car -1 -1 -4.8112 1124.1783 191.8017 1164.6384 220.3149 1.4703 1.5033 3.7302 30.8942 2.6208 41.8369 -4.1791 -3.7908
Car -1 -1 -4.7625 252.5350 179.5213 275.2090 198.7111 1.6113 1.6262 3.8857 -30.8107 2.2230 64.1368 -5.2090 -3.8902
Car -1 -1 -4.8354 1177.5243 174.6163 1224.4785 203.6640 1.7250 1.7773 4.0415 36.9983 1.8407 45.2992 -4.1541 -4.0197
Car -1 -1 -4.0611 892.2753 186.2905 940.5361 206.5489 1.4629 1.6540 3.5057 23.6735 2.5313 55.8013 -3.6623 -4.0866
Car -1 -1 -7.1734 7.2215 189.2838 106.1578 226.8257 1.5597 1.5799 3.8506 -25.7028 2.3697 33.6330 -7.8223 -4.1003
Car -1 -1 -4.6149 252.8135 187.2519 279.2329 207.4854 1.5611 1.6135 4.2205 -29.1324 2.8260 61.1438 -5.0581 -4.2349
Car -1 -1 -3.5899 1177.8123 178.1466 1241.0000 209.8920 1.5959 1.6420 3.6191 32.3457 1.8831 37.9384 -2.8881 -4.2671
Car -1 -1 -4.2518 310.2988 178.5032 355.5113 199.3692 1.4983 1.5987 4.0105 -21.0927 1.9449 55.0062 -4.6167 -4.3945
Car -1 -1 -8.7062 660.3738 176.0119 746.4278 209.7949 1.5306 1.6543 4.0658 4.4510 1.6932 35.1449 -8.5818 -4.7781
Car -1 -1 -4.7342 720.0903 178.4248 754.8094 210.2029 1.4557 1.5937 4.0166 6.2494 1.7488 35.8945 -4.5637 -4.8357
Car -1 -1 -4.9115 664.2063 174.8759 702.9925 199.4435 1.4179 1.5855 3.9841 4.4062 1.5468 44.0436 -4.8129 -4.8425
Car -1 -1 -4.0768 1200.4451 174.6300 1241.0000 198.4462 1.4373 1.7820 3.7049 39.1802 1.5509 45.0127 -3.3641 -4.8963
Car -1 -1 -7.7267 0.0000 176.5339 46.6764 211.7700 1.7835 1.6843 3.9565 -31.8910 1.9934 39.0903 -8.4079 -4.9145
Car -1 -1 -2.0121 0.0000 186.2392 12.6128 224.6344 1.5145 1.6750 3.7801 -27.8230 2.1178 31.0266 -2.7389 -4.9484
Car -1 -1 -4.7316 313.3623 178.4646 339.3707 201.1208 1.4783 1.6098 3.6038 -19.7227 1.8824 50.0303 -5.1056 -4.9931
Car -1 -1 -5.2745 596.2256 179.0322 642.0659 200.2515 1.4779 1.5834 3.8528 0.6098 1.9533 53.5059 -5.2636 -5.0385
Car -1 -1 -3.0529 686.9818 175.8185 755.5401 200.4500 1.5212 1.6552 4.2091 7.1011 1.7160 46.1781 -2.9017 -5.0540
Car -1 -1 -8.5185 970.7603 181.8007 1032.4402 209.4359 1.5000 1.5496 3.1129 22.6494 2.0400 41.9099 -8.0265 -5.1267
Car -1 -1 -8.0326 238.4510 176.9896 272.1234 205.1370 2.1620 1.7421 4.0840 -28.6722 2.5077 58.2158 -8.4887 -5.2901
Car -1 -1 -4.9221 738.0112 177.6573 763.8483 195.5781 1.6237 1.5747 4.1298 13.3354 2.0937 68.5670 -4.7312 -5.6181
Car -1 -1 -4.0114 630.6712 173.2102 687.4649 198.1601 1.5107 1.5115 3.7682 3.1009 1.5339 45.6228 -3.9444 -5.8059
Car -1 -1 -7.5320 0.8561 163.7237 66.0510 193.8955 1.7385 1.7266 4.6080 -35.1108 1.2121 44.0356 -8.2023 -5.8820
Car -1 -1 -4.9677 1133.4030 173.5185 1184.3438 197.8320 1.4990 1.6428 4.0399 35.4787 1.5438 46.7849 -4.3222 -5.8867
Car -1 -1 -4.9050 1241.0000 169.0368 1241.0000 195.7508 1.4741 1.6397 3.9917 41.4705 1.2632 41.9326 -4.1288 -5.8867
Car -1 -1 -4.8429 1218.8051 170.6666 1241.0000 194.1488 1.4790 1.6415 3.9934 41.4740 1.3409 47.5644 -4.1291 -5.8867
Car -1 -1 -4.8183 1190.5640 170.7440 1229.4288 192.8360 1.4654 1.6394 3.9905 41.4710 1.3252 49.9784 -4.1288 -5.8867
Car -1 -1 -4.8700 1241.0000 172.3956 1241.0000 197.2179 1.4786 1.6542 4.0138 41.3770 1.4510 45.1107 -4.1313 -5.8867
Car -1 -1 -6.0692 446.1183 173.0417 493.4446 192.0432 1.7701 1.6489 4.1296 -13.2300 1.7878 68.1046 -6.2606 -6.0909
Car -1 -1 -8.2113 863.6074 179.9668 1016.6363 265.0255 1.6375 1.6877 4.3374 7.2484 1.8213 16.4682 -7.8042 -6.2981
