Car -1 -1 -7.7696 515.1532 179.2203 556.0582 209.8661 1.3431 1.6375 3.4512 -3.5065 1.6589 34.0859 -7.8718 6.2668
Car -1 -1 -7.8292 576.3742 182.0010 621.7560 219.9667 1.2827 1.5881 3.5584 -0.4137 1.6477 27.0252 -7.8451 4.4961
Car -1 -1 -4.4696 327.2989 179.6384 383.3654 212.6418 1.4312 1.5928 3.9484 -12.0219 1.7714 34.1685 -4.8058 3.5370
Car -1 -1 -5.1382 419.5941 176.1785 458.3540 195.5689 1.5226 1.5939 4.0033 -14.1443 1.8058 59.4400 -5.3711 -1.3262
Car -1 -1 -5.1021 1002.4460 176.8135 1071.9861 210.3996 1.5658 1.6192 3.8911 21.2708 1.7752 36.1584 -4.5744 -1.5802
Car -1 -1 -5.6879 38.3265 179.6975 140.5860 212.3331 1.5769 1.6396 3.9056 -26.0222 1.9273 36.0999 -6.3092 -1.7339
Car -1 -1 -4.4565 443.0710 176.9640 476.4139 195.8155 1.5093 1.7652 4.1149 -12.6367 1.8672 60.7840 -4.6609 -2.2921
Car -1 -1 -2.0894 101.9735 183.0699 175.5941 212.9180 1.5448 1.6687 4.0046 -26.2598 2.1363 40.1383 -2.6659 -2.8655
Car -1 -1 -3.9941 0.0000 186.4732 114.2718 231.5059 1.5248 1.5979 3.8085 -21.1782 2.0817 27.5671 -4.6446 -3.1483
Car -1 -1 -4.6096 414.2896 174.7969 440.0353 194.7927 1.6526 1.7191 4.3378 -15.7815 1.8263 62.3440 -4.8568 -3.1546
Car -1 -1 -6.3970 537.6901 176.8974 590.7259 195.1882 1.5502 1.6252 4.4552 -4.0290 1.9089 62.8745 -6.4611 -3.6409
Car -1 -1 -4.2210 66.2329 187.3067 133.8093 217.5462 1.6748 1.7503 3.8276 -30.9584 2.5937 43.8840 -4.8327 -3.7434
Car -1 -1 -4.5078 162.1205 180.0342 210.6901 210.5493 1.6205 1.6472 3.8414 -24.2603 2.0527 41.3808 -5.0354 -3.7694
Car -1 -1 -3.8580 520.2546 178.3902 578.4266 201.1967 1.5888 1.8516 4.0769 -4.4855 2.0143 53.3949 -3.9418 -4.3480
Car -1 -1 -4.7219 423.9589 176.8133 441.9753 193.8865 1.4967 1.5610 3.6736 -16.2657 1.8701 66.1385 -4.9624 -4.3590
Car -1 -1 -4.2460 420.5054 178.2186 453.6524 193.7444 1.4538 1.5927 3.8979 -17.0141 1.9974 71.0798 -4.4804 -4.4427
Car -1 -1 -4.8799 629.0458 179.0461 651.2670 195.7834 1.4500 1.4755 3.3368 2.6934 2.0272 65.5498 -4.8394 -4.4611
Car -1 -1 -7.6979 839.6904 176.4611 870.0398 199.2129 1.6111 1.5960 3.6790 18.2301 1.8893 53.7264 -7.3728 -4.4822
Car -1 -1 -6.9875 176.3452 179.9155 246.2885 205.5819 1.4902 1.5454 3.6941 -24.8262 1.9498 44.9950 -7.4894 -4.5264
Car -1 -1 -4.7051 412.5814 179.1564 429.7252 194.6755 1.4487 1.5909 3.7864 -18.5940 2.0866 71.0349 -4.9605 -4.5783
Car -1 -1 -4.6092 507.4980 176.8689 533.6120 198.1622 1.6108 1.6747 3.7929 -7.0857 1.9396 57.2187 -4.7323 -4.6216
Car -1 -1 -7.4313 242.0954 175.5477 314.8828 212.5327 1.5723 1.5850 3.7942 -15.0394 1.7017 32.8505 -7.8579 -4.6250
Car -1 -1 -7.1575 0.9850 179.1160 157.5143 236.7062 1.5047 1.6976 3.7148 -15.4359 1.7048 21.1818 -7.7814 -4.6438
Car -1 -1 -2.4783 399.6816 176.8253 461.8340 200.4644 1.6371 1.6226 4.2617 -12.9829 1.9325 52.1183 -2.7216 -4.6586
Car -1 -1 -7.8847 578.6694 174.9422 623.6916 217.2236 1.6504 1.7558 4.4429 -0.4860 1.7454 30.6487 -7.9011 -4.7498
Car -1 -1 -4.6352 439.7589 176.5172 467.1285 200.3357 1.5541 1.5481 3.8744 -10.7827 1.8166 49.7258 -4.8479 -4.7515
Car -1 -1 -7.5096 307.9414 176.4787 342.6993 197.2762 1.7842 1.6655 3.9208 -25.4527 2.1182 64.5749 -7.8840 -4.8153
Car -1 -1 -4.5665 631.8288 179.4032 657.0519 199.3735 1.4864 1.5041 3.4149 2.7065 2.0174 56.7180 -4.5195 -4.8251
Car -1 -1 -4.3515 106.6917 188.1519 158.3848 213.9826 1.4755 1.6029 3.3861 -29.8846 2.4725 45.2082 -4.9331 -4.8456
Car -1 -1 -4.7518 90.1693 182.0312 139.0967 221.5265 1.5442 1.6008 3.5614 -21.3611 1.9625 31.0040 -5.3513 -5.1466
Car -1 -1 -2.4893 0.0000 185.0145 4.6871 326.8460 1.4265 1.5650 3.9989 -10.0583 1.5907 8.6101 -3.3366 -5.2841
Car -1 -1 -1.7664 0.0000 179.3357 0.0000 291.8884 1.4401 1.6662 3.6362 -11.2250 1.5553 11.1415 -2.5435 -5.3267
Car -1 -1 -1.9324 139.9684 178.3629 203.0016 206.6357 1.6334 1.7631 4.7825 -27.2341 1.9909 44.6979 -2.4772 -5.3547
Car -1 -1 -4.2081 649.5012 176.7206 701.2006 200.7857 1.4655 1.5616 4.0826 4.2458 1.7272 46.7527 -4.1185 -5.4391
Car -1 -1 -5.2208 173.7106 175.3633 231.0902 202.7652 1.7347 1.6691 3.7952 -26.9851 1.9061 47.6913 -5.7336 -5.4691
Car -1 -1 -8.0833 588.2007 176.4209 632.9087 203.2828 1.3966 1.6730 3.7004 -0.0568 1.6041 40.0366 -8.0852 -5.4795
Car -1 -1 -6.5587 168.8106 175.4805 258.5948 208.1624 1.7325 1.6167 4.1472 -22.2837 1.8873 40.6028 -7.0581 -5.5053
Car -1 -1 -4.6081 96.7598 186.2862 138.5152 216.1102 1.5976 1.6569 3.5460 -28.8886 2.4223 42.3647 -5.2039 -5.5119
Car -1 -1 -4.7904 167.4672 181.1413 225.9686 220.7770 1.4366 1.7383 4.3458 -16.9330 1.8001 29.3930 -5.3094 -5.5275
Car -1 -1 -3.3384 117.4424 183.1564 223.2996 214.7322 1.3957 1.6925 4.1696 -21.4605 1.9277 35.2493 -3.8822 -5.5341
Car -1 -1 -4.2431 472.7199 173.3819 523.0490 199.4240 1.8497 1.7831 4.6885 -8.3294 1.8906 53.8546 -4.3962 -5.6321
Car -1 -1 -5.0910 583.3249 176.1718 633.9318 199.5081 1.4039 1.6866 4.5584 -0.1853 1.6287 46.5270 -5.0954 -5.6500
Car -1 -1 -5.0389 561.8268 176.2974 623.8542 210.2249 1.6205 1.8139 4.6305 -1.0099 1.8108 37.4545 -5.0662 -5.6895
Car -1 -1 -2.1537 0.0000 192.3660 24.8857 374.0000 1.4369 1.5744 4.0382 -5.9966 1.5712 4.0978 -3.0943 -5.6995
Car -1 -1 -4.0497 634.3776 174.4442 686.3773 198.0441 1.5224 1.5190 3.7493 3.4001 1.6336 48.7040 -3.9808 -5.7553
Car -1 -1 -4.3467 369.8186 176.4341 410.7375 197.4762 1.4619 1.6668 3.6266 -16.0085 1.7321 52.6340 -4.6408 -5.7946
Car -1 -1 -5.3783 649.0150 177.0564 698.5451 197.5793 1.6083 1.6196 4.5517 5.2150 1.9703 59.8535 -5.2922 -5.8106
Car -1 -1 -4.6437 458.4301 175.7227 487.4504 197.6361 1.3764 1.6177 4.1181 -9.1114 1.5755 48.0196 -4.8306 -5.8308
Car -1 -1 -6.7855 0.0000 0.0000 1241.0000 374.0000 1.5430 1.5871 3.8030 -2.9051 1.6399 1.0050 -7.9391 -5.8867
Car -1 -1 -4.1125 37.8734 186.6146 112.1331 213.6289 1.5057 1.6608 4.0563 -32.8253 2.3907 44.3661 -4.7468 -5.8867
Car -1 -1 -7.3172 149.4465 0.0000 1241.0000 374.0000 1.5397 1.5897 3.8050 -0.9084 1.5979 0.9971 -7.9398 -5.8867
Car -1 -1 -8.9992 0.0000 0.0000 1241.0000 374.0000 1.5406 1.5899 3.8055 2.3076 1.5667 0.9967 -7.9398 -5.8867
Car -1 -1 -8.4289 0.0000 0.0000 948.5634 374.0000 1.5408 1.5905 3.8056 0.6996 1.5833 0.9968 -7.9398 -5.8867
Car -1 -1 -5.8847 1241.0000 167.9474 1241.0000 374.0000 1.5090 1.6074 3.9598 6.9790 1.5051 2.5214 -4.6976 -5.8867
Car -1 -1 -3.4681 0.0000 189.2730 0.0000 374.0000 1.5103 1.6085 3.9571 -7.8850 1.6128 2.5304 -4.6962 -5.8867
Car -1 -1 -5.9098 0.0000 0.0000 1241.0000 374.0000 1.5103 1.6083 3.9615 5.3709 1.5152 1.7175 -4.6976 -5.8867
Car -1 -1 -4.6453 342.1502 179.3596 376.0977 204.4360 1.3985 1.6546 4.2512 -15.1712 1.8125 43.6848 -4.9780 -5.9373
Car -1 -1 -3.0397 309.8069 179.3548 385.2578 209.7188 1.5044 1.5486 3.5377 -13.5941 1.8519 37.4325 -3.3861 -5.9662
Car -1 -1 -4.2606 195.2634 177.7099 265.5245 205.9934 1.4228 1.6616 4.2933 -20.5620 1.7010 39.2114 -4.7410 -5.9956
Car -1 -1 -4.7503 701.5576 177.3780 727.0798 198.5344 1.4023 1.6090 4.3469 7.3073 1.7361 51.0314 -4.6093 -6.1230
Car -1 -1 -4.2876 0.0000 181.9241 0.0000 284.7058 1.4264 1.6595 4.4864 -13.9723 1.6174 12.8255 -5.1054 -6.2813
Car -1 -1 -4.8582 701.5974 179.9249 725.4606 195.4769 1.3867 1.6512 4.0644 9.7350 2.0749 68.2239 -4.7175 -6.5162
