Car -1 -1 -4.4240 340.8629 181.8262 428.7481 232.3533 1.4476 1.6643 3.8610 -7.2015 1.7612 23.2985 -4.7211 5.6464
Car -1 -1 -7.8031 163.0444 185.2892 196.0508 213.0088 1.6422 1.6318 3.9326 -27.8854 2.4844 46.7673 -8.3385 0.4659
Car -1 -1 -7.4958 313.9189 181.0901 372.5151 211.5070 1.5015 1.6427 4.0036 -14.2707 1.9659 38.7113 -7.8471 -1.2997
Car -1 -1 -5.0813 984.2880 180.6848 1022.8722 198.2617 1.5055 1.6812 4.2000 35.8895 2.2446 65.9425 -4.5852 -1.7322
Car -1 -1 -4.1954 15.9384 172.6446 86.2013 201.2229 1.7162 1.6856 4.1030 -35.1589 1.7033 45.4781 -4.8509 -2.2081
Car -1 -1 -4.4585 626.5049 177.9899 664.6650 201.8328 1.4671 1.5821 3.8837 2.3465 1.8189 47.3857 -4.4098 -2.2411
Car -1 -1 -8.4441 797.1908 189.6291 868.9927 222.1003 1.5106 1.6498 3.9892 11.6072 2.4422 37.9351 -8.1501 -2.3317
Car -1 -1 -2.0081 326.1981 176.6170 404.3694 215.3287 1.5307 1.6222 4.0183 -10.5822 1.7022 30.9319 -2.3355 -2.6009
Car -1 -1 -4.5312 1056.6157 182.6841 1087.4064 201.7456 1.5969 1.6811 3.7147 41.2131 2.4999 64.3732 -3.9643 -3.0335
Car -1 -1 -7.6327 195.8522 181.0085 244.5138 211.5708 1.5455 1.5609 3.7186 -21.3401 2.0148 39.5544 -8.1249 -3.4531
Car -1 -1 -4.7847 650.4873 180.0717 673.5945 199.1046 1.4960 1.6296 4.0066 4.2872 2.1183 60.2372 -4.7145 -3.5117
Car -1 -1 -4.8537 631.2281 174.4630 652.1619 191.3637 1.6043 1.5594 3.5426 3.0614 1.7657 70.6813 -4.8110 -3.7840
Car -1 -1 -3.5749 584.7562 177.1771 647.9054 201.3088 1.4482 1.5613 3.6450 0.3647 1.7280 45.2881 -3.5674 -3.8920
Car -1 -1 -3.8154 0.0000 202.0133 89.6982 234.1478 1.4849 1.6473 3.9854 -30.9244 3.1602 39.3344 -4.4785 -3.9896
Car -1 -1 -6.0960 612.5214 175.2104 659.9168 195.4621 1.6853 1.6784 3.7969 2.2259 1.8901 61.5706 -6.0604 -4.0873
Car -1 -1 -7.6352 347.1624 178.0549 419.4107 225.2115 1.5705 1.7148 3.8846 -8.2654 1.7756 26.4788 -7.9353 -4.1507
Car -1 -1 -4.3226 615.6796 174.3340 657.9169 197.8293 1.7157 1.6888 4.4174 2.0758 1.8337 55.3453 -4.2858 -4.3068
Car -1 -1 -4.6908 622.5812 173.7066 641.5587 192.0131 1.6406 1.6748 4.2679 2.0568 1.7221 67.0404 -4.6606 -4.3333
Car -1 -1 -7.9413 183.6029 180.3112 224.6371 212.8439 1.7221 1.7253 3.7123 -23.2089 2.1679 41.1400 -8.4524 -4.3971
Car -1 -1 -7.9635 578.1426 172.9575 600.8870 190.2188 1.5303 1.6111 4.3936 -1.9360 1.5398 66.2820 -7.9929 -4.4885
Car -1 -1 -5.2887 635.3203 177.4925 674.2211 195.0349 1.5614 1.6366 4.1466 4.1358 2.0099 67.5980 -5.2282 -4.5331
Car -1 -1 -5.0387 512.8221 175.2071 549.1990 198.5687 1.6452 1.5524 3.7205 -5.8916 1.8251 53.2335 -5.1488 -4.5470
Car -1 -1 -4.9485 334.1267 185.6028 367.5849 208.0155 1.5419 1.5404 3.6310 -19.3727 2.5263 53.7873 -5.2930 -4.5717
Car -1 -1 -4.6740 365.6585 176.1164 402.0955 205.9428 1.4591 1.6656 4.2875 -11.9164 1.6413 38.0841 -4.9756 -4.6716
Car -1 -1 -8.0645 627.0702 176.3928 670.8427 204.9382 1.4684 1.5960 3.9814 2.0513 1.6733 39.7289 -8.0138 -4.7114
Car -1 -1 -4.7282 375.7003 179.0773 422.5144 218.4385 1.5867 1.8781 4.6103 -9.5291 1.8869 32.3508 -5.0129 -4.7488
Car -1 -1 -5.3695 1153.9834 196.2298 1241.0000 230.3028 1.4213 1.6138 4.4053 29.0532 2.6390 35.3708 -4.6866 -4.7867
Car -1 -1 -7.5500 652.8165 170.5391 694.6364 200.4240 2.1164 1.7860 4.6581 4.7564 1.9522 53.5923 -7.4624 -4.8844
Car -1 -1 -4.9999 528.6381 176.0585 563.5066 195.9524 1.4320 1.5830 3.9182 -4.9149 1.6842 54.7317 -5.0894 -4.9897
Car -1 -1 -5.1479 671.2267 178.8804 706.3616 194.9232 1.4868 1.7692 4.3207 7.6863 2.0985 70.9500 -5.0409 -5.3004
Car -1 -1 -6.0992 67.0922 182.7533 138.8484 211.1964 1.6580 1.5387 3.3899 -31.1902 2.2866 44.4350 -6.7086 -5.4097
Car -1 -1 -5.0631 1181.6854 194.4628 1241.0000 225.0161 1.5755 1.5889 3.7509 35.0687 2.8974 42.1153 -4.3729 -5.4250
Car -1 -1 -4.4822 288.3582 178.6668 341.5168 209.9175 1.5577 1.7548 4.1137 -15.8824 1.8886 38.9398 -4.8674 -5.5341
Car -1 -1 -8.0431 1112.9988 192.8473 1158.7362 219.2209 1.4705 1.5930 4.0041 33.1618 2.7945 45.6416 -7.4184 -5.6384
Car -1 -1 -7.5784 0.0000 186.2984 31.8192 296.4789 1.6475 1.8856 4.3859 -12.8400 1.9479 13.7535 -8.3198 -5.7045
Car -1 -1 -5.0121 315.8097 182.7983 346.9792 199.3544 1.4502 1.5739 4.1728 -26.2557 2.4147 67.8796 -5.3801 -5.7574
Car -1 -1 -4.8203 1163.9512 189.6980 1215.6886 221.3607 1.5263 1.7134 4.4949 31.7378 2.5066 39.6475 -4.1495 -5.7847
Car -1 -1 -4.9635 1241.0000 166.8851 1241.0000 197.6248 1.4906 1.6469 3.9983 41.4681 1.2008 37.1088 -4.1268 -5.8867
Car -1 -1 -4.8952 1241.0000 168.5696 1241.0000 194.3735 1.4529 1.6354 3.9869 41.4684 1.2113 42.7390 -4.1285 -5.8867
Car -1 -1 -4.9341 1241.0000 168.6912 1241.0000 197.1997 1.4778 1.6421 3.9909 41.4694 1.2617 39.5191 -4.1286 -5.8867
Car -1 -1 -4.4567 0.0000 182.9182 0.0000 212.2322 1.5034 1.6480 4.0157 -41.6125 2.0997 40.6251 -5.2509 -5.8867
Car -1 -1 -4.8593 1239.1885 169.4169 1241.0000 193.3234 1.4526 1.6356 3.9872 41.4692 1.2435 45.9570 -4.1286 -5.8867
Car -1 -1 -4.6619 1030.0118 177.2185 1052.8738 194.5775 1.5864 1.6878 4.0813 41.3741 2.0177 69.1941 -4.1252 -5.8867
Car -1 -1 -4.4218 1150.1479 182.3971 1195.0781 206.2469 1.6097 1.6087 3.5216 40.3102 2.3157 51.7213 -3.7630 -5.9534
Car -1 -1 -4.8154 348.2317 179.5815 370.8709 195.8719 1.4589 1.6154 4.1738 -23.8893 2.1200 68.6964 -5.1491 -6.0656
Car -1 -1 -5.9034 1072.8600 191.3820 1143.9476 212.6131 1.4048 1.5277 4.0615 36.8905 2.8335 53.5388 -5.3032 -6.6898
