Car -1 -1 -4.1270 0.0000 189.4190 241.9467 323.5855 1.4606 1.6179 3.8334 -7.0612 1.7397 10.2510 -4.7184 8.0001
Car -1 -1 -7.7322 581.1151 174.5552 603.8055 189.8825 1.3196 1.6318 3.3095 -1.5596 1.4748 64.2285 -7.7567 -1.6499
Car -1 -1 -5.7174 612.7473 177.1547 661.7290 196.5263 1.5213 1.6243 3.7204 2.1939 1.8838 59.1517 -5.6809 -1.6653
Car -1 -1 -4.4425 642.1163 178.0667 675.7639 199.1841 1.5331 1.6170 3.8553 3.7723 1.9488 55.4993 -4.3755 -1.9294
Car -1 -1 -4.4394 626.4533 177.1676 665.8408 201.2993 1.5172 1.5797 4.1549 2.4380 1.8194 48.3795 -4.3898 -2.1975
Car -1 -1 -2.0631 212.2412 180.3797 300.3599 217.9150 1.4885 1.6601 4.1630 -15.4000 1.8339 31.2602 -2.5177 -2.7881
Car -1 -1 -4.9760 628.9529 176.1685 654.2629 190.7151 1.3791 1.5547 3.8139 3.0779 1.7160 71.3631 -4.9335 -2.8869
Car -1 -1 -8.5123 595.1268 176.7786 668.6587 208.3796 1.5352 1.6406 4.1491 1.0456 1.7520 37.7487 -8.4853 -3.1819
Car -1 -1 -5.1660 597.8790 175.3884 641.3889 196.5933 1.5437 1.6801 4.1455 0.6642 1.7455 55.2950 -5.1545 -3.3002
Car -1 -1 -5.6776 273.2754 185.8521 341.3027 210.9571 1.5427 1.6545 3.8043 -19.6447 2.4070 46.7912 -6.0734 -3.3823
Car -1 -1 -5.0139 643.3592 176.2841 678.5125 195.7725 1.5545 1.7171 4.3806 4.2131 1.8539 60.7035 -4.9454 -3.4374
Car -1 -1 -4.1510 634.7961 175.3726 675.0195 195.1308 1.6741 1.6350 4.0743 3.9812 1.9040 63.8109 -4.0893 -3.4755
Car -1 -1 -3.7195 588.1519 177.1813 651.0919 201.8747 1.4904 1.5694 3.7472 0.5915 1.7748 45.8005 -3.7072 -3.5195
Car -1 -1 -4.7125 644.5966 175.8448 662.7122 192.8308 1.5321 1.6514 4.2653 4.0907 1.8228 68.0243 -4.6531 -3.8445
Car -1 -1 -4.5646 646.8570 176.0567 668.7568 191.4094 1.4588 1.6322 3.7479 4.7372 1.7843 71.3978 -4.4990 -3.9539
Car -1 -1 -4.9167 301.7301 185.2030 344.0655 211.8947 1.4585 1.6147 3.8663 -17.3354 2.2361 43.3909 -5.2950 -4.2250
Car -1 -1 -7.6974 647.0136 178.5759 689.3474 210.0355 1.5225 1.6187 3.9582 3.0598 1.8387 37.8007 -7.6179 -4.2430
Car -1 -1 -4.2357 447.8955 176.5188 482.6367 193.9208 1.5213 1.5839 3.7159 -13.2083 1.8660 65.9260 -4.4330 -4.2814
Car -1 -1 -6.8886 0.0000 192.7691 76.9949 271.9137 1.4402 1.5703 3.6382 -14.2892 1.9374 16.0696 -7.6073 -4.2859
Car -1 -1 -3.9318 318.1751 182.3073 367.7314 198.4883 1.4691 1.9754 4.4874 -26.1756 2.4288 70.8245 -4.2849 -4.3991
Car -1 -1 -4.4741 386.3054 175.9037 425.5089 199.0187 1.5463 1.7337 4.1262 -14.3753 1.7700 50.9128 -4.7482 -4.4702
Car -1 -1 -4.6605 392.8911 178.4356 415.2081 198.4641 1.5725 1.5851 3.7287 -17.0510 2.0499 59.7554 -4.9376 -4.5739
Car -1 -1 -4.7089 340.3151 178.9918 371.6334 208.4134 1.5865 1.6419 4.0942 -14.8187 1.9625 42.0296 -5.0462 -4.5766
Car -1 -1 -7.6773 565.0663 173.9452 589.9330 190.6027 1.4356 1.5614 3.8987 -2.8958 1.5359 64.4847 -7.7223 -4.6099
Car -1 -1 -7.9412 643.0565 176.8764 675.3369 204.3252 1.5762 1.6293 3.6973 2.9132 1.8307 43.8459 -7.8759 -4.6692
Car -1 -1 -5.0014 661.9744 180.2920 700.2006 203.1604 1.5775 1.6808 4.1927 5.1847 2.1509 53.4337 -4.9057 -4.8110
Car -1 -1 -4.3714 320.6418 185.7144 367.2639 209.1330 1.4208 1.6344 4.0998 -17.6993 2.3143 48.0932 -4.7226 -4.9340
Car -1 -1 -4.7044 303.9257 183.6389 330.3690 207.4641 1.5772 1.7032 4.2374 -21.1564 2.3900 52.1148 -5.0886 -5.0706
Car -1 -1 -8.1716 1175.5757 195.0096 1241.0000 230.4297 1.5510 1.5447 3.7070 29.8941 2.7213 36.1141 -7.4848 -5.1679
Car -1 -1 -4.7183 574.9420 174.5066 594.4366 195.0581 1.6366 1.5610 3.8810 -2.1355 1.7776 59.7461 -4.7543 -5.1844
Car -1 -1 -4.8004 438.2021 177.9268 458.9998 195.2890 1.5084 1.5367 3.6155 -14.7588 1.9844 65.7854 -5.0205 -5.1991
Car -1 -1 -4.7957 348.3434 179.1406 369.2759 195.0764 1.4193 1.5544 3.7354 -23.6730 2.0281 67.8825 -5.1303 -5.4205
Car -1 -1 -4.5641 530.7646 176.1805 557.4152 197.0371 1.6414 1.5915 4.1964 -5.4329 1.9258 59.6080 -4.6549 -5.4514
Car -1 -1 -4.5624 530.1782 178.1433 554.6726 197.0732 1.5663 1.6011 3.5643 -5.8522 2.0379 62.5461 -4.6557 -5.4622
Car -1 -1 -4.6550 572.5468 177.1381 596.7975 199.8320 1.5701 1.5499 3.9012 -1.8450 1.8939 52.6288 -4.6903 -5.5350
Car -1 -1 -4.3354 1015.8463 184.4855 1058.5591 206.4202 1.7522 1.6954 4.2861 36.5440 2.7791 61.7311 -3.8035 -5.5540
Car -1 -1 -4.7855 621.1058 174.9142 651.4929 201.4959 1.5295 1.5528 3.8683 1.5204 1.6598 43.7843 -4.7515 -5.6237
Car -1 -1 -4.4521 469.9651 178.4543 511.2393 204.3946 1.4409 1.5261 3.6503 -7.0664 1.7874 42.7867 -4.6152 -5.6415
Car -1 -1 -4.0479 466.2650 176.0721 520.7482 196.7328 1.3525 1.5355 4.0918 -8.0618 1.5852 50.0692 -4.2071 -5.6626
Car -1 -1 -4.7383 1083.6273 181.5552 1109.1974 201.6157 1.6072 1.6989 3.8903 41.5505 2.3766 61.7270 -4.1484 -5.6704
Car -1 -1 -5.1862 773.1652 185.5136 807.5248 203.3307 1.5718 1.5190 3.9808 17.1250 2.8150 68.7637 -4.9436 -5.6823
Car -1 -1 -4.6244 303.8813 183.0291 325.9520 200.5898 1.4557 1.5068 3.4769 -26.1177 2.3827 63.8768 -5.0114 -5.6918
Car -1 -1 -8.1183 1169.9419 190.9993 1223.8989 219.8501 1.4667 1.5064 3.4532 33.1888 2.5431 40.9333 -7.4411 -5.7252
Car -1 -1 -4.6822 1241.0000 183.5880 1241.0000 211.7927 1.6097 1.6984 4.0308 40.6210 2.3059 44.7774 -3.9492 -5.8088
Car -1 -1 -4.2241 0.0000 188.7314 103.1212 311.0630 1.5154 1.6577 3.8617 -10.0060 1.8143 11.5367 -4.9272 -5.8568
Car -1 -1 -4.9004 1241.0000 167.8648 1241.0000 195.1525 1.5057 1.6552 4.0050 41.4688 1.2301 41.9394 -4.1244 -5.8867
Car -1 -1 -3.5479 0.0000 187.9911 0.0000 374.0000 1.4931 1.6031 3.9542 -6.2780 1.5877 2.5312 -4.6975 -5.8867
Car -1 -1 -4.6759 1038.5884 173.1901 1060.6544 189.4388 1.4833 1.6432 3.9927 41.4758 1.5157 68.0763 -4.1309 -5.8867
Car -1 -1 -4.6990 1060.3485 173.5275 1082.6295 190.6514 1.4849 1.6434 3.9892 41.4762 1.5471 64.8549 -4.1323 -5.8867
Car -1 -1 -6.7853 0.0000 0.0000 1241.0000 374.0000 1.5406 1.5873 3.8023 -2.9055 1.6303 1.0046 -7.9391 -5.8867
Car -1 -1 -4.7810 780.7172 180.8734 803.8873 200.9677 1.6039 1.6325 3.9148 15.4337 2.3081 61.3147 -4.5360 -5.8867
Car -1 -1 -4.3931 4.7601 183.3861 184.8612 268.3526 1.3881 1.6321 4.3526 -10.2454 1.6359 14.6796 -4.9941 -5.8953
Car -1 -1 -7.9809 1145.4508 191.6479 1211.4165 231.7926 1.5018 1.7294 3.8029 24.2952 2.3634 31.0144 -7.3217 -5.9959
Car -1 -1 -5.1282 873.1854 180.7099 906.7763 197.7210 1.5888 1.6714 3.8363 27.5468 2.3844 71.1515 -4.7607 -6.0169
Car -1 -1 -5.4786 1031.6531 191.5996 1241.0000 302.7997 1.4097 1.4760 3.3584 8.5480 1.7542 11.5082 -4.8528 -6.0484
Car -1 -1 -5.2144 1111.6874 194.1205 1173.2595 220.9764 1.5313 1.5957 3.6351 33.8776 2.9448 46.0626 -4.5840 -6.2117
Car -1 -1 -4.6408 305.8728 182.8454 328.2492 198.3731 1.3613 1.6685 4.1619 -27.7441 2.3387 68.3717 -5.0252 -6.3213
Car -1 -1 -4.9225 699.6664 176.9819 728.3207 197.5580 1.7110 1.5482 4.6143 9.0552 2.0863 63.3005 -4.7815 -6.9281
