Car -1 -1 -7.7824 534.8759 179.7469 570.1188 208.5472 1.4476 1.6411 3.6878 -3.1015 1.8376 39.0029 -7.8617 5.1698
Car -1 -1 -7.8600 585.9362 182.1451 624.3448 213.7388 1.2779 1.6100 3.5334 -0.2737 1.7127 32.0106 -7.8691 4.0889
Car -1 -1 -4.8839 1133.8512 180.4324 1189.8168 213.0124 1.5225 1.5994 3.9043 28.0216 1.9307 36.7974 -4.2374 0.8801
Car -1 -1 -4.7280 470.4339 177.5632 488.5168 193.8931 1.4785 1.6279 3.9812 -12.4620 1.9400 68.6534 -4.9072 -1.4869
Car -1 -1 -5.2447 139.0703 183.8088 246.7628 229.3277 1.4595 1.5823 3.8316 -14.8387 1.8721 25.5565 -5.7665 -1.7181
Car -1 -1 -7.9534 167.7387 183.9864 205.6900 211.7098 1.7175 1.8097 4.1461 -28.6213 2.5023 48.6816 -8.4827 -2.7177
Car -1 -1 -4.0842 229.2298 186.2375 302.3367 214.4623 1.4990 1.6710 4.3460 -20.3454 2.3347 42.7822 -4.5260 -2.7234
Car -1 -1 -3.8372 859.9964 187.2959 972.7084 231.5773 1.4915 1.5887 3.6369 11.1660 2.0466 26.4475 -3.4424 -2.8814
Car -1 -1 -4.3101 132.8309 178.2191 189.7797 209.3846 1.8651 1.6778 3.9040 -28.5244 2.2218 45.9453 -4.8633 -3.0228
Car -1 -1 -8.7337 1078.9918 179.1150 1168.4814 210.6946 1.4588 1.5343 3.4305 25.4475 1.7863 35.9237 -8.1217 -3.2368
Car -1 -1 -3.7294 628.8088 179.5474 685.9123 201.6315 1.5393 1.5886 3.9719 3.4605 2.0461 52.9907 -3.6651 -3.5520
Car -1 -1 -4.7433 630.5803 181.3616 650.5475 199.1170 1.4397 1.5957 3.9083 2.5898 2.1977 62.3477 -4.7024 -3.5659
Car -1 -1 -4.8542 147.6826 186.3316 192.4362 216.2247 1.5557 1.6547 3.9811 -25.3556 2.3686 41.4733 -5.4003 -3.6087
Car -1 -1 -4.6521 256.1192 179.5495 285.3961 204.4441 1.5832 1.5717 3.7515 -23.0354 2.0566 49.0134 -5.0896 -3.6243
Car -1 -1 -7.1259 1207.5314 176.8806 1241.0000 213.0638 1.5565 1.6805 3.9825 29.3112 1.7425 32.3285 -6.3943 -3.6842
Car -1 -1 -5.4626 225.4403 181.0352 314.8792 214.0580 1.5488 1.6570 4.1729 -17.0684 1.9759 36.1527 -5.9012 -3.9442
Car -1 -1 -5.1640 564.6002 178.2383 628.4779 209.8619 1.5734 1.7208 4.3374 -0.8342 1.8815 39.0117 -5.1858 -3.9592
Car -1 -1 -5.1075 1091.1461 180.2816 1164.3131 212.7387 1.5430 1.6119 4.0947 26.7377 1.9508 37.4715 -4.4919 -4.1110
Car -1 -1 -7.7792 135.3184 194.4402 167.2486 219.7689 1.5986 1.6216 3.8360 -32.5022 3.1905 51.1479 -8.3432 -4.1200
Car -1 -1 -4.3168 416.8531 180.3491 455.1983 199.3485 1.5393 1.6948 4.3193 -15.0440 2.2119 62.5138 -4.5523 -4.1470
Car -1 -1 -4.8354 204.6637 183.1468 241.9918 209.1773 1.4979 1.5893 3.9876 -24.3185 2.1729 45.2577 -5.3263 -4.2938
Car -1 -1 -2.5962 450.7989 179.3538 514.2933 203.3187 1.5355 1.6453 3.9184 -8.5983 1.9854 48.5067 -2.7711 -4.2964
Car -1 -1 -4.3619 283.9761 180.3602 340.1302 211.1032 1.4696 1.5788 3.4354 -15.2878 1.8733 37.0913 -4.7506 -4.3924
Car -1 -1 -4.7095 560.8781 182.2399 585.9108 206.8347 1.3829 1.4567 3.6944 -2.2588 1.9779 43.8855 -4.7612 -4.4691
Car -1 -1 -5.6043 920.9776 190.3121 984.8456 215.2724 1.4793 1.5603 3.6100 22.4726 2.6752 47.4749 -5.1653 -4.5065
Car -1 -1 -5.2944 578.4957 179.8298 629.1321 204.3078 1.5482 1.6131 3.7673 -0.4897 2.0391 48.7952 -5.3049 -4.5765
Car -1 -1 -7.9176 174.0503 180.4756 220.2516 215.1162 1.5297 1.6873 4.2366 -20.1533 1.9235 35.0778 -8.4361 -4.6153
Car -1 -1 -4.7319 711.2043 181.3585 727.1765 197.2137 1.4715 1.4728 3.3259 10.6424 2.3236 70.5794 -4.5833 -4.6369
Car -1 -1 -4.6741 158.3468 184.2418 196.8842 216.4359 1.5774 1.6259 3.9381 -23.3347 2.2256 38.9700 -5.2108 -4.6409
Car -1 -1 -4.6175 316.0991 182.2561 350.6624 208.2495 1.5334 1.7000 3.8982 -17.6931 2.1625 46.1939 -4.9817 -4.6525
Car -1 -1 -4.7460 469.8161 175.8017 491.7027 194.8089 1.6456 1.8174 3.6771 -11.7028 1.9193 65.0745 -4.9235 -4.7958
Car -1 -1 -4.3292 456.5776 180.3882 487.5261 195.1138 1.3668 1.6083 4.0453 -13.6118 2.1334 71.3044 -4.5174 -4.8046
Car -1 -1 -8.2289 466.3639 177.1598 520.0876 208.1400 1.5812 1.6078 3.8165 -6.4681 1.8286 39.4480 -8.3908 -4.8429
Car -1 -1 -5.1600 598.8663 177.4077 634.2763 196.3248 1.5912 1.5893 3.9118 0.5229 2.0069 63.8145 -5.1523 -4.8435
Car -1 -1 -7.9217 535.0018 177.4266 568.0387 206.4480 1.5950 1.6728 3.6808 -3.4964 1.8745 42.2123 -8.0044 -4.8669
Car -1 -1 -4.2547 381.3718 180.8751 414.3495 197.3267 1.5209 1.6182 3.7195 -20.7368 2.3273 70.5976 -4.5397 -4.9255
Car -1 -1 -7.9239 139.8793 182.2751 185.9868 218.2380 1.5470 1.5920 3.9044 -21.2446 2.0196 34.1629 -8.4769 -5.0512
Car -1 -1 -7.8533 676.5593 177.7796 697.8297 197.9472 1.6144 1.7252 3.9795 6.4800 2.0436 60.8398 -7.7481 -5.0671
Car -1 -1 -8.0996 445.4744 177.8991 491.0841 209.6819 1.5987 1.5865 3.5649 -7.7123 1.8838 38.8647 -8.2947 -5.2248
Car -1 -1 -4.9677 294.9862 181.2525 328.7082 200.7893 1.5702 1.6595 4.2631 -25.7069 2.3182 62.0846 -5.3590 -5.3095
Car -1 -1 -2.1622 0.0000 191.2587 23.5599 374.0000 1.4261 1.5716 4.0346 -6.0059 1.5521 4.0902 -3.1043 -5.6860
Car -1 -1 -7.2841 316.5934 177.3906 361.0092 198.0431 1.5934 1.6601 3.6531 -21.9616 1.9732 58.4915 -7.6420 -5.7235
Car -1 -1 -4.7830 824.7690 185.0898 858.0354 215.1512 1.7551 1.7250 3.9749 14.6687 2.5711 45.9982 -4.4768 -5.7313
Car -1 -1 -4.7811 546.9758 177.2026 570.9049 195.4686 1.3789 1.6153 4.2460 -4.1457 1.7399 57.7376 -4.8529 -5.7394
Car -1 -1 -4.9265 780.3217 178.2412 822.5464 203.0094 1.4338 1.6590 4.2245 11.8006 1.7843 44.8454 -4.6712 -5.7895
Car -1 -1 -4.4577 172.6918 189.9803 214.1197 213.4158 1.5792 1.7026 4.1020 -31.1687 2.9139 54.0429 -4.9789 -5.8207
Car -1 -1 -2.6724 239.0571 177.9181 315.8787 207.4847 1.5622 1.5575 3.4681 -18.0948 1.8434 39.2616 -3.1019 -5.8409
Car -1 -1 -4.5877 489.3049 178.6327 516.2817 197.5384 1.4374 1.6458 4.2013 -8.6448 1.9207 58.2704 -4.7347 -5.8414
Car -1 -1 -4.4261 393.6750 177.8691 423.3145 193.4209 1.3464 1.5614 3.8961 -18.3283 1.8164 65.6922 -4.6974 -5.8867
Car -1 -1 -8.9130 0.0000 0.0000 1241.0000 374.0000 1.5361 1.5876 3.8015 1.9176 1.5604 1.0038 -7.9392 -5.8867
Car -1 -1 -5.9535 0.0000 0.0000 1241.0000 374.0000 1.5138 1.6096 3.9607 6.1750 1.5220 1.7161 -4.6976 -5.8867
Car -1 -1 -5.1427 595.4708 180.2627 630.2853 198.4730 1.4353 1.3964 3.9591 0.1804 2.0793 60.6605 -5.1402 -5.9007
Car -1 -1 -3.1377 638.4275 175.1627 701.3871 200.5190 1.6546 1.8241 4.1264 3.9766 1.8125 48.3640 -3.0566 -6.0265
Car -1 -1 -4.2481 628.5314 176.8642 669.0728 195.3892 1.3628 1.5225 3.9971 3.0276 1.6861 56.1079 -4.1949 -6.2147
Car -1 -1 -5.2165 731.1928 177.8377 767.5912 193.5371 1.3986 1.5599 4.1152 13.0479 1.8822 67.8709 -5.0277 -6.6825
Car -1 -1 -5.0101 508.6382 177.1574 539.1567 197.0541 1.5474 1.5511 3.3455 -7.0633 1.9085 58.7549 -5.1296 -7.0032
