Car -1 -1 -7.7876 527.0331 178.3748 564.7098 207.3707 1.3665 1.6651 3.5952 -3.2375 1.6595 36.5116 -7.8759 5.6532
Car -1 -1 -7.8664 584.2427 180.0141 624.8919 213.9496 1.2769 1.5740 3.6062 -0.2963 1.5898 29.7385 -7.8769 5.3398
Car -1 -1 -4.7138 436.4164 175.5668 459.1776 196.8837 1.5217 1.6070 3.8657 -12.1902 1.7325 54.0934 -4.9347 1.2758
Car -1 -1 -7.5659 299.0400 179.0508 348.1818 207.8298 1.4793 1.5564 3.5825 -15.7478 1.8362 39.7389 -7.9412 -0.7704
Car -1 -1 -7.2287 63.4835 189.5215 136.8083 218.0382 1.5561 1.6330 3.9159 -30.7769 2.6095 43.6447 -7.8402 -1.3233
Car -1 -1 -5.2638 187.9009 179.3338 255.1894 209.5796 1.6335 1.6602 3.7888 -22.3113 2.0195 41.3534 -5.7561 -2.1904
Car -1 -1 -4.1397 40.7741 190.0050 114.8535 218.5289 1.5433 1.6406 4.0968 -32.1224 2.6303 43.6491 -4.7714 -2.4917
Car -1 -1 -4.5826 102.0010 188.3895 149.8016 218.4686 1.4211 1.6000 4.0033 -25.7706 2.2952 38.4589 -5.1700 -3.1150
Car -1 -1 -4.6527 77.5488 185.4366 116.6976 216.1692 1.4670 1.4596 3.4471 -26.8626 2.1583 37.8071 -5.2673 -3.5513
Car -1 -1 -7.6424 238.4247 178.3018 294.3428 213.9610 1.5186 1.5748 3.7260 -15.8371 1.7850 33.3296 -8.0832 -3.5845
Car -1 -1 -4.2283 23.5132 182.5972 94.7533 215.5533 1.6262 1.6485 3.3306 -29.2931 2.1689 38.4330 -4.8764 -3.6027
Car -1 -1 -5.0563 179.0517 178.6125 253.2761 215.2401 1.5276 1.6692 4.1094 -17.9346 1.8043 32.7101 -5.5546 -3.6782
Car -1 -1 -4.8894 680.1163 176.1196 712.9191 198.6500 1.5807 1.6733 4.2756 6.3309 1.8321 53.4395 -4.7725 -3.7016
Car -1 -1 -4.6447 192.7097 179.2152 247.4618 222.2219 1.5929 1.6758 4.4121 -16.0461 1.8759 29.7773 -5.1355 -3.8269
Car -1 -1 -4.6750 912.8281 184.4215 941.1031 211.2438 1.6707 1.6227 3.6110 21.3549 2.4818 48.6292 -4.2640 -3.9472
Car -1 -1 -4.8488 434.3386 177.0999 465.7255 199.5049 1.4777 1.6426 3.7523 -11.2393 1.7861 50.4089 -5.0674 -4.0561
Car -1 -1 -4.0485 695.6095 178.0684 748.5049 201.4083 1.6170 1.6803 4.0767 8.2133 2.0134 52.8927 -3.8957 -4.3966
Car -1 -1 -4.3702 559.0563 177.6524 589.0950 193.3207 1.4655 1.7446 3.8928 -3.5152 1.9507 70.8972 -4.4199 -4.4736
Car -1 -1 -5.0202 542.4889 178.2101 570.4275 193.6900 1.4482 1.6381 3.8926 -5.3220 1.9912 71.0761 -5.0950 -4.4765
Car -1 -1 -3.6388 949.9330 184.6609 1024.0504 210.0022 1.4950 1.6615 3.6819 23.0403 2.2328 44.2430 -3.1620 -4.5167
Car -1 -1 -3.4324 0.0000 186.3225 59.9654 220.0439 1.5103 1.6362 3.5129 -29.7223 2.2132 35.7597 -4.1223 -4.5294
Car -1 -1 -5.0800 795.1773 188.5069 836.2815 209.7083 1.3743 1.5238 3.8948 14.6714 2.5403 51.7496 -4.8059 -4.6157
Car -1 -1 -6.3301 706.7161 179.0202 771.3243 203.3082 1.5116 1.6191 4.0212 8.2335 1.9177 46.4992 -6.1564 -4.6170
Car -1 -1 -5.2071 752.4838 183.9910 802.6930 206.8172 1.5010 1.6943 4.2481 11.9699 2.3375 51.9391 -4.9824 -4.6964
Car -1 -1 -4.8019 554.8271 176.4549 583.6765 201.1052 1.4979 1.5307 3.5124 -2.6775 1.7376 46.2344 -4.8598 -4.7089
Car -1 -1 -5.8435 0.0000 170.4245 73.0474 247.0771 1.7163 1.6025 3.1358 -15.1432 1.6616 17.3469 -6.5536 -4.7443
Car -1 -1 -7.3774 5.2158 188.2600 91.4598 225.4725 1.5668 1.6605 3.7557 -26.4105 2.3357 34.0282 -8.0338 -4.8010
Car -1 -1 -7.4248 101.1145 184.2164 160.6084 210.9496 1.5108 1.6218 3.7787 -29.4779 2.2421 44.4619 -8.0077 -4.9945
Car -1 -1 -4.8376 459.2573 177.8189 495.3163 204.5144 1.5440 1.6630 4.4361 -8.3541 1.8695 44.9781 -5.0206 -5.0349
Car -1 -1 -4.7776 217.7260 175.1022 251.1940 203.3068 1.7966 1.7163 4.5145 -25.4212 1.9554 48.7142 -5.2566 -5.0401
Car -1 -1 -6.6636 636.4472 174.6880 697.3469 195.7466 1.5141 1.7086 4.1708 4.1866 1.6537 53.5682 -6.5864 -5.0441
Car -1 -1 -4.9330 731.8410 177.2036 760.8443 197.6859 1.5616 1.5351 3.4989 10.8117 1.9189 57.5424 -4.7486 -5.0475
Car -1 -1 -4.7421 629.9183 177.8335 651.6580 198.7132 1.5079 1.5306 3.9597 2.2903 1.9012 55.0447 -4.7012 -5.0539
Car -1 -1 -4.3133 77.2473 189.4193 143.0336 218.6276 1.4664 1.6746 3.8356 -28.0660 2.4450 40.5935 -4.9153 -5.0601
Car -1 -1 -4.6355 636.3945 176.7046 657.0193 193.7411 1.4498 1.5535 3.7717 3.2716 1.8029 64.2606 -4.5852 -5.1444
Car -1 -1 -4.6449 234.7436 181.0397 269.5407 208.0723 1.4698 1.5782 3.7958 -21.0811 1.9754 42.5321 -5.1028 -5.2713
Car -1 -1 -5.1429 253.8867 175.6741 300.9477 200.2233 1.7044 1.6468 3.8571 -24.2081 1.9163 52.4093 -5.5739 -5.2959
Car -1 -1 -5.1606 488.1369 179.2951 530.8580 202.4723 1.5744 1.5551 3.8140 -7.3287 2.0576 52.1518 -5.2999 -5.4529
Car -1 -1 -4.7694 462.9223 174.9288 487.0351 195.4750 1.4850 1.5705 3.9323 -10.2878 1.6479 54.6694 -4.9548 -6.2365
Car -1 -1 -5.3529 0.0000 191.5210 9.6711 324.9698 1.6123 1.7939 4.1595 -11.2166 1.9034 10.1457 -6.1752 -6.4692
