Car -1 -1 -7.8427 574.6163 168.4313 600.4893 192.1150 1.4622 1.5973 3.7182 -1.4588 1.1889 46.4219 -7.8743 1.8452
Car -1 -1 -7.7822 544.8694 166.3790 569.5474 186.2408 1.4929 1.6401 3.9466 -4.1065 1.0059 56.2076 -7.8550 0.9820
Car -1 -1 -2.3563 303.6080 166.9204 364.5235 189.4953 1.6182 1.7649 4.1904 -20.4470 1.1926 53.3837 -2.7206 -0.4945
Car -1 -1 -7.9384 1059.0715 176.9592 1086.7311 196.6331 1.5986 1.6444 3.9910 39.5018 1.9614 61.6751 -7.3713 -1.5176
Car -1 -1 -4.5507 915.7997 178.1432 943.4101 196.6715 1.5955 1.6606 4.1235 29.0419 2.0918 65.5597 -4.1357 -1.7578
Car -1 -1 -7.9486 980.3845 171.8792 1012.1708 200.3810 2.1455 1.7741 4.4222 30.2722 2.0718 56.6957 -7.4607 -2.5533
Car -1 -1 -4.6216 708.9862 175.4882 730.9025 192.7451 1.5121 1.6224 4.1338 10.0768 1.7611 66.0940 -4.4713 -2.7688
Car -1 -1 -4.9864 1172.6550 182.1265 1235.9888 211.1353 1.4862 1.7086 3.9858 33.2446 2.0345 40.5217 -4.3033 -2.9024
Car -1 -1 -4.4369 719.0374 175.9807 755.3655 199.2836 1.6336 1.6049 4.0701 9.4130 1.8740 53.3501 -4.2637 -2.9069
Car -1 -1 -3.3480 567.3774 170.8991 626.0839 192.6968 1.6357 1.7119 4.2492 -1.0627 1.4887 55.4534 -3.3674 -3.0892
Car -1 -1 -3.4878 501.2414 169.5032 554.4953 190.9102 1.5004 1.6388 3.4685 -5.9568 1.2652 52.0762 -3.6014 -3.3851
Car -1 -1 -2.9253 151.9986 175.1547 256.8483 209.2264 1.5073 1.6109 3.9820 -18.7439 1.6180 33.4455 -3.4329 -3.4273
Car -1 -1 -4.6762 693.5218 175.0564 714.2579 192.9227 1.5743 1.7477 4.0887 8.6289 1.7829 66.2725 -4.5477 -3.5052
Car -1 -1 -4.8031 1131.3572 179.1098 1171.4033 209.0974 1.8584 1.7591 3.8116 35.6771 2.2895 47.6707 -4.1641 -3.9750
Car -1 -1 -5.2154 746.5887 177.6664 789.2847 200.2921 1.5901 1.6369 3.4082 11.6109 1.9582 53.3690 -5.0028 -4.0200
Car -1 -1 -8.1797 1029.3743 179.1608 1080.9987 206.6719 1.7040 1.6973 4.0185 29.3962 2.1405 47.8219 -7.6317 -4.0370
Car -1 -1 -2.4862 78.2335 178.6265 184.0124 214.8681 1.5925 1.6585 3.8119 -21.8802 1.8638 32.9802 -3.0685 -4.2111
Car -1 -1 -4.3227 296.4506 171.8780 366.4727 204.9751 1.5629 1.6576 4.6077 -13.9795 1.5165 36.3966 -4.6873 -4.2721
Car -1 -1 -4.9205 870.6296 174.6586 895.5996 191.3324 1.5836 1.5633 3.6513 26.7721 1.7653 70.8666 -4.5610 -4.4046
Car -1 -1 -5.0742 591.9095 170.7013 622.1804 187.2455 1.5053 1.5851 3.8242 -0.3296 1.3091 67.7199 -5.0793 -4.4179
Car -1 -1 -8.1897 339.6228 166.0009 379.2021 189.4457 1.8537 1.7781 4.2244 -20.6363 1.3116 59.2577 -8.5236 -4.6294
Car -1 -1 -4.6840 212.2910 176.8780 249.6754 207.8800 1.5664 1.6766 3.7422 -20.4911 1.7952 39.0371 -5.1648 -4.6825
Car -1 -1 -4.6691 300.1837 174.3046 320.3900 191.4088 1.5344 1.5761 3.6161 -27.8368 1.6728 67.0303 -5.0615 -4.7647
Car -1 -1 -4.2277 609.4374 173.0550 651.6133 194.0925 1.5937 1.6345 4.0316 1.6296 1.6098 56.8581 -4.1995 -5.0101
Car -1 -1 -7.8010 368.8132 172.6592 388.2299 187.7741 1.4365 1.6206 3.5252 -22.6051 1.4176 70.4824 -8.1105 -5.0696
Car -1 -1 -8.0227 1118.8121 178.4779 1167.6118 207.4879 1.5683 1.5832 4.2048 31.0059 1.9136 42.1085 -7.3918 -5.3269
Car -1 -1 -3.0083 432.9817 169.3782 491.0362 191.6710 1.5207 1.5264 3.7806 -10.2738 1.2833 50.1111 -3.2098 -5.3375
Car -1 -1 -4.3739 218.8389 163.1990 265.7217 185.9613 1.6298 1.6582 4.6996 -27.5219 0.9382 54.1016 -4.8426 -5.3462
Car -1 -1 -4.9095 710.7343 174.1061 742.2755 191.8466 1.4703 1.7984 4.7100 10.0209 1.5826 62.5239 -4.7516 -5.4939
Car -1 -1 -4.4587 789.3473 178.2832 819.0233 194.5493 1.4381 1.6682 4.2889 18.1990 1.9635 67.5887 -4.1972 -5.6338
Car -1 -1 -4.4766 751.9144 176.6093 783.0881 193.6532 1.4621 1.7087 4.7552 14.3178 1.8159 65.5183 -4.2628 -5.6923
Car -1 -1 -3.8230 514.8104 167.6487 557.3113 184.6578 1.4433 1.4757 3.5574 -6.4583 1.0013 63.0033 -3.9250 -5.7497
Car -1 -1 -4.8677 1241.0000 171.5695 1241.0000 196.7050 1.5126 1.6517 3.9953 41.4730 1.4350 45.5443 -4.1325 -5.8867
Car -1 -1 -4.8099 1181.6149 174.3450 1219.5658 197.5393 1.5551 1.6675 3.9997 41.4748 1.6641 50.7771 -4.1281 -5.8867
Car -1 -1 -4.9229 1241.0000 169.8757 1241.0000 197.8867 1.4985 1.6458 3.9908 41.4715 1.3388 40.7188 -4.1321 -5.8867
Car -1 -1 -4.9637 1241.0000 167.0934 1241.0000 197.8541 1.4916 1.6470 3.9978 41.4683 1.2120 37.1084 -4.1270 -5.8867
Car -1 -1 -4.8945 1241.0000 170.7648 1241.0000 197.2742 1.5067 1.6491 3.9944 41.4722 1.3876 43.1313 -4.1324 -5.8867
Car -1 -1 -4.8426 1213.6844 174.7105 1241.0000 199.8251 1.5840 1.6723 4.0004 41.4773 1.7126 47.9541 -4.1328 -5.8867
Car -1 -1 -5.5285 293.5888 172.7644 358.2454 199.0349 1.6947 1.6335 3.9647 -18.9463 1.6886 48.0405 -5.9025 -5.9174
Car -1 -1 -4.4330 273.0520 166.6986 307.4232 185.2529 1.5738 1.6375 4.2965 -28.0857 1.0514 63.4424 -4.8484 -6.0994
Car -1 -1 -4.4187 419.2172 166.0146 452.7766 188.5970 1.9222 1.7340 4.1891 -15.3032 1.3397 63.5577 -4.6543 -6.1327
Car -1 -1 -4.9224 376.0593 164.1111 411.5139 184.5258 1.4643 1.7036 4.1952 -16.2471 0.8369 54.0045 -5.2134 -6.1538
Car -1 -1 -4.5642 1039.9219 183.6124 1076.8600 208.4563 1.6752 1.6974 4.2364 32.7444 2.4929 52.6954 -4.0112 -6.3523
Car -1 -1 -5.4546 0.0000 191.6586 11.0794 364.1167 1.4904 1.6501 3.9058 -8.7867 1.7037 7.3116 -6.3132 -6.4408
Car -1 -1 -5.7120 0.0000 178.8174 3.5926 343.9982 1.6778 1.7312 3.9757 -10.2869 1.7616 8.8037 -6.5598 -6.6172
Car -1 -1 -7.1611 822.4777 180.4165 855.4924 197.3492 1.5081 1.3937 2.8904 21.2002 2.2229 66.8554 -6.8557 -6.9192
