Car -1 -1 -7.8657 577.9824 172.2917 601.3712 192.5773 1.3996 1.6143 4.0046 -1.5167 1.3605 51.8161 -7.8952 1.8240
Car -1 -1 -7.8301 551.1945 172.2927 571.2313 189.3512 1.4309 1.6419 3.8542 -4.2216 1.3835 62.4833 -7.8976 1.2213
Car -1 -1 -5.0372 290.8819 174.6479 329.1633 195.6887 1.6564 1.6512 4.2006 -24.7028 1.8088 59.2892 -5.4306 -1.6434
Car -1 -1 -4.8012 243.5651 180.6536 277.5772 204.2600 1.5229 1.7716 4.1700 -24.4100 2.0903 50.2744 -5.2514 -1.6570
Car -1 -1 -4.7544 989.5389 177.7905 1010.4490 193.9153 1.4964 1.6241 3.7168 37.9096 1.9904 70.2274 -4.2615 -2.3330
Car -1 -1 -5.1494 662.6998 178.7356 694.4037 194.1160 1.4410 1.6162 3.8964 6.7231 2.0393 71.3206 -5.0562 -2.8673
Car -1 -1 -5.3737 358.4337 180.0056 415.0247 204.4626 1.5628 1.6691 3.8243 -15.1883 2.0651 48.9271 -5.6735 -2.8900
Car -1 -1 -6.4072 482.2515 175.7674 533.5326 197.8257 1.5840 1.6487 3.5814 -7.5999 1.8045 53.4134 -6.5482 -3.1703
Car -1 -1 -4.0738 68.7321 184.1511 151.3845 216.2835 1.5483 1.5943 3.8587 -26.3295 2.1752 38.1007 -4.6754 -3.3565
Car -1 -1 -4.3911 321.0804 169.9670 357.9796 192.4475 1.9489 1.8441 4.2629 -24.2264 1.6984 64.7164 -4.7481 -3.4383
Car -1 -1 -4.6482 299.0579 178.2971 328.9641 204.3049 1.6704 1.6406 3.9056 -20.2282 2.0583 49.3392 -5.0357 -3.4406
Car -1 -1 -7.5631 365.8242 172.5556 396.1805 190.8428 1.6629 1.6640 3.8834 -21.4235 1.6355 67.5661 -7.8692 -3.5185
Car -1 -1 -4.3626 966.0159 178.5455 1003.7266 196.6966 1.6299 1.7666 4.4234 35.4792 2.1852 68.2857 -3.8856 -3.5556
Car -1 -1 -7.7234 624.0725 168.6333 647.4634 187.0211 1.6225 1.6687 3.6405 2.3476 1.2498 65.6019 -7.6881 -3.6123
Car -1 -1 -4.8308 1000.8595 173.1325 1034.3739 196.9369 1.8710 1.8292 4.7738 33.4310 1.8946 59.3285 -4.3202 -3.6547
Car -1 -1 -8.2185 434.8162 177.4472 480.1131 202.4241 1.5555 1.6436 3.9174 -10.1749 1.8728 47.7962 -8.4275 -3.6556
Car -1 -1 -4.1888 290.3243 170.7188 339.0182 193.8848 1.7426 1.7736 3.9623 -23.0333 1.5817 56.3582 -4.5753 -3.9057
Car -1 -1 -4.7105 686.6386 178.9470 702.9772 194.1515 1.4317 1.5650 3.7316 8.3783 2.0511 71.4454 -4.5946 -3.9070
Car -1 -1 -7.4191 238.4268 184.2819 300.3594 214.5892 1.4069 1.5078 3.4723 -17.2162 2.0129 36.5441 -7.8569 -3.9317
Car -1 -1 -4.4478 324.3391 178.4923 361.2745 200.2665 1.5407 1.6111 3.9859 -20.0388 1.9799 54.1770 -4.8008 -3.9510
Car -1 -1 -7.0516 698.5652 179.1374 785.1790 216.1955 1.5286 1.6058 3.7162 5.8353 1.8221 32.0404 -6.8737 -4.0384
Car -1 -1 -4.4672 166.2754 178.6391 204.1762 201.2977 1.4924 1.4953 3.3826 -29.5913 1.9100 50.2933 -4.9969 -4.2561
Car -1 -1 -5.1832 1084.3281 183.3584 1143.3474 209.2046 1.5820 1.6561 3.7734 33.2316 2.3057 47.7537 -4.5786 -4.2662
Car -1 -1 -5.1179 444.2872 172.8278 476.4773 190.5419 1.6758 1.6626 3.9122 -14.6300 1.6730 70.3400 -5.3225 -4.3728
Car -1 -1 -4.6794 960.8544 177.9050 983.6622 197.7317 1.5719 1.5891 3.8181 30.2754 2.0082 60.3113 -4.2165 -4.3730
Car -1 -1 -4.7466 217.6175 178.3968 251.2582 207.4715 1.6559 1.6859 4.3945 -23.1330 2.0138 44.3090 -5.2255 -4.4525
Car -1 -1 -4.6133 445.3291 173.9027 467.7861 191.7101 1.5388 1.5884 3.9062 -13.7331 1.6354 64.6192 -4.8221 -4.5422
Car -1 -1 -4.5485 769.9700 184.8921 805.7497 210.2750 1.4429 1.5939 3.6689 11.0705 2.2253 44.9132 -4.3089 -4.6508
Car -1 -1 -3.7826 134.2300 180.8030 217.5270 210.5807 1.4869 1.5628 3.6545 -23.4687 1.9390 39.0763 -4.3207 -4.7528
Car -1 -1 -3.3253 628.7167 176.9379 711.5103 210.2649 1.4819 1.5699 3.5758 2.6972 1.6754 33.2862 -3.2457 -4.7837
Car -1 -1 -4.4328 788.2040 186.6788 830.4249 212.9875 1.4742 1.5771 3.6215 12.2750 2.3629 44.4432 -4.1656 -4.8027
Car -1 -1 -7.9059 491.8128 172.1027 519.0741 198.0975 1.6804 1.6200 3.7816 -7.1149 1.6315 48.6542 -8.0507 -4.8356
Car -1 -1 -4.7360 693.9747 176.5129 728.0480 205.9547 1.5377 1.7736 4.6828 5.6052 1.7562 40.7142 -4.6007 -4.8693
Car -1 -1 -7.4721 1004.9370 170.5781 1042.4550 187.8699 1.6347 1.7568 4.1402 40.2368 1.4192 70.1845 -6.9536 -5.0195
Car -1 -1 -4.0700 608.9973 174.9253 658.1109 195.5820 1.5468 1.5845 4.3191 1.8623 1.7154 56.6503 -4.0377 -5.0904
Car -1 -1 -7.9701 335.3584 176.7423 366.4382 200.8331 1.5749 1.6585 3.1018 -17.8275 1.8508 49.4951 -8.3144 -5.3473
Car -1 -1 -5.0377 687.0894 177.8519 716.7987 194.1363 1.4658 1.6316 3.8630 8.6424 1.9525 68.2623 -4.9127 -5.3481
Car -1 -1 -4.7502 818.7620 178.9190 838.8736 197.7649 1.6979 1.6599 4.3316 20.8110 2.2953 68.7954 -4.4581 -5.3651
Car -1 -1 -4.8663 658.8374 176.1294 694.9045 202.3352 1.4562 1.5578 3.6572 3.8526 1.6571 42.4393 -4.7769 -5.3856
Car -1 -1 -4.3346 777.9283 180.0063 813.9398 201.7316 1.6784 1.5426 3.8728 15.2292 2.2839 59.0922 -4.0841 -5.5065
Car -1 -1 -4.6140 935.9532 180.7144 958.7629 197.9828 1.5295 1.5654 4.0666 31.8000 2.2935 68.0119 -4.1787 -5.5859
Car -1 -1 -2.0335 0.0000 184.3676 0.0000 342.8985 1.4214 1.5398 3.9095 -9.2868 1.5669 7.8943 -2.8830 -5.7365
Car -1 -1 -4.6509 752.5747 177.2250 775.3252 196.5162 1.5447 1.6380 4.1132 13.0124 1.9271 60.9733 -4.4420 -5.8661
Car -1 -1 -4.7048 1066.0981 174.1322 1088.8739 191.8679 1.5146 1.6520 3.9965 41.4776 1.6315 64.0482 -4.1325 -5.8867
Car -1 -1 -4.9238 1241.0000 168.8833 1241.0000 196.7343 1.4748 1.6402 3.9886 41.4694 1.2643 40.3244 -4.1282 -5.8867
Car -1 -1 -4.7535 1116.2150 172.3244 1144.2913 191.5013 1.4750 1.6403 3.9887 41.4740 1.4340 57.6148 -4.1323 -5.8867
Car -1 -1 -4.8322 1209.0219 170.6346 1241.0000 193.8544 1.4884 1.6483 3.9944 41.4698 1.3459 48.3717 -4.1267 -5.8867
Car -1 -1 -4.9642 1241.0000 167.3959 1241.0000 198.0835 1.4881 1.6451 3.9955 41.4687 1.2231 37.1075 -4.1275 -5.8867
Car -1 -1 -4.8102 1177.3895 171.0095 1214.3928 192.6123 1.4689 1.6384 3.9885 41.4722 1.3432 51.1788 -4.1322 -5.8867
Car -1 -1 -4.6578 1034.8157 174.5003 1057.7604 191.0508 1.5121 1.6554 4.0376 41.4062 1.6729 68.4800 -4.1161 -5.8867
Car -1 -1 -4.7806 1148.9081 172.5027 1181.4833 193.2568 1.4922 1.6470 3.9930 41.4734 1.4667 53.9993 -4.1286 -5.8867
Car -1 -1 -4.7286 1090.2582 173.9562 1115.1780 192.7138 1.5196 1.6552 3.9984 41.4770 1.6155 60.8294 -4.1327 -5.8867
Car -1 -1 -4.6882 1049.2220 174.0883 1071.4274 191.0469 1.5049 1.6492 3.9959 41.4776 1.6220 66.4624 -4.1325 -5.8867
Car -1 -1 -4.8580 1238.8998 175.9249 1241.0000 202.5776 1.6000 1.6938 4.0158 41.4822 1.8044 45.9511 -4.1272 -5.8867
Car -1 -1 -4.1775 259.4683 184.7655 318.8176 209.4586 1.4459 1.6353 4.0739 -20.5941 2.2468 46.4137 -4.5933 -6.4033
Car -1 -1 -5.3859 1013.3818 180.7688 1082.5742 204.2973 1.6603 1.7422 5.0595 33.4265 2.2954 55.3035 -4.8451 -6.4050
Car -1 -1 -5.4277 0.0000 196.8751 5.7152 335.2409 1.5499 1.7456 4.1054 -10.6200 1.8898 9.3096 -6.2644 -6.4614
Car -1 -1 -2.8596 283.8864 180.9103 339.8814 202.5391 1.5168 1.5967 3.4438 -21.6052 2.1115 52.3104 -3.2498 -6.6106
Car -1 -1 -4.5647 722.6980 174.1379 747.6453 194.3911 1.7231 1.6211 3.9063 11.0661 1.8400 63.7637 -4.3941 -6.9228
