Car -1 -1 -7.8863 582.1204 169.2443 605.2352 188.1958 1.3864 1.6254 3.7289 -1.2951 1.1220 54.6920 -7.9101 1.5551
Car -1 -1 -7.7905 558.2496 167.0879 578.7954 183.2486 1.4274 1.6331 3.7357 -3.7667 0.9178 65.6020 -7.8478 1.2080
Car -1 -1 -3.2987 161.9764 181.0500 282.6088 221.3287 1.4575 1.6446 4.0293 -15.4415 1.8049 28.7408 -3.7882 -0.7491
Car -1 -1 -4.4811 205.8246 180.8170 250.0477 207.3326 1.5478 1.6689 3.5718 -23.9204 2.0680 45.2212 -4.9654 -1.0821
Car -1 -1 -5.2923 641.7466 175.6194 707.8854 205.1871 1.4585 1.5840 3.9068 3.3200 1.6121 38.0778 -5.2065 -1.2082
Car -1 -1 -4.1000 236.4002 183.4969 306.1368 212.0678 1.4730 1.5944 3.9344 -19.1154 2.1055 40.8236 -4.5357 -2.6062
Car -1 -1 -5.1898 887.7988 182.6281 924.1821 199.1492 1.5196 1.6705 3.9400 28.9827 2.5061 70.8133 -4.8032 -2.6439
Car -1 -1 -4.6175 289.4293 175.8478 334.3261 210.3165 1.5010 1.5824 3.8167 -13.9566 1.6496 33.8331 -5.0063 -2.9142
Car -1 -1 -6.9247 106.6766 189.0957 206.9134 229.3027 1.3879 1.4972 2.9771 -17.4956 2.0531 27.9057 -7.4807 -3.0309
Car -1 -1 -3.9907 501.4025 170.5033 544.0748 189.5559 1.4226 1.6313 3.0897 -6.7297 1.2468 55.6112 -4.1108 -3.1529
Car -1 -1 -4.7288 341.0812 167.9304 361.5942 188.7386 1.7668 1.6339 3.6166 -22.7167 1.3485 63.2468 -5.0725 -3.3729
Car -1 -1 -3.2507 734.4738 181.1980 798.2767 205.5390 1.5679 1.6813 4.0032 10.3735 2.1373 48.2273 -3.0406 -3.3971
Car -1 -1 -3.4197 308.1916 174.8876 382.6099 204.5615 1.6793 1.6968 3.8367 -15.7441 1.8051 42.8966 -3.7698 -3.5319
Car -1 -1 -4.6561 918.1655 180.5043 941.7390 199.5637 1.6676 1.7752 4.5031 29.9247 2.4082 67.4726 -4.2407 -3.7050
Car -1 -1 -7.2790 681.4915 177.9712 741.0743 207.5936 1.4331 1.5223 3.2581 5.2177 1.7091 37.2352 -7.1413 -3.9053
Car -1 -1 -4.2445 312.0005 176.5608 356.5381 197.7553 1.4873 1.5577 3.7172 -20.3190 1.7704 53.2362 -4.6077 -4.1216
Car -1 -1 -5.2629 818.3561 186.5275 884.3094 216.5264 1.4446 1.6064 3.7486 12.7924 2.2136 38.5861 -4.9456 -4.3269
Car -1 -1 -4.1947 615.6395 170.0621 660.4884 189.8155 1.5823 1.6995 4.5744 2.3620 1.3583 60.1867 -4.1560 -4.4060
Car -1 -1 -7.9694 316.3836 169.5849 344.4878 189.6250 1.6520 1.7674 4.2361 -23.9845 1.3822 61.7658 -8.3386 -4.4359
Car -1 -1 -7.7449 0.0000 156.1897 40.3781 185.9261 1.7805 1.7644 4.3442 -37.3347 0.7824 45.5066 -8.4292 -4.4681
Car -1 -1 -6.4739 585.2199 173.1181 636.7446 194.1781 1.4442 1.5546 3.3773 0.0218 1.4628 50.5888 -6.4738 -4.5247
Car -1 -1 -8.4287 943.3210 171.3121 988.7273 191.8155 1.8138 1.7337 4.1563 32.4809 1.6771 65.9968 -7.9734 -4.7041
Car -1 -1 -5.1617 869.8859 181.4247 900.3976 195.8919 1.3522 1.4999 3.3516 27.1087 2.2185 71.2282 -4.7998 -4.7142
Car -1 -1 -4.7466 373.8745 176.8504 399.8089 200.1222 1.5198 1.5823 3.8137 -15.4897 1.8073 49.8908 -5.0464 -4.7382
Car -1 -1 -5.4599 778.3287 181.1761 839.6625 207.7430 1.5832 1.6045 3.8469 12.6999 2.1418 46.3764 -5.1948 -4.7395
Car -1 -1 -4.5829 211.7554 184.2100 257.0479 214.6113 1.5332 1.7633 3.5868 -20.7244 2.1915 39.8594 -5.0599 -4.8820
Car -1 -1 -4.3864 245.3675 180.0327 298.7264 209.5235 1.6804 1.6518 4.3923 -20.7901 2.1453 44.4921 -4.8215 -5.1108
Car -1 -1 -4.8661 676.2346 170.7776 712.0950 197.1059 1.6478 1.6900 4.2583 5.4343 1.5175 47.3192 -4.7528 -5.1644
Car -1 -1 -4.8430 280.6000 181.8621 314.3680 206.1760 1.5095 1.6195 3.5686 -20.9291 2.1351 48.1853 -5.2510 -5.2079
Car -1 -1 -4.3001 510.4318 162.3685 548.9903 184.4900 1.8792 1.7047 4.5473 -7.0622 0.9882 63.7180 -4.4102 -5.3129
Car -1 -1 -4.9278 744.3519 178.2451 770.6478 193.7453 1.4588 1.7011 4.1100 14.5432 2.0076 71.4147 -4.7281 -5.4846
Car -1 -1 -4.9023 764.4392 184.0901 797.0215 205.6101 1.3723 1.4271 4.2235 11.8419 2.1899 50.3828 -4.6732 -5.6338
Car -1 -1 -5.1672 1165.0917 195.5066 1241.0000 230.6038 1.3469 1.6089 3.7547 26.7081 2.4238 32.2993 -4.4814 -5.7898
Car -1 -1 -4.9431 1241.0000 168.8865 1241.0000 197.9418 1.4895 1.6447 3.9927 41.4703 1.2858 39.1095 -4.1324 -5.8867
Car -1 -1 -4.7277 1093.4337 172.8714 1118.3463 191.1499 1.4772 1.6437 3.9924 41.4740 1.4784 60.4361 -4.1288 -5.8867
Car -1 -1 -4.7796 1148.1969 180.4028 1181.8942 203.1678 1.5885 1.7094 4.0795 41.4309 2.1755 53.9625 -4.1279 -5.8867
Car -1 -1 -4.7577 1126.6226 172.1581 1155.9861 192.0571 1.4973 1.6534 3.9981 41.4715 1.4447 56.4166 -4.1266 -5.8867
Car -1 -1 -4.9941 948.1033 173.7209 980.0137 190.2473 1.5607 1.7237 4.0740 34.5374 1.6477 70.5200 -4.5406 -5.9223
Car -1 -1 -4.7304 1123.1089 187.9653 1153.9088 212.3619 1.6292 1.7371 4.3703 38.9674 2.7932 53.3067 -4.1024 -6.0555
Car -1 -1 -6.6968 716.5233 182.6480 774.7281 202.9572 1.4511 1.7781 3.9054 10.1286 2.2033 54.1297 -6.5133 -6.1497
Car -1 -1 -5.0889 773.5298 182.7620 810.5320 203.2628 1.5375 1.6347 3.6687 14.5366 2.3587 57.9006 -4.8446 -6.4006
Car -1 -1 -4.9398 695.8596 172.8507 726.1442 193.0116 1.7653 1.7764 4.3415 9.0919 1.7647 65.4216 -4.8027 -7.7364
