Car -1 -1 -4.5314 468.1340 178.9162 506.1661 203.8356 1.4548 1.6383 4.0810 -7.6724 1.8513 45.1735 -4.6991 3.9772
Car -1 -1 -6.8269 123.4801 184.5087 261.7455 230.7779 1.4569 1.6868 4.0111 -14.9414 1.9110 25.9711 -7.3449 -2.1263
Car -1 -1 -4.1656 130.9534 178.5161 186.2143 201.2373 1.4650 1.5562 3.5806 -30.7536 1.8650 49.2148 -4.7219 -2.3621
Car -1 -1 -3.7242 639.0180 178.3592 723.5814 209.0270 1.4227 1.6125 3.9243 3.4980 1.7071 35.6866 -3.6278 -2.7726
Car -1 -1 -5.1634 720.0875 184.7174 754.3228 202.4019 1.5432 1.6046 3.9501 11.9146 2.6946 67.9258 -4.9910 -2.8245
Car -1 -1 -4.6981 406.8990 178.1043 430.1992 199.8022 1.5459 1.6447 4.1695 -14.5086 1.9598 54.7030 -4.9565 -2.9273
Car -1 -1 -4.4061 421.1533 175.9468 458.4421 199.0742 1.6973 1.6562 4.0303 -13.0885 1.9441 55.5796 -4.6367 -2.9613
Car -1 -1 -4.7865 634.4666 174.6067 666.1736 201.9209 1.5996 1.6356 4.2658 2.4155 1.7131 44.6819 -4.7333 -3.0438
Car -1 -1 -4.0007 585.9755 177.4795 645.6467 201.7270 1.4495 1.6137 3.9462 0.3751 1.7565 45.9187 -3.9930 -3.3729
Car -1 -1 -4.5776 624.2743 174.7138 647.8606 194.1563 1.7909 1.7168 4.1610 2.5068 1.9743 69.0788 -4.5419 -3.3745
Car -1 -1 -8.1495 333.3881 182.4191 365.9243 200.1917 1.5623 1.7102 4.2941 -24.6052 2.4938 68.0602 -8.4955 -3.6164
Car -1 -1 -4.7426 444.6086 175.5946 463.6926 193.1041 1.6000 1.6535 4.0858 -14.9042 1.8694 68.7999 -4.9554 -3.6569
Car -1 -1 -4.7266 643.7406 175.3378 674.2231 204.7688 1.5770 1.6463 4.0696 2.7152 1.7252 41.0851 -4.6616 -3.8035
Car -1 -1 -2.7110 575.5206 178.6132 657.7353 211.2213 1.4678 1.5551 3.6070 0.2721 1.7544 34.4670 -2.7038 -3.9676
Car -1 -1 -5.1360 495.4029 178.2344 548.4664 202.7726 1.4308 1.6753 4.3224 -5.6219 1.7857 45.3538 -5.2591 -4.0795
Car -1 -1 -5.8146 105.2404 178.0966 186.6184 204.7116 1.5528 1.6568 3.7893 -27.9629 1.8760 43.5102 -6.3832 -4.1136
Car -1 -1 -4.7959 264.4729 177.3483 289.0011 195.5461 1.5849 1.6977 4.2360 -30.6304 2.0111 66.2175 -5.2278 -4.1657
Car -1 -1 -5.0214 133.6994 175.0174 175.2732 195.4806 1.7370 1.8865 4.3247 -40.3242 1.9343 63.8066 -5.5833 -4.1727
Car -1 -1 -3.2983 628.1239 187.5091 685.7566 209.6079 1.5003 1.6424 3.8781 3.2819 2.5625 51.3116 -3.2354 -4.2898
Car -1 -1 -5.4622 841.5242 215.4420 1027.3250 295.7345 1.2545 1.7217 3.3117 6.5675 2.2538 15.0861 -5.0601 -4.3177
Car -1 -1 -5.5098 74.4419 197.3173 167.7717 229.7421 1.4637 1.6157 3.7281 -24.0007 2.7021 35.4057 -6.1022 -4.3362
Car -1 -1 -7.7646 585.3007 176.5849 604.2236 191.0834 1.3698 1.5430 3.6805 -1.4955 1.7466 71.0315 -7.7859 -4.3561
Car -1 -1 -4.7214 536.7145 180.9613 552.7015 197.1798 1.4513 1.4648 3.3366 -6.1930 2.2349 68.0314 -4.8122 -4.3836
Car -1 -1 -4.8198 883.6375 195.1380 914.1155 218.7525 1.4233 1.5240 3.7292 19.6485 3.0061 49.2624 -4.4431 -4.4024
Car -1 -1 -4.6094 630.5681 176.6525 661.2184 201.3108 1.5717 1.6550 4.2000 2.4402 1.8403 48.8698 -4.5603 -4.4351
Car -1 -1 -7.6852 621.8562 176.7134 664.7719 209.1861 1.5263 1.5718 3.6511 1.6854 1.7307 36.3282 -7.6398 -4.4781
Car -1 -1 -7.2857 0.0000 184.5947 90.6044 218.9557 1.4823 1.6869 4.0732 -27.1648 2.0804 34.6712 -7.9467 -4.4851
Car -1 -1 -5.3507 91.7223 184.3026 171.3092 216.6997 1.6119 1.6151 3.7386 -25.4224 2.2413 38.2874 -5.9338 -4.5570
Car -1 -1 -7.7300 470.0636 172.0614 498.6191 193.7240 1.7399 1.8042 4.5154 -10.4727 1.6759 60.2501 -7.9017 -4.7782
Car -1 -1 -4.8575 1071.4443 191.8801 1106.5161 213.3705 1.5957 1.8381 4.0338 39.5627 3.2285 59.7173 -4.2752 -5.1255
Car -1 -1 -4.7542 567.5131 175.0550 586.0991 188.9120 1.3037 1.6326 4.4818 -3.3092 1.5267 70.9179 -4.8010 -5.2080
Car -1 -1 -4.5828 231.4391 181.9398 268.7309 209.0752 1.5785 1.6110 3.8553 -22.6537 2.1768 45.4539 -5.0431 -5.2302
Car -1 -1 -4.4832 672.8822 187.9984 704.2639 210.8373 1.5019 1.5064 3.4214 5.6382 2.6276 51.7836 -4.3760 -5.2469
Car -1 -1 -4.7677 873.2170 195.7671 905.0053 223.9485 1.5403 1.6133 4.0562 17.3845 3.0431 45.1545 -4.4031 -5.3211
Car -1 -1 -2.9474 231.3039 182.7290 345.4419 234.2688 1.4082 1.3770 2.8285 -9.3640 1.7097 21.0705 -3.3613 -5.3768
Car -1 -1 -4.7529 972.4044 189.3656 991.8727 205.3828 1.3513 1.4485 3.2730 34.1751 2.9103 66.3507 -4.2796 -5.4292
Car -1 -1 -6.4796 1039.2830 190.8756 1114.2006 213.2142 1.3376 1.6203 3.8505 30.3004 2.5478 47.0100 -5.9105 -5.4533
Car -1 -1 -4.5615 413.0982 179.0279 449.4043 203.2476 1.3831 1.5439 4.2959 -11.0131 1.7828 44.5389 -4.8029 -5.5030
Car -1 -1 -4.8394 611.3691 176.1085 632.3522 193.1362 1.5635 1.5325 3.7835 1.0876 1.8832 68.9706 -4.8241 -5.5881
Car -1 -1 -4.5781 531.9180 178.0499 564.8709 201.3195 1.3545 1.5274 3.9729 -3.8259 1.6922 44.9240 -4.6630 -5.5981
Car -1 -1 -4.6536 572.3125 177.5402 600.8853 200.7427 1.3551 1.5501 4.0173 -1.4543 1.6601 44.9862 -4.6862 -5.6182
Car -1 -1 -4.6846 703.9510 191.3195 731.5822 217.9829 1.5517 1.6720 3.5781 6.9482 2.7913 46.5395 -4.5381 -5.7654
Car -1 -1 -5.3600 951.1354 191.1518 1023.3674 217.6200 1.4104 1.6808 4.1778 22.7133 2.5739 43.6930 -4.8840 -5.7770
Car -1 -1 -4.8865 453.5581 177.9722 485.8263 198.4168 1.5075 1.7280 4.5577 -11.1248 1.9278 56.8596 -5.0792 -5.8160
Car -1 -1 -4.6278 855.6174 189.3766 897.7390 221.0831 1.4016 1.6726 3.9464 13.4073 2.2809 36.2704 -4.2770 -5.8224
Car -1 -1 -4.6980 1063.0258 174.0940 1085.6292 191.5730 1.5028 1.6516 3.9948 41.4760 1.6169 64.4572 -4.1286 -5.8867
Car -1 -1 -4.8078 1181.6841 169.6860 1219.0453 191.5283 1.4733 1.6445 3.9978 41.4692 1.2593 50.7884 -4.1261 -5.8867
Car -1 -1 -4.6732 1040.9337 172.4760 1063.3579 188.8183 1.4849 1.6479 4.0014 41.4735 1.4503 67.6839 -4.1256 -5.8867
Car -1 -1 -4.7160 1080.9283 178.1540 1105.2981 198.1473 1.6282 1.6936 4.0136 41.4878 2.0993 62.0364 -4.1291 -5.8867
Car -1 -1 -4.7832 1156.6372 169.8202 1190.2626 190.9683 1.4971 1.6578 4.0085 41.4681 1.2820 53.2043 -4.1241 -5.8867
Car -1 -1 -4.8314 1209.0242 169.5485 1241.0000 192.7905 1.4899 1.6474 4.0007 41.4699 1.2777 48.3744 -4.1259 -5.8867
Car -1 -1 -3.5047 0.0000 190.8066 0.0000 374.0000 1.4964 1.6045 3.9549 -7.0821 1.6086 2.5302 -4.6975 -5.8867
Car -1 -1 -4.6412 558.3145 177.3083 580.0501 194.4281 1.3824 1.5705 3.9130 -3.4608 1.7724 61.2564 -4.6978 -5.8867
Car -1 -1 -4.6438 332.6073 183.8522 359.2986 205.2534 1.5155 1.6491 4.1189 -20.3240 2.3960 55.5721 -4.9932 -5.9058
Car -1 -1 -7.9827 760.0714 178.0512 786.2831 198.8745 1.7941 1.7601 4.4038 14.7661 2.2825 65.5733 -7.7627 -5.9092
Car -1 -1 -4.8408 1086.2637 188.9679 1120.8363 209.3494 1.3554 1.6222 3.7523 36.3455 2.5899 53.2495 -4.2450 -6.0128
Car -1 -1 -4.4022 1099.1678 187.0424 1139.6727 207.3243 1.5181 1.6516 3.6242 41.0862 2.6971 58.2145 -3.7905 -6.0414
Car -1 -1 -4.8310 958.8093 202.1234 1018.7180 240.9152 1.3771 1.7881 4.1057 16.2550 2.7341 31.2245 -4.3558 -6.2210
Car -1 -1 -4.9646 1133.2046 196.4242 1206.3110 233.5968 1.3946 1.6314 3.7196 24.4274 2.4953 31.6752 -4.3129 -6.3391
Car -1 -1 -4.6918 294.6520 182.5651 317.4374 204.8464 1.6114 1.5490 3.6966 -23.5587 2.3909 55.9329 -5.0891 -6.6756
