Car -1 -1 -4.4529 376.6103 181.5963 445.5954 221.9913 1.4210 1.6440 3.8931 -7.7193 1.7858 28.1785 -4.7184 6.7666
Car -1 -1 -4.2764 506.2124 176.2677 542.3140 194.6655 1.5234 1.6085 3.9191 -7.4270 1.8294 62.6410 -4.3943 -0.3072
Car -1 -1 -4.5164 340.7277 185.6373 368.5819 204.0649 1.6002 1.7021 4.0824 -23.9617 2.8384 67.7675 -4.8554 -1.1622
Car -1 -1 -7.1849 199.8409 171.9318 247.3193 191.8429 1.7650 1.7162 4.0066 -35.3543 1.6830 66.0858 -7.6746 -1.6981
Car -1 -1 -6.7552 0.0000 176.8552 59.7408 213.5784 1.4951 1.5964 3.3059 -26.4519 1.6803 31.6094 -7.4480 -1.9908
Car -1 -1 -5.1767 612.6644 177.6039 650.1884 199.0544 1.6795 1.5993 3.6882 1.7032 2.0835 59.3940 -5.1487 -2.2730
Car -1 -1 -6.2850 741.6186 184.1479 791.1041 205.0913 1.6101 1.6630 3.8319 12.5220 2.5364 57.9883 -6.0739 -2.4060
Car -1 -1 -4.7421 268.8817 191.4829 290.2603 211.2532 1.5393 1.5606 3.6160 -28.3680 3.1867 61.8510 -5.1708 -2.9951
Car -1 -1 -6.2295 639.6515 176.5717 706.9213 205.5932 1.4850 1.6008 3.4716 3.3392 1.6870 38.2204 -6.1435 -3.0459
Car -1 -1 -7.7144 618.1114 176.0429 651.0190 201.3716 1.5493 1.6014 3.9430 1.5987 1.7647 46.7378 -7.6809 -3.1550
Car -1 -1 -4.4224 665.2236 183.0846 695.4828 200.7218 1.4971 1.6540 4.1119 6.4501 2.4645 66.0329 -4.3260 -3.4221
Car -1 -1 -4.7724 419.8296 176.5776 442.3509 195.3433 1.4884 1.5963 3.7352 -14.9400 1.8085 60.0524 -5.0155 -3.7536
Car -1 -1 -4.5379 301.1129 191.4076 334.3686 214.5785 1.5404 1.6092 4.0195 -21.6575 2.9711 53.5171 -4.9211 -3.8217
Car -1 -1 -3.1573 226.8066 182.0814 307.1857 211.9893 1.5021 1.6773 3.8315 -18.4596 2.0187 38.8223 -3.5988 -4.0000
Car -1 -1 -4.5088 258.4623 182.9117 292.4134 204.6499 1.5896 1.6528 3.9763 -26.3379 2.4113 56.8506 -4.9411 -4.1081
Car -1 -1 -3.9759 221.8683 178.9302 290.4838 208.7280 1.8132 1.6251 4.1830 -23.0215 2.2279 47.0513 -4.4290 -4.1088
Car -1 -1 -2.4108 0.0000 187.2748 24.3192 299.7236 1.5496 1.6438 3.9235 -11.7787 1.7912 11.1461 -3.2117 -4.2079
Car -1 -1 -7.1003 19.6885 176.3623 124.1652 212.0605 1.5360 1.7165 3.8336 -24.8515 1.7080 33.4440 -7.7357 -4.2481
Car -1 -1 -4.5625 449.8856 177.8332 474.3759 194.4981 1.5299 1.7007 4.2614 -14.2686 2.0256 69.7086 -4.7640 -4.3089
Car -1 -1 -4.9081 296.0944 182.2781 328.5171 204.1635 1.6736 1.6938 4.1118 -24.4936 2.4755 59.2358 -5.2989 -4.3994
Car -1 -1 -4.4856 433.0009 173.1416 465.6699 194.2233 1.7031 1.6961 4.5627 -13.4769 1.7279 60.6423 -4.7037 -4.4999
Car -1 -1 -4.8319 579.6411 173.9613 603.6520 191.6723 1.6213 1.7868 4.1887 -1.7958 1.7296 68.5299 -4.8583 -4.7241
Car -1 -1 -4.7480 638.5352 174.6527 668.9117 201.9721 1.5713 1.6850 4.0514 2.5765 1.6853 43.8120 -4.6901 -4.7582
Car -1 -1 -4.2944 242.1761 183.4103 284.2109 205.0945 1.6254 1.5848 3.9262 -27.8476 2.5027 58.0021 -4.7405 -4.8103
Car -1 -1 -4.9909 489.5175 176.3290 520.7856 194.7171 1.5139 1.5832 4.1948 -9.1386 1.8253 62.4877 -5.1359 -5.0209
Car -1 -1 -4.3059 359.0144 184.2833 397.0375 204.4011 1.7717 1.8818 4.2906 -21.9245 2.8885 68.2984 -4.6158 -5.0567
Car -1 -1 -4.8573 347.6699 181.4985 372.8300 200.5879 1.5612 1.5171 3.9862 -21.8708 2.3416 63.0457 -5.1903 -5.0734
Car -1 -1 -4.6485 924.6635 198.8224 961.9918 230.0112 1.4070 1.5581 4.2427 17.7924 2.8734 38.5140 -4.2194 -5.1020
Car -1 -1 -3.9532 0.0000 174.9081 43.0388 214.6315 1.6164 1.8067 4.7258 -28.0228 1.7140 32.0085 -4.6682 -5.1125
Car -1 -1 -4.8834 506.4555 174.6033 537.4802 195.7309 1.6680 1.8922 3.9312 -7.3171 1.8172 59.4780 -5.0057 -5.3015
Car -1 -1 -8.0676 563.4531 173.8569 587.7147 188.7433 1.4074 1.5315 4.1158 -3.4213 1.5084 70.6983 -8.1161 -5.5102
Car -1 -1 -4.8103 577.7484 177.3448 609.8278 201.2875 1.3540 1.5395 4.1043 -1.0613 1.6391 43.7333 -4.8348 -5.5440
Car -1 -1 -4.5247 378.4926 178.1006 423.8708 208.2415 1.6082 1.7101 4.4266 -11.9975 1.9269 41.5765 -4.8043 -5.5661
Car -1 -1 -4.9721 385.5606 180.3340 444.0103 210.8919 1.3872 1.7405 4.4763 -9.9188 1.7877 36.2886 -5.2374 -5.5917
Car -1 -1 -4.3744 211.5977 181.6444 253.4334 203.3810 1.6096 1.6582 4.1540 -29.9730 2.3346 57.3601 -4.8542 -5.7482
Car -1 -1 -4.8210 542.6507 177.3106 569.9933 196.4381 1.3800 1.6344 4.2338 -4.1810 1.7352 55.3268 -4.8965 -5.7564
Car -1 -1 -4.5455 262.5696 184.0732 303.5571 212.4946 1.6783 1.7170 4.3238 -21.1454 2.4406 46.7378 -4.9686 -5.7693
Car -1 -1 -4.9891 1144.5819 196.5730 1203.0176 230.2580 1.7118 1.7124 3.5767 32.2576 3.1386 41.4323 -4.3318 -5.7801
Car -1 -1 -4.6480 1077.6464 200.1512 1132.8763 242.7191 1.4583 1.6291 3.6826 20.0201 2.6358 29.1783 -4.0521 -6.0932
Car -1 -1 -4.6404 551.4382 177.5559 581.7831 201.5096 1.3750 1.5689 4.1389 -2.6565 1.6770 44.3120 -4.7004 -6.1712
Car -1 -1 -4.9099 634.0833 180.8902 658.7332 196.1981 1.3537 1.5320 4.1771 3.3913 2.1381 68.2750 -4.8609 -6.3468
Car -1 -1 -8.0354 598.7646 174.7622 623.5342 191.8245 1.6111 1.6973 4.1901 0.0612 1.8040 70.8406 -8.0349 -6.4568
Car -1 -1 -4.5469 384.8222 181.7085 408.0508 197.9849 1.5131 1.5733 3.9473 -21.1091 2.4138 71.3673 -4.8337 -6.6395
