Car -1 -1 -4.6113 485.5828 179.9984 513.9199 201.6469 1.4549 1.6293 3.8540 -7.8999 1.9865 51.7546 -4.7624 1.4060
Car -1 -1 -5.9888 126.7677 186.3825 206.5878 214.8943 1.5298 1.6191 3.5576 -25.2270 2.3233 41.1091 -6.5365 -1.1667
Car -1 -1 -4.9127 578.4578 176.2239 601.8846 192.3039 1.5295 1.5906 3.8063 -2.0111 1.8728 71.5200 -4.9410 -1.4988
Car -1 -1 -4.9067 275.8019 184.1356 330.2835 218.1498 1.5003 1.6719 4.2997 -15.2199 2.0912 35.5648 -5.3087 -1.7972
Car -1 -1 -2.2482 134.1599 182.5068 205.2030 208.6921 1.6090 1.6598 4.2383 -28.6784 2.2568 46.9443 -2.7943 -1.9455
Car -1 -1 -7.8854 20.9656 191.2187 66.9798 227.3625 1.6030 1.7038 4.5612 -28.8163 2.5936 36.6335 -8.5485 -1.9684
Car -1 -1 -7.1378 179.7276 179.9980 237.5564 202.2004 1.5241 1.6071 3.7878 -29.3609 2.0671 52.8508 -7.6429 -2.2111
Car -1 -1 -5.1390 411.8421 180.5242 452.8424 201.9997 1.6056 1.6454 4.0482 -14.2256 2.2393 57.5416 -5.3806 -2.2819
Car -1 -1 -4.4940 617.7478 180.9762 645.9752 200.5772 1.5258 1.5670 3.7583 1.8196 2.2219 59.8499 -4.4642 -2.3144
Car -1 -1 -2.2006 214.2460 188.9978 283.2576 220.6615 1.4836 1.5763 3.1703 -18.4134 2.3364 36.6957 -2.6631 -2.3429
Car -1 -1 -4.3357 230.5608 196.6435 278.7514 225.1597 1.5601 1.4758 3.4618 -21.7600 3.0770 44.2339 -4.7909 -2.5269
Car -1 -1 -7.4871 356.2077 182.3646 405.6450 206.2749 1.3839 1.6335 4.0121 -14.3964 2.0097 45.4480 -7.7925 -3.2254
Car -1 -1 -4.6196 167.1525 178.8859 199.1790 201.6917 1.5632 1.6379 4.1107 -31.2347 2.0230 52.8327 -5.1515 -3.5732
Car -1 -1 -8.0524 294.9979 179.8640 322.2520 195.8654 1.4795 1.6637 4.2648 -29.6579 2.1897 70.9015 -8.4475 -3.6626
Car -1 -1 -4.8532 619.1691 178.5667 649.0894 202.0695 1.4556 1.5052 3.2688 1.5139 1.8427 47.2244 -4.8218 -3.8517
Car -1 -1 -4.8270 732.4365 182.8915 756.7875 202.3103 1.7497 1.8112 4.3449 12.9172 2.7478 69.5451 -4.6446 -4.1716
Car -1 -1 -7.3173 56.9844 188.8872 134.8848 219.7821 1.4411 1.6323 3.6968 -26.6825 2.3173 37.5407 -7.9321 -4.3239
Car -1 -1 -4.2513 325.9136 181.4369 359.0819 197.6962 1.4892 1.5159 3.7342 -25.9562 2.3455 70.0699 -4.6052 -4.3840
Car -1 -1 -3.7596 583.1243 179.0991 652.2439 206.7228 1.4531 1.5780 3.6282 0.4114 1.8171 40.4021 -3.7500 -4.4001
Car -1 -1 -4.7027 627.9247 178.1307 651.1496 201.1593 1.5656 1.6045 3.4041 2.0942 1.9553 51.5894 -4.6629 -4.5244
Car -1 -1 -4.9719 521.9944 180.7699 552.2976 195.9172 1.3879 1.8336 4.6737 -7.2514 2.1967 71.2449 -5.0733 -4.5270
Car -1 -1 -1.9982 0.0000 207.9456 84.2986 247.8471 1.5449 1.6301 3.7417 -25.5185 3.1931 32.3105 -2.6628 -4.5758
Car -1 -1 -4.4519 541.2856 180.5721 565.1815 195.6585 1.4230 1.5557 3.3595 -5.6330 2.2086 71.6828 -4.5304 -4.6242
Car -1 -1 -4.8586 203.7841 173.4954 240.3699 200.0600 1.7371 1.6370 4.0447 -26.6182 1.7826 49.3969 -5.3508 -4.6337
Car -1 -1 -5.0083 140.0323 186.7731 204.2909 220.2230 1.6371 1.8012 4.3400 -23.8579 2.4338 39.1966 -5.5523 -4.9848
Car -1 -1 -4.0799 147.7086 178.1823 209.3082 203.2388 1.6169 1.6507 3.8654 -29.5044 1.9963 49.4153 -4.6160 -5.0790
Car -1 -1 -5.0278 280.0102 192.7386 332.8731 221.5593 1.6703 1.7962 4.8526 -20.0973 3.0481 47.5826 -5.4258 -5.2111
Car -1 -1 -7.7811 479.7986 171.9814 503.6661 192.5248 1.7554 1.7791 4.2654 -10.4536 1.6805 63.8571 -7.9430 -5.2557
Car -1 -1 -4.5840 171.6563 176.9627 197.8728 195.4282 1.6595 1.6331 3.9233 -40.0080 2.0581 67.9158 -5.1149 -5.2973
Car -1 -1 -4.8632 518.8146 183.6011 543.5646 201.4082 1.4024 1.5963 3.2592 -6.6846 2.3336 60.7554 -4.9727 -5.3560
Car -1 -1 -4.7702 361.9074 189.4529 381.6707 206.8047 1.4343 1.4893 3.7392 -21.6689 2.9873 65.5070 -5.0889 -5.3955
Car -1 -1 -4.6521 434.3597 178.1312 462.6729 202.2490 1.6441 1.7310 4.8752 -11.8067 2.0489 52.8438 -4.8712 -5.4237
Car -1 -1 -4.4170 529.9797 178.6164 565.1050 199.3413 1.6435 1.7620 4.3451 -5.2417 2.1473 60.8118 -4.5030 -5.5582
Car -1 -1 -7.6058 826.7825 190.6105 861.4325 215.1100 1.6565 1.5545 3.9186 17.4767 3.0327 53.8626 -7.2943 -5.6407
Car -1 -1 -4.7389 1100.9923 182.1422 1127.6613 202.6033 1.5711 1.6821 3.7024 41.3408 2.3592 59.2363 -4.1324 -5.6817
Car -1 -1 -4.5324 545.1173 178.0867 579.6317 200.9737 1.3968 1.5412 4.1047 -3.0978 1.7537 47.1336 -4.5981 -5.7718
Car -1 -1 -4.8334 1204.3347 170.9323 1241.0000 193.8198 1.4797 1.6392 3.9881 41.4727 1.3552 48.7656 -4.1318 -5.8867
Car -1 -1 -7.3780 1008.8770 171.0851 1047.8054 187.2782 1.5370 1.6509 3.9678 40.7234 1.3688 70.2537 -6.8547 -5.8867
Car -1 -1 -4.8027 1168.9012 172.5560 1204.7992 194.3742 1.5077 1.6491 3.9932 41.4745 1.4868 51.9813 -4.1323 -5.8867
Car -1 -1 -4.6699 1035.7316 174.2618 1058.1185 191.0195 1.5329 1.6590 4.0104 41.4729 1.6704 68.4907 -4.1277 -5.8867
Car -1 -1 -4.8252 344.7899 185.0753 372.1105 205.2760 1.5194 1.6523 4.2374 -20.7233 2.5617 59.2835 -5.1604 -5.9132
Car -1 -1 -8.0861 1049.4465 191.3087 1100.2936 215.8091 1.3137 1.6986 4.1176 28.4027 2.5023 44.2608 -7.5192 -6.0254
Car -1 -1 -4.7284 1071.0392 189.3073 1098.8198 210.0282 1.3505 1.6062 3.9496 34.4599 2.5944 52.4605 -4.1503 -6.0857
Car -1 -1 -4.5066 299.0201 186.0827 334.0213 210.6770 1.7662 1.6538 4.5348 -23.0537 2.8500 56.7531 -4.8911 -6.2066
Car -1 -1 -4.0263 486.2588 180.2136 530.6876 198.2571 1.4277 1.5169 4.0118 -8.5563 2.0703 60.9198 -4.1656 -6.3495
Car -1 -1 -4.3190 236.1048 192.5348 292.7179 219.7540 1.5688 1.7794 4.3794 -22.4786 2.9126 47.0450 -4.7629 -6.4151
Car -1 -1 -4.7722 141.6980 175.6139 168.5171 195.4249 1.7235 1.8218 4.1487 -41.4043 1.9826 65.6052 -5.3335 -7.0105
