Car -1 -1 -4.4558 373.2816 180.6806 448.1385 225.2691 1.4755 1.7009 3.9324 -7.2747 1.7845 26.5427 -4.7213 5.3171
Car -1 -1 -7.5274 330.0394 180.1542 380.9277 207.7902 1.4500 1.5992 3.7011 -14.3273 1.8802 40.6970 -7.8642 -1.7920
Car -1 -1 -4.9593 680.7125 186.3460 719.5901 211.3457 1.4778 1.5875 3.9066 5.7753 2.3923 46.8880 -4.8381 -2.2921
Car -1 -1 -4.3697 202.3725 188.0877 265.6024 222.3635 1.4961 1.6491 3.4282 -18.1543 2.2710 34.9104 -4.8465 -2.3758
Car -1 -1 -8.1255 809.9592 192.4457 858.6939 223.3123 1.5180 1.6074 3.7160 12.2555 2.6479 39.7452 -7.8292 -2.8852
Car -1 -1 -4.8981 645.3639 181.2348 672.8771 200.2157 1.5162 1.6311 3.9446 4.1271 2.2542 61.5065 -4.8319 -3.3116
Car -1 -1 -4.5670 200.2567 184.8135 237.4864 211.6960 1.6791 1.6596 4.0175 -26.6308 2.5298 49.1714 -5.0614 -3.3481
Car -1 -1 -6.9879 260.7503 189.4948 319.9611 216.2359 1.5825 1.5716 3.2693 -20.7073 2.7027 46.7715 -7.4029 -3.3935
Car -1 -1 -4.7060 76.0548 200.3464 112.1973 228.9213 1.4859 1.7090 3.7730 -31.0840 3.2195 43.4716 -5.3240 -3.6824
Car -1 -1 -7.9288 633.5456 177.7441 666.2712 204.3714 1.4274 1.5757 3.8475 2.2061 1.7204 41.3342 -7.8764 -3.8105
Car -1 -1 -7.7637 178.4294 185.2083 212.7663 212.5842 1.6859 1.6397 4.0433 -27.8830 2.5548 48.5823 -8.2826 -3.8305
Car -1 -1 -2.7757 104.3924 186.9082 198.5212 221.0135 1.8286 1.7329 4.1688 -25.9976 2.6510 40.9790 -3.3383 -3.8965
Car -1 -1 -7.8874 579.3067 175.9429 598.1078 190.9529 1.3244 1.5960 3.9110 -2.0084 1.6173 66.4896 -7.9179 -4.0493
Car -1 -1 -4.5067 436.4308 174.7034 465.5677 194.6853 1.6711 1.6704 4.1137 -13.8186 1.8370 62.7893 -4.7227 -4.0575
Car -1 -1 -4.4533 328.1488 184.9864 357.7067 200.9078 1.4284 1.6729 4.2096 -25.9661 2.6453 70.2197 -4.8065 -4.1874
Car -1 -1 -3.5096 893.9648 200.0693 988.8176 228.1978 1.4030 1.6858 4.3187 17.7264 2.9032 38.8173 -3.0849 -4.4626
Car -1 -1 -7.1520 198.3333 189.7218 269.2592 220.4127 1.5755 1.5522 3.7210 -21.4431 2.5851 41.2104 -7.6295 -4.5039
Car -1 -1 -4.5464 608.2416 176.7891 637.0840 198.2378 1.6224 1.6601 4.0179 1.0183 1.9472 57.4854 -4.5292 -4.8157
Car -1 -1 -3.0257 623.9410 178.2490 670.0749 196.0071 1.6404 1.7910 4.2050 3.5169 2.1624 68.6306 -2.9751 -4.8230
Car -1 -1 -5.9931 611.0022 176.5086 657.8514 195.8308 1.6452 1.6830 3.7895 2.1280 1.9729 63.3647 -5.9601 -5.0014
Car -1 -1 -4.7311 389.5143 177.3223 421.0692 203.5130 1.3901 1.6558 4.4251 -11.8390 1.6611 41.4584 -5.0079 -5.2868
Car -1 -1 -4.7556 539.1966 176.4563 562.8749 195.9672 1.3943 1.5989 4.1326 -4.5153 1.6769 54.5088 -4.8382 -5.2977
Car -1 -1 -4.6327 658.8667 180.8973 678.0171 196.6500 1.4571 1.5805 3.7851 5.7365 2.2680 70.7725 -4.5525 -5.3509
Car -1 -1 -4.5050 573.9485 177.9586 610.8449 201.9197 1.3969 1.5654 3.7137 -1.0865 1.7280 44.8720 -4.5296 -5.4842
Car -1 -1 -5.2259 1134.6066 191.9517 1200.5769 216.4462 1.3452 1.6082 3.6827 34.3256 2.5760 44.5778 -4.5735 -5.4956
Car -1 -1 -7.8666 1033.5521 192.4854 1062.9454 219.7791 1.6064 1.5849 3.8135 28.7492 2.9529 47.4563 -7.3253 -5.5004
Car -1 -1 -4.8091 401.0328 180.1445 448.0785 214.4975 1.5748 1.8749 4.4967 -9.4899 1.9683 36.5417 -5.0619 -5.5760
Car -1 -1 -4.5751 550.6214 178.9232 582.5309 203.2888 1.4152 1.5081 3.4845 -2.6818 1.8051 44.5975 -4.6352 -5.7404
Car -1 -1 -4.1925 178.5040 190.5224 244.5316 217.2886 1.4337 1.6169 4.1804 -23.9824 2.5510 43.5327 -4.6937 -5.8445
Car -1 -1 -4.8148 1190.4827 169.9676 1229.3333 192.4812 1.4934 1.6512 4.0014 41.4693 1.3016 49.9839 -4.1254 -5.8867
Car -1 -1 -4.9039 1241.0000 168.0375 1241.0000 194.5221 1.4616 1.6390 3.9914 41.4681 1.1955 41.9355 -4.1278 -5.8867
Car -1 -1 -4.9432 1241.0000 167.2587 1241.0000 196.2795 1.4721 1.6406 3.9929 41.4682 1.1880 38.7175 -4.1275 -5.8867
Car -1 -1 -4.8676 1241.0000 170.9071 1241.0000 195.7619 1.4958 1.6472 3.9928 41.4723 1.3784 45.5453 -4.1324 -5.8867
Car -1 -1 -8.4840 816.9216 186.0757 1038.3239 285.1908 1.2300 1.4830 3.1901 4.6400 1.4656 11.1428 -8.0995 -6.0209
Car -1 -1 -5.7443 1063.3518 188.9631 1130.5820 214.0393 1.7362 1.6051 3.9704 36.9171 3.0081 54.8426 -5.1549 -7.0816
