Car -1 -1 -7.8466 583.9066 182.3739 624.0828 216.0411 1.3104 1.6189 3.4901 -0.2909 1.7398 30.8192 -7.8566 5.3220
Car -1 -1 -7.7750 530.8019 180.7033 568.1588 209.4039 1.3875 1.6695 3.5114 -3.1477 1.8154 37.6042 -7.8584 5.2860
Car -1 -1 -4.1612 70.7723 183.5462 146.0043 215.3249 1.6909 1.6759 4.1066 -29.0531 2.3425 41.8956 -4.7647 -0.2585
Car -1 -1 -4.7297 456.1460 177.5691 476.2827 196.2130 1.5066 1.6108 3.8015 -12.2760 1.9205 61.3607 -4.9267 -0.3755
Car -1 -1 -8.0731 522.6279 172.9421 552.1653 192.8009 1.5711 1.6119 3.8267 -6.0119 1.5782 59.1702 -8.1743 -1.6229
Car -1 -1 -4.6520 158.9979 188.9252 205.5829 224.3385 1.4594 1.6281 4.0247 -20.0428 2.2614 33.8595 -5.1833 -1.7586
Car -1 -1 -4.6610 256.7826 183.1542 284.3778 204.7172 1.4509 1.6175 4.0174 -24.8181 2.2350 52.7826 -5.0988 -1.9897
Car -1 -1 -4.0867 107.4070 189.4687 171.1391 215.6895 1.5607 1.6338 3.6967 -30.7631 2.6913 47.2252 -4.6617 -1.9950
Car -1 -1 -7.7597 1042.0643 180.5663 1086.9333 214.8014 1.5521 1.5667 3.3406 22.2392 1.9487 35.3281 -7.2022 -2.3722
Car -1 -1 -5.2305 179.4261 188.4698 268.5338 226.0348 1.4923 1.6241 4.1881 -17.1725 2.2230 31.9688 -5.7202 -2.5656
Car -1 -1 -4.7426 134.9715 185.1625 167.3821 212.6560 1.5726 1.6003 3.8238 -28.7532 2.3767 45.1222 -5.3074 -2.8123
Car -1 -1 -4.5354 628.4338 178.2621 654.3765 196.2026 1.4701 1.5736 3.9781 2.7287 1.9542 62.5133 -4.4924 -2.8805
Car -1 -1 -4.7673 561.4066 180.7891 586.3779 203.7428 1.5220 1.5578 3.7128 -2.6189 2.1049 51.1050 -4.8187 -3.5009
Car -1 -1 -4.7104 347.2621 180.0186 376.4046 207.3946 1.5725 1.6360 3.9547 -15.3983 2.0373 44.6991 -5.0406 -3.8888
Car -1 -1 -4.7940 161.7705 186.8746 199.3210 214.8101 1.4521 1.5572 3.7724 -24.7611 2.2968 41.4923 -5.3295 -3.9543
Car -1 -1 -4.7799 558.4711 180.8306 592.0845 207.5726 1.5023 1.7515 4.4060 -2.2104 2.0159 44.1920 -4.8301 -4.1224
Car -1 -1 -4.9357 665.1835 180.6492 689.8985 196.8728 1.5120 1.6239 3.7684 6.6080 2.3013 71.1152 -4.8439 -4.2380
Car -1 -1 -4.6424 224.3428 183.7684 257.2820 209.3543 1.4794 1.5927 3.5262 -23.1706 2.1936 45.3033 -5.1130 -4.2609
Car -1 -1 -7.3433 466.9886 179.8719 517.3319 204.7215 1.5959 1.7425 3.8860 -8.0893 2.0993 49.6626 -7.5044 -4.3345
Car -1 -1 -5.2025 250.4383 184.9327 320.4355 215.9413 1.5038 1.6600 4.1091 -17.3398 2.1783 38.3973 -5.6244 -4.5565
Car -1 -1 -4.5810 143.4167 189.8596 199.8699 228.1059 1.4414 1.5896 3.6847 -18.7881 2.2186 30.9834 -5.1225 -4.7219
Car -1 -1 -4.9563 606.3947 176.9540 634.8679 195.7229 1.5503 1.5751 3.8641 0.8643 1.9172 62.5606 -4.9430 -4.7277
Car -1 -1 -5.0126 551.5211 181.0212 578.8524 197.9351 1.5706 1.6112 3.8721 -4.4647 2.3990 71.1202 -5.0755 -4.7409
Car -1 -1 -7.9138 964.3029 190.0862 995.0195 216.4191 1.5177 1.5111 3.7967 23.6433 2.6719 46.3002 -7.4448 -4.8652
Car -1 -1 -7.3049 108.0943 182.2602 178.9371 213.9612 1.7291 1.6855 3.9512 -27.4363 2.3093 42.5326 -7.8752 -4.9223
Car -1 -1 -4.9862 792.9673 190.0896 825.9876 210.9262 1.4576 1.4754 3.7489 15.2622 2.8270 55.4626 -4.7196 -5.1303
Car -1 -1 -4.8568 677.7089 178.9227 711.6212 203.2559 1.6451 1.7919 4.5121 6.0429 2.1031 52.2032 -4.7427 -5.1864
Car -1 -1 -2.2460 230.9913 182.7449 316.3148 215.8291 1.5628 1.5861 4.3258 -17.1879 2.0893 36.7547 -2.6810 -5.2063
Car -1 -1 -2.3554 265.4842 180.4551 321.6940 200.5759 1.6173 1.6622 4.4760 -26.6840 2.2741 60.7888 -2.7677 -5.2249
Car -1 -1 -3.6764 831.9865 192.4852 911.3118 220.4920 1.6084 1.6820 4.3414 16.0463 2.8500 44.4094 -3.3325 -5.2980
Car -1 -1 -7.6347 109.9343 186.7979 168.6562 220.8945 1.4051 1.5827 3.1782 -21.4614 2.0756 32.9436 -8.2087 -5.3428
Car -1 -1 -8.1057 707.9228 173.2167 741.4413 201.4845 2.5597 1.9465 4.8946 10.7220 2.5948 67.9310 -7.9503 -5.4692
Car -1 -1 -7.2090 12.8549 188.1051 178.0761 252.2203 1.5889 1.8313 4.0067 -14.7179 2.0731 20.8857 -7.8171 -5.5742
Car -1 -1 -4.5765 508.8589 181.2874 539.5659 203.6260 1.4460 1.5995 3.9760 -5.9605 2.0561 50.2208 -4.6945 -5.6825
Car -1 -1 -4.9895 451.4498 178.9222 486.1337 197.9353 1.4473 1.7631 3.8596 -11.4867 1.9559 58.3963 -5.1832 -5.9213
Car -1 -1 -4.4649 426.4807 176.7486 457.1875 197.6292 1.7042 1.5941 4.1345 -14.3722 2.0484 61.7482 -4.6930 -6.3168
