Car -1 -1 -4.2503 121.3530 186.1013 317.3367 283.6152 1.4871 1.6221 3.8405 -7.0791 1.7694 13.4600 -4.7268 7.4069
Car -1 -1 -4.3952 384.6174 180.9263 418.5567 200.6253 1.5747 1.6739 3.7571 -17.6446 2.2799 61.1512 -4.6753 -0.9197
Car -1 -1 -4.4159 646.4447 178.6157 679.8146 199.8291 1.5767 1.5563 3.8975 4.1953 2.0472 56.8653 -4.3431 -1.0929
Car -1 -1 -7.8563 582.6541 175.5850 600.6276 190.3779 1.2812 1.5719 3.2360 -1.6754 1.5322 64.7392 -7.8824 -1.6865
Car -1 -1 -3.4267 63.6327 206.5573 156.8573 241.8442 1.4651 1.5749 3.4479 -24.4328 3.1991 35.2953 -4.0289 -1.7560
Car -1 -1 -4.8331 623.0298 176.5218 662.3098 207.9258 1.5481 1.5796 4.0828 1.6350 1.7524 38.1555 -4.7912 -1.8722
Car -1 -1 -4.4893 255.8640 182.6370 320.4585 219.3052 1.4604 1.7399 4.1374 -14.2646 1.9251 32.1053 -4.9047 -2.1515
Car -1 -1 -4.4726 639.0928 177.5423 668.3434 196.3268 1.5115 1.6084 3.8615 3.7148 1.9223 61.1816 -4.4126 -2.2696
Car -1 -1 -4.8623 867.1598 188.3414 919.7833 225.7694 1.4957 1.6521 3.6162 12.6102 2.2322 32.3858 -4.4947 -2.7846
Car -1 -1 -5.9443 282.6279 182.2622 354.0834 206.2809 1.5605 1.6396 4.1443 -19.5904 2.2044 48.4981 -6.3266 -2.9781
Car -1 -1 -4.6804 644.2522 179.0687 672.3224 205.8691 1.5813 1.6492 3.9388 3.0511 1.9909 45.5587 -4.6145 -3.0661
Car -1 -1 -4.2791 120.3300 203.9193 185.3557 235.7747 1.4385 1.5777 3.4490 -23.9869 3.1491 37.9260 -4.8401 -3.1117
Car -1 -1 -6.0615 0.0000 183.8010 186.0527 238.0975 1.4584 1.6620 4.3607 -15.3929 1.8105 21.6254 -6.6744 -3.2387
Car -1 -1 -4.9258 671.7898 182.8410 702.8307 203.4755 1.4927 1.5824 4.0177 5.9631 2.3005 56.2968 -4.8214 -3.4691
Car -1 -1 -4.6771 318.7332 181.0530 337.2647 197.0565 1.4752 1.5564 3.7280 -27.5836 2.3000 70.5938 -5.0486 -3.4719
Car -1 -1 -4.8100 635.0784 176.4662 657.2900 193.6128 1.5801 1.7265 4.2281 3.4364 1.9388 69.5518 -4.7613 -3.5472
Car -1 -1 -3.6376 95.7061 202.9968 176.8711 233.8509 1.5233 1.5704 3.5735 -27.1287 3.3324 41.3675 -4.2154 -3.6814
Car -1 -1 -3.3738 208.8311 174.2044 298.1279 207.6746 1.7747 1.7519 4.1980 -19.9742 1.8538 40.4308 -3.8303 -3.7453
Car -1 -1 -4.1950 326.4655 181.5013 362.1913 197.5316 1.4796 1.5762 3.8835 -26.0609 2.3528 70.8475 -4.5466 -3.7542
Car -1 -1 -4.5749 451.4249 176.3195 473.9923 193.2417 1.5263 1.5823 3.7174 -13.8240 1.8606 67.7638 -4.7757 -3.7677
Car -1 -1 -4.6403 899.9534 188.3888 946.3041 227.0375 1.5290 1.6443 3.9888 14.0725 2.2730 32.4217 -4.2348 -3.9285
Car -1 -1 -4.8149 417.6506 175.3728 444.9547 197.1630 1.6013 1.6393 4.0306 -13.8537 1.8031 55.7007 -5.0579 -3.9310
Car -1 -1 -2.7046 576.9165 176.1717 652.4325 201.8490 1.5030 1.6684 4.3433 0.2431 1.7144 44.3535 -2.6996 -4.2916
Car -1 -1 -4.1892 633.4312 176.2057 670.0007 194.0512 1.5477 1.5976 3.8583 3.7886 1.8607 65.3979 -4.1319 -4.4673
Car -1 -1 -4.5035 1071.0737 183.9533 1106.6523 205.2675 1.7049 1.7425 4.0999 41.0899 2.6887 61.9194 -3.9203 -4.5267
Car -1 -1 -5.1675 1168.7598 200.8463 1241.0000 236.9021 1.4647 1.6239 3.8613 28.6882 2.8863 34.5852 -4.4800 -4.7287
Car -1 -1 -4.7866 688.4861 179.7596 707.7346 196.2148 1.5439 1.6057 3.7237 8.6490 2.2431 71.1873 -4.6666 -4.8120
Car -1 -1 -4.8764 633.7144 175.2813 668.0597 201.1342 1.6550 1.6463 4.1732 2.6835 1.8260 48.7602 -4.8222 -4.8323
Car -1 -1 -4.7473 426.3590 172.6333 443.3640 188.1855 1.5016 1.5208 3.3132 -17.3818 1.4800 71.4659 -4.9853 -4.8589
Car -1 -1 -2.5207 280.4875 176.7778 327.7158 195.2561 1.7565 1.6992 4.0019 -29.8499 2.1459 70.3934 -2.9206 -4.9261
Car -1 -1 -4.7229 644.9154 178.4869 673.7202 204.8260 1.4222 1.5880 3.9547 2.7954 1.7644 41.8425 -4.6572 -4.9517
Car -1 -1 -4.6819 448.8775 178.0187 465.6215 191.9822 1.3097 1.5026 3.6279 -15.0301 1.8314 71.0128 -4.8900 -5.2537
Car -1 -1 -4.5212 460.0674 176.6750 482.2720 191.5811 1.4218 1.5374 3.4153 -13.7320 1.8087 71.4088 -4.7108 -5.2715
Car -1 -1 -4.4679 0.0000 188.6938 30.6592 219.2649 1.4062 1.7798 3.7343 -31.7074 2.2724 37.4015 -5.1678 -5.2940
Car -1 -1 -4.8305 538.7170 175.8559 566.1862 195.0406 1.3951 1.6150 4.1607 -4.4794 1.6343 55.3585 -4.9112 -5.3409
Car -1 -1 -8.0440 1123.2017 192.1174 1166.2172 217.6460 1.4613 1.5117 3.8147 34.3190 2.7554 46.4381 -7.4112 -5.4462
Car -1 -1 -4.3186 314.5454 183.6691 356.5616 208.5697 1.7366 1.5224 4.0025 -20.5510 2.5776 54.1045 -4.6803 -5.5184
Car -1 -1 -3.5619 150.7374 184.6892 289.3873 229.6921 1.4474 1.6100 4.1836 -14.2452 1.9166 26.4799 -4.0515 -5.5592
Car -1 -1 -4.3451 459.4971 180.6629 505.7849 205.3772 1.3849 1.5625 3.6010 -7.6728 1.8768 43.5614 -4.5189 -5.5825
Car -1 -1 -4.6935 1054.0322 181.7133 1076.7963 200.7610 1.6318 1.6936 3.7240 41.4738 2.4632 65.7168 -4.1330 -5.7287
Car -1 -1 -4.5926 155.6048 185.9731 269.0366 258.4178 1.3827 1.7690 4.6064 -9.3003 1.7388 17.1322 -5.0838 -5.8058
Car -1 -1 -7.3783 1008.9020 170.7387 1047.7793 186.8393 1.5283 1.6468 3.9679 40.7238 1.3272 70.2543 -6.8550 -5.8867
Car -1 -1 -4.6638 1033.5894 172.5547 1055.9277 188.4836 1.4731 1.6417 4.0388 41.4915 1.4451 68.8625 -4.1237 -5.8867
Car -1 -1 -4.7055 199.7541 185.3493 274.6384 243.2453 1.3801 1.7217 4.7402 -10.7384 1.7831 20.7850 -5.1775 -5.9540
Car -1 -1 -4.9764 704.3504 180.3125 739.0919 202.1320 1.7541 1.8123 4.5511 9.5213 2.4190 61.9851 -4.8252 -6.0053
Car -1 -1 -5.1726 1073.9274 192.7132 1241.0000 308.7473 1.4543 1.4717 3.4196 8.9031 1.8201 11.4818 -4.5262 -6.1681
Car -1 -1 -4.9254 1016.5327 193.5271 1073.8423 227.2769 1.4618 1.6402 3.8414 21.5198 2.5492 35.8834 -4.3895 -6.3582
