Car -1 -1 -7.7659 538.3224 179.6692 571.5206 204.4513 1.3451 1.6201 3.5378 -3.1961 1.7576 41.9205 -7.8420 4.7124
Car -1 -1 -7.8503 583.8421 179.2969 619.3255 209.3390 1.3393 1.6179 3.3653 -0.4417 1.6629 34.5829 -7.8635 4.3458
Car -1 -1 -4.5958 806.6606 185.5363 848.8168 218.3139 1.4037 1.5075 3.8602 10.4351 2.0475 34.5729 -4.3057 -0.5723
Car -1 -1 -8.1183 536.2231 170.9725 561.8552 186.5798 1.4747 1.5694 3.6968 -5.9750 1.2967 70.1841 -8.2032 -0.6084
Car -1 -1 -3.7736 808.0408 184.8066 851.5447 202.0805 1.5919 1.6369 3.7960 21.2501 2.7718 69.8382 -3.4799 -1.2194
Car -1 -1 -4.0658 694.7209 179.9834 754.1282 204.5130 1.5496 1.6775 4.3916 7.7679 2.0539 48.9466 -3.9098 -1.3054
Car -1 -1 -4.8717 311.4032 179.7109 338.5902 198.2807 1.5407 1.6174 3.9765 -25.1524 2.1646 63.5567 -5.2474 -1.9234
Car -1 -1 -4.6979 222.8874 185.3910 246.5351 206.9752 1.5446 1.5708 3.7939 -29.1532 2.5540 56.0613 -5.1757 -2.6477
Car -1 -1 -4.5213 801.4743 187.3326 839.2327 212.1052 1.4081 1.5892 3.8837 13.2803 2.3638 45.5483 -4.2399 -2.9171
Car -1 -1 -6.3262 230.0502 181.3733 300.8629 207.0078 1.5989 1.6887 4.1734 -22.8811 2.1842 47.8720 -6.7702 -2.9221
Car -1 -1 -6.5809 90.7976 196.2238 196.5129 237.4547 1.5719 1.6366 3.5598 -20.3637 2.6541 31.5347 -7.1507 -3.0402
Car -1 -1 -5.4444 287.6078 178.6808 362.0676 206.6416 1.5764 1.6510 4.3544 -17.0832 1.9380 43.1038 -5.8199 -3.4320
Car -1 -1 -5.1583 562.8941 178.1994 618.9144 206.0721 1.5080 1.6340 4.1358 -1.2075 1.8360 42.0987 -5.1873 -3.5006
Car -1 -1 -8.1035 278.8263 180.8153 331.5986 215.0526 1.5392 1.5319 3.5993 -14.9526 1.9484 35.2177 -8.5027 -3.5149
Car -1 -1 -2.5536 72.6806 185.6243 167.6754 214.9282 1.4648 1.6198 3.8468 -25.5108 2.1445 37.6007 -3.1466 -3.5510
Car -1 -1 -5.2376 788.1515 182.8475 823.3441 200.6720 1.6417 1.6142 3.8505 19.1606 2.6513 70.8449 -4.9750 -3.7291
Car -1 -1 -4.2540 282.7477 181.8767 331.3238 204.6481 1.4709 1.5564 3.8738 -21.0302 2.1227 50.1614 -4.6494 -3.8077
Car -1 -1 -4.9781 552.3682 180.7588 591.0800 203.4924 1.4304 1.6126 4.0609 -2.6816 1.9919 49.0975 -5.0328 -3.9931
Car -1 -1 -6.1094 432.3794 179.3826 500.6818 204.3725 1.5824 1.6909 4.1380 -9.3455 2.0158 47.0443 -6.3048 -4.0417
Car -1 -1 -4.7782 671.2743 176.6886 704.6315 204.3139 1.4949 1.6477 3.7938 4.4028 1.7254 41.5061 -4.6738 -4.0447
Car -1 -1 -7.5518 227.7082 181.3788 288.0916 215.7133 1.4869 1.5871 3.4712 -16.5521 1.9099 33.9916 -8.0022 -4.0628
Car -1 -1 -4.8688 1196.1575 199.4688 1241.0000 232.8845 1.4778 1.4941 3.4094 31.0350 2.8992 36.6968 -4.1715 -4.1217
Car -1 -1 -4.1520 0.0000 189.7353 55.9675 226.7649 1.6781 1.7295 3.7438 -30.1632 2.5768 36.4583 -4.8398 -4.2015
Car -1 -1 -4.5714 627.0895 180.9352 651.2602 195.9564 1.3526 1.7352 4.4339 2.8376 2.1604 69.8214 -4.5314 -4.2552
Car -1 -1 -5.0854 516.9426 172.7914 545.5515 188.2408 1.4639 1.6488 3.3781 -7.7085 1.4577 70.2471 -5.1945 -4.3011
Car -1 -1 -6.3006 122.6292 186.0754 275.8540 246.8874 1.4481 1.5212 3.4552 -10.9964 1.8308 19.3733 -6.8113 -4.4833
Car -1 -1 -4.3500 282.9380 176.7923 343.9624 210.1534 1.6540 1.6529 4.0722 -15.6989 1.8741 38.3144 -4.7367 -4.5597
Car -1 -1 -4.9526 827.3477 183.6338 888.0692 219.6295 1.4532 1.7172 3.6472 10.9153 1.9614 32.1500 -4.6287 -4.6340
Car -1 -1 -4.2388 266.6285 181.2425 315.2143 205.8835 1.4331 1.4804 3.1363 -19.7374 1.9708 44.6694 -4.6529 -4.6923
Car -1 -1 -4.9869 767.5721 183.9396 795.1502 201.9708 1.6311 1.6640 3.5705 16.4117 2.7239 69.3275 -4.7559 -4.7257
Car -1 -1 -2.3684 601.5159 177.8991 655.9767 202.0130 1.5770 1.5812 3.7077 1.2343 1.9384 49.8522 -2.3443 -4.7708
Car -1 -1 -4.8606 358.1309 174.7573 402.4453 207.1357 1.5477 1.6019 3.8433 -11.8011 1.6499 36.8109 -5.1691 -5.0796
Car -1 -1 -4.5847 201.6381 182.2415 241.6329 210.4364 1.6270 1.7130 3.9252 -24.3041 2.2426 45.2003 -5.0759 -5.1251
Car -1 -1 -4.7956 211.1591 178.1164 242.2134 204.2674 1.8217 1.6955 4.0804 -28.3789 2.2261 53.3128 -5.2830 -5.6223
Car -1 -1 -4.3149 795.3743 188.5842 836.3416 210.4094 1.4550 1.5203 3.8656 15.1057 2.6523 52.9474 -4.0390 -5.6461
Car -1 -1 -4.7418 457.8044 176.8517 481.1378 196.7184 1.4603 1.6572 4.0579 -10.9769 1.7826 56.0677 -4.9346 -5.6731
Car -1 -1 -2.1490 0.0000 192.4529 23.8671 374.0000 1.4163 1.5708 4.0300 -5.9868 1.5513 4.0899 -3.0896 -5.6889
Car -1 -1 -7.5643 152.1038 0.0000 1241.0000 374.0000 1.5429 1.5893 3.8039 -0.4940 1.6084 1.0043 -7.9392 -5.8867
Car -1 -1 -8.6433 0.0000 0.0000 1048.7445 374.0000 1.5416 1.5891 3.8035 1.1138 1.5869 1.0041 -7.9392 -5.8867
Car -1 -1 -4.3834 43.7166 186.0074 112.8686 218.5290 1.5110 1.6465 4.0948 -27.5705 2.2345 37.5035 -5.0141 -5.9322
Car -1 -1 -4.8935 584.1309 177.2836 618.5123 200.2267 1.4833 1.6361 4.1581 -0.6744 1.8016 49.6968 -4.9074 -6.1510
Car -1 -1 -4.6279 5.5743 189.8772 57.2697 225.5666 1.5497 1.6652 3.3728 -28.0199 2.4186 34.9757 -5.2998 -6.1652
Car -1 -1 -5.3387 517.0985 179.3757 552.7380 195.5330 1.4116 1.4617 3.5326 -6.9409 2.0268 66.2973 -5.4430 -6.1937
Car -1 -1 -5.1476 1046.0385 185.2329 1117.2184 215.2054 1.5941 1.7641 4.5090 27.7410 2.3663 42.6734 -4.5749 -6.2462
Car -1 -1 -5.4973 0.0000 181.3424 11.8006 325.4724 1.6361 1.8673 4.6609 -11.0104 1.7591 9.3992 -6.3474 -6.4071
