Car -1 -1 -7.8592 576.8530 173.2213 601.1309 193.0947 1.3520 1.6544 3.8014 -1.5310 1.3787 51.0864 -7.8894 2.2956
Car -1 -1 -7.7217 549.4723 171.5863 574.0020 188.7066 1.4168 1.6231 3.6556 -4.1139 1.3116 61.5871 -7.7884 2.1431
Car -1 -1 -7.6905 369.8089 172.8814 404.6877 200.4890 1.6625 1.5288 3.5790 -13.9836 1.6640 45.3310 -7.9884 -1.3624
Car -1 -1 -4.6894 1011.4220 179.8746 1034.8975 200.1911 1.6187 1.6453 3.8596 34.9247 2.2321 61.0006 -4.1720 -1.4046
Car -1 -1 -4.3252 235.7867 177.8818 285.6591 202.2234 1.5498 1.6335 4.0281 -23.6086 1.9043 48.8510 -4.7735 -1.5129
Car -1 -1 -5.4913 229.0870 183.0195 305.4229 210.7192 1.6238 1.6919 4.4095 -21.4014 2.2791 44.9850 -5.9333 -2.1687
Car -1 -1 -7.0036 360.8102 176.0941 408.8189 194.8881 1.5927 1.6426 3.9667 -19.9543 1.8893 63.9983 -7.3049 -2.3709
Car -1 -1 -8.0987 475.1618 172.5407 514.7972 198.3170 1.6135 1.6596 3.9219 -7.6129 1.5935 47.2936 -8.2578 -2.5810
Car -1 -1 -4.7892 359.4070 173.8139 382.3704 192.0281 1.6021 1.6807 4.1091 -21.8925 1.6925 65.9208 -5.1088 -2.5842
Car -1 -1 -5.1114 1097.8148 182.6413 1158.0729 209.5380 1.5851 1.6357 4.1639 33.1393 2.2434 46.3414 -4.4941 -2.8249
Car -1 -1 -7.5823 210.8093 179.6763 262.2415 208.8822 1.5818 1.6441 4.0259 -21.8103 2.0008 42.2135 -8.0569 -3.1060
Car -1 -1 -4.4966 109.8995 180.8038 163.4750 211.7639 1.5758 1.6307 4.1333 -26.2512 2.0416 40.0867 -5.0736 -3.1794
Car -1 -1 -7.9790 301.6962 178.4053 325.6728 195.3628 1.5719 1.6627 4.1708 -29.0224 2.1317 70.5672 -8.3681 -3.4027
Car -1 -1 -7.9771 156.9588 180.6611 196.7940 209.0224 1.5234 1.5648 3.4198 -25.0277 1.9929 41.5924 -8.5161 -3.5727
Car -1 -1 -7.7160 152.6990 187.4907 203.7008 221.5716 1.3983 1.5206 3.6383 -19.8822 2.1129 33.2697 -8.2513 -3.6921
Car -1 -1 -4.5949 551.0299 173.6293 579.8999 193.9096 1.3908 1.5972 4.1125 -3.1838 1.4483 51.7388 -4.6564 -3.7524
Car -1 -1 -2.9356 525.4628 174.8553 569.4431 192.9844 1.5759 1.6995 3.6170 -5.5531 1.7561 64.0146 -3.0222 -3.8143
Car -1 -1 -4.6524 966.4194 184.0181 989.8083 202.1561 1.5021 1.6380 3.9616 32.8994 2.5324 64.4893 -4.1830 -3.8706
Car -1 -1 -4.0037 313.1689 175.6380 355.9218 192.8690 1.6264 1.7028 4.0517 -27.0783 1.9085 71.0063 -4.3670 -3.9044
Car -1 -1 -4.8249 989.4877 179.9652 1013.0784 196.6267 1.5055 1.5535 3.8080 37.3683 2.2055 69.0071 -4.3307 -3.9680
Car -1 -1 -4.8619 291.6808 175.5093 320.6614 195.9385 1.5577 1.5877 3.7719 -24.2916 1.7767 57.5668 -5.2598 -3.9894
Car -1 -1 -4.8252 972.6484 179.7207 997.6613 196.8212 1.4961 1.6174 3.8956 34.7406 2.1528 66.9281 -4.3486 -4.0226
Car -1 -1 -6.2728 478.3621 174.4503 530.1007 196.9184 1.6027 1.6334 3.6804 -7.7349 1.7213 52.6776 -6.4183 -4.0521
Car -1 -1 -5.1734 51.8172 181.6097 124.1905 213.4404 1.5547 1.6418 3.5885 -27.2935 2.0304 37.6650 -5.7973 -4.0613
Car -1 -1 -4.4801 345.5080 172.7141 370.9279 189.9263 1.6442 1.5870 3.5091 -24.6753 1.6305 70.7505 -4.8148 -4.0754
Car -1 -1 -3.0918 417.9267 173.8098 483.2521 200.1747 1.6553 1.7801 4.0355 -10.2742 1.7183 46.5999 -3.3080 -4.4317
Car -1 -1 -6.3946 276.8878 182.1546 348.3757 208.0123 1.5580 1.6394 4.0956 -19.1445 2.1778 46.4021 -6.7842 -4.5808
Car -1 -1 -6.5931 583.0528 173.3122 642.0320 197.5316 1.5671 1.6134 3.6067 0.1274 1.5981 48.0515 -6.5909 -4.6203
Car -1 -1 -7.5575 334.8950 173.7968 388.4100 203.9940 1.6148 1.7108 4.1790 -14.0131 1.6706 40.8330 -7.8864 -4.6885
Car -1 -1 -7.7315 205.3919 184.1090 251.4664 218.6212 1.5445 1.5751 3.5236 -18.7388 2.1276 35.4741 -8.2147 -4.7455
Car -1 -1 -4.9715 447.4366 172.9450 474.2766 190.3328 1.6016 1.5947 3.7150 -14.2035 1.6102 68.4991 -5.1755 -4.8351
Car -1 -1 -4.6046 1057.4698 185.7879 1087.9406 207.3497 1.4666 1.5146 3.7347 34.1873 2.4568 53.3250 -4.0375 -5.0338
Car -1 -1 -4.2178 959.1854 176.6059 1005.9937 198.5785 1.7081 1.6110 4.1407 30.2274 2.0219 58.5560 -3.7438 -5.0539
Car -1 -1 -4.7059 685.9529 177.3711 703.6827 193.3692 1.4930 1.6749 4.0513 8.2940 1.9482 70.6439 -4.5899 -5.1478
Car -1 -1 -4.7285 755.1904 177.4141 777.0916 196.8320 1.4961 1.6665 4.4918 12.7207 1.8841 59.0695 -4.5178 -5.5025
Car -1 -1 -5.8395 0.0000 187.7547 39.4835 287.7719 1.6366 1.8631 4.7032 -14.3231 1.9595 13.9756 -6.6276 -5.5915
Car -1 -1 -4.8138 831.3555 179.7876 856.1879 197.2354 1.5919 1.8073 4.8801 22.7621 2.2933 70.4513 -4.5030 -5.7040
Car -1 -1 -4.4525 765.8271 178.9363 800.3253 199.2236 1.5615 1.7136 4.2966 14.2129 2.0797 59.2124 -4.2185 -5.7214
Car -1 -1 -2.4194 411.6217 172.6380 465.4647 191.3229 1.5820 1.7664 4.5331 -14.9892 1.5634 62.9341 -2.6525 -5.7558
Car -1 -1 -4.7896 1133.0040 179.6635 1165.9951 203.2728 1.7132 1.7292 3.8614 41.5424 2.2580 55.6614 -4.1514 -5.8684
Car -1 -1 -5.6267 588.3746 174.4476 637.5049 196.5762 1.6237 1.6260 3.4637 0.1808 1.7484 54.8921 -5.6239 -5.8748
Car -1 -1 -4.6695 1045.5454 175.0073 1068.7799 192.4530 1.5523 1.6694 4.0329 41.4384 1.7580 66.8679 -4.1170 -5.8867
Car -1 -1 -4.7217 1087.2629 174.2786 1111.5941 193.0051 1.5258 1.6568 3.9995 41.4773 1.6506 61.2371 -4.1289 -5.8867
Car -1 -1 -4.9233 1241.0000 168.5342 1241.0000 196.3756 1.4743 1.6416 3.9901 41.4686 1.2453 40.3254 -4.1278 -5.8867
Car -1 -1 -4.8575 1239.1073 169.3997 1241.0000 193.7456 1.4792 1.6461 3.9959 41.4688 1.2690 45.9589 -4.1268 -5.8867
Car -1 -1 -4.7507 1165.4703 175.1201 1197.3857 197.2410 1.5293 1.6491 3.9600 41.4203 1.7001 52.3975 -4.0848 -5.8867
Car -1 -1 -4.8258 1195.0461 171.1543 1234.9486 193.6730 1.4809 1.6416 3.9898 41.4724 1.3688 49.5691 -4.1323 -5.8867
Car -1 -1 -4.9737 1241.0000 167.1091 1241.0000 197.8861 1.4751 1.6376 3.9883 41.4694 1.1995 36.6987 -4.1315 -5.8867
Car -1 -1 -4.7405 1106.1597 173.9725 1132.9574 193.4244 1.5219 1.6573 3.9995 41.4761 1.6161 58.8234 -4.1290 -5.8867
Car -1 -1 -4.7052 1066.0782 174.6004 1088.9672 192.6113 1.5353 1.6600 4.0032 41.4785 1.6951 64.0462 -4.1329 -5.8867
Car -1 -1 -4.8818 1241.0000 169.8154 1241.0000 196.6266 1.5389 1.6696 4.0108 41.4681 1.3642 43.5459 -4.1244 -5.8867
Car -1 -1 -5.2223 0.0000 181.9153 7.0343 300.6696 1.5364 1.8039 4.5725 -11.9379 1.6920 10.9853 -6.0370 -6.4576
Car -1 -1 -4.1567 1005.7582 176.0113 1046.6975 195.5654 1.8451 1.7443 3.7483 40.5227 2.1595 70.2742 -3.6358 -6.5520
Car -1 -1 -7.0981 404.3971 165.9684 454.5807 191.9916 2.1003 1.9079 3.9180 -15.0950 1.5443 60.4091 -7.3422 -6.5890
Car -1 -1 -4.6034 782.5592 184.3077 813.9962 211.6061 1.5772 1.5310 3.6711 11.8290 2.3283 45.3438 -4.3504 -6.6533
Car -1 -1 -8.1590 645.3819 169.4862 674.5082 189.1982 1.6682 1.5486 3.5020 4.3027 1.3829 62.9455 -8.0914 -6.8759
