Car -1 -1 -7.8746 579.8129 183.1616 611.8309 209.1997 1.2453 1.5907 3.5327 -0.8189 1.8096 37.7297 -7.8967 5.1215
Car -1 -1 -7.7714 541.6740 180.8046 571.3652 203.9487 1.3685 1.5925 3.4751 -3.3790 1.8899 45.6060 -7.8454 3.1053
Car -1 -1 -4.2927 755.8872 182.8638 809.7511 210.3053 1.5095 1.6139 4.1293 10.3962 2.1405 43.3751 -4.0596 0.2458
Car -1 -1 -7.9116 831.2501 189.4445 862.6783 215.7532 1.4668 1.6206 3.8848 14.6795 2.5478 44.9418 -7.5985 -0.4030
Car -1 -1 -2.6732 731.8137 181.9482 787.3001 203.1659 1.4814 1.6080 3.7160 11.0795 2.1804 53.6920 -2.4713 -0.4537
Car -1 -1 -5.4206 126.3726 192.7125 227.2020 230.1489 1.4850 1.6255 3.9109 -18.9421 2.3899 31.4946 -5.9586 -0.5670
Car -1 -1 -8.5028 866.2908 174.3287 920.3709 199.1328 1.8246 1.6854 4.1777 21.7309 1.9424 55.5819 -8.1323 -1.6162
Car -1 -1 -3.9593 11.5303 180.1146 97.4204 213.8317 1.6791 1.6918 3.5055 -29.6195 2.0851 38.5491 -4.6112 -1.8475
Car -1 -1 -4.3023 6.5480 184.5643 89.4112 223.5626 1.5792 1.5885 3.6729 -25.1492 2.1364 32.3785 -4.9588 -1.9089
Car -1 -1 -4.6985 1.6940 189.5337 42.2799 221.6124 1.5387 1.6215 3.7636 -31.4801 2.4776 38.6493 -5.3788 -2.1244
Car -1 -1 -8.1265 801.0352 186.8318 846.8900 213.5542 1.5139 1.6435 4.3026 13.3291 2.4329 45.2970 -7.8427 -2.2951
Car -1 -1 -4.2669 194.6291 191.3956 257.4634 219.6463 1.4324 1.6577 3.8458 -21.8253 2.5386 41.1050 -4.7526 -2.6696
Car -1 -1 -4.5093 409.1670 178.1591 443.4337 202.8525 1.6701 1.6042 4.0003 -13.1468 2.0649 51.7078 -4.7575 -2.8529
Car -1 -1 -4.5718 1166.7251 189.8426 1223.7882 225.9345 1.5285 1.5789 4.0450 27.8627 2.3834 34.3621 -3.8953 -3.0544
Car -1 -1 -6.5297 1127.2858 183.8354 1208.2538 213.2115 1.5852 1.6826 3.3650 31.9227 2.2376 41.4475 -5.8773 -3.4403
Car -1 -1 -7.2394 184.5877 191.2670 275.3050 228.8501 1.4574 1.5940 3.9032 -16.7936 2.3263 32.0201 -7.7194 -3.5460
Car -1 -1 -8.1619 365.7970 181.3879 408.0928 205.8879 1.5261 1.6329 3.8016 -15.0219 2.1220 48.3834 -8.4618 -3.7004
Car -1 -1 -5.1084 1180.3193 191.3732 1241.0000 226.7355 1.5685 1.5774 3.6150 30.2024 2.5429 36.0160 -4.4153 -3.7092
Car -1 -1 -4.2131 1076.6991 178.9002 1145.0613 207.8443 1.5840 1.6823 3.7228 28.9455 1.9468 41.7438 -3.6105 -3.7236
Car -1 -1 -7.6725 157.1793 186.1605 209.1873 217.6066 1.4743 1.6240 4.1186 -22.3865 2.2140 37.9134 -8.2030 -4.2195
Car -1 -1 -4.6151 87.2950 195.8857 142.5710 234.6998 1.4180 1.5793 3.6149 -21.0027 2.4590 30.6569 -5.2119 -4.3350
Car -1 -1 -4.8889 682.6592 180.2272 725.6695 209.4095 1.4867 1.6772 3.8840 5.0920 1.9127 39.7415 -4.7630 -4.3982
Car -1 -1 -4.0471 615.2163 181.9776 666.5676 203.5659 1.4935 1.6522 4.0929 2.3093 2.1996 53.7762 -4.0049 -4.5592
Car -1 -1 -8.0539 687.0956 179.1612 728.2476 207.0496 1.5584 1.6696 4.0107 5.7715 1.9547 43.3094 -7.9228 -4.7911
Car -1 -1 -5.1303 509.5565 183.6929 543.5834 202.1662 1.4893 1.5227 3.7819 -7.2858 2.4589 62.5507 -5.2462 -4.9136
Car -1 -1 -4.5359 607.8994 182.0842 639.5137 205.3387 1.3668 1.4314 3.3832 0.8659 1.9733 45.6350 -4.5176 -4.9166
Car -1 -1 -4.7881 692.0690 181.2875 711.2982 196.5383 1.4314 1.6229 3.4918 9.0399 2.2873 71.4758 -4.6632 -5.0799
Car -1 -1 -4.8349 577.3663 179.5980 615.3514 208.7417 1.6846 1.7887 4.9374 -0.9549 2.1333 45.4685 -4.8563 -5.3434
Car -1 -1 -4.9453 432.4393 179.3160 468.2656 200.5509 1.4492 1.6507 4.1170 -11.7498 1.9416 52.8013 -5.1635 -5.4335
Car -1 -1 -4.7508 418.4820 179.9462 449.4956 207.7699 1.6496 1.7599 4.6617 -11.4267 2.1311 46.5278 -4.9907 -5.5981
Car -1 -1 -4.5567 300.8410 182.3332 335.5232 203.7411 1.4193 1.6748 4.2746 -21.0539 2.1335 52.1169 -4.9391 -5.6370
Car -1 -1 -4.8996 548.2926 178.7536 576.4469 196.4352 1.4209 1.6364 4.2440 -4.1367 1.9439 61.7490 -4.9666 -5.6446
Car -1 -1 -5.2718 653.5414 177.6937 708.2223 202.3899 1.5354 1.6580 4.1498 4.6221 1.8717 47.9577 -5.1768 -5.7981
Car -1 -1 -5.0522 731.2465 182.2481 763.1942 201.0428 1.7461 1.8520 4.0416 13.5024 2.7022 71.3128 -4.8663 -5.8215
Car -1 -1 -4.3916 454.9501 178.7677 493.2544 199.4501 1.4218 1.6103 3.8871 -9.9260 1.8709 52.7986 -4.5769 -5.8867
Car -1 -1 -4.0327 0.8811 182.7341 109.0201 220.2041 1.7290 1.7298 4.8370 -28.3434 2.2692 37.0267 -4.6828 -6.0452
Car -1 -1 -4.9788 707.3173 180.1179 741.2622 200.8257 1.4145 1.5355 3.5958 8.2411 1.9612 52.4707 -4.8243 -6.1052
Car -1 -1 -8.1790 357.2992 173.2738 400.3016 203.1657 2.2497 1.7543 4.8936 -18.2914 2.2840 56.8642 -8.4892 -6.2500
Car -1 -1 -4.3306 445.8634 180.3673 475.1114 197.6667 1.6005 1.5530 3.6270 -14.5630 2.3528 70.3484 -4.5343 -6.5303
Car -1 -1 -4.5464 819.1078 176.8795 850.5544 200.1061 1.9864 1.9582 4.7759 20.3219 2.3640 65.1713 -4.2459 -6.7381
