Car -1 -1 -7.7751 535.5486 179.9905 570.5401 208.0055 1.4244 1.6250 3.6671 -3.1079 1.8324 39.4528 -7.8537 5.7118
Car -1 -1 -7.8216 584.6631 182.2970 622.5261 212.5868 1.2390 1.5911 3.5459 -0.2842 1.6865 32.4223 -7.8309 5.3953
Car -1 -1 -4.5828 474.8034 177.7145 496.1544 193.4468 1.4773 1.5944 3.7575 -12.2170 1.9671 70.8453 -4.7533 -0.7402
Car -1 -1 -7.3742 162.7151 181.7656 222.3366 208.6251 1.6343 1.6578 4.1449 -27.3738 2.2455 47.4042 -7.8957 -2.2049
Car -1 -1 -4.2518 313.6162 175.8489 355.0895 196.8067 1.7015 1.6712 4.0269 -23.3727 1.9641 61.2605 -4.6151 -2.3464
Car -1 -1 -7.1058 0.0000 169.8249 99.7410 217.1475 1.7366 1.6721 4.0638 -22.6335 1.6251 28.5722 -7.7713 -2.6037
Car -1 -1 -7.6892 540.0968 173.7854 564.8069 189.3580 1.3378 1.6135 3.6455 -5.1053 1.4227 64.0969 -7.7686 -2.6340
Car -1 -1 -4.8602 157.0697 183.0356 195.9609 208.1468 1.5841 1.7030 4.0690 -29.7043 2.3099 49.3434 -5.3999 -2.7999
Car -1 -1 -5.4808 235.5976 184.0020 313.7200 216.4078 1.5645 1.6665 3.5384 -17.3325 2.1613 37.2249 -5.9142 -2.8182
Car -1 -1 -5.9157 172.5541 182.1193 268.7285 213.5858 1.5749 1.6694 4.1137 -20.3826 2.0743 37.8331 -6.4072 -2.9548
Car -1 -1 -4.4024 177.9019 181.4542 224.7438 206.7897 1.6371 1.6734 4.0591 -28.4200 2.2614 50.2447 -4.9152 -3.1211
Car -1 -1 -4.4700 623.6729 176.8916 652.4347 194.4867 1.4992 1.6540 4.0542 2.5253 1.8728 64.6540 -4.4315 -3.4216
Car -1 -1 -5.0546 603.2577 177.4833 637.3550 196.2675 1.5944 1.6884 4.3527 0.8597 2.0243 64.7263 -5.0418 -3.5245
Car -1 -1 -3.6050 444.4372 177.6135 491.7626 195.1432 1.5821 1.6374 4.0776 -13.3822 2.0431 68.0409 -3.7988 -3.5467
Car -1 -1 -4.5454 376.4271 178.7661 399.8698 194.3495 1.4758 1.6701 3.4531 -21.9840 2.0766 71.5356 -4.8428 -3.5551
Car -1 -1 -4.8673 321.1250 182.2301 361.2968 210.2999 1.5603 1.6629 4.1597 -16.3956 2.1582 43.8123 -5.2237 -3.6829
Car -1 -1 -4.3607 261.3250 179.4084 310.7707 204.4994 1.5064 1.6398 3.9346 -20.7939 1.9459 46.3929 -4.7802 -3.9360
Car -1 -1 -7.8495 465.7042 180.5926 492.1086 204.4974 1.5249 1.7057 3.4407 -8.9366 2.0705 49.0625 -8.0292 -3.9961
Car -1 -1 -4.7315 657.8346 180.0682 680.9438 202.1049 1.5310 1.6199 3.7435 4.3268 2.0827 53.3005 -4.6515 -3.9998
Car -1 -1 -6.4381 796.4667 186.2697 903.4568 226.6098 1.4322 1.6196 3.6432 8.9951 1.9620 27.4261 -6.1251 -4.0444
Car -1 -1 -5.4589 972.6352 177.5163 1051.2174 206.7539 1.5150 1.5469 3.9344 22.2348 1.7877 40.1518 -4.9567 -4.1893
Car -1 -1 -4.1231 386.1459 180.7853 422.3488 196.5481 1.4753 1.5948 3.8375 -20.4203 2.2857 71.6850 -4.4000 -4.2071
Car -1 -1 -6.6138 523.7371 180.6057 587.1714 204.1380 1.5183 1.6641 3.9821 -3.7451 2.0625 49.1285 -6.6900 -4.2117
Car -1 -1 -2.9470 761.4749 186.2513 836.3438 214.4710 1.5565 1.6530 4.0729 11.2066 2.3842 42.9678 -2.6942 -4.2310
Car -1 -1 -4.7122 715.6012 181.2628 732.0566 195.7653 1.3376 1.5558 3.9465 11.1801 2.1891 71.0187 -4.5571 -4.4668
Car -1 -1 -7.7677 500.9741 180.0133 534.8250 207.1270 1.3913 1.5783 3.0357 -5.0299 1.7972 39.3912 -7.8943 -4.4716
Car -1 -1 -4.5783 294.5817 178.9611 323.8190 199.3849 1.5658 1.6520 4.2050 -24.5364 2.0830 58.9024 -4.9717 -4.5027
Car -1 -1 -4.5288 670.7178 177.6668 699.8558 199.4085 1.7054 1.6658 4.2275 6.2567 2.1195 59.8621 -4.4256 -4.5706
Car -1 -1 -4.5048 563.4376 180.8731 587.0159 197.1414 1.5145 1.5934 3.6984 -3.4151 2.3256 71.0496 -4.5530 -4.6125
Car -1 -1 -4.9572 474.9752 179.0241 501.7648 195.6086 1.4583 1.5606 3.8744 -11.3572 2.0495 67.0869 -5.1246 -4.8027
Car -1 -1 -4.3057 292.9094 181.5097 333.2092 203.2868 1.4079 1.4635 3.0471 -20.3221 2.0187 49.4055 -4.6943 -4.8327
Car -1 -1 -8.1683 778.7844 186.8280 810.2521 206.7598 1.6586 1.6445 3.7459 16.4741 2.9479 64.6634 -7.9206 -4.9018
Car -1 -1 -7.1129 274.3131 180.1454 350.7034 209.5233 1.5194 1.6267 4.1058 -16.6983 1.9519 40.6208 -7.5009 -4.9642
Car -1 -1 -6.4806 572.5926 181.0354 635.5783 203.0917 1.4276 1.6632 4.0130 -0.4502 1.9949 48.8369 -6.4903 -5.0478
Car -1 -1 -4.5303 275.0601 181.0051 325.4539 215.2267 1.5343 1.6100 3.7170 -15.1193 1.9551 35.2872 -4.9327 -5.0558
Car -1 -1 -6.1093 81.7396 170.0435 167.0770 206.9561 2.1716 1.7553 4.0804 -29.6010 2.0060 44.0744 -6.6981 -5.1435
Car -1 -1 -4.7231 729.1745 174.8411 752.7065 199.1003 1.6740 1.6132 4.0643 9.4258 1.8235 52.2759 -4.5461 -5.2450
Car -1 -1 -5.0468 541.2173 179.4389 574.4172 195.8779 1.5158 1.8311 4.6437 -5.1962 2.1865 71.0256 -5.1200 -5.2626
Car -1 -1 -4.9800 1139.6263 178.4139 1205.4321 209.1100 1.4512 1.7206 3.6707 28.6129 1.7506 36.8701 -4.3243 -5.2792
Car -1 -1 -4.9327 754.6117 177.0191 790.0822 198.1236 1.4385 1.6231 4.1129 11.6308 1.7506 52.0517 -4.7145 -5.2796
Car -1 -1 -4.2519 349.5328 176.6807 385.1498 196.6853 1.8600 1.6811 3.9747 -23.5040 2.2418 69.9667 -4.5751 -5.4809
Car -1 -1 -4.6110 822.4365 192.2406 855.8170 218.3535 1.3784 1.5167 4.2352 13.8684 2.6116 43.6645 -4.3061 -5.5665
Car -1 -1 -7.9423 641.3440 176.8349 669.9791 199.0915 1.4352 1.6031 3.8554 3.0419 1.7169 49.1726 -7.8814 -5.7124
Car -1 -1 -4.6366 781.2396 182.0652 810.6943 206.4184 1.5688 1.6976 4.0422 12.9718 2.2388 50.3217 -4.3863 -5.8514
Car -1 -1 -4.6437 583.5073 178.3169 622.8892 208.0045 1.4620 1.7872 5.1600 -0.3383 1.7778 39.1277 -4.6528 -5.8815
Car -1 -1 -4.7754 594.7059 178.7305 621.0566 200.9034 1.4769 1.6120 3.9907 -0.2166 1.9101 51.1893 -4.7801 -5.8867
Car -1 -1 -3.5048 0.0000 188.9753 0.0000 374.0000 1.4920 1.6031 3.9534 -7.0821 1.5926 2.5307 -4.6975 -5.8867
Car -1 -1 -7.8473 0.0000 0.0000 1110.5344 374.0000 1.5403 1.5904 3.8048 -0.1043 1.5913 0.9965 -7.9398 -5.8867
Car -1 -1 -4.6079 608.9932 179.1275 636.5383 200.4809 1.4674 1.6206 3.9162 0.9399 1.9441 52.8253 -4.5906 -5.8867
Car -1 -1 -8.9128 0.0000 0.0000 1241.0000 374.0000 1.5416 1.5881 3.8032 1.9182 1.5805 1.0043 -7.9392 -5.8867
Car -1 -1 -4.7215 619.0733 177.9163 644.4590 201.3673 1.4412 1.5901 3.9338 1.3669 1.7858 47.1804 -4.6932 -5.8867
Car -1 -1 -4.8845 736.1729 178.8215 760.5891 195.2373 1.4717 1.5969 3.9808 13.0152 2.0516 68.1469 -4.6970 -5.8867
Car -1 -1 -4.8245 548.4606 176.2185 575.2255 195.2765 1.4236 1.6434 4.1515 -3.8577 1.6987 56.8617 -4.8923 -5.8897
Car -1 -1 -4.9547 424.9588 178.1616 453.0260 196.7007 1.5316 1.5169 3.7576 -14.9291 2.0079 62.7818 -5.1876 -5.9864
Car -1 -1 -4.7105 680.9971 176.8257 707.9879 200.2097 1.5017 1.7546 4.4858 5.7565 1.7865 49.4577 -4.5957 -6.0513
