Car -1 -1 -7.8047 577.4012 164.1504 606.7301 189.3217 1.4256 1.5672 3.4040 -1.0604 0.9324 42.5851 -7.8297 1.8627
Car -1 -1 -7.7891 543.3984 162.0387 569.7251 184.2311 1.5326 1.6327 3.9775 -3.8323 0.7854 51.8242 -7.8628 1.2179
Car -1 -1 -8.0150 1146.9443 179.4519 1200.8005 212.3175 1.6245 1.6634 3.7526 29.9965 1.9952 38.5310 -7.3576 -0.7049
Car -1 -1 -2.5961 179.6543 171.2654 247.6657 194.8643 1.5831 1.6487 3.7672 -27.0844 1.4762 49.3121 -3.0962 -1.5503
Car -1 -1 -1.7275 0.0000 182.1313 21.8463 228.4501 1.4058 1.5388 3.5252 -21.2635 1.7403 24.3147 -2.4407 -2.2511
Car -1 -1 -8.0842 960.6373 174.2557 997.5808 196.3064 1.6633 1.6749 4.1571 29.0370 1.7779 56.9264 -7.6149 -2.3540
Car -1 -1 -1.9976 144.0149 168.9780 200.7798 194.7012 1.5943 1.6466 3.9475 -28.2617 1.3538 46.5151 -2.5412 -2.6240
Car -1 -1 -6.3354 310.4489 171.4335 366.2116 193.1306 1.5235 1.6526 3.6927 -19.6705 1.4235 52.1611 -6.6946 -2.8198
Car -1 -1 -2.6140 701.2256 163.3314 746.1990 182.4606 1.7285 1.7389 3.7641 10.5312 0.8678 67.0597 -2.4591 -3.1092
Car -1 -1 -4.1627 968.6937 173.1012 1022.6884 195.7361 1.6195 1.6675 4.0397 28.5302 1.6381 53.4070 -3.6747 -3.1797
Car -1 -1 -4.5621 190.9960 172.9451 238.8354 204.0735 1.5210 1.6050 3.8420 -20.4200 1.5256 37.3469 -5.0597 -3.2075
Car -1 -1 -8.1401 870.7907 167.0395 902.0765 183.9307 1.5419 1.6741 4.0177 25.9603 1.0108 67.9318 -7.7767 -3.2475
Car -1 -1 -7.8643 605.4133 165.6843 625.6778 185.4545 1.7617 1.8060 4.2557 0.4635 1.1225 66.4282 -7.8577 -3.6297
Car -1 -1 -7.6351 255.7610 161.5365 294.9234 186.5955 1.7951 1.7348 4.4246 -25.0265 0.9841 54.0326 -8.0671 -3.7530
Car -1 -1 -5.1150 645.2109 162.3432 694.9077 187.6292 1.5595 1.6705 4.2438 3.7999 0.9110 46.7777 -5.0347 -3.7705
Car -1 -1 -6.1820 222.2746 170.2104 299.5003 201.3737 1.6621 1.6838 3.6905 -19.2682 1.5208 39.9019 -6.6295 -3.8460
Car -1 -1 -7.9236 721.1542 171.6331 762.0604 201.8170 1.4312 1.7203 4.2109 6.5371 1.3730 36.3980 -7.7477 -3.8609
Car -1 -1 -2.9378 0.0000 179.1051 58.9789 224.2111 1.4926 1.6398 3.9632 -22.5313 1.7322 26.0167 -3.6465 -3.9046
Car -1 -1 -7.3433 329.6967 156.7339 392.3636 188.4987 1.7378 1.7153 3.9082 -14.2972 0.8556 41.5505 -7.6729 -4.0059
Car -1 -1 -3.2591 265.6361 171.6132 351.1089 202.9097 1.5823 1.6764 4.0077 -15.9900 1.5193 38.1929 -3.6533 -4.0308
Car -1 -1 -7.6195 403.0582 169.2009 449.7129 200.9529 1.6351 1.6265 3.6979 -9.9066 1.4467 39.0149 -7.8669 -4.0863
Car -1 -1 -4.7565 602.9144 167.9662 626.3748 189.8161 1.5998 1.6066 3.8111 0.2934 1.2416 54.7657 -4.7515 -4.2163
Car -1 -1 -4.7555 255.3713 170.7287 280.5119 191.5394 1.6280 1.6737 4.0858 -27.8511 1.4614 58.6414 -5.1973 -4.2477
Car -1 -1 -7.9627 407.0447 167.0991 442.7668 195.2557 1.6608 1.6987 4.2146 -11.5763 1.3210 44.8300 -8.2143 -4.2676
Car -1 -1 -7.3908 386.3447 164.2550 432.7660 188.2897 1.7166 1.6980 4.0424 -14.8835 1.1022 53.6808 -7.6602 -4.3276
Car -1 -1 -6.3086 719.7102 169.8966 810.1216 204.4950 1.5737 1.6407 4.0670 7.2080 1.4389 33.9920 -6.1019 -4.4370
Car -1 -1 -4.8427 814.4745 174.2714 848.8735 198.4345 1.5252 1.6230 4.3418 14.6861 1.6238 48.0857 -4.5484 -4.8447
Car -1 -1 -9.1851 1108.5255 216.9474 1241.0000 374.0000 1.3334 1.4417 3.1557 3.8039 1.5959 2.5668 -8.2604 -4.9182
Car -1 -1 -4.9905 516.6570 159.6025 543.4493 177.8910 1.6939 1.5380 3.8649 -7.6830 0.4662 68.9087 -5.1013 -4.9211
Car -1 -1 -4.5530 463.7713 162.5313 498.6096 186.8972 1.6917 1.8346 4.2177 -9.3015 0.9747 52.2205 -4.7287 -4.9949
Car -1 -1 -5.0683 714.3196 173.5305 757.4235 195.7472 1.5319 1.7898 3.9328 8.9843 1.5823 51.9780 -4.8985 -5.2374
Car -1 -1 -5.3426 819.3987 166.7798 861.1059 186.4263 1.8519 1.6557 4.2863 22.3656 1.2790 70.3071 -5.0361 -5.2537
Car -1 -1 -4.6483 310.1599 161.7023 339.8888 187.1846 1.6936 1.6804 3.6379 -19.7163 0.9521 49.9438 -5.0227 -5.6166
Car -1 -1 -4.7937 892.0979 173.9532 922.7581 194.2220 1.3771 1.6545 4.4563 21.2120 1.4591 51.6553 -4.4064 -5.7231
Car -1 -1 -7.1582 1241.0000 199.1832 1241.0000 374.0000 1.4271 1.6471 3.7605 6.6125 1.6096 3.9604 -6.1599 -5.7934
Car -1 -1 -4.6723 767.3663 173.1115 788.9641 190.1187 1.4151 1.6572 4.2361 14.5388 1.4379 62.3671 -4.4446 -5.8471
Car -1 -1 -4.9136 1241.0000 170.6698 1241.0000 198.3709 1.5125 1.6533 3.9961 41.4715 1.3929 41.5206 -4.1326 -5.8867
Car -1 -1 -4.9532 1241.0000 169.0000 1241.0000 198.8248 1.4957 1.6451 3.9913 41.4707 1.3021 38.3053 -4.1322 -5.8867
Car -1 -1 -5.3029 799.1224 169.4262 839.6985 188.0549 1.7692 1.7936 4.1769 20.4777 1.4434 70.7887 -5.0227 -6.0404
Car -1 -1 -4.6690 929.5590 174.0691 959.5413 202.7288 1.8422 1.6767 4.0249 22.5939 1.9276 48.7360 -4.2376 -6.6048
Car -1 -1 -5.4290 1241.0000 174.4805 1241.0000 208.4816 1.5883 1.5616 4.4163 34.4816 1.6746 36.1580 -4.6717 -6.6788
Car -1 -1 -5.6771 0.0000 182.6835 1.7968 351.6113 1.6349 1.6877 3.7831 -9.8476 1.7665 8.4046 -6.5255 -6.6805
