Car -1 -1 -7.7541 516.4882 179.7745 557.9043 209.8091 1.3243 1.6248 3.4567 -3.4565 1.6700 34.3398 -7.8541 5.8016
Car -1 -1 -7.8717 578.0572 181.8895 622.9778 219.8433 1.3012 1.5951 3.5267 -0.4430 1.6662 27.3795 -7.8884 5.0232
Car -1 -1 -4.5356 346.3346 178.9563 394.4079 209.5246 1.4276 1.6107 4.1479 -12.1659 1.7563 36.7301 -4.8537 3.0494
Car -1 -1 -4.6324 441.9977 176.4567 465.2801 194.6833 1.4958 1.6431 4.0290 -13.4590 1.8163 62.1523 -4.8451 -0.4814
Car -1 -1 -5.4866 119.9547 191.4569 228.8359 229.3490 1.4845 1.6478 4.0246 -18.6514 2.3135 30.8583 -6.0268 -2.1983
Car -1 -1 -4.2854 418.5731 176.9635 454.6469 194.8433 1.4935 1.5972 3.9182 -15.1910 1.8656 63.3014 -4.5203 -2.4875
Car -1 -1 -5.0258 602.9726 175.7607 630.6996 190.8346 1.4289 1.6222 3.8625 0.6261 1.7242 71.2885 -5.0174 -2.6768
Car -1 -1 -1.9500 117.8596 186.5676 176.4899 216.9690 1.5992 1.5969 3.6161 -26.4781 2.4143 41.1955 -2.5186 -2.6975
Car -1 -1 -4.3826 99.3990 191.6199 174.2832 228.8939 1.4407 1.5866 3.9231 -20.9797 2.3296 32.0936 -4.9580 -3.1015
Car -1 -1 -4.4924 624.9286 180.9448 651.3493 197.7492 1.4089 1.5633 3.8482 2.5246 2.1554 64.5398 -4.4540 -3.3496
Car -1 -1 -4.5752 195.0205 185.1773 248.8437 224.5102 1.4654 1.5024 3.4032 -16.0567 2.0075 29.9014 -5.0646 -3.6323
Car -1 -1 -3.9430 624.3693 178.1568 669.4896 197.6463 1.4526 1.5164 3.5074 2.8832 1.8802 56.4807 -3.8927 -3.6390
Car -1 -1 -2.3600 361.9897 176.2943 415.7118 197.8318 1.5603 1.6163 3.8525 -16.7088 1.8270 54.3988 -2.6569 -3.6782
Car -1 -1 -4.5299 623.0975 174.7471 645.4705 189.7684 1.4333 1.5680 3.7006 2.4072 1.6253 71.3207 -4.4966 -3.7829
Car -1 -1 -3.9302 525.9693 179.4485 581.5818 201.0412 1.5090 1.8091 4.0519 -4.1888 2.0203 53.8541 -4.0079 -3.8800
Car -1 -1 -4.4087 484.1174 174.2206 521.7065 198.0172 1.7056 1.6700 3.9866 -8.0042 1.8117 54.0567 -4.5554 -4.1792
Car -1 -1 -3.6207 1024.4917 179.3843 1125.1600 212.9693 1.6050 1.6334 3.8906 22.9836 1.9380 35.8457 -3.0548 -4.2019
Car -1 -1 -4.5785 101.4425 189.1107 145.1431 217.6582 1.5007 1.6069 3.9909 -28.6527 2.5068 42.5200 -5.1687 -4.3712
Car -1 -1 -5.0201 527.3391 177.6038 582.3327 207.2458 1.4222 1.6085 4.3537 -2.9853 1.6852 37.6818 -5.0991 -4.3864
Car -1 -1 -4.8274 549.6595 178.2115 580.2974 202.3177 1.4913 1.5667 3.9666 -3.0453 1.8604 47.6587 -4.8913 -4.5158
Car -1 -1 -4.6857 89.6862 188.7527 128.8857 219.4547 1.5024 1.6515 3.9261 -27.4446 2.4203 39.5755 -5.2890 -4.5846
Car -1 -1 -6.1136 188.2876 180.1667 267.2160 208.5749 1.6169 1.6897 3.9467 -22.8496 2.0689 43.2096 -6.5978 -4.6354
Car -1 -1 -7.3445 33.7131 181.4717 126.1498 218.1767 1.6303 1.8405 4.1382 -25.7820 2.0766 35.2281 -7.9728 -4.6436
Car -1 -1 -4.3524 427.3008 177.0880 457.7210 194.2666 1.5341 1.5617 3.6991 -15.6128 1.9402 67.3260 -4.5797 -4.6883
Car -1 -1 -7.9089 349.4031 177.4958 390.1122 214.0026 1.5576 1.5892 3.3437 -11.0993 1.7822 33.1023 -8.2304 -4.7737
Car -1 -1 -4.6945 730.9562 176.3740 754.3912 200.0718 1.6128 1.5931 4.0372 9.5379 1.8760 51.8759 -4.5141 -4.8369
Car -1 -1 -5.1484 576.9239 177.8631 635.9893 205.4228 1.4336 1.6784 4.2485 -0.3007 1.7313 40.6413 -5.1563 -4.8707
Car -1 -1 -8.1968 531.2778 175.4906 560.4921 193.9782 1.5728 1.5129 3.4023 -5.7152 1.8124 63.7769 -8.2862 -4.8776
Car -1 -1 -4.7436 405.4948 179.3943 433.0977 205.0330 1.5344 1.5928 3.5028 -12.2358 1.9689 46.0609 -5.0021 -4.9509
Car -1 -1 -4.6893 438.1700 175.7771 461.5518 195.5233 1.5331 1.7688 3.6085 -12.9864 1.7778 58.5356 -4.9070 -5.0039
Car -1 -1 -2.4056 0.0000 188.9360 13.7585 262.1870 1.4517 1.6422 3.7256 -15.4954 1.8186 15.5825 -3.1797 -5.2079
Car -1 -1 -4.9620 420.8800 178.5008 463.5966 204.9385 1.5572 1.6095 4.3562 -10.7264 1.9333 45.7880 -5.1912 -5.2592
Car -1 -1 -4.6926 409.0396 175.2161 430.1538 195.5248 1.6277 1.6329 3.4826 -15.8714 1.8305 60.1531 -4.9498 -5.2607
Car -1 -1 -4.3139 653.5035 174.1636 695.6262 197.9209 1.5428 1.5314 3.7279 4.3976 1.6352 49.0840 -4.2255 -5.2958
Car -1 -1 -4.2272 626.8662 175.7797 673.7710 196.0017 1.3692 1.5761 4.2128 2.9042 1.5876 51.7066 -4.1718 -5.5163
Car -1 -1 -4.7890 786.2449 187.7911 813.0054 208.4229 1.4089 1.6518 3.6081 14.1204 2.5658 53.9760 -4.5351 -5.5354
Car -1 -1 -5.0377 557.6666 175.8154 594.6851 197.0000 1.7162 1.8126 4.4725 -2.9544 1.9784 61.5405 -5.0859 -5.5573
Car -1 -1 -3.6114 139.2051 182.3922 240.0137 213.5477 1.4369 1.7212 4.1099 -21.3994 1.9522 36.8110 -4.1351 -5.5858
Car -1 -1 -4.7206 576.8535 175.4946 610.2806 207.1575 1.5565 1.6629 4.7956 -0.9365 1.7052 38.2968 -4.7454 -5.7611
Car -1 -1 -4.8165 360.3236 179.5170 395.8547 204.1770 1.4020 1.6534 4.2388 -14.3845 1.8338 44.5221 -5.1276 -5.8601
Car -1 -1 -8.4290 0.0000 0.0000 948.6089 374.0000 1.5406 1.5906 3.8054 0.6996 1.5829 0.9966 -7.9398 -5.8867
Car -1 -1 -6.7853 0.0000 0.0000 1241.0000 374.0000 1.5433 1.5878 3.8031 -2.9053 1.6403 1.0045 -7.9391 -5.8867
Car -1 -1 -3.5048 0.0000 187.9526 0.0000 374.0000 1.4895 1.6024 3.9527 -7.0822 1.5838 2.5310 -4.6975 -5.8867
Car -1 -1 -7.1465 51.7977 0.0000 1241.0000 374.0000 1.5432 1.5889 3.8038 -1.2978 1.6191 1.0045 -7.9392 -5.8867
Car -1 -1 -4.5473 432.0644 176.1125 466.9292 201.7612 1.7795 1.8121 4.2636 -11.7201 2.0274 52.7894 -4.7651 -5.9238
Car -1 -1 -4.8873 455.3463 178.1786 482.0097 196.3024 1.5060 1.6378 3.9095 -12.4532 1.9885 63.3174 -5.0811 -5.9934
Car -1 -1 -2.0720 0.0000 183.4980 8.9902 359.4156 1.6026 1.6718 4.1940 -9.2506 1.7397 8.0209 -2.9118 -6.1556
Car -1 -1 -4.3600 186.8989 180.6991 250.0649 211.9727 1.4446 1.5579 3.8389 -19.6749 1.8614 36.3477 -4.8533 -6.2210
Car -1 -1 -4.6121 697.4224 177.0895 724.5476 196.7359 1.3551 1.5768 4.0447 7.4000 1.6777 52.8479 -4.4741 -6.2342
Car -1 -1 -5.1112 313.8878 171.4518 356.0847 193.7215 1.7981 1.7537 4.3436 -23.0880 1.6846 60.4343 -5.4749 -6.2700
Car -1 -1 -5.3424 0.0000 193.3555 15.9020 313.8761 1.5811 1.7782 4.1800 -11.8139 1.9267 11.0176 -6.1505 -6.4646
