Car -1 -1 -7.8704 579.9333 173.7298 602.8766 193.1389 1.3746 1.6217 4.0046 -1.4350 1.4415 53.3205 -7.8975 1.8148
Car -1 -1 -7.8175 554.5629 171.4079 574.5377 187.5622 1.3913 1.6393 3.5888 -4.0266 1.2664 63.9569 -7.8804 0.5294
Car -1 -1 -7.3161 672.2056 177.2304 743.9746 210.1509 1.4932 1.6410 4.0660 4.8240 1.7203 35.3873 -7.1822 -0.5502
Car -1 -1 -2.6272 378.8148 170.9077 424.9073 188.9420 1.7006 1.6692 3.9441 -20.0023 1.5168 69.3108 -2.9073 -0.9569
Car -1 -1 -3.9557 281.1761 182.4657 338.0672 206.2343 1.5027 1.5587 3.5556 -20.4282 2.1826 49.1242 -4.3482 -1.7337
Car -1 -1 -4.7133 678.5259 174.7117 705.9321 201.5861 1.6182 1.6533 3.8288 5.1669 1.7407 45.7148 -4.6019 -2.2490
Car -1 -1 -3.3799 627.8852 177.3204 703.3323 206.1752 1.4496 1.5877 3.6527 2.8383 1.6891 37.6651 -3.3058 -2.5331
Car -1 -1 -7.0959 228.5727 183.7690 302.0137 214.7281 1.5169 1.5729 3.4907 -18.4068 2.1293 38.5989 -7.5385 -2.5580
Car -1 -1 -4.0084 319.4956 166.4295 366.8708 188.0072 1.7488 1.6549 3.8102 -22.3668 1.2278 60.5507 -4.3610 -2.5922
Car -1 -1 -4.7353 979.8093 168.9311 1001.6932 190.7250 1.9220 1.6627 3.8341 34.6255 1.5757 65.7184 -4.2525 -3.1158
Car -1 -1 -4.7485 301.8470 174.1297 325.4696 194.8760 1.6026 1.6205 3.9047 -23.9158 1.7087 58.1080 -5.1376 -3.2044
Car -1 -1 -4.7306 272.9564 177.7668 298.4837 200.6192 1.5943 1.6526 3.9152 -24.0428 1.9719 53.3746 -5.1523 -3.2480
Car -1 -1 -4.4013 320.6725 175.8423 377.6399 205.3663 1.4636 1.6696 4.0602 -13.7826 1.6302 38.2422 -4.7453 -3.3893
Car -1 -1 -6.5392 699.9119 180.0807 803.5627 217.9593 1.4794 1.5929 3.8716 5.6952 1.7835 29.4600 -6.3508 -3.5752
Car -1 -1 -6.3608 451.5445 177.3954 512.9014 202.0822 1.5520 1.6223 3.8278 -8.3856 1.8560 47.0903 -6.5365 -4.0746
Car -1 -1 -7.2794 292.9256 166.2677 341.2260 186.3502 1.6377 1.6926 4.3575 -24.7795 1.1003 61.1394 -7.6631 -4.1294
Car -1 -1 -5.0094 903.8690 182.4659 934.9238 199.2451 1.5421 1.7044 3.9522 30.2631 2.5113 70.7235 -4.6070 -4.1313
Car -1 -1 -4.6612 389.8922 173.8907 413.9630 195.8494 1.6665 1.6270 3.9639 -16.4502 1.7512 57.0723 -4.9409 -4.2450
Car -1 -1 -4.7940 345.9587 176.3576 374.8915 199.8864 1.6277 1.6805 3.9415 -18.2861 1.8936 52.6948 -5.1267 -4.4355
Car -1 -1 -4.7029 349.7045 176.4861 373.3775 197.8191 1.6113 1.7223 3.9835 -19.7660 1.9108 57.3971 -5.0334 -4.5307
Car -1 -1 -4.5557 455.9798 175.9722 480.3509 194.2232 1.5638 1.5668 3.7564 -12.6462 1.8500 64.3809 -4.7492 -4.5392
Car -1 -1 -7.8874 285.8107 186.9687 319.5711 214.4901 1.3767 1.6067 3.5124 -17.1059 2.1968 40.0059 -8.2894 -4.6681
Car -1 -1 -7.8042 1160.5753 193.0200 1195.2915 219.6258 1.6141 1.6677 4.1307 38.6217 3.0444 49.0772 -7.1410 -4.7388
Car -1 -1 -4.5056 569.6254 176.5452 599.4431 196.6160 1.4872 1.5752 3.8110 -1.9759 1.7848 56.2163 -4.5409 -4.8104
Car -1 -1 -4.4808 348.4674 173.2857 376.1505 191.8650 1.5072 1.4816 3.2445 -20.6926 1.5440 60.2990 -4.8103 -4.9456
Car -1 -1 -4.6851 212.2776 188.0939 251.9185 219.7165 1.3919 1.6341 4.0754 -18.8658 2.1994 36.0591 -5.1644 -5.1019
Car -1 -1 -7.7995 506.3273 173.5125 532.1749 195.3058 1.5144 1.6579 3.6400 -6.5529 1.5634 52.1272 -7.9242 -5.1253
Car -1 -1 -5.1307 393.7840 160.7946 432.1355 182.8477 1.9121 1.7650 4.2002 -17.7316 0.8662 64.7440 -5.3971 -5.2501
Car -1 -1 -4.1063 0.0000 191.3377 66.3497 225.1730 1.4536 1.4019 3.3413 -27.9761 2.3834 34.5893 -4.7828 -5.3626
Car -1 -1 -4.9607 528.4981 174.5043 558.1603 191.2836 1.4689 1.7158 4.1841 -6.1429 1.6244 65.8685 -5.0536 -5.5694
Car -1 -1 -2.2656 0.0000 186.3454 55.1780 374.0000 1.4212 1.5987 4.1958 -6.2016 1.5203 4.4149 -3.1888 -5.6418
Car -1 -1 -4.0338 588.5746 175.7276 645.0958 199.3255 1.5525 1.5926 4.2873 0.4887 1.7606 50.1586 -4.0245 -5.7045
Car -1 -1 -5.1311 769.6071 186.5447 814.5287 208.8113 1.3946 1.5040 3.9913 12.4936 2.3802 49.8642 -4.8876 -5.7703
Car -1 -1 -8.1921 635.8378 167.6583 666.2950 183.8493 1.5574 1.7351 4.1471 4.0218 1.0573 71.6357 -8.1365 -5.8105
Car -1 -1 -4.3400 275.1332 177.8148 320.7620 202.3300 1.6100 1.6586 3.7256 -21.6139 1.9668 50.0413 -4.7460 -5.8738
Car -1 -1 -1.9906 238.5425 179.5275 292.2778 206.4521 1.6347 1.6922 3.9082 -22.3438 2.0837 46.6665 -2.4352 -5.8746
Car -1 -1 -4.7603 1123.0908 173.1667 1152.2830 193.0633 1.5061 1.6497 3.9939 41.4755 1.5314 56.8082 -4.1324 -5.8867
Car -1 -1 -4.7881 1152.7605 172.2622 1186.1321 193.1291 1.4886 1.6450 3.9888 41.4737 1.4461 53.5913 -4.1324 -5.8867
Car -1 -1 -4.9229 1241.0000 166.4835 1241.0000 193.8900 1.4515 1.6352 3.9918 41.4672 1.1138 40.3285 -4.1274 -5.8867
Car -1 -1 -4.8931 1241.0000 167.3755 1241.0000 193.4150 1.4661 1.6415 3.9965 41.4674 1.1573 42.7429 -4.1265 -5.8867
Car -1 -1 -4.8084 1181.5001 176.3172 1219.8649 200.6439 1.6193 1.6938 4.0143 41.4810 1.8730 50.7779 -4.1267 -5.8867
Car -1 -1 -4.7137 1080.9362 172.7893 1104.6389 190.7830 1.4945 1.6481 3.9977 41.4742 1.4888 62.0484 -4.1269 -5.8867
Car -1 -1 -4.9530 1241.0000 166.5225 1241.0000 196.2854 1.4765 1.6421 3.9958 41.4678 1.1621 37.9143 -4.1269 -5.8867
Car -1 -1 -4.7407 1102.8854 173.7361 1129.3752 192.9531 1.5155 1.6520 3.9944 41.4766 1.5902 59.2215 -4.1324 -5.8867
Car -1 -1 -7.7751 511.3770 165.1850 534.2372 188.2097 1.8629 1.6185 3.5662 -7.2707 1.2421 60.1941 -7.8950 -6.2947
Car -1 -1 -4.6015 747.9195 180.9156 770.6476 196.7231 1.4454 1.7205 4.3025 14.6254 2.2603 70.6459 -4.3986 -6.3854
