Car -1 -1 -4.1346 0.0000 187.3377 238.7214 307.6233 1.4452 1.6117 4.1729 -7.7126 1.7131 11.2693 -4.7241 7.3228
Car -1 -1 -4.6085 474.9274 178.9969 505.9734 202.3507 1.4045 1.5915 3.6753 -7.6590 1.8141 46.2651 -4.7721 3.0690
Car -1 -1 -4.8449 776.9841 187.3456 809.0469 210.7804 1.4827 1.6288 4.0936 12.7060 2.5374 50.4034 -4.5999 -0.8108
Car -1 -1 -4.9225 631.7832 180.6816 656.1215 196.0565 1.4056 1.5850 3.8528 3.2475 2.1873 70.0597 -4.8768 -2.2944
Car -1 -1 -4.2624 227.1888 180.2964 312.5467 217.5199 1.4306 1.6606 4.0579 -14.3431 1.7668 30.5874 -4.6978 -2.6401
Car -1 -1 -4.4883 298.2553 179.6983 335.5992 208.0162 2.0028 1.6994 4.2501 -22.0440 2.5391 54.3426 -4.8723 -2.7873
Car -1 -1 -5.0452 773.7635 191.7322 825.5681 222.3928 1.4595 1.5428 3.6839 10.0393 2.5183 38.5812 -4.7933 -2.8029
Car -1 -1 -4.7965 247.2390 183.2946 280.5463 209.9149 1.7167 1.7646 4.0955 -24.2760 2.4789 50.4800 -5.2430 -3.1422
Car -1 -1 -5.2299 599.2604 177.4283 652.4166 201.1166 1.4777 1.6447 4.2614 0.9697 1.7970 48.1482 -5.2104 -3.1454
Car -1 -1 -4.5253 137.0294 180.9601 190.3206 214.1565 1.6293 1.7018 4.0036 -23.8657 2.0877 38.6492 -5.0756 -3.1988
Car -1 -1 -6.9879 104.1533 168.8265 171.0145 189.9157 1.5956 1.6975 4.3457 -37.2074 1.2906 56.9165 -7.5648 -3.2247
Car -1 -1 -4.7112 308.6686 183.2632 335.8993 208.0455 1.4476 1.5480 3.7893 -18.3325 2.1391 45.9119 -5.0894 -3.2663
Car -1 -1 -7.9942 643.7181 176.2171 688.1658 210.2201 1.5037 1.5769 3.7442 2.5551 1.6718 34.2087 -7.9209 -3.3880
Car -1 -1 -4.6566 648.9817 181.0316 667.4863 195.6668 1.3553 1.6096 3.9059 4.7598 2.1842 71.1288 -4.5905 -3.4342
Car -1 -1 -7.7336 584.9977 174.9865 607.1245 189.4880 1.3547 1.6423 4.4056 -1.3458 1.5690 70.3465 -7.7529 -3.6160
Car -1 -1 -4.9625 355.9730 177.7113 396.7965 201.2839 1.4707 1.6125 4.1411 -15.6426 1.8088 48.0965 -5.2756 -3.6403
Car -1 -1 -5.8678 361.2443 184.1440 415.5076 203.4619 1.5781 1.6439 4.0872 -18.8118 2.5525 61.2349 -6.1650 -3.9286
Car -1 -1 -3.9734 94.6558 174.0448 163.9465 200.7656 1.8396 1.7140 4.2988 -34.6658 1.9291 52.1320 -4.5581 -4.1486
Car -1 -1 -6.6067 622.9268 180.2476 673.8784 200.9866 1.6023 1.6667 3.7527 3.0488 2.2096 57.9841 -6.5550 -4.1581
Car -1 -1 -4.4545 459.0454 176.7260 501.7796 202.9529 1.4605 1.5879 3.7283 -7.6467 1.6995 42.6714 -4.6311 -4.1797
Car -1 -1 -7.6407 386.7224 174.9765 423.0757 198.2814 1.5722 1.6514 4.0692 -14.5146 1.7284 51.1376 -7.9162 -4.3102
Car -1 -1 -4.7028 696.2952 181.6379 714.3413 199.2738 1.6627 1.7335 3.3437 9.4483 2.5553 71.5712 -4.5725 -4.3142
Car -1 -1 -4.8124 810.1818 190.1895 853.5915 225.5818 1.6291 1.7216 4.3220 11.4972 2.5904 37.7376 -4.5196 -4.3636
Car -1 -1 -8.2665 606.7922 177.0693 638.6984 192.8426 1.4768 1.6982 3.9179 1.1996 1.9028 70.8321 -8.2500 -4.4094
Car -1 -1 -4.5156 238.7252 191.1932 283.9127 218.8347 1.5083 1.6977 4.3557 -21.5979 2.7049 44.7716 -4.9631 -4.4984
Car -1 -1 -7.5987 456.4466 175.1694 483.8925 192.5488 1.6560 1.6845 4.1072 -13.8210 1.8917 71.4175 -7.7895 -4.7302
Car -1 -1 -3.5971 572.9974 179.1179 663.3676 210.7575 1.4578 1.5909 4.1725 0.3735 1.7797 35.5013 -3.5873 -4.9008
Car -1 -1 -4.7754 525.3432 180.3552 545.5359 197.5168 1.4323 1.5593 3.3028 -6.6075 2.1105 63.5128 -4.8790 -4.9968
Car -1 -1 -4.9534 1168.5470 203.9453 1239.9364 243.1695 1.5778 1.6909 4.1257 28.4935 3.1722 34.7807 -4.2721 -5.2769
Car -1 -1 -8.0103 984.5378 189.2835 1014.0462 209.4618 1.5691 1.6098 3.9598 33.2309 3.0227 61.7185 -7.5189 -5.4935
Car -1 -1 -4.8278 554.9019 178.6239 581.0544 199.1645 1.5162 1.5993 3.8880 -3.3484 1.9839 56.4667 -4.8872 -5.5883
Car -1 -1 -4.8557 1055.3556 194.2771 1092.7820 216.5297 1.3983 1.6725 4.1046 33.2404 3.0023 51.8192 -4.2885 -5.5944
Car -1 -1 -4.6132 557.2402 177.7399 588.6932 201.5303 1.3589 1.5343 3.9809 -2.2546 1.6707 44.0698 -4.6645 -5.6438
Car -1 -1 -4.8603 1178.6567 183.2590 1220.1030 207.7180 1.5929 1.7046 3.7806 41.4103 2.3550 50.8064 -4.1797 -5.6892
Car -1 -1 -5.6072 627.1860 183.6906 698.8761 211.3240 1.5997 1.8316 4.3159 3.2767 2.3162 45.5859 -5.5365 -5.6937
Car -1 -1 -4.8941 1241.0000 168.7451 1241.0000 194.9803 1.4770 1.6425 3.9938 41.4692 1.2454 42.7399 -4.1274 -5.8867
Car -1 -1 -4.7736 1141.2875 172.0128 1172.6868 192.1882 1.4732 1.6430 3.9909 41.4721 1.4115 54.8050 -4.1287 -5.8867
Car -1 -1 -4.8662 1241.0000 168.7882 1241.0000 193.4889 1.4733 1.6436 3.9955 41.4685 1.2305 45.1552 -4.1267 -5.8867
Car -1 -1 -5.1784 659.7792 183.2623 697.5068 204.8766 1.5945 1.5845 3.4305 5.3544 2.4426 56.9306 -5.0856 -6.9656
