Car -1 -1 -7.7740 582.4902 170.9194 605.1171 187.5861 1.3569 1.6091 3.7656 -1.3582 1.1991 60.6697 -7.7966 0.8482
Car -1 -1 -3.1291 142.3596 188.5000 239.1761 221.0823 1.4101 1.5861 3.9192 -19.9844 2.1928 34.4598 -3.6516 -0.6562
Car -1 -1 -4.4170 334.2461 178.6110 387.5474 208.1090 1.5368 1.6599 4.2580 -13.9706 1.8775 40.5888 -4.7469 -1.8428
Car -1 -1 -7.0330 648.3869 173.1092 703.5009 196.6736 1.5673 1.5717 3.7146 4.5384 1.5852 49.7884 -6.9430 -2.2462
Car -1 -1 -4.9509 430.3504 173.0174 460.9899 192.0931 1.5411 1.6328 3.8643 -13.8154 1.5550 60.4223 -5.1750 -2.3410
Car -1 -1 -4.7443 375.1349 175.7182 394.7854 191.6131 1.4360 1.6484 3.6841 -21.2241 1.7133 67.9195 -5.0464 -2.6439
Car -1 -1 -4.8580 435.4635 174.9118 460.1304 192.5703 1.5476 1.6375 3.9606 -14.8583 1.7413 65.8792 -5.0793 -2.6969
Car -1 -1 -2.8194 596.1061 169.3626 668.1826 195.8919 1.5908 1.6704 4.1551 1.3425 1.3812 44.7664 -2.7900 -2.9290
Car -1 -1 -4.6586 334.0789 183.0528 358.4391 203.0376 1.5149 1.6638 3.7210 -21.4780 2.3740 58.7807 -5.0077 -2.9526
Car -1 -1 -4.9270 651.4756 173.5171 680.1989 191.4870 1.5756 1.7200 4.3090 5.0209 1.6377 65.6834 -4.8514 -3.0817
Car -1 -1 -3.4452 596.9619 173.4338 669.6296 197.9971 1.5947 1.7056 4.5648 1.5179 1.6344 48.3465 -3.4144 -3.1222
Car -1 -1 -4.3396 138.4587 188.4202 202.1670 220.5804 1.4470 1.5608 3.4544 -21.9419 2.2645 36.0743 -4.8830 -3.1289
Car -1 -1 -7.6649 231.3200 186.7419 277.0659 215.3324 1.4830 1.6127 4.1798 -20.5885 2.3305 41.8201 -8.1202 -3.1589
Car -1 -1 -2.9330 58.1701 181.7269 167.9288 217.8720 1.5249 1.6456 3.8311 -22.4224 1.9445 32.6589 -3.5310 -3.1813
Car -1 -1 -8.0156 642.7322 172.6555 678.8222 198.1699 1.5536 1.6240 4.2639 3.1615 1.5412 46.1344 -7.9480 -3.6824
Car -1 -1 -6.3237 433.6397 175.6560 501.9931 200.2258 1.5071 1.6334 4.1904 -9.0775 1.6898 45.8347 -6.5185 -4.0068
Car -1 -1 -2.8270 376.7225 172.6323 426.4608 188.4014 1.5162 1.6641 4.3539 -20.2928 1.4945 70.2800 -3.1073 -4.0091
Car -1 -1 -5.0916 341.9944 174.5877 378.0016 191.6930 1.5238 1.7549 4.1096 -23.2034 1.6892 66.8358 -5.4248 -4.0337
Car -1 -1 -4.8182 172.5833 185.4964 228.1738 224.9916 1.4670 1.6378 3.6664 -17.1295 2.0273 30.0272 -5.3331 -4.1311
Car -1 -1 -3.5000 523.0015 172.5143 589.9645 195.9013 1.6525 1.7514 4.5559 -3.9338 1.6282 52.7333 -3.5745 -4.1368
Car -1 -1 -4.4482 416.0686 172.0914 441.7749 186.6685 1.4035 1.5984 3.5172 -17.8669 1.3298 71.2430 -4.6932 -4.1664
Car -1 -1 -4.9523 366.4329 178.4091 401.3357 200.7473 1.6960 1.7071 4.3230 -18.3033 2.1615 58.2125 -5.2560 -4.2510
Car -1 -1 -4.4178 151.0436 183.4458 202.9757 210.8873 1.4827 1.5821 3.8144 -25.5288 2.1378 42.6036 -4.9551 -4.2706
Car -1 -1 -4.9331 186.6387 184.8889 246.9500 221.0738 1.4799 1.5847 3.9711 -17.9937 2.0614 32.8669 -5.4308 -4.3025
Car -1 -1 -7.7703 572.8448 171.6923 605.2787 198.4696 1.6027 1.6811 4.4108 -1.3044 1.5329 45.4349 -7.7992 -4.5346
Car -1 -1 -3.2980 996.3641 185.7684 1058.3134 206.4765 1.5528 1.7013 4.0532 33.1735 2.6090 57.5130 -2.7775 -4.5508
Car -1 -1 -5.1309 821.2128 181.2934 852.8917 196.9399 1.4697 1.6552 3.6523 22.5211 2.3310 71.7468 -4.8283 -4.7278
Car -1 -1 -2.1951 287.8092 178.6409 346.1129 202.5285 1.6382 1.6833 4.3593 -21.2743 2.0721 52.2638 -2.5802 -4.7806
Car -1 -1 -4.9599 360.7946 180.5671 394.5755 198.9939 1.5292 1.7794 4.6634 -20.7859 2.2433 64.3777 -5.2713 -4.8954
Car -1 -1 -4.5358 693.5051 179.3185 717.1324 194.5235 1.4152 1.6347 4.0184 9.4091 2.0718 71.1594 -4.4053 -4.9321
Car -1 -1 -4.5467 636.6633 169.3601 662.5753 186.9386 1.4813 1.6322 3.9364 3.4615 1.1866 62.9024 -4.4922 -4.9364
Car -1 -1 -4.5878 1061.7810 178.0587 1090.8203 197.9629 1.6756 1.6883 3.9844 41.2886 2.1511 63.8936 -4.0166 -4.9800
Car -1 -1 -4.3222 328.5362 181.4772 365.6595 199.2982 1.4666 1.6516 4.0383 -23.0802 2.2488 63.4194 -4.6701 -4.9855
Car -1 -1 -4.9764 667.4353 176.2143 711.2838 203.4066 1.6255 1.7987 3.8777 4.9379 1.8476 45.6973 -4.8699 -5.2359
Car -1 -1 -4.7273 304.2327 176.9779 331.7051 203.8264 1.6070 1.5569 3.6511 -18.5866 1.8797 45.7810 -5.1112 -5.4489
Car -1 -1 -2.0630 0.0000 180.1512 0.0000 339.3559 1.4342 1.6080 3.9759 -9.1305 1.5259 7.8595 -2.9062 -5.4949
Car -1 -1 -4.2577 611.9038 173.3319 652.8180 194.9429 1.6008 1.7076 3.6836 1.7286 1.6387 55.5645 -4.2272 -5.6812
Car -1 -1 -4.8289 1203.1948 181.0850 1241.0000 207.2981 1.6524 1.6961 3.7859 41.4471 2.2323 48.8147 -4.1283 -5.7229
Car -1 -1 -4.7625 1152.8900 184.8189 1185.3346 208.0944 1.5914 1.6924 3.9336 41.4505 2.5146 53.5911 -4.1073 -5.7245
Car -1 -1 -4.2824 666.4983 175.0544 701.4122 192.6881 1.5287 1.6204 4.0071 6.6948 1.7339 65.2246 -4.1809 -5.8203
Car -1 -1 -3.9814 232.7287 178.4728 339.0853 216.6404 1.6623 1.9213 4.8510 -15.5215 1.9532 34.7947 -4.3985 -5.8525
Car -1 -1 -4.9427 1241.0000 167.6875 1241.0000 196.2472 1.4644 1.6357 3.9875 41.4691 1.1992 39.1117 -4.1320 -5.8867
Car -1 -1 -4.8456 1199.1818 194.3305 1241.0000 225.4910 1.4543 1.5517 4.0450 32.8869 2.6698 38.7247 -4.1460 -6.1066
Car -1 -1 -4.6210 655.0945 174.6537 679.1238 193.7896 1.5729 1.7086 3.8679 4.8917 1.7317 61.7421 -4.5427 -6.4982
