Car -1 -1 -4.5155 438.3572 178.3522 486.2826 209.3725 1.4496 1.6439 3.8211 -7.4081 1.7406 36.3097 -4.7158 3.6087
Car -1 -1 -4.6961 806.9830 187.7777 835.3880 213.9267 1.4662 1.6304 4.0062 13.1799 2.4427 45.0712 -4.4139 -1.4251
Car -1 -1 -4.6118 304.8776 193.0500 333.6761 214.5738 1.4349 1.6270 3.7101 -21.6973 2.9988 53.8767 -4.9933 -1.6095
Car -1 -1 -7.6393 370.0995 177.9964 409.3813 201.5669 1.4488 1.6384 4.0388 -14.4266 1.8007 47.3358 -7.9339 -1.7804
Car -1 -1 -7.5438 618.6970 176.6035 663.8389 202.0784 1.5403 1.6716 4.3468 2.0422 1.7944 46.6400 -7.5008 -1.8083
Car -1 -1 -5.6643 581.3229 177.0612 664.6730 208.6887 1.5114 1.6138 4.0689 0.5917 1.7367 36.8306 -5.6489 -1.9823
Car -1 -1 -5.8069 625.0320 181.2875 675.2669 203.5523 1.6347 1.6606 3.5071 3.0706 2.3053 55.7945 -5.7528 -2.5792
Car -1 -1 -4.5398 0.0000 176.1434 41.2225 198.9100 1.4887 1.6507 3.8060 -40.7383 1.7251 49.8425 -5.2226 -2.7243
Car -1 -1 -5.0066 619.5591 175.4395 653.6219 192.6619 1.5729 1.8922 5.0072 2.4849 1.8307 69.3599 -4.9713 -2.7376
Car -1 -1 -3.6794 645.5129 181.9731 702.9485 205.2715 1.5357 1.6050 3.6854 4.4474 2.1901 50.2773 -3.5923 -2.7870
Car -1 -1 -4.5169 81.1061 190.4803 127.0825 217.8206 1.4463 1.5341 3.6896 -29.9412 2.5389 42.7424 -5.1253 -2.8138
Car -1 -1 -4.8703 280.5543 189.6671 314.4716 212.8746 1.5959 1.7613 4.0051 -23.8388 2.9255 54.9119 -5.2785 -3.4906
Car -1 -1 -4.2223 394.9732 170.3645 429.9953 187.1138 1.5890 1.6715 3.8804 -19.2851 1.3526 70.5312 -4.4885 -3.6039
Car -1 -1 -2.9387 115.5835 201.6739 212.9369 233.5736 1.4656 1.6813 4.0219 -22.9745 3.0135 37.2870 -3.4880 -3.7515
Car -1 -1 -7.8164 579.3258 173.7401 597.9926 189.4749 1.4298 1.6028 4.1733 -2.0018 1.5154 67.8921 -7.8460 -3.9399
Car -1 -1 -5.4350 383.0625 179.3913 437.5393 201.8288 1.6205 1.6744 4.1539 -15.2722 2.1353 55.0181 -5.7049 -3.9907
Car -1 -1 -4.1743 516.3647 177.2381 555.4699 195.9218 1.5253 1.6860 3.6871 -6.3424 1.9133 61.8823 -4.2764 -4.1087
Car -1 -1 -4.4632 25.4888 183.1929 79.4139 212.0544 1.5361 1.5769 3.8250 -32.3780 2.1666 41.9539 -5.1176 -4.3366
Car -1 -1 -4.6023 410.5738 176.3629 446.4959 202.4210 1.5676 1.7327 4.7350 -11.6751 1.8056 46.5317 -4.8471 -4.4836
Car -1 -1 -6.5810 296.7670 188.2818 356.7303 211.9843 1.5614 1.5931 3.6882 -20.2680 2.7024 51.6066 -6.9538 -4.5618
Car -1 -1 -6.9427 29.1653 186.7004 201.1892 240.1160 1.3533 1.6587 4.0789 -14.6732 1.8099 21.6158 -7.5336 -4.6659
Car -1 -1 -7.1977 16.9512 174.0400 85.3603 198.2515 1.6293 1.7994 3.8833 -39.1984 1.7155 50.6886 -7.8535 -4.6898
Car -1 -1 -4.4332 614.8887 175.3088 646.7267 193.6282 1.5973 1.7645 4.4067 1.9194 1.8293 65.9149 -4.4046 -4.9270
Car -1 -1 -4.4640 641.7174 178.5643 671.2954 196.6739 1.5984 1.7208 4.4785 4.3738 2.1520 67.5899 -4.4001 -5.1259
Car -1 -1 -4.5810 233.6342 183.5756 262.6653 203.9313 1.4916 1.5614 3.8298 -28.6279 2.3707 57.1131 -5.0440 -5.1958
Car -1 -1 -5.1381 1163.2163 195.2805 1241.0000 226.1368 1.3497 1.7470 3.9326 30.1294 2.5583 36.7710 -4.4562 -5.3761
Car -1 -1 -4.7587 0.0000 179.5078 11.4544 202.8284 1.4627 1.6752 3.9789 -41.4530 1.9278 48.4374 -5.4640 -5.3853
Car -1 -1 -7.4642 1155.6790 199.6588 1241.0000 236.0557 1.3035 1.6901 3.8828 24.5925 2.4789 29.9756 -6.7827 -5.5014
Car -1 -1 -4.7837 375.0235 183.7111 401.1562 206.9113 1.6883 1.6625 4.4352 -17.6181 2.5827 57.0921 -5.0821 -5.6626
Car -1 -1 -4.7853 1198.6766 193.1915 1241.0000 226.5207 1.6211 1.7699 4.3425 34.0275 2.8168 40.1535 -4.0866 -5.6889
Car -1 -1 -6.7649 1050.7388 190.2504 1123.5405 213.1783 1.5586 1.6231 4.0511 34.0282 2.8262 51.5811 -6.1850 -5.7596
Car -1 -1 -3.1588 294.2911 179.7403 361.3860 208.4301 1.5578 1.6914 3.5120 -16.1802 1.9657 41.3224 -3.5302 -5.7987
Car -1 -1 -4.8476 942.8381 192.6403 980.3557 219.6990 1.5685 1.6825 3.7409 22.7407 2.9087 46.8455 -4.3988 -5.8379
Car -1 -1 -4.7195 550.3385 176.4512 570.2131 193.7561 1.3983 1.6282 4.1325 -4.2663 1.7142 61.3084 -4.7890 -5.8707
Car -1 -1 -4.7877 1156.7506 172.2831 1190.4585 193.2909 1.4871 1.6461 3.9913 41.4726 1.4464 53.1954 -4.1284 -5.8867
Car -1 -1 -4.8137 1190.1123 176.0020 1229.7289 199.8570 1.5622 1.6916 4.0361 41.4544 1.7893 49.9672 -4.1243 -5.8867
Car -1 -1 -4.9622 1241.0000 165.9458 1241.0000 196.8131 1.4968 1.6502 4.0037 41.4673 1.1615 37.1114 -4.1255 -5.8867
Car -1 -1 -4.9327 1241.0000 167.7033 1241.0000 195.5203 1.4573 1.6344 3.9858 41.4688 1.1872 39.9165 -4.1321 -5.8867
Car -1 -1 -4.7646 1133.8838 172.2940 1164.1656 192.4595 1.4950 1.6474 3.9927 41.4725 1.4532 55.6123 -4.1266 -5.8867
Car -1 -1 -4.5975 568.6880 177.5243 601.1633 202.4539 1.3996 1.5223 3.7738 -1.4954 1.6914 43.1786 -4.6324 -5.8963
Car -1 -1 -7.8672 1037.1427 189.8548 1081.0267 223.2232 1.3997 1.7035 4.2221 21.5599 2.2725 34.8078 -7.3170 -6.0026
Car -1 -1 -6.1973 241.6190 186.5210 311.9315 212.9191 1.7036 1.7089 4.2613 -22.8941 2.6729 49.6648 -6.6275 -6.1936
Car -1 -1 -5.0291 686.4316 178.6358 719.0944 197.5361 1.6832 1.7453 4.4538 8.6823 2.2470 68.0492 -4.9032 -6.5731
Car -1 -1 -4.4987 606.9154 179.1955 636.9046 200.6804 1.5588 1.6119 3.4239 0.9151 2.0607 55.2928 -4.4828 -6.7906
Car -1 -1 -4.1904 333.6843 187.6062 382.5056 212.1871 1.7064 1.7240 4.0174 -19.0940 2.8698 54.7849 -4.5246 -7.1171
