Car -1 -1 -4.4818 401.1302 181.4472 462.3758 219.2836 1.4154 1.6248 3.7744 -7.3122 1.7920 29.7470 -4.7212 4.4704
Car -1 -1 -2.9381 804.8497 185.7309 880.3694 215.7055 1.5484 1.6618 3.7627 12.9546 2.2973 40.3326 -2.6301 -1.2019
Car -1 -1 -4.6987 114.0654 202.6425 143.8787 230.0327 1.5049 1.5181 3.6447 -30.5364 3.4762 45.8133 -5.2842 -1.8936
Car -1 -1 -3.9983 334.6983 182.6645 386.7966 206.3677 1.6945 1.6615 3.8557 -19.1183 2.4762 55.4161 -4.3294 -2.1438
Car -1 -1 -4.7532 618.5405 174.6959 648.8647 203.6923 1.6355 1.6250 4.2584 1.3357 1.7507 43.1072 -4.7229 -2.2897
Car -1 -1 -4.9088 254.7569 185.7670 294.7577 211.9889 1.5992 1.6499 4.1583 -22.5084 2.5021 48.3030 -5.3431 -2.4566
Car -1 -1 -4.3877 341.4479 175.8546 390.4019 203.7279 1.5543 1.6054 3.7860 -14.3604 1.7387 42.5352 -4.7118 -2.4895
Car -1 -1 -4.3671 381.4584 178.8690 422.2635 201.5786 1.4643 1.5511 3.6044 -14.2192 1.8908 49.3528 -4.6465 -2.9262
Car -1 -1 -4.7042 653.0817 179.9353 672.9956 198.9218 1.5738 1.6930 4.2520 4.6671 2.2195 63.6290 -4.6318 -3.2780
Car -1 -1 -3.0498 0.0000 197.5692 74.8425 252.6311 1.4301 1.5728 2.9932 -17.9487 2.2197 21.5695 -3.7378 -3.4443
Car -1 -1 -4.3980 194.3495 189.2401 239.5351 213.7395 1.5453 1.6430 3.8768 -27.3764 2.7343 50.3153 -4.8943 -3.5889
Car -1 -1 -4.7919 973.9589 180.6237 996.3268 197.0191 1.4788 1.5821 3.9556 35.9398 2.2469 69.2272 -4.3152 -3.6152
Car -1 -1 -7.5111 638.4465 176.8420 685.7899 203.4726 1.4646 1.5775 3.8424 3.0721 1.7100 42.3793 -7.4397 -3.7308
Car -1 -1 -4.5982 621.5565 177.6440 642.1301 194.0848 1.5349 1.6133 3.5585 2.1335 2.0140 70.3339 -4.5684 -3.8427
Car -1 -1 -6.8393 0.0000 185.6483 93.5800 260.8524 1.4330 1.6675 4.0727 -14.6113 1.7675 16.6875 -7.5506 -4.0901
Car -1 -1 -7.8637 579.8024 176.0660 597.1861 191.5114 1.3714 1.5629 3.7720 -2.0324 1.6769 66.7787 -7.8943 -4.3096
Car -1 -1 -4.8359 124.3740 202.0882 172.0204 236.5798 1.4413 1.5528 3.2867 -22.4023 2.9264 34.8986 -5.4034 -4.3222
Car -1 -1 -5.1700 1005.7618 180.8383 1047.2236 198.8756 1.6464 1.7580 4.2885 40.3226 2.4450 69.9984 -4.6496 -4.5155
Car -1 -1 -4.8427 1078.1128 194.1355 1112.5278 215.9720 1.4408 1.6203 3.8943 36.1178 3.0899 53.8154 -4.2547 -4.6348
Car -1 -1 -5.3607 611.0676 175.6448 654.2357 195.9509 1.6891 1.7032 3.9535 1.9112 1.9395 62.7019 -5.3308 -4.6670
Car -1 -1 -4.4798 633.9369 177.8434 662.0129 195.1044 1.6087 1.8564 4.1096 3.7390 2.1132 70.7706 -4.4277 -4.7029
Car -1 -1 -5.3513 248.0720 178.7605 313.7760 207.7677 1.6730 1.7194 3.7975 -20.0946 2.0462 43.9658 -5.7780 -4.7134
Car -1 -1 -5.3648 860.1922 200.5310 953.7120 241.5547 1.5192 1.5945 4.1870 12.9940 2.8304 31.9606 -4.9828 -4.7763
Car -1 -1 -2.4000 360.5075 175.9682 402.6943 196.1183 1.8227 1.6242 3.5950 -21.3016 2.1190 67.2254 -2.7060 -4.8655
Car -1 -1 -4.4014 638.6228 179.5921 667.6577 197.2532 1.5161 1.5485 3.7995 3.9275 2.1472 65.5567 -4.3422 -5.1681
Car -1 -1 -4.3614 190.1124 194.0387 245.3112 222.5837 1.5577 1.6165 4.3624 -24.4268 2.9461 45.0246 -4.8563 -5.2070
Car -1 -1 -7.7788 1052.9415 192.8725 1085.6084 221.1104 1.6698 1.5427 3.8991 30.2669 3.0453 47.5631 -7.2155 -5.3160
Car -1 -1 -4.7207 580.5917 178.6848 606.8694 201.8620 1.3509 1.5659 3.6192 -1.0636 1.7276 44.8122 -4.7447 -5.4254
Car -1 -1 -4.6812 400.1734 179.9182 434.9792 207.2111 1.3908 1.7381 4.1362 -10.6848 1.8050 40.1239 -4.9402 -5.5044
Car -1 -1 -4.2650 9.9022 192.2863 75.9371 217.5644 1.4514 1.8286 3.9617 -36.7446 2.7698 46.8341 -4.9277 -5.5743
Car -1 -1 -4.5975 632.8528 180.4572 661.7811 204.4625 1.6319 1.6867 3.6683 2.7047 2.2026 52.2339 -4.5466 -5.6038
Car -1 -1 -5.3261 1161.4041 191.8325 1234.2181 217.4532 1.3760 1.5663 3.6482 35.2201 2.5662 43.3922 -4.6481 -5.6906
Car -1 -1 -4.5363 549.4532 178.3962 583.9244 202.3604 1.3914 1.5208 3.6208 -2.6744 1.7486 44.6522 -4.5963 -5.7832
Car -1 -1 -7.5158 413.3421 175.8925 461.5296 201.1606 1.4566 1.6500 3.9399 -10.5275 1.6508 44.1324 -7.7490 -5.7861
Car -1 -1 -4.8333 1184.3263 193.6167 1234.5583 223.4048 1.3058 1.4985 3.5310 29.9343 2.4004 36.1589 -4.1464 -5.8491
Car -1 -1 -4.4117 691.1192 180.2068 724.3708 199.5733 1.7761 1.9185 4.7237 9.5919 2.5217 70.6509 -4.2778 -5.8523
Car -1 -1 -4.9229 1241.0000 168.4108 1241.0000 195.8066 1.4658 1.6370 3.9861 41.4695 1.2277 40.7205 -4.1322 -5.8867
Car -1 -1 -4.8425 1218.7225 172.0394 1241.0000 195.9887 1.5082 1.6528 3.9958 41.4725 1.4566 47.5616 -4.1287 -5.8867
Car -1 -1 -4.9536 1241.0000 167.7439 1241.0000 197.7283 1.4874 1.6445 3.9947 41.4689 1.2336 37.9120 -4.1275 -5.8867
Car -1 -1 -4.4899 0.0000 185.5529 0.0000 213.7265 1.5366 1.6555 4.0154 -41.6078 2.3387 43.4386 -5.2508 -5.8867
Car -1 -1 -4.8680 1241.0000 170.4861 1241.0000 195.3307 1.4817 1.6446 3.9913 41.4705 1.3402 45.1502 -4.1286 -5.8867
Car -1 -1 -4.5638 0.0000 184.9352 33.2688 209.0328 1.5356 1.6544 4.0095 -41.6062 2.4129 50.2732 -5.2527 -5.8867
Car -1 -1 -4.8076 1181.6515 170.4951 1219.1276 192.6293 1.4928 1.6513 3.9998 41.4697 1.3335 50.7872 -4.1259 -5.8867
Car -1 -1 -4.5314 0.0000 184.5274 0.0000 210.0136 1.5171 1.6498 4.0087 -41.6081 2.3128 47.0564 -5.2527 -5.8867
Car -1 -1 -5.0775 550.9500 179.1219 586.8090 198.7115 1.4442 1.5449 3.8020 -3.2859 1.9530 56.5551 -5.1357 -5.8963
Car -1 -1 -4.1583 45.6178 188.7780 114.2289 216.6417 1.6609 1.7101 4.1540 -34.8910 2.7579 47.5867 -4.7885 -6.1914
