Car -1 -1 -3.3298 184.9997 184.0563 284.5490 220.9734 1.6155 1.6962 3.9951 -18.0099 2.1823 34.6282 -3.8065 -0.5911
Car -1 -1 -5.1185 649.9489 176.5733 686.0930 194.6570 1.4733 1.6075 4.0618 4.9085 1.8031 61.8628 -5.0400 -1.3514
Car -1 -1 -4.8554 0.0000 205.9156 52.7168 245.7854 1.5730 1.5832 3.9351 -27.3641 3.1987 33.5670 -5.5356 -1.4265
Car -1 -1 -4.9052 25.7928 207.6464 89.4414 244.5462 1.4833 1.6904 4.0782 -26.6668 3.2539 34.7378 -5.5564 -1.5496
Car -1 -1 -4.4931 635.4042 173.1931 678.2018 202.5755 1.5823 1.6044 3.9898 2.6755 1.6023 41.0463 -4.4290 -1.6713
Car -1 -1 -4.5120 657.4139 175.8215 694.4866 202.0600 1.6661 1.6687 4.3136 4.4605 1.8753 48.6426 -4.4216 -1.6751
Car -1 -1 -4.4427 232.6042 171.3500 268.8803 194.3307 1.8547 1.7081 4.0004 -30.0248 1.7330 60.3586 -4.9027 -1.7694
Car -1 -1 -7.7816 581.4031 174.7378 602.8456 191.0266 1.3580 1.6163 3.3159 -1.5421 1.5247 62.2420 -7.8066 -1.8419
Car -1 -1 -5.2056 625.0218 173.6938 668.0007 194.8644 1.6042 1.6461 4.0908 2.8151 1.6729 57.0512 -5.1570 -2.5782
Car -1 -1 -6.2986 595.3302 173.0285 655.6820 196.9960 1.6901 1.7026 4.2572 1.0663 1.7025 51.7525 -6.2786 -2.7611
Car -1 -1 -6.1804 662.8966 184.3736 722.4318 209.3534 1.4802 1.6027 3.5448 5.1361 2.2167 44.9876 -6.0681 -2.8009
Car -1 -1 -4.7445 240.9691 192.1114 272.1946 218.4263 1.4106 1.5825 4.0352 -21.6096 2.6417 43.9837 -5.1991 -3.1226
Car -1 -1 -4.7068 647.3131 171.8701 666.6995 191.7402 1.7322 1.6880 4.0391 4.2181 1.6462 64.9760 -4.6426 -3.2673
Car -1 -1 -4.3282 211.1990 167.8166 248.2751 186.3886 1.5827 1.6164 3.6831 -33.3882 1.1531 63.4018 -4.8114 -3.3524
Car -1 -1 -7.6894 614.4109 171.9685 636.6229 187.7477 1.4700 1.5711 3.5406 1.4907 1.3872 69.1031 -7.6683 -3.3951
Car -1 -1 -4.7257 649.9453 175.3177 667.4293 191.2258 1.4563 1.6006 3.9550 4.5907 1.6974 68.6943 -4.6597 -3.4493
Car -1 -1 -4.8898 268.7361 186.8732 312.2032 215.4412 1.4582 1.6039 3.8101 -18.1608 2.2910 40.8483 -5.3060 -3.4565
Car -1 -1 -3.0978 396.1178 173.4245 447.2903 192.6836 1.7060 1.7171 4.4096 -17.0153 1.7584 65.2926 -3.3520 -3.4872
Car -1 -1 -4.5235 636.9668 174.5298 672.4233 200.2558 1.6615 1.6510 4.2228 3.0573 1.7806 49.1441 -4.4622 -3.9401
Car -1 -1 -4.7180 641.7358 175.7574 662.2643 194.6527 1.5272 1.6777 4.5296 3.5275 1.7829 61.3301 -4.6612 -3.9936
Car -1 -1 -7.3720 197.4735 188.1463 265.7772 219.1966 1.5808 1.6478 4.2366 -21.4072 2.4931 40.9425 -7.8514 -4.0230
Car -1 -1 -4.7199 1155.4766 185.3877 1185.1177 210.0176 1.6760 1.6762 3.8192 41.2366 2.6350 53.1922 -4.0636 -4.1808
Car -1 -1 -4.6582 293.1184 187.0245 324.0279 212.8252 1.4807 1.5936 4.1366 -19.2279 2.4285 46.0587 -5.0520 -4.2734
Car -1 -1 -3.0519 580.8771 176.0508 649.7814 201.3712 1.4441 1.6178 3.9210 0.3063 1.6360 42.3950 -3.0452 -4.5952
Car -1 -1 -5.0274 374.3105 183.8918 405.0277 200.8729 1.5459 1.6850 4.1131 -21.6256 2.6599 70.6734 -5.3237 -4.7551
Car -1 -1 -7.9545 650.8807 174.8440 692.4806 207.5229 1.5542 1.6657 4.3449 3.0414 1.6613 36.7703 -7.8731 -4.7604
Car -1 -1 -8.0531 619.1851 176.3133 664.8163 208.0441 1.4964 1.5574 3.8678 1.5225 1.6808 36.5021 -8.0123 -4.8737
Car -1 -1 -4.3952 212.5740 183.9840 253.9918 208.0161 1.5202 1.5274 3.3365 -25.5912 2.3038 49.0511 -4.8741 -4.8744
Car -1 -1 -7.5175 221.7862 186.5999 279.7293 218.6640 1.5967 1.6239 3.9981 -19.7700 2.3943 39.8001 -7.9762 -4.9454
Car -1 -1 -4.5453 1207.8192 180.0159 1241.0000 207.5171 1.7173 1.7078 3.8252 41.2092 2.2113 47.9188 -3.8385 -4.9705
Car -1 -1 -4.9120 354.1373 179.5442 387.3917 203.4469 1.5487 1.5288 3.3922 -16.5156 2.0259 49.6393 -5.2319 -4.9884
Car -1 -1 -5.0502 744.6082 182.3536 774.5745 197.9587 1.4350 1.6056 4.1290 14.6877 2.3996 71.1288 -4.8478 -5.1701
Car -1 -1 -4.7239 741.7761 180.9147 763.3743 202.4346 1.6289 1.6553 4.0776 11.4781 2.3050 58.3849 -4.5312 -5.2161
Car -1 -1 -4.6311 615.5810 175.5284 638.5430 195.1435 1.5798 1.6133 4.0676 1.4434 1.8126 60.7940 -4.6079 -5.5436
Car -1 -1 -4.8182 764.9283 181.3636 785.1078 198.0566 1.5551 1.5517 3.6478 16.2059 2.4153 71.0583 -4.5953 -5.5583
Car -1 -1 -5.1385 754.4408 184.9093 800.6434 209.5198 1.5495 1.6340 3.8365 11.4005 2.4098 49.4716 -4.9139 -5.6102
Car -1 -1 -4.7516 1119.6521 173.3288 1148.0653 193.1316 1.5094 1.6523 3.9929 41.4738 1.5481 57.2190 -4.1271 -5.8867
Car -1 -1 -4.7046 1066.1176 173.4782 1088.7695 190.8594 1.4882 1.6432 3.9907 41.4760 1.5451 64.0504 -4.1323 -5.8867
Car -1 -1 -4.7344 1096.5199 173.3561 1122.0978 192.0636 1.4984 1.6473 3.9916 41.4760 1.5413 60.0270 -4.1323 -5.8867
Car -1 -1 -4.6315 725.4126 177.7009 747.2258 195.0499 1.4817 1.6273 3.9244 11.3655 1.9315 64.9025 -4.4593 -5.8867
Car -1 -1 -4.8925 1241.0000 166.1038 1241.0000 192.1863 1.4686 1.6455 4.0035 41.4900 1.0883 42.7504 -4.1257 -5.8867
Car -1 -1 -3.5207 1128.8616 194.7285 1228.9163 223.3798 1.4602 1.6178 4.0624 31.5384 2.7184 40.1668 -2.8592 -5.9277
