Car -1 -1 -4.3680 292.4758 180.6698 399.8479 236.2132 1.4469 1.6670 4.1690 -7.7442 1.7017 21.4685 -4.7107 6.7902
Car -1 -1 -4.7686 493.7180 174.0502 517.7264 194.2037 1.5010 1.6219 3.9724 -8.1649 1.5972 56.0975 -4.9128 0.4704
Car -1 -1 -7.8141 580.9227 172.6558 598.7344 187.5022 1.3935 1.5790 3.5051 -1.9407 1.3746 69.4852 -7.8423 0.3656
Car -1 -1 -4.6669 669.1490 181.2529 689.5161 199.9980 1.5223 1.5823 4.0636 6.0202 2.2756 62.6209 -4.5720 -1.3257
Car -1 -1 -2.5934 19.7536 165.3650 103.3794 189.9987 1.6748 1.7556 4.3531 -38.0830 1.1653 50.1448 -3.2405 -1.5569
Car -1 -1 -5.0945 158.4158 169.5861 201.8230 193.5060 1.8152 1.6443 3.7550 -33.7338 1.5669 56.5499 -5.6305 -2.3502
Car -1 -1 -5.1231 607.1906 174.2212 648.8370 196.8857 1.7022 1.6931 4.2974 1.3418 1.8138 56.7776 -5.1000 -3.1805
Car -1 -1 -4.9453 616.9888 173.6689 658.9830 201.8646 1.6453 1.6410 4.2328 1.6340 1.6977 44.4687 -4.9093 -3.2060
Car -1 -1 -4.1360 504.2964 174.1624 548.7086 195.4223 1.5839 1.6173 3.8041 -6.4754 1.6890 56.0730 -4.2508 -3.8700
Car -1 -1 -4.4123 314.0780 178.0465 348.6541 197.6971 1.5776 1.6370 3.9256 -23.5346 2.0308 61.0045 -4.7793 -3.9622
Car -1 -1 -4.7655 616.0157 174.5204 648.9762 203.2376 1.4981 1.6065 3.7370 1.1591 1.5939 39.7463 -4.7371 -3.9846
Car -1 -1 -7.7509 591.6291 173.0400 680.8047 256.6574 1.6115 1.5749 3.8512 0.6374 1.6158 15.9318 -7.7126 -3.9960
Car -1 -1 -2.1024 275.6649 180.3539 316.9763 198.2376 1.5157 1.6348 3.9016 -28.0683 2.2044 64.4792 -2.5117 -4.0264
Car -1 -1 -5.0262 611.9808 177.1197 640.3181 193.6617 1.4925 1.5648 3.8374 1.4749 1.9077 68.2264 -5.0051 -4.0586
Car -1 -1 -4.9253 1011.8002 193.0987 1065.5618 224.3916 1.4945 1.6594 4.2238 23.4386 2.6705 39.6568 -4.3954 -4.1317
Car -1 -1 -4.8782 208.0519 180.4829 242.6768 203.8113 1.6424 1.6334 4.2074 -29.0469 2.2400 54.3820 -5.3670 -4.2041
Car -1 -1 -5.9899 483.3893 175.3250 540.2397 194.4204 1.4997 1.6574 4.2399 -7.9164 1.7024 58.1198 -6.1250 -4.2691
Car -1 -1 -4.7716 643.1885 174.2902 677.5219 202.6338 1.4827 1.6468 4.0341 2.7037 1.5659 39.9717 -4.7051 -4.3514
Car -1 -1 -4.7519 255.8834 183.4367 283.4188 209.5965 1.7678 1.6583 4.3551 -25.0339 2.5780 52.9459 -5.1919 -4.3758
Car -1 -1 -5.3283 461.2889 173.9777 509.0188 194.1454 1.4882 1.6587 3.9068 -9.6449 1.5773 55.4271 -5.5001 -4.4005
Car -1 -1 -8.0086 326.6160 172.5017 386.7162 217.5186 1.6472 1.6664 3.8205 -10.0972 1.6340 28.4780 -8.3467 -4.5409
Car -1 -1 -4.6930 302.1286 183.7098 324.2341 204.1973 1.5330 1.5722 3.6364 -23.8828 2.4361 58.0657 -5.0819 -4.7446
Car -1 -1 -5.4432 1088.9612 197.9174 1170.8105 227.5656 1.4421 1.5328 3.8507 29.0235 2.9173 40.4768 -4.8253 -4.7526
Car -1 -1 -4.4617 303.6360 181.7290 332.4405 199.5870 1.5141 1.5714 3.5340 -26.2369 2.3346 64.8761 -4.8449 -4.7725
Car -1 -1 -4.3940 278.2624 189.6544 320.9308 213.0707 1.4544 1.5314 3.9819 -21.3966 2.6614 49.8039 -4.7982 -4.8681
Car -1 -1 -5.4784 1078.3030 192.1679 1149.9861 219.4523 1.5000 1.5939 3.5184 30.7479 2.7320 44.1714 -4.8740 -5.0582
Car -1 -1 -4.1712 591.8976 177.3530 634.2559 194.3809 1.4573 1.8072 4.4473 0.2986 1.8794 65.3749 -4.1671 -5.2161
Car -1 -1 -4.8515 988.1021 191.1204 1038.0679 221.6067 1.3186 1.5819 4.2939 20.1249 2.2936 36.2379 -4.3486 -5.2560
Car -1 -1 -5.1036 977.5740 190.4425 1030.9755 215.1559 1.4001 1.5709 3.9516 24.9365 2.5670 45.8360 -4.6087 -5.4890
Car -1 -1 -4.8861 538.1292 174.2314 567.8371 192.0504 1.3472 1.6127 4.3589 -4.5881 1.4605 57.2208 -4.9661 -5.4998
Car -1 -1 -5.1686 626.4159 179.6684 660.8441 197.6033 1.5161 1.7332 3.4206 2.9479 2.1417 64.3627 -5.1235 -5.6323
Car -1 -1 -4.5045 491.4624 177.3107 526.0215 198.1528 1.2986 1.5112 3.8084 -6.6887 1.6052 47.7418 -4.6433 -5.6798
Car -1 -1 -4.2635 203.5606 181.7957 252.3263 204.9626 1.7651 1.7791 4.4062 -31.1546 2.5227 58.9305 -4.7482 -5.6920
Car -1 -1 -4.5793 255.8865 183.9377 295.5344 212.8333 1.6039 1.6623 4.0152 -20.3022 2.3108 43.8727 -5.0107 -5.8784
Car -1 -1 -4.7925 1164.7616 170.7569 1199.6367 192.1977 1.4939 1.6523 4.0012 41.4700 1.3475 52.3960 -4.1259 -5.8867
Car -1 -1 -4.7440 1112.7279 174.1185 1140.4584 194.2944 1.5554 1.6716 4.0058 41.4740 1.6605 58.0223 -4.1261 -5.8867
Car -1 -1 -4.6429 559.5700 175.0846 582.7843 192.9466 1.3465 1.5621 3.8947 -3.0547 1.5280 56.8408 -4.6967 -5.8867
Car -1 -1 -4.8385 1218.6875 168.9079 1241.0000 192.7344 1.5007 1.6520 4.0066 41.4693 1.2519 47.5717 -4.1248 -5.8867
Car -1 -1 -4.6924 1057.3738 173.6068 1079.8083 190.6409 1.4863 1.6438 3.9926 41.4762 1.5563 65.2633 -4.1286 -5.8867
Car -1 -1 -4.7223 1084.2178 173.7302 1108.2780 192.0496 1.5058 1.6501 3.9936 41.4765 1.5830 61.6354 -4.1325 -5.8867
Car -1 -1 -4.7701 1141.1841 172.0972 1172.7021 192.9760 1.5244 1.6630 4.0055 41.4711 1.4688 54.8087 -4.1252 -5.8867
Car -1 -1 -3.5048 0.0000 188.7352 0.0000 374.0000 1.4911 1.6026 3.9531 -7.0821 1.5903 2.5308 -4.6975 -5.8867
Car -1 -1 -4.8174 1190.5719 170.6932 1229.3855 192.8901 1.4724 1.6402 3.9910 41.4711 1.3288 49.9799 -4.1279 -5.8867
Car -1 -1 -5.0718 837.6301 188.8475 879.8481 212.6079 1.4415 1.4600 3.6388 16.4942 2.5480 48.0936 -4.7439 -5.9053
Car -1 -1 -4.6663 343.3238 177.9304 381.0888 208.2107 1.4720 1.6826 4.4305 -13.1062 1.7573 38.2303 -4.9948 -5.9360
Car -1 -1 -4.6993 298.0386 177.4094 363.1178 229.8663 1.6240 1.9449 4.7173 -9.8002 1.7997 25.3295 -5.0653 -5.9425
Car -1 -1 -5.0914 566.4263 177.1227 616.3095 204.8049 1.4823 1.5669 3.7562 -1.1523 1.7384 41.2999 -5.1196 -5.9557
Car -1 -1 -4.2873 318.3678 176.8342 396.6922 210.6973 1.4916 1.7554 4.7380 -12.0928 1.6967 34.7964 -4.6198 -6.1592
Car -1 -1 -6.6257 0.0000 177.6787 144.1891 374.0000 1.5344 1.6353 3.7069 -4.5509 1.5699 3.3415 -7.5249 -6.3012
Car -1 -1 -4.5883 850.8293 189.0685 876.2665 208.9813 1.4068 1.4535 3.4286 19.6224 2.7035 55.8598 -4.2527 -6.3054
Car -1 -1 -7.7992 311.8343 175.1613 353.3169 207.2890 1.5135 1.7212 4.3993 -14.0776 1.6380 36.6865 -8.1635 -6.6999
Car -1 -1 -4.8317 439.0466 169.7668 459.2956 188.0067 1.7512 1.5534 3.3990 -15.8939 1.4545 71.1371 -5.0510 -6.7936
