Car -1 -1 -7.8592 576.7301 177.8801 604.6401 201.5297 1.3509 1.6237 3.4648 -1.2178 1.6674 43.7211 -7.8874 3.2971
Car -1 -1 -7.7949 543.6169 176.0291 569.4069 197.5292 1.5113 1.6739 3.8764 -3.9420 1.7539 53.2459 -7.8688 2.4044
Car -1 -1 -2.8008 699.9469 177.2044 746.0731 195.6232 1.7165 1.7443 4.0583 10.9049 2.1474 69.7893 -2.6469 -1.3299
Car -1 -1 -4.9056 274.3608 174.4753 307.6169 195.8112 1.6070 1.6463 4.0637 -25.1714 1.7392 56.8080 -5.3212 -1.8088
Car -1 -1 -7.6525 18.8349 194.4248 95.2843 238.0388 1.4276 1.5747 3.8648 -21.2098 2.3196 27.7618 -8.3005 -1.8712
Car -1 -1 -6.8909 1218.4608 176.6951 1241.0000 209.9664 1.5195 1.6692 4.1161 31.7502 1.7077 34.3101 -6.1489 -1.8912
Car -1 -1 -4.6052 383.0036 173.8784 414.9459 199.0421 1.6021 1.6301 3.9676 -14.0849 1.6733 48.2058 -4.8883 -2.0749
Car -1 -1 -7.7472 184.4946 173.2009 222.8049 200.1644 1.5999 1.6502 4.0920 -25.3612 1.6223 45.0752 -8.2573 -2.6352
Car -1 -1 -4.9255 1041.0255 173.4779 1077.5439 195.5441 1.6001 1.5969 3.6033 33.7934 1.6485 54.3975 -4.3724 -2.7064
Car -1 -1 -3.6484 1063.9912 183.6357 1145.4615 207.6189 1.5431 1.6737 4.2246 33.0732 2.2809 48.3677 -3.0520 -2.7655
Car -1 -1 -5.0631 389.7637 172.6290 431.4010 196.1057 1.6052 1.6213 3.8827 -14.2650 1.5896 51.3868 -5.3328 -3.0153
Car -1 -1 -3.1305 1145.6185 178.9794 1241.0000 211.5694 1.4998 1.6074 3.8451 28.9292 1.8185 35.7375 -2.4544 -3.3403
Car -1 -1 -4.4075 335.2223 175.7550 389.3847 206.8751 1.6559 1.7193 4.1891 -13.9990 1.8286 40.9018 -4.7356 -3.4781
Car -1 -1 -7.7641 282.1238 181.4888 314.4478 206.9126 1.5338 1.5882 3.8675 -20.3049 2.1213 47.0313 -8.1699 -3.5506
Car -1 -1 -7.6341 376.5652 170.6367 410.2614 197.0170 2.0645 1.7334 4.2606 -17.5813 1.8907 58.6527 -7.9244 -3.5551
Car -1 -1 -5.1281 677.6270 179.2402 709.2855 195.7007 1.5411 1.6465 3.9531 8.1970 2.1911 71.3408 -5.0146 -3.5825
Car -1 -1 -4.1692 453.4999 179.5460 492.8983 195.7088 1.4755 1.7471 4.3913 -13.2785 2.1480 70.1860 -4.3558 -3.5841
Car -1 -1 -4.7269 333.1924 179.5526 355.3519 199.1374 1.4604 1.5961 3.8602 -21.1604 2.0117 57.3204 -5.0793 -3.8804
Car -1 -1 -7.6012 301.8612 176.8577 353.6652 209.3457 1.5931 1.6371 3.7457 -14.7621 1.8135 37.8189 -7.9713 -3.9808
Car -1 -1 -7.7376 5.8707 186.8320 62.4764 225.1838 1.6647 1.6585 4.2766 -28.0585 2.3904 35.2185 -8.4068 -3.9915
Car -1 -1 -7.5603 690.1918 180.2882 734.5812 207.8194 1.5285 1.6010 3.8275 6.1447 1.9952 43.2511 -7.4207 -4.2057
Car -1 -1 -4.4582 145.5797 182.9829 217.7690 226.2574 1.4511 1.5339 3.2027 -15.8456 1.8510 26.7631 -4.9886 -4.4020
Car -1 -1 -4.3406 212.4370 180.1430 250.0104 201.6519 1.7879 1.7092 3.6241 -33.1290 2.4448 63.1571 -4.8222 -4.7972
Car -1 -1 -4.6308 436.8559 176.5420 457.9483 194.2195 1.5327 1.5694 3.6481 -14.7042 1.8759 65.2758 -4.8518 -4.8040
Car -1 -1 -4.3721 247.3341 181.8687 304.6459 213.0893 1.7196 1.7806 4.2843 -19.9612 2.2871 43.2334 -4.8026 -4.9519
Car -1 -1 -2.4100 201.5218 176.1237 264.4572 200.0685 1.7736 1.7196 4.1914 -28.8416 2.0295 55.1696 -2.8900 -5.0132
Car -1 -1 -7.7164 39.6350 185.2942 96.3490 224.0701 1.7169 1.6626 4.2148 -26.7224 2.3698 35.6375 -8.3564 -5.0687
Car -1 -1 -5.0172 362.9341 177.1986 393.1970 194.8890 1.5745 1.6071 3.8375 -21.6602 1.9913 67.2463 -5.3279 -5.1460
Car -1 -1 -4.9868 335.8130 176.1049 375.7617 196.7987 1.4768 1.7966 4.0937 -19.2170 1.7313 54.3708 -5.3253 -5.5891
Car -1 -1 -4.7523 612.7419 179.5267 634.1646 199.7125 1.4717 1.4965 3.8651 0.9847 2.0058 55.8431 -4.7352 -5.6621
Car -1 -1 -4.5153 577.8152 174.2811 610.2014 194.2301 1.3536 1.5416 4.0713 -1.1280 1.4592 51.4020 -4.5375 -5.6710
Car -1 -1 -5.0317 339.9043 180.2842 377.4806 201.5084 1.6154 1.6205 4.2850 -20.4835 2.2416 58.6450 -5.3666 -5.7613
Car -1 -1 -4.6589 108.7649 183.2638 135.2612 202.6064 1.5302 1.6541 4.0150 -41.6053 2.4487 61.5396 -5.2516 -5.8867
Car -1 -1 -6.9163 0.0000 0.0000 1241.0000 374.0000 1.5520 1.5928 3.8065 -2.1020 1.6567 1.0026 -7.9391 -5.8867
Car -1 -1 -4.9006 1241.0000 167.4370 1241.0000 194.6364 1.5008 1.6575 4.0070 41.4662 1.2016 41.9397 -4.1246 -5.8867
Car -1 -1 -4.9417 1241.0000 166.6168 1241.0000 195.1398 1.4625 1.6375 3.9905 41.4678 1.1424 39.1141 -4.1310 -5.8867
Car -1 -1 -4.6922 1062.7684 167.7626 1085.6415 184.3784 1.4348 1.6472 4.0680 41.4647 0.9949 64.4558 -4.1228 -5.8867
Car -1 -1 -4.6766 128.3290 183.3796 152.5863 202.0227 1.5343 1.6545 4.0136 -41.6043 2.4982 63.9526 -5.2517 -5.8867
Car -1 -1 -4.8776 1205.7021 184.8234 1241.0000 209.3364 1.5295 1.6230 3.9192 41.9883 2.3797 49.1692 -4.1742 -6.0600
Car -1 -1 -4.6025 235.3719 181.0838 261.8314 199.2703 1.4997 1.6385 4.1806 -31.9259 2.2525 63.7765 -5.0652 -6.1761
Car -1 -1 -5.6023 0.0000 177.3678 16.2775 329.7474 1.6971 1.8541 4.6658 -11.0244 1.7638 9.4188 -6.4519 -6.4119
Car -1 -1 -5.2123 0.0000 184.5241 7.3503 304.3732 1.5304 1.8283 4.5385 -11.8921 1.7309 10.9584 -6.0263 -6.5670
Car -1 -1 -4.9152 1073.3843 190.7786 1109.4618 211.6091 1.4762 1.5801 4.0011 37.9403 2.9449 56.9851 -4.3308 -7.0602
