Car -1 -1 -4.0294 0.0000 190.7985 146.7945 361.6242 1.4894 1.6430 4.3464 -7.9672 1.7663 8.9492 -4.7421 5.4247
Car -1 -1 -4.6343 493.8447 178.8048 520.0733 198.9672 1.4487 1.6690 4.1510 -7.8761 1.9214 55.2233 -4.7756 1.2285
Car -1 -1 -4.6309 176.6166 181.5319 209.6092 205.8819 1.5390 1.6271 3.9564 -28.4456 2.1568 49.2619 -5.1525 0.0171
Car -1 -1 -5.4918 57.1368 182.6839 143.0640 215.3826 1.5036 1.5540 3.2584 -24.6540 1.9927 34.8690 -6.1038 -0.9905
Car -1 -1 -3.8600 191.9853 177.0185 250.0583 197.7620 1.4835 1.5879 3.7332 -29.3193 1.8091 54.4420 -4.3521 -1.1041
Car -1 -1 -3.1833 222.8408 188.0588 301.7660 218.9054 1.4916 1.6491 3.6818 -18.3650 2.3267 38.0516 -3.6305 -1.5706
Car -1 -1 -3.7624 237.3006 183.8101 331.5450 218.9150 1.4584 1.6290 3.6977 -14.9613 1.9932 33.2355 -4.1827 -1.7372
Car -1 -1 -2.6846 589.9035 178.2939 639.2957 199.6382 1.5996 1.6430 3.4911 0.3301 2.0356 56.3598 -2.6793 -1.7395
Car -1 -1 -4.6636 298.6013 182.3478 322.1440 202.6003 1.5414 1.5925 3.6168 -24.3840 2.3398 58.7337 -5.0557 -2.2749
Car -1 -1 -4.8417 581.8256 176.9717 602.6276 191.3743 1.3632 1.5681 3.8808 -1.8056 1.7826 71.4981 -4.8672 -2.9185
Car -1 -1 -5.6387 585.7968 177.4138 670.4262 208.4737 1.4997 1.5953 4.2750 0.8577 1.7478 37.3596 -5.6165 -3.1820
Car -1 -1 -2.9086 246.4669 190.3183 323.9728 218.4729 1.4449 1.6120 3.5989 -17.7822 2.4293 39.5554 -3.3289 -3.4586
Car -1 -1 -4.8305 288.7970 184.0557 335.2701 216.6919 1.4911 1.6941 4.3352 -15.3066 2.0987 36.8541 -5.2219 -3.7214
Car -1 -1 -4.7994 718.0233 187.4588 740.0785 207.3582 1.5580 1.5083 3.9035 10.0809 2.8417 61.4329 -4.6381 -4.0181
Car -1 -1 -7.8839 649.2074 177.7054 683.8629 208.1189 1.4698 1.6621 4.3737 2.8694 1.7386 37.8006 -7.8092 -4.1803
Car -1 -1 -4.5758 594.7834 176.6698 614.9365 192.2923 1.4879 1.5279 3.5724 -0.5045 1.8756 71.5010 -4.5832 -4.2531
Car -1 -1 -4.0947 154.6739 172.8748 217.5604 196.6969 1.6196 1.6897 4.2636 -30.0545 1.6209 51.2585 -4.6229 -4.2979
Car -1 -1 -4.8702 621.4714 176.5723 658.6285 204.8966 1.5018 1.5124 3.7529 1.6131 1.7215 40.7239 -4.8314 -4.3255
Car -1 -1 -7.9675 485.9422 174.6592 508.6909 193.0980 1.6191 1.6311 3.7516 -10.3198 1.7884 65.7788 -8.1228 -4.3550
Car -1 -1 -4.5018 483.5289 176.7266 518.7021 199.4399 1.5441 1.6786 4.1073 -7.8093 1.8335 51.8699 -4.6509 -4.6589
Car -1 -1 -4.8489 534.2455 180.7928 554.8113 197.1688 1.4604 1.4747 3.4068 -6.2070 2.2277 67.9427 -4.9401 -4.6824
Car -1 -1 -4.6363 296.6467 181.5033 324.7957 204.7203 1.6723 1.7029 4.0644 -23.1319 2.3673 55.8047 -5.0278 -4.7212
Car -1 -1 -4.5437 681.2665 189.5014 714.4644 215.9482 1.5339 1.5400 3.5660 5.6270 2.6442 46.2051 -4.4240 -4.7940
Car -1 -1 -4.5713 365.2369 190.5759 389.1930 209.3381 1.5975 1.5959 3.8932 -21.7208 3.3022 67.3661 -4.8824 -4.8483
Car -1 -1 -7.4692 782.8309 191.9552 846.9086 228.7141 1.5932 1.6556 4.0307 10.1035 2.5898 35.5564 -7.1953 -5.1212
Car -1 -1 -2.8617 0.0000 186.7612 169.7493 257.5860 1.6426 1.9387 5.0546 -14.9221 2.0489 19.2728 -3.5140 -5.2898
Car -1 -1 -4.4900 246.5579 187.8751 289.0461 215.8296 1.6349 1.6268 4.0289 -22.0917 2.6502 46.6433 -4.9304 -5.3238
Car -1 -1 -4.4553 461.0362 181.8899 501.1947 205.1947 1.3439 1.5546 3.7961 -8.0358 1.9326 45.0781 -4.6311 -5.3861
Car -1 -1 -4.6805 461.9843 178.2186 484.1097 196.5227 1.3870 1.6205 4.0601 -11.0132 1.8342 58.0545 -4.8675 -5.7950
Car -1 -1 -4.7340 967.0284 192.9080 1010.7361 229.6337 1.4052 1.5975 3.6326 16.5722 2.3426 31.7557 -4.2575 -5.8249
Car -1 -1 -4.6596 108.8096 183.2675 135.2099 202.4189 1.5146 1.6502 4.0102 -41.6054 2.4334 61.5390 -5.2523 -5.8867
Car -1 -1 -4.2574 452.9079 177.5462 496.1772 197.6016 1.4466 1.6241 4.0895 -10.3494 1.8199 55.2564 -4.4420 -5.8867
Car -1 -1 -4.6417 87.5762 184.0574 116.5307 204.3068 1.5324 1.6544 4.0133 -41.6042 2.4834 59.1229 -5.2529 -5.8867
Car -1 -1 -4.8823 778.3065 189.0507 823.7919 221.6558 1.3308 1.4524 3.2434 8.5879 2.1043 32.7928 -4.6290 -6.3217
