Car -1 -1 -7.8647 581.5463 171.2252 601.2678 189.0274 1.4765 1.6361 3.8495 -1.6401 1.3411 61.7984 -7.8914 0.0445
Car -1 -1 -6.4916 215.4949 184.1769 311.3842 219.1451 1.4540 1.5710 3.6966 -15.8022 1.9972 32.8817 -6.9367 -0.7643
Car -1 -1 -4.5917 332.3814 180.9385 367.2080 207.7539 1.6637 1.6957 4.2227 -17.4216 2.2306 48.3692 -4.9360 -1.5874
Car -1 -1 -4.3617 652.7398 178.6702 697.5626 204.7018 1.5156 1.6196 3.6741 4.0616 1.8935 44.9124 -4.2727 -1.6562
Car -1 -1 -4.0592 616.3915 175.7037 664.7490 197.4116 1.4648 1.5744 3.5720 2.1613 1.6736 51.0565 -4.0175 -1.7001
Car -1 -1 -4.4272 340.2784 175.3461 389.5683 202.6997 1.4660 1.5819 4.0310 -13.9233 1.6147 41.0885 -4.7523 -1.9241
Car -1 -1 -5.9420 582.2380 175.7296 664.0532 207.3546 1.5043 1.6007 3.7616 0.6206 1.6531 35.9860 -5.9255 -2.0530
Car -1 -1 -4.7271 446.3722 172.2847 466.7251 191.5018 1.6431 1.6996 4.0781 -13.6317 1.5941 63.8687 -4.9368 -2.2734
Car -1 -1 -5.4638 426.4031 175.6895 469.7263 192.4792 1.5716 1.7061 4.1854 -15.7569 1.8540 70.0585 -5.6845 -2.5774
Car -1 -1 -4.7194 372.5987 178.4246 390.1132 193.4186 1.4060 1.6077 3.8900 -22.6286 1.9724 71.3144 -5.0259 -2.7379
Car -1 -1 -4.8189 1075.3922 186.0625 1107.0228 208.4361 1.5460 1.5729 3.7594 36.1319 2.5767 54.2876 -4.2347 -2.8338
Car -1 -1 -5.0464 656.4347 175.1763 690.9449 195.4544 1.5737 1.6044 3.8587 5.1006 1.7685 58.5370 -4.9603 -3.4095
Car -1 -1 -4.5449 740.6119 180.3168 773.3134 205.2724 1.6256 1.6735 3.4849 10.1985 2.1632 50.0788 -4.3457 -3.6123
Car -1 -1 -4.6211 371.0951 180.6474 395.5822 198.0785 1.5119 1.7639 4.5649 -21.0783 2.2632 67.1625 -4.9244 -3.6400
Car -1 -1 -6.0483 593.6813 169.8413 661.6516 196.5877 1.7595 1.7240 4.3188 1.1770 1.5610 48.8502 -6.0248 -3.6547
Car -1 -1 -4.8988 638.8633 172.5932 670.1389 194.4368 1.5621 1.5894 4.0570 3.2418 1.5431 53.7105 -4.8393 -3.6699
Car -1 -1 -4.0631 187.5623 184.3179 251.2482 210.6354 1.5323 1.5571 3.8173 -24.7311 2.2910 45.7658 -4.5564 -3.6705
Car -1 -1 -6.5787 956.8837 190.7121 1120.3077 251.7680 1.5099 1.5572 3.5226 11.5045 2.0250 19.6722 -6.0568 -3.7039
Car -1 -1 -6.2793 477.8314 174.8643 533.3094 196.8451 1.6114 1.6797 4.0626 -7.8619 1.7653 54.2145 -6.4230 -3.7046
Car -1 -1 -4.3547 381.1021 178.2114 409.2413 193.1362 1.4148 1.5330 3.5318 -21.2784 1.9590 71.5169 -4.6431 -3.7172
Car -1 -1 -6.1895 614.5955 173.2915 669.5392 193.8964 1.5797 1.6854 4.1590 2.5035 1.6143 56.4828 -6.1458 -3.7475
Car -1 -1 -4.8776 1015.2117 182.7270 1043.2509 200.7138 1.4932 1.5689 3.5907 37.1262 2.3954 64.0030 -4.3544 -3.7552
Car -1 -1 -7.5657 177.7112 185.3885 243.7027 222.7763 1.5024 1.6022 3.6333 -17.7962 2.0959 32.2424 -8.0668 -3.7753
Car -1 -1 -4.6393 368.3967 175.0075 392.3891 194.8664 1.6455 1.6738 4.2436 -19.8856 1.8385 62.5330 -4.9462 -3.8367
Car -1 -1 -4.3880 650.1653 171.7101 680.9321 190.3932 1.6284 1.6155 3.8756 5.0119 1.5284 64.9866 -4.3117 -3.8444
Car -1 -1 -7.7190 176.2130 187.6331 223.6194 221.6155 1.5934 1.6289 4.0051 -21.4941 2.4132 37.8748 -8.2324 -3.9328
Car -1 -1 -4.8273 1101.5614 175.0711 1131.9446 195.4599 1.5908 1.6248 3.4223 41.0897 1.7764 58.5996 -4.2184 -4.2691
Car -1 -1 -4.4648 575.5393 174.9551 602.2733 192.1604 1.5254 1.5782 3.8155 -1.9343 1.7247 66.5001 -4.4941 -4.3129
Car -1 -1 -4.5411 1191.6490 184.1718 1237.2130 209.9354 1.6349 1.7695 3.8828 41.3831 2.4400 49.4171 -3.8474 -4.3991
Car -1 -1 -4.6967 763.8991 185.3401 791.2413 210.7978 1.4863 1.6434 4.2167 10.8060 2.3307 46.5703 -4.4707 -4.5470
Car -1 -1 -4.8365 1219.5540 183.7294 1241.0000 211.1083 1.6451 1.7235 4.0744 41.3032 2.3898 47.2526 -4.1218 -4.7240
Car -1 -1 -4.3445 658.8860 174.6518 699.5229 197.7550 1.6197 1.6146 4.1040 5.1071 1.7573 53.1246 -4.2496 -4.7890
Car -1 -1 -4.5298 270.2692 184.1122 308.4438 210.7776 1.6210 1.5499 4.3877 -21.3604 2.4078 48.1310 -4.9458 -4.9413
Car -1 -1 -2.0727 14.7899 180.7073 148.2356 233.4548 1.3869 1.5024 3.7641 -15.3656 1.6302 20.8954 -2.7008 -4.9615
Car -1 -1 -4.6689 664.1082 175.9601 683.0130 192.3713 1.4976 1.6222 4.1571 6.0687 1.8029 68.8293 -4.5817 -4.9978
Car -1 -1 -4.4183 1113.7278 173.7753 1158.1423 195.4056 1.6492 1.7526 4.0475 41.6089 1.7243 57.0991 -3.7913 -5.2497
Car -1 -1 -4.2912 246.5869 183.3193 308.2339 213.1298 1.6783 1.7303 4.5664 -20.4578 2.3569 44.5186 -4.7200 -5.3556
Car -1 -1 -5.2305 455.1477 173.8628 512.1400 200.8032 1.6323 1.6054 4.4159 -8.1532 1.6996 46.0959 -5.4050 -5.4838
Car -1 -1 -2.7714 548.9422 171.9644 608.4263 198.6673 1.7720 1.6655 3.7065 -2.1622 1.7127 49.2645 -2.8154 -5.7706
Car -1 -1 -4.7978 1172.6509 178.6607 1209.4976 204.7751 1.7607 1.7098 3.9214 41.5437 2.1934 51.6909 -4.1240 -5.7823
Car -1 -1 -6.1964 147.1697 188.1866 246.6237 225.1765 1.4130 1.6372 3.4843 -17.2598 2.0866 30.2468 -6.7114 -5.8607
Car -1 -1 -4.7873 1140.0160 177.3126 1172.1299 199.5318 1.6057 1.6664 3.6385 41.4916 1.9570 54.9198 -4.1432 -5.8710
Car -1 -1 -4.9433 1241.0000 168.0920 1241.0000 197.4267 1.4879 1.6446 3.9947 41.4692 1.2460 38.7163 -4.1276 -5.8867
Car -1 -1 -4.8945 1241.0000 169.3492 1241.0000 195.6495 1.4806 1.6444 3.9926 41.4693 1.2830 42.7385 -4.1278 -5.8867
Car -1 -1 -4.6962 1080.5531 174.8707 1104.8091 193.9356 1.5700 1.6790 4.0447 41.4795 1.7490 62.0123 -4.1092 -5.8867
Car -1 -1 -5.2620 1164.8558 186.2044 1236.0000 213.8891 1.5651 1.6891 3.7370 36.4014 2.4271 44.6455 -4.5817 -5.9826
Car -1 -1 -4.8466 319.1009 183.6068 348.1096 203.4021 1.4091 1.5882 3.8641 -21.3892 2.2698 55.6948 -5.2120 -6.2753
Car -1 -1 -4.9588 344.6400 181.1093 381.6890 201.4030 1.4615 1.6681 4.5691 -19.3118 2.1320 56.2604 -5.2883 -6.5531
