Car -1 -1 -7.8637 575.3273 171.4967 600.5447 193.3731 1.3870 1.5993 3.7429 -1.5114 1.3006 47.6482 -7.8956 3.1230
Car -1 -1 -7.8115 546.0926 170.7989 568.0956 187.8136 1.3101 1.5994 3.4630 -4.2029 1.1516 57.3142 -7.8846 1.2628
Car -1 -1 -7.5736 370.3412 176.3741 412.2321 200.0790 1.4349 1.6090 3.6492 -13.9412 1.6682 46.0554 -7.8663 -0.1048
Car -1 -1 -7.5422 326.2502 175.5691 363.9978 197.7947 1.6527 1.6278 3.9264 -20.5827 1.8712 56.1346 -7.8924 -1.6610
Car -1 -1 -4.8067 1090.5878 182.0570 1122.8278 205.2447 1.5690 1.5568 3.9007 36.1066 2.2657 52.5612 -4.2079 -2.2934
Car -1 -1 -4.8058 142.7643 180.6071 189.5940 215.6346 1.6118 1.6423 3.9785 -22.3474 2.0229 36.2080 -5.3557 -2.4118
Car -1 -1 -4.3855 365.1039 173.9459 398.7100 192.1783 1.5996 1.7015 4.0477 -20.7098 1.7016 65.5899 -4.6904 -2.4171
Car -1 -1 -1.9600 312.5063 166.6256 351.2947 186.8642 1.7282 1.7340 4.1994 -24.6138 1.1961 63.7360 -2.3273 -2.4223
Car -1 -1 -3.3770 484.6738 173.1315 535.4189 192.5360 1.5128 1.6958 3.7311 -8.0325 1.5353 57.7628 -3.5148 -2.5536
Car -1 -1 -3.3725 532.6461 169.1642 599.8926 194.9094 1.7192 1.7513 4.3317 -3.0507 1.4725 49.6450 -3.4339 -2.9631
Car -1 -1 -7.1493 66.2801 194.0295 164.7308 232.1232 1.4438 1.6167 3.5123 -21.3257 2.4135 31.2193 -7.7449 -3.0457
Car -1 -1 -4.9342 390.7590 178.9835 423.6676 201.7972 1.4553 1.4743 3.1799 -13.7480 1.8837 48.7166 -5.2082 -3.1715
Car -1 -1 -4.9032 670.5179 176.3997 695.8469 192.8181 1.5307 1.7021 4.0905 7.0763 1.8862 70.2973 -4.8037 -3.3585
Car -1 -1 -7.4895 118.9645 191.2888 200.3979 233.6281 1.3883 1.4952 3.2805 -16.7569 2.1209 26.9343 -8.0418 -3.7906
Car -1 -1 -4.4209 430.4875 169.9912 461.5456 189.2518 1.6738 1.6327 4.0143 -14.6992 1.4247 64.7621 -4.6434 -3.8257
Car -1 -1 -4.7235 1180.3387 175.3369 1220.8832 211.3890 1.9175 1.7040 4.0029 33.2717 2.0647 40.7644 -4.0429 -3.9704
Car -1 -1 -4.2475 416.0215 166.7009 459.1933 189.7744 1.7457 1.6773 4.0175 -13.5310 1.2799 56.7386 -4.4808 -4.1694
Car -1 -1 -5.1711 1010.1716 180.9007 1055.1036 201.3085 1.5632 1.6171 3.8316 34.3449 2.2404 58.7838 -4.6449 -4.4530
Car -1 -1 -4.3003 0.0000 189.9346 60.0139 228.5349 1.7755 1.9131 4.0718 -30.5899 2.7123 37.3688 -4.9830 -4.5680
Car -1 -1 -4.6395 611.2548 171.7849 634.0496 191.2048 1.5791 1.6372 3.9635 1.0696 1.4918 60.7168 -4.6223 -4.6285
Car -1 -1 -5.0229 1186.6644 197.3799 1241.0000 237.7582 1.5010 1.5687 3.7642 26.6455 2.6352 31.3373 -4.3236 -4.6288
Car -1 -1 -5.4723 859.1451 186.8709 931.4346 216.3124 1.5054 1.6071 3.8321 16.0807 2.3410 40.9503 -5.1011 -4.7056
Car -1 -1 -4.9868 900.3167 177.8891 927.3607 193.0424 1.4363 1.5342 3.6350 30.0744 1.9485 71.5472 -4.5907 -4.8059
Car -1 -1 -5.0745 884.9028 177.4659 916.0662 192.4384 1.4150 1.5592 3.9303 28.6798 1.8837 71.3904 -4.6942 -4.8251
Car -1 -1 -8.3722 838.1481 175.8147 869.9982 194.7510 1.7957 1.5099 3.3107 23.8800 2.0930 70.7473 -8.0484 -4.9764
Car -1 -1 -4.9572 762.1233 176.0660 789.2745 191.2944 1.3832 1.5797 3.9868 15.6496 1.6964 68.3973 -4.7335 -5.2565
Car -1 -1 -2.2827 0.0000 185.9645 11.1842 262.3817 1.4705 1.6192 3.9343 -15.2161 1.7636 15.1822 -3.0604 -5.3591
Car -1 -1 -5.0060 391.6601 173.5334 432.4012 196.2455 1.6460 1.8084 4.3095 -15.0845 1.6994 54.7355 -5.2740 -5.3927
Car -1 -1 -8.7157 1126.2284 194.4991 1241.0000 233.8873 1.4890 1.5958 3.9545 25.0658 2.5018 31.6751 -8.0514 -5.4015
Car -1 -1 -2.1231 0.0000 185.5884 0.9224 293.4949 1.5501 1.6251 4.0326 -12.5326 1.7812 11.8840 -2.9238 -5.4963
Car -1 -1 -4.1971 30.1710 187.0104 109.8278 218.9496 1.5293 1.6278 4.0097 -28.7298 2.3252 38.4906 -4.8352 -5.5558
Car -1 -1 -4.5702 765.0684 176.3238 789.8483 193.7122 1.4847 1.6334 3.8740 14.9843 1.8050 64.5498 -4.3434 -5.8150
Car -1 -1 -4.8757 1241.0000 171.2723 1241.0000 196.8178 1.5090 1.6497 3.9876 41.4724 1.4153 44.7422 -4.1318 -5.8867
Car -1 -1 -4.8421 1213.8040 172.2923 1241.0000 196.1711 1.5169 1.6517 3.9927 41.4740 1.4809 47.9581 -4.1324 -5.8867
Car -1 -1 -4.9532 1241.0000 168.7924 1241.0000 198.5452 1.4921 1.6440 3.9913 41.4705 1.2881 38.3055 -4.1322 -5.8867
Car -1 -1 -4.8030 1168.8981 171.8892 1204.7678 193.4659 1.4910 1.6465 3.9944 41.4733 1.4240 51.9814 -4.1326 -5.8867
Car -1 -1 -4.9037 1241.0000 169.4629 1241.0000 195.9904 1.4784 1.6411 3.9880 41.4706 1.2891 42.3286 -4.1323 -5.8867
Car -1 -1 -4.7788 1145.1705 172.8696 1177.3352 193.6198 1.5033 1.6493 3.9866 41.4810 1.5042 54.3944 -4.1302 -5.8867
Car -1 -1 -4.6478 389.7224 173.8145 410.0631 192.3728 1.6963 1.6062 3.7342 -19.8387 1.7894 68.1549 -4.9303 -6.4429
Car -1 -1 -4.6615 1005.0752 184.7755 1028.0975 201.5767 1.4368 1.6690 3.9522 37.6537 2.5755 66.8243 -4.1507 -6.4688
Car -1 -1 -7.7727 665.3138 169.0858 692.6755 195.0508 1.9039 1.7598 4.0617 5.2715 1.6273 55.0615 -7.6781 -6.5024
Car -1 -1 -4.8407 751.5818 176.5891 782.3262 199.3178 1.5963 1.6873 4.2443 11.5789 1.8847 53.5790 -4.6294 -6.5621
Car -1 -1 -8.4761 968.1609 196.4044 1241.0000 374.0000 1.5591 1.9270 5.3527 3.8982 1.7775 3.9249 -7.7322 -7.2820
Car -1 -1 -8.0094 1011.9428 171.2210 1040.4185 195.2680 2.2588 1.7451 4.2480 40.3526 2.1051 70.0719 -7.4891 -7.7301
