Car -1 -1 -7.8423 579.4892 175.3828 610.0424 202.9350 1.3963 1.5628 3.6484 -0.8376 1.5382 38.7359 -7.8643 3.7680
Car -1 -1 -7.8245 540.2141 173.7397 568.1115 197.7895 1.4928 1.6970 3.8269 -3.6239 1.5525 46.8829 -7.9016 2.7268
Car -1 -1 -3.9342 247.0860 169.8671 314.3516 203.7811 2.2009 1.7276 4.1734 -22.3537 2.0067 49.0815 -4.3598 0.3598
Car -1 -1 -4.8614 745.6343 178.1630 781.5959 203.2541 1.5025 1.6474 4.0813 9.7446 1.8573 46.1745 -4.6551 -0.5071
Car -1 -1 -7.7250 196.7811 184.4229 246.5193 219.1372 1.4838 1.5865 3.8874 -18.4508 2.0678 34.3388 -8.2151 -1.3901
Car -1 -1 -2.6755 719.0015 177.2709 772.9113 200.0163 1.7007 1.6260 3.8206 10.5905 2.0570 56.4529 -2.4914 -1.7306
Car -1 -1 -4.3629 127.7727 187.0413 203.8090 222.5646 1.4575 1.6484 4.2517 -20.6360 2.1629 33.6441 -4.9098 -1.9991
Car -1 -1 -1.8303 34.8085 189.3719 98.3273 222.1572 1.5281 1.6684 3.9995 -28.2575 2.4281 37.4323 -2.4737 -2.5701
Car -1 -1 -8.0987 787.0551 181.1879 867.3458 233.6428 1.5411 1.6294 3.7604 6.9848 1.8368 23.7149 -7.8164 -2.8333
Car -1 -1 -5.0684 1044.8763 183.8290 1103.4587 210.3206 1.5284 1.6653 4.4583 29.4195 2.2626 45.9335 -4.5021 -3.1410
Car -1 -1 -6.0997 0.0000 182.2429 145.3176 246.5395 1.4924 1.5993 3.7926 -14.4827 1.7567 18.7728 -6.7501 -3.2687
Car -1 -1 -7.8819 771.6703 179.5168 802.8076 206.2250 1.5569 1.7693 3.8148 11.0077 1.9923 45.1332 -7.6447 -3.3285
Car -1 -1 -7.6183 262.1574 183.9570 308.8238 212.7164 1.5745 1.6577 3.9928 -19.4189 2.2723 43.2500 -8.0383 -3.5581
Car -1 -1 -4.9869 713.0859 177.9566 749.3953 200.4412 1.6152 1.6789 4.0444 9.1464 2.0180 54.8902 -4.8231 -3.5608
Car -1 -1 -7.2789 216.8289 183.1170 298.4649 217.5657 1.4942 1.6277 3.9367 -16.8207 2.0149 34.5753 -7.7290 -3.6230
Car -1 -1 -4.2955 619.7532 174.0082 665.7176 197.2903 1.5484 1.6488 4.2156 2.3066 1.6325 50.4654 -4.2505 -3.6795
Car -1 -1 -5.2453 551.6573 174.2700 603.3930 198.1563 1.5011 1.6108 3.9829 -2.2239 1.5986 47.7025 -5.2920 -3.7836
Car -1 -1 -4.7090 119.9512 186.9635 156.2216 217.4700 1.6139 1.7108 4.0906 -27.7252 2.4849 42.3734 -5.2857 -4.2496
Car -1 -1 -3.0134 152.4241 189.3096 276.0398 230.1032 1.3820 1.6690 3.8856 -14.7902 2.0337 27.1120 -3.5090 -4.3357
Car -1 -1 -4.5589 774.4969 178.9360 816.2573 208.8077 1.4987 1.6215 3.9598 10.0791 1.8469 39.2101 -4.3096 -4.3374
Car -1 -1 -4.3849 616.1713 179.4158 647.4020 198.5992 1.5064 1.4998 3.6644 1.8174 2.0696 59.9913 -4.3552 -4.4448
Car -1 -1 -4.1132 208.3591 187.1899 278.2122 215.4983 1.5193 1.7141 4.0607 -21.7993 2.4156 43.0020 -4.5802 -4.4953
Car -1 -1 -4.4238 292.5916 181.4774 334.4875 207.4659 1.6373 1.5858 3.8466 -20.0137 2.2437 48.7722 -4.8116 -4.5012
Car -1 -1 -4.5164 764.2883 181.4191 804.5718 209.9909 1.5402 1.5856 3.8202 10.2050 2.0654 42.2018 -4.2813 -4.5088
Car -1 -1 -4.6923 1235.9810 156.9656 1241.0000 178.9871 1.3690 1.5804 3.3812 41.5369 0.3810 46.6342 -3.9678 -4.6026
Car -1 -1 -4.7468 1083.3552 179.4351 1120.5887 210.7373 1.8157 1.7475 4.6475 30.7966 2.2509 45.3098 -4.1534 -4.9063
Car -1 -1 -5.1952 648.9303 174.6408 699.0230 196.5716 1.4584 1.7542 4.1728 4.4016 1.5891 50.6153 -5.1093 -5.0502
Car -1 -1 -6.8704 0.0000 186.1450 59.7504 231.2976 1.6483 1.6460 3.9153 -25.2810 2.2338 29.6917 -7.5715 -5.2178
Car -1 -1 -4.5610 462.9921 176.9731 485.1744 192.9487 1.5093 1.6257 3.5501 -13.3462 1.9240 70.8976 -4.7467 -5.3569
Car -1 -1 -4.6646 682.9424 177.5191 706.6902 200.5838 1.5355 1.4882 3.8102 5.9746 1.8768 50.8449 -4.5488 -5.5708
Car -1 -1 -3.9557 337.2634 178.0760 385.6170 196.8013 1.4952 1.5967 3.9297 -20.9603 1.9511 60.9145 -4.2861 -5.5897
Car -1 -1 -4.8215 717.8157 179.4466 740.4910 195.7071 1.4562 1.6417 4.4920 11.2984 2.1050 68.7578 -4.6597 -5.6813
Car -1 -1 -4.9934 343.3103 173.9491 379.5307 195.1098 1.6406 1.7545 3.8897 -20.1229 1.7319 58.2534 -5.3249 -5.7533
Car -1 -1 -4.2541 418.8732 172.8353 457.4811 192.9511 1.7078 1.6765 4.0622 -15.0794 1.7059 63.4259 -4.4869 -5.7572
Car -1 -1 -4.7398 740.7813 178.9777 759.4380 196.3313 1.5649 1.6239 3.9639 13.2787 2.1647 68.6261 -4.5499 -5.7858
Car -1 -1 -5.1292 997.1649 179.2243 1062.0580 207.6400 1.7353 1.9815 4.6005 27.4986 2.1757 47.5267 -4.6078 -5.7921
Car -1 -1 -4.7173 786.2043 177.4336 809.1281 198.3051 1.4968 1.6254 3.9340 14.1985 1.8575 54.7757 -4.4654 -5.8867
Car -1 -1 -4.5245 0.0000 184.4783 0.0000 210.2633 1.5216 1.6514 4.0124 -41.6083 2.3075 46.6590 -5.2501 -5.8867
Car -1 -1 -4.5645 0.0000 184.1446 37.8188 207.8304 1.5261 1.6534 4.0128 -41.6076 2.3524 50.6823 -5.2494 -5.8867
Car -1 -1 -4.7512 647.3647 176.2344 669.3494 194.6926 1.3943 1.5780 3.9803 3.7791 1.6716 57.2506 -4.6860 -5.8867
Car -1 -1 -3.5048 0.0000 189.6434 0.0000 374.0000 1.4940 1.6039 3.9543 -7.0822 1.5988 2.5306 -4.6975 -5.8867
Car -1 -1 -4.4789 295.3745 184.6935 332.2069 210.6223 1.5269 1.4363 3.2973 -18.7986 2.3069 45.8165 -4.8666 -5.9600
Car -1 -1 -5.5849 0.0000 191.1877 0.1373 330.5884 1.5961 1.7311 4.0031 -11.0718 1.8710 9.6954 -6.4227 -6.5130
