Car -1 -1 -7.7666 537.1078 180.1574 571.3204 205.2237 1.3024 1.6078 3.4725 -3.1085 1.7271 40.2498 -7.8437 4.4889
Car -1 -1 -7.7993 585.0219 179.6427 622.8130 210.1986 1.3044 1.5634 3.4558 -0.2787 1.6345 33.3471 -7.8081 3.7180
Car -1 -1 -7.9167 538.4343 166.5679 559.2993 186.0252 1.7428 1.6774 3.8613 -5.6953 1.1794 66.6618 -8.0019 0.0340
Car -1 -1 -4.1089 710.6466 181.0111 774.5599 208.8531 1.4914 1.6574 4.0279 7.6903 1.9869 41.8416 -3.9290 -1.5965
Car -1 -1 -3.8814 828.6689 183.4193 925.3469 221.0166 1.4542 1.5888 3.6889 11.1122 1.9165 30.1528 -3.5321 -1.7061
Car -1 -1 -5.7572 1124.1754 190.1358 1215.3010 223.6964 1.5178 1.6904 3.2038 28.0400 2.4299 36.2912 -5.1039 -2.4066
Car -1 -1 -5.6140 184.8236 179.3396 275.0863 209.9785 1.6014 1.6879 4.2369 -20.7912 1.9667 39.4528 -6.0965 -2.8064
Car -1 -1 -5.2154 1058.3560 178.1103 1126.5162 207.4094 1.5590 1.6071 3.7241 27.2873 1.8714 41.0025 -4.6319 -3.3288
Car -1 -1 -6.7920 521.2766 179.2154 578.5450 201.9639 1.6166 1.6656 3.9696 -4.5163 2.1089 54.0796 -6.8753 -3.3510
Car -1 -1 -4.8592 668.8027 178.8299 691.4356 195.7596 1.4815 1.5444 3.6611 6.3960 2.0460 66.3274 -4.7639 -3.4335
Car -1 -1 -5.9724 356.5686 176.8553 422.6122 200.0117 1.5804 1.6770 4.0973 -15.3952 1.8645 50.4163 -6.2676 -3.4620
Car -1 -1 -4.4379 211.3085 178.8727 285.5092 221.7240 1.5689 1.6259 4.0620 -14.5499 1.8297 29.1653 -4.8973 -3.5348
Car -1 -1 -4.2968 166.5187 187.6521 211.4556 209.6705 1.4927 1.6331 3.3569 -30.9225 2.6163 53.0382 -4.8227 -3.5475
Car -1 -1 -6.8187 856.2919 185.7203 909.8843 206.0223 1.5782 1.6692 3.7521 22.1725 2.6452 58.7008 -6.4598 -3.5640
Car -1 -1 -3.0244 438.8281 179.0185 501.9878 204.7661 1.5810 1.7099 3.7595 -8.8457 1.9802 45.7697 -3.2146 -3.5666
Car -1 -1 -7.7396 689.2549 177.5159 772.7258 252.0124 1.6000 1.6163 3.7777 3.0240 1.7278 17.7900 -7.5749 -3.7021
Car -1 -1 -5.0573 183.6497 187.4579 233.9554 212.0928 1.4109 1.5812 3.7798 -25.2703 2.3656 45.3449 -5.5635 -3.7515
Car -1 -1 -4.7262 566.7975 177.9460 592.1982 202.5856 1.5433 1.6209 3.9765 -2.0956 1.8965 48.0642 -4.7700 -3.9063
Car -1 -1 -8.4762 562.3849 176.8447 629.8991 206.2218 1.5483 1.6734 4.2028 -0.8760 1.7857 40.8036 -8.4981 -3.9453
Car -1 -1 -4.9169 429.2476 178.8164 454.2194 194.6827 1.4824 1.6380 3.8952 -16.6267 2.0871 71.1105 -5.1460 -4.0884
Car -1 -1 -2.8013 766.0417 181.4013 844.8223 210.7101 1.5696 1.6925 4.0474 11.1952 2.0835 41.5587 -2.5406 -4.1212
Car -1 -1 -4.4780 377.4442 177.6928 404.9110 195.9291 1.6156 1.6080 3.7485 -20.2618 2.0766 66.8608 -4.7714 -4.1726
Car -1 -1 -4.7910 245.9053 177.3312 285.0686 206.3572 1.5827 1.7155 4.8370 -20.4435 1.8627 42.6459 -5.2358 -4.2000
Car -1 -1 -4.9170 683.1843 177.5173 724.3331 205.1257 1.5216 1.6047 4.0329 5.4362 1.8097 42.5410 -4.7913 -4.2166
Car -1 -1 -5.4806 949.8144 175.6947 1023.4600 203.9253 1.5696 1.5765 3.9045 22.1354 1.7454 42.6353 -5.0049 -4.3035
Car -1 -1 -2.2985 21.6164 179.4250 122.8618 215.8205 1.6634 1.6978 3.9664 -25.8425 1.9900 34.6590 -2.9356 -4.3277
Car -1 -1 -4.6327 666.5641 177.7537 685.2224 193.2576 1.4253 1.5258 3.3427 6.3221 1.9072 69.2308 -4.5424 -4.3379
Car -1 -1 -4.8762 335.2587 180.2847 361.1686 197.3793 1.5491 1.6474 4.4768 -25.3682 2.2918 69.7896 -5.2239 -4.3430
Car -1 -1 -4.1500 445.8934 178.5193 483.0419 194.2453 1.4713 1.6881 4.0698 -14.3571 2.0480 71.2931 -4.3483 -4.3505
Car -1 -1 -4.1134 189.8873 184.4597 247.1631 207.6683 1.6239 1.8236 4.0978 -29.6575 2.5386 54.7516 -4.6081 -4.7165
Car -1 -1 -5.3314 565.2109 179.1242 616.6710 201.4889 1.5537 1.6886 4.1982 -1.4851 2.0376 53.5348 -5.3595 -4.7576
Car -1 -1 -5.0142 811.8398 188.4453 855.3874 213.1015 1.4349 1.5365 4.0405 14.3396 2.4847 46.5748 -4.7180 -4.7696
Car -1 -1 -5.3059 744.4561 177.2977 802.6176 199.3237 1.3906 1.6631 4.3788 10.9678 1.7055 48.8416 -5.0867 -5.2131
Car -1 -1 -1.9422 0.0000 180.5991 0.0000 299.0747 1.4728 1.6718 4.0293 -11.3568 1.6043 10.7236 -2.7438 -5.3173
Car -1 -1 -4.7387 998.9315 176.0976 1032.1486 202.2341 1.5196 1.6653 4.1074 25.0401 1.7302 44.7038 -4.2313 -5.3216
Car -1 -1 -4.6319 717.4426 178.5104 736.5408 195.4348 1.5883 1.5540 3.9542 11.5530 2.1629 71.2259 -4.4722 -5.3608
Car -1 -1 -4.9704 648.6748 179.6276 674.8533 194.8493 1.4143 1.5850 4.0454 5.0468 2.1012 71.0739 -4.9002 -5.3888
Car -1 -1 -3.3232 324.4017 174.2883 398.6191 202.1903 1.6342 1.7081 4.0560 -15.2365 1.7252 44.1771 -3.6537 -5.4522
Car -1 -1 -5.0049 381.3914 175.7614 413.8445 194.6777 1.6140 1.7448 3.8214 -18.9685 1.8811 64.2790 -5.2910 -5.5278
Car -1 -1 -4.6900 586.9757 176.8977 612.4711 199.7453 1.4618 1.6418 4.1206 -0.6933 1.7475 48.9631 -4.7045 -5.6757
Car -1 -1 -2.2202 0.0000 187.0268 34.0266 374.0000 1.3998 1.5698 4.1582 -6.0007 1.4951 4.0249 -3.1690 -5.7082
Car -1 -1 -4.8066 598.3013 177.1171 629.5172 199.9225 1.3571 1.5764 4.3534 0.1699 1.6419 46.0143 -4.8034 -5.8336
Car -1 -1 -4.7840 723.4851 177.6844 745.2587 197.9247 1.6096 1.5163 3.7662 10.3317 2.0257 60.2564 -4.6154 -5.8473
Car -1 -1 -6.2278 530.9185 177.5097 576.9528 196.0740 1.5811 1.5415 3.9083 -4.8677 1.9904 62.6730 -6.3054 -5.8653
Car -1 -1 -4.5734 147.8969 187.3708 183.9644 212.0284 1.3826 1.4358 3.3392 -27.3247 2.3124 44.4149 -5.1225 -5.8654
Car -1 -1 -7.1467 51.9685 0.0000 1241.0000 374.0000 1.5388 1.5874 3.8024 -1.2979 1.6042 1.0051 -7.9392 -5.8867
Car -1 -1 -4.7079 606.7013 177.5057 629.3281 198.1694 1.4188 1.5817 3.9280 0.5575 1.7691 52.4056 -4.6977 -5.8867
Car -1 -1 -5.9099 0.0000 0.0000 1241.0000 374.0000 1.5108 1.6089 3.9612 5.3709 1.5169 1.7170 -4.6976 -5.8867
Car -1 -1 -8.6433 0.0000 0.0000 1048.6746 374.0000 1.5404 1.5883 3.8031 1.1139 1.5834 1.0044 -7.9392 -5.8867
Car -1 -1 -4.5181 420.6469 170.7140 450.3458 194.8399 1.9173 1.6710 3.7846 -14.3199 1.7469 59.2664 -4.7545 -6.1142
Car -1 -1 -4.7084 792.5136 185.7938 821.6876 212.7228 1.5886 1.7517 4.0964 12.7722 2.4688 46.8920 -4.4447 -6.2509
Car -1 -1 -5.5274 0.0000 185.7329 0.0000 332.8214 1.5709 1.7420 4.2557 -10.8607 1.7507 8.9942 -6.3918 -6.5421
Car -1 -1 -3.6382 109.3317 185.7796 184.9042 213.4677 1.5836 1.5279 3.6950 -28.9067 2.4269 45.1072 -4.2057 -6.5875
