Car -1 -1 -7.7541 538.0330 180.1478 572.6717 205.6592 1.3444 1.6192 3.4160 -3.0821 1.7733 40.7374 -7.8296 4.3311
Car -1 -1 -7.8017 583.4103 180.2693 621.4350 210.7370 1.3120 1.5995 3.5186 -0.3504 1.6768 33.7329 -7.8126 4.3102
Car -1 -1 -8.1341 532.5994 168.8002 561.1879 186.9952 1.6590 1.6682 3.8806 -5.9893 1.2891 67.9006 -8.2220 -0.9357
Car -1 -1 -6.2197 445.4254 181.2169 504.1616 206.0380 1.5687 1.6704 3.6912 -8.8657 2.1296 47.3631 -6.4041 -2.4839
Car -1 -1 -4.1167 343.9215 176.3260 381.0828 192.8838 1.5495 1.5946 3.7581 -24.1244 1.8977 70.3951 -4.4459 -2.4915
Car -1 -1 -5.0689 1035.6492 179.1623 1092.4197 208.2250 1.6357 1.5762 4.0448 27.3641 2.0359 43.6763 -4.5127 -2.5272
Car -1 -1 -4.8326 670.8660 178.3565 693.3512 197.4130 1.6519 1.6107 3.4969 6.4797 2.1632 65.3301 -4.7346 -2.5582
Car -1 -1 -7.5605 252.3335 184.2098 302.7609 213.1136 1.5661 1.6326 3.9653 -19.6836 2.2720 42.7994 -7.9895 -2.6918
Car -1 -1 -4.6565 826.0778 184.6577 869.4638 220.0378 1.3997 1.6284 4.0855 10.6208 1.9624 32.2120 -4.3413 -2.7051
Car -1 -1 -7.3995 25.1578 185.1660 123.4419 230.3366 1.6382 1.7356 3.6947 -21.6003 2.1701 29.2147 -8.0320 -2.7735
Car -1 -1 -7.2246 233.0173 179.6235 296.3743 207.1548 1.6297 1.6775 3.8473 -21.8589 2.0780 45.7636 -7.6682 -3.3100
Car -1 -1 -4.3946 394.7388 179.1002 433.8177 200.8861 1.4832 1.6002 3.8655 -14.1464 1.9521 52.2280 -4.6581 -3.3373
Car -1 -1 -4.6375 309.0628 179.3328 334.3178 198.9609 1.5735 1.6903 4.1725 -24.5861 2.1462 61.5671 -5.0162 -3.4733
Car -1 -1 -7.0427 201.6733 181.5184 265.5105 202.6793 1.5149 1.7598 4.3770 -29.1316 2.2146 55.9397 -7.5212 -3.6543
Car -1 -1 -7.9613 1074.6852 182.7406 1117.1010 212.2261 1.5626 1.6134 3.7945 27.9648 2.1614 41.6713 -7.3740 -3.7046
Car -1 -1 -7.1547 328.8065 175.7390 374.6721 195.4923 1.6551 1.6492 3.9137 -22.5944 1.9159 63.1962 -7.4970 -3.7302
Car -1 -1 -4.9607 551.3600 181.2632 589.9397 204.4504 1.4728 1.6483 4.2759 -2.7943 2.0793 49.7770 -5.0170 -3.7623
Car -1 -1 -4.3004 1090.9624 192.8353 1158.5614 226.9409 1.5413 1.5104 3.4203 25.6068 2.5785 35.9336 -3.6858 -3.8795
Car -1 -1 -4.3446 186.7052 181.1853 248.2805 209.6939 1.5269 1.6825 4.4231 -22.9437 2.0415 42.2905 -4.8393 -3.9471
Car -1 -1 -8.7789 925.0709 177.6903 1004.4565 204.8045 1.5497 1.6583 4.2173 21.6634 1.8615 44.2994 -8.3271 -4.2318
Car -1 -1 -7.8333 189.6746 183.5427 215.1865 205.0352 1.5234 1.6175 3.8090 -31.2024 2.3721 55.2531 -8.3456 -4.2771
Car -1 -1 -4.1346 363.8690 176.9275 399.5411 191.7355 1.3924 1.6086 3.6515 -22.4162 1.8036 70.9082 -4.4400 -4.3665
Car -1 -1 -3.9730 269.1497 182.0838 333.1148 206.5414 1.4835 1.5624 4.0348 -20.3192 2.1192 47.5601 -4.3750 -4.3804
Car -1 -1 -8.0507 682.3220 177.6008 723.6939 206.0045 1.5897 1.6988 3.9381 5.4634 1.8862 43.0857 -7.9260 -4.3951
Car -1 -1 -6.4535 524.2300 178.7630 580.5806 200.0011 1.6024 1.6740 4.1747 -4.5496 2.0757 56.5075 -6.5339 -4.4034
Car -1 -1 -2.5046 311.9064 176.2047 365.0151 193.2117 1.5333 1.8116 4.4124 -25.2678 1.8516 67.1117 -2.8636 -4.6999
Car -1 -1 -4.5956 707.4813 181.3242 741.6417 206.7458 1.4075 1.5776 4.1188 6.9302 1.9449 43.6079 -4.4396 -4.7478
Car -1 -1 -4.7389 443.5397 177.7590 467.2341 197.7176 1.3632 1.5744 4.1929 -11.3312 1.7356 52.5975 -4.9504 -4.8002
Car -1 -1 -4.7979 721.9742 178.7911 745.1790 197.7182 1.5285 1.6208 3.7760 10.4664 2.0497 61.4377 -4.6304 -4.8577
Car -1 -1 -7.2573 0.0000 182.5260 68.3627 292.6532 1.6051 1.7788 4.4555 -12.3192 1.8137 13.2570 -7.9961 -5.1793
Car -1 -1 -4.8891 715.4716 180.9205 753.3854 205.9695 1.5596 1.7049 4.7341 8.3262 2.1317 48.8291 -4.7218 -5.4259
Car -1 -1 -4.8326 592.9898 176.9171 624.7913 198.9156 1.3629 1.6008 4.1862 -0.1500 1.6433 47.6810 -4.8361 -5.4472
Car -1 -1 -4.7113 471.4625 176.9966 490.4970 193.5029 1.4287 1.6540 4.1230 -11.7699 1.8182 65.7173 -4.8881 -5.4497
Car -1 -1 -4.3343 317.1939 180.6203 358.5205 201.1271 1.4192 1.5770 3.7539 -20.0649 2.0126 53.2613 -4.6932 -5.6637
Car -1 -1 -2.2358 0.0000 186.7912 36.9603 374.0000 1.4144 1.5716 4.1223 -5.9832 1.5088 4.0377 -3.1819 -5.6860
Car -1 -1 -4.9579 627.6102 178.4888 653.0547 195.3273 1.5743 1.6261 3.7484 2.9279 2.1425 70.7989 -4.9171 -5.6939
Car -1 -1 -4.7828 639.8600 176.8565 669.4778 198.8198 1.3849 1.6538 4.7344 2.9365 1.6682 48.7391 -4.7234 -5.8220
Car -1 -1 -8.6434 0.0000 0.0000 1048.8381 374.0000 1.5435 1.5898 3.8041 1.1138 1.5931 1.0037 -7.9392 -5.8867
Car -1 -1 -4.6400 620.7726 177.5459 647.4090 198.6752 1.4230 1.6241 3.9683 1.7259 1.7715 51.5676 -4.6071 -5.8867
Car -1 -1 -4.7007 600.8083 177.9336 624.0515 199.2922 1.4294 1.5863 3.9313 0.1619 1.8036 51.2069 -4.6980 -5.8867
Car -1 -1 -7.1464 51.6798 0.0000 1241.0000 374.0000 1.5436 1.5893 3.8040 -1.2979 1.6202 1.0043 -7.9392 -5.8867
Car -1 -1 -5.0753 645.1093 180.5722 683.5162 203.1762 1.5309 1.4833 3.8978 3.8676 2.1130 52.3666 -5.0025 -5.9012
Car -1 -1 -4.8466 792.8383 186.9161 826.2828 211.6263 1.4857 1.5891 4.1175 13.1846 2.4621 47.9692 -4.5806 -5.9118
Car -1 -1 -4.0785 641.2448 175.2540 695.9861 202.1749 1.5309 1.4789 3.5044 3.5025 1.6802 43.1636 -3.9986 -6.1140
Car -1 -1 -8.9048 1241.0000 248.0210 1241.0000 374.0000 1.3022 1.5813 3.9505 7.2216 2.0492 5.1154 -7.9784 -6.2735
Car -1 -1 -7.2037 434.3239 175.7213 477.8763 199.0826 1.8807 1.6420 3.7539 -12.9182 2.1295 60.6378 -7.4130 -9.1331
