Car -1 -1 -7.9018 580.0416 178.3426 614.4679 205.9643 1.3114 1.5762 3.5847 -0.7316 1.6053 36.8303 -7.9221 5.0878
Car -1 -1 -7.7657 539.7212 176.6910 570.8725 201.1721 1.4324 1.5932 3.8895 -3.3885 1.6807 44.7861 -7.8412 4.2826
Car -1 -1 -7.5774 0.0000 181.0822 48.9118 221.5276 1.6629 1.6534 3.9649 -27.0945 2.0599 32.6879 -8.2656 -0.2890
Car -1 -1 -4.6168 771.0797 177.5537 806.2300 205.3938 1.4646 1.5790 3.8035 10.0796 1.7429 40.7086 -4.3763 -0.3543
Car -1 -1 -5.0890 36.1541 196.7912 120.7599 239.2773 1.4414 1.4843 3.3861 -20.4924 2.4119 27.7339 -5.7210 -0.4615
Car -1 -1 -3.2163 211.1630 187.6550 296.3958 217.3252 1.5208 1.6676 4.1841 -20.0306 2.3886 40.5377 -3.6729 -0.9022
Car -1 -1 -7.0310 0.0000 180.9823 104.8250 220.1468 1.6174 1.6371 3.9066 -25.3336 2.0089 32.7172 -7.6861 -1.0679
Car -1 -1 -4.9295 1182.1039 186.7152 1241.0000 222.0970 1.6322 1.6758 3.8967 30.8815 2.3845 37.0590 -4.2393 -1.4514
Car -1 -1 -5.0713 985.2982 179.3669 1037.3673 204.2794 1.6068 1.7013 4.3948 27.7154 2.0788 50.0340 -4.5683 -2.1054
Car -1 -1 -2.6947 735.3002 178.6069 793.6475 201.8475 1.5682 1.6531 3.7099 10.9447 1.9916 51.3557 -2.4864 -2.7034
Car -1 -1 -4.5201 97.1594 187.0170 171.8521 231.8879 1.5857 1.7140 4.3489 -19.2393 2.2066 29.3111 -5.0971 -2.7356
Car -1 -1 -4.5565 881.2516 188.5647 919.3068 215.2455 1.4419 1.5620 3.8322 17.4772 2.4322 43.4493 -4.1770 -3.3631
Car -1 -1 -4.5924 382.9650 176.9841 416.4494 200.9408 1.5403 1.7540 3.6780 -14.2744 1.8318 49.0223 -4.8746 -3.8085
Car -1 -1 -4.3550 14.8076 189.2619 88.9522 225.0927 1.5885 1.6264 3.9975 -27.8579 2.4581 36.1056 -5.0087 -3.9512
Car -1 -1 -4.9733 173.0737 192.7475 224.2111 224.0364 1.4746 1.5319 3.3271 -21.6796 2.5672 37.9182 -5.4899 -4.1313
Car -1 -1 -7.5337 574.8864 176.8932 622.1829 204.2777 1.4093 1.5342 3.6419 -0.6190 1.6421 39.6796 -7.5497 -4.1861
Car -1 -1 -4.4105 269.2252 173.9925 301.8794 191.7633 1.5641 1.6597 3.7875 -29.5370 1.6706 65.7378 -4.8315 -4.1906
Car -1 -1 -4.1878 319.7654 178.9487 366.4796 199.5271 1.5092 1.6277 4.0055 -20.7853 2.0021 56.2811 -4.5403 -4.3718
Car -1 -1 -5.0170 1139.8696 183.5805 1212.3545 218.7586 1.6552 1.7096 4.4214 29.4712 2.2515 37.7641 -4.3586 -4.6988
Car -1 -1 -4.7727 421.3013 175.7837 450.6363 198.0438 1.4169 1.6697 4.3035 -11.8479 1.6242 48.8347 -5.0098 -4.8949
Car -1 -1 -4.6260 13.5066 172.0630 65.9042 211.3487 1.9583 1.7818 4.5855 -30.2821 1.9186 38.3745 -5.2908 -4.9098
Car -1 -1 -7.0310 39.4782 190.7270 141.8475 224.7493 1.4935 1.6148 4.1800 -25.9666 2.4448 36.2065 -7.6499 -4.9425
Car -1 -1 -7.8265 1010.6590 182.6662 1041.7849 208.4428 1.4535 1.5645 3.7904 25.5196 2.0826 44.2549 -7.3068 -5.1067
Car -1 -1 -4.7191 734.2056 182.2796 752.4053 199.4169 1.5632 1.6937 3.9948 12.9403 2.5083 70.2556 -4.5382 -5.1720
Car -1 -1 -8.5143 871.1240 182.0354 1056.8346 267.7487 1.5109 1.5394 3.6252 7.1366 1.7270 15.0730 -8.0805 -5.2052
Car -1 -1 -5.1860 273.6321 174.2239 317.0233 198.2378 1.8475 1.6012 3.8351 -25.1461 1.9600 57.5564 -5.5965 -5.2500
Car -1 -1 -4.6268 319.9240 178.9207 348.7359 200.6046 1.4553 1.6292 3.3570 -19.5899 1.9017 51.2899 -4.9902 -5.3501
Car -1 -1 -4.9401 432.3618 176.8905 458.7957 193.9581 1.5705 1.6542 3.8456 -15.8764 1.9706 69.4744 -5.1643 -5.4565
Car -1 -1 -4.8091 706.4261 178.6066 728.8536 197.4781 1.6264 1.6284 3.9472 9.7065 2.1638 65.4237 -4.6629 -5.4914
Car -1 -1 -4.4093 200.8897 186.9082 247.8254 211.2318 1.3913 1.5725 3.6964 -24.2883 2.3154 45.4984 -4.8974 -5.5082
Car -1 -1 -4.5100 10.7587 186.5753 60.8909 221.2202 1.8568 1.5701 3.7422 -33.6265 2.6994 42.2995 -5.1788 -5.5806
Car -1 -1 -4.5828 687.5209 176.0287 720.4014 200.4910 1.4549 1.5740 3.8958 5.9344 1.6642 45.5401 -4.4545 -5.6200
Car -1 -1 -5.0104 402.0629 173.9447 433.0137 197.6635 1.8776 1.5649 3.2399 -15.8029 1.9693 59.0699 -5.2710 -6.3876
Car -1 -1 -4.9152 964.7203 174.2602 1006.0959 204.8477 2.0210 1.6427 4.6216 26.0921 2.1235 50.3444 -4.4399 -7.2429
