Car -1 -1 -7.7989 575.5644 172.8006 603.0196 195.0809 1.3539 1.5476 3.5006 -1.3106 1.3504 45.6171 -7.8278 3.1012
Car -1 -1 -7.8301 544.4214 170.0875 567.7827 190.4939 1.5114 1.6999 3.8025 -4.1338 1.3062 55.3812 -7.9046 2.6687
Car -1 -1 -1.8612 184.9890 172.4402 251.9384 210.1981 1.7066 1.6989 4.2104 -18.9127 1.6876 34.7017 -2.3572 -0.5772
Car -1 -1 -4.2462 350.6469 171.8671 407.2467 198.6131 1.6396 1.6971 4.3471 -14.8489 1.5788 46.5114 -4.5538 -2.7587
Car -1 -1 -3.8020 276.6865 172.8759 330.8974 193.5928 1.6653 1.6617 3.9760 -25.5005 1.6669 60.1462 -4.2016 -2.8035
Car -1 -1 -2.5556 75.0635 178.5444 171.9157 209.3929 1.5334 1.6400 3.8577 -24.9303 1.8314 36.9975 -3.1454 -2.8655
Car -1 -1 -4.5620 924.6149 183.4792 951.4646 202.7272 1.5883 1.6081 3.8993 29.0511 2.5595 63.9010 -4.1376 -2.9584
Car -1 -1 -3.5946 1022.7277 184.3242 1101.7715 210.6016 1.5788 1.6155 3.8829 28.2579 2.3134 45.2264 -3.0396 -3.0821
Car -1 -1 -4.4426 255.1313 177.8695 301.1720 202.7780 1.4458 1.6131 3.8756 -20.5481 1.7707 44.7435 -4.8711 -3.2250
Car -1 -1 -4.6817 726.8746 181.0916 746.5805 199.0060 1.5782 1.7062 3.6303 11.8225 2.3686 67.3079 -4.5090 -3.3835
Car -1 -1 -4.8335 998.7474 179.2134 1032.4215 202.8738 1.6863 1.7226 4.1879 30.7809 2.1898 54.9044 -4.3253 -3.5005
Car -1 -1 -4.9767 857.1426 179.9375 886.0147 195.9600 1.4779 1.5706 4.3385 25.5851 2.1940 70.7489 -4.6314 -3.5673
Car -1 -1 -4.4230 398.9794 169.7173 428.2882 186.3838 1.4569 1.6364 3.4009 -17.6221 1.1824 64.7937 -4.6877 -3.6991
Car -1 -1 -7.9647 298.0833 168.5633 328.4356 189.8077 1.5062 1.6699 3.7159 -21.9292 1.2017 53.1868 -8.3542 -3.8511
Car -1 -1 -7.7228 287.6801 169.6592 315.2343 188.9944 1.6902 1.7655 4.1191 -27.9004 1.4106 65.2931 -8.1253 -3.9176
Car -1 -1 -7.8563 402.8431 167.5021 431.4062 194.9607 1.6852 1.7023 4.2373 -12.4782 1.3565 46.5503 -8.1171 -3.9345
Car -1 -1 -7.9775 194.4582 167.1683 235.0290 194.6793 1.6288 1.7097 4.2433 -24.6879 1.2919 44.9414 -8.4775 -4.0198
Car -1 -1 -5.4511 275.1419 176.2450 347.1173 202.6137 1.5072 1.6217 4.1453 -17.9687 1.7179 43.2761 -5.8428 -4.1494
Car -1 -1 -8.1317 363.7316 166.3838 397.6543 186.1610 1.7503 1.8351 4.3781 -21.0872 1.1774 66.1870 -8.4391 -4.1996
Car -1 -1 -3.3593 1137.8889 180.5306 1222.3929 211.2683 1.7359 1.7106 3.6705 33.9225 2.2107 43.0915 -2.6962 -4.2515
Car -1 -1 -3.0500 55.7008 180.1392 168.5190 218.8502 1.5812 1.6824 3.9501 -21.8568 1.9192 31.8047 -3.6484 -4.4068
Car -1 -1 -4.9189 538.2704 172.2594 571.5357 195.5022 1.5800 1.6815 3.3587 -3.9493 1.5393 50.8965 -4.9963 -4.4375
Car -1 -1 -4.6008 247.3006 161.5986 283.7328 189.2174 1.7749 1.7521 4.2035 -23.1984 1.0513 48.6424 -5.0438 -4.4863
Car -1 -1 -4.5740 880.7426 180.7198 903.8842 197.3620 1.4975 1.5478 3.8745 26.9789 2.2714 68.9503 -4.2029 -4.5108
Car -1 -1 -2.6857 176.8019 172.5417 295.1507 209.7640 1.4728 1.6010 3.9833 -15.2080 1.4601 29.3852 -3.1598 -4.6731
Car -1 -1 -4.4022 318.4989 169.0506 373.4138 200.0559 1.5531 1.6205 3.8419 -13.9044 1.3623 38.0922 -4.7502 -4.7627
Car -1 -1 -4.7012 481.5200 170.5113 505.0651 189.3835 1.4605 1.8033 4.3522 -9.4016 1.2789 58.1246 -4.8611 -4.8507
Car -1 -1 -5.2491 1143.9451 185.7185 1209.9382 214.7833 1.7112 1.6006 3.7793 36.1788 2.5698 46.2023 -4.5884 -4.8724
Car -1 -1 -3.8641 470.2889 172.7396 531.2416 195.7098 1.4655 1.6165 3.9265 -7.2670 1.4579 48.0586 -4.0137 -4.9247
Car -1 -1 -2.3092 0.0000 172.1533 25.0578 250.4435 1.5884 1.7115 3.7824 -15.2489 1.5739 15.6205 -3.0741 -5.0796
Car -1 -1 -4.2886 524.8474 173.1809 560.3584 192.4277 1.5446 1.5834 3.6365 -5.5892 1.5723 59.9480 -4.3815 -5.0932
Car -1 -1 -5.0723 441.7885 175.7581 489.7678 199.8286 1.4978 1.6802 4.3609 -9.6230 1.6989 47.7447 -5.2705 -5.1851
Car -1 -1 -5.5349 1023.7056 184.4484 1084.9854 203.6692 1.3742 1.7079 3.9598 34.5735 2.3129 56.3017 -4.9870 -5.2249
Car -1 -1 -4.4849 225.6916 165.8631 265.5633 189.9317 1.7449 1.6979 4.6083 -27.6091 1.2378 54.7486 -4.9502 -5.3858
Car -1 -1 -5.6926 0.0000 179.1844 11.2853 297.6103 1.5683 1.6664 3.9421 -11.9073 1.6749 10.9407 -6.5081 -5.4361
Car -1 -1 -6.9689 96.4572 174.7742 175.7843 205.4951 1.6947 1.6511 3.6373 -27.5616 1.8115 42.0344 -7.5465 -5.4622
Car -1 -1 -7.4723 423.7937 168.6367 455.9400 187.5163 1.5365 1.5119 3.2700 -14.2462 1.1930 60.4533 -7.7030 -5.4941
Car -1 -1 -6.4949 1147.8625 188.2825 1241.0000 219.2928 1.5325 1.5332 3.7919 31.3209 2.3929 38.7190 -5.8190 -5.5330
Car -1 -1 -4.5796 755.3240 179.0994 779.9160 196.4786 1.4794 1.6327 4.2623 14.2812 2.0644 65.3423 -4.3657 -5.7342
Car -1 -1 -4.7038 155.8136 163.6134 193.9283 203.1143 2.1525 1.7998 4.9973 -25.2778 1.6486 41.9282 -5.2437 -5.7363
Car -1 -1 -4.9045 1241.0000 169.0927 1241.0000 195.7434 1.4707 1.6388 3.9887 41.4697 1.2629 41.9336 -4.1283 -5.8867
Car -1 -1 -4.8748 1241.0000 168.7988 1241.0000 193.9809 1.4740 1.6412 3.9924 41.4688 1.2363 44.3510 -4.1265 -5.8867
Car -1 -1 -4.9315 1241.0000 167.2238 1241.0000 196.0626 1.4949 1.6494 4.0018 41.4680 1.2027 39.5240 -4.1260 -5.8867
Car -1 -1 -4.5477 697.2651 177.7749 721.7344 194.4420 1.4845 1.6463 3.9965 9.3419 1.9606 67.6909 -4.4115 -5.8867
Car -1 -1 -4.6088 715.2974 179.5153 742.1012 201.9097 1.5966 1.6255 3.8299 9.0052 2.1206 54.7297 -4.4470 -5.9556
Car -1 -1 -4.6010 1036.6420 169.2300 1063.2579 186.2878 1.5481 1.6908 4.1346 41.2419 1.2189 67.6388 -4.0556 -6.0196
Car -1 -1 -5.5288 207.6169 178.5087 291.5471 209.7078 1.4896 1.5436 3.7217 -18.1055 1.7829 36.1894 -5.9900 -6.2304
Car -1 -1 -7.9565 384.7129 165.2986 414.7075 189.4316 1.6616 1.6649 4.0255 -15.1762 1.1411 51.8566 -8.2400 -6.3998
Car -1 -1 -7.7747 380.9021 167.4021 402.0233 185.0803 1.4076 1.3962 3.3679 -17.9440 0.9732 59.2461 -8.0678 -6.5482
