Car -1 -1 -4.4980 422.9646 179.4017 474.8716 211.9140 1.4507 1.6622 3.8664 -7.7648 1.7847 34.9099 -4.7157 5.7884
Car -1 -1 -4.8603 741.5005 192.0745 770.4700 215.1591 1.4784 1.5338 3.1039 10.1420 2.8640 50.4398 -4.6637 -1.4613
Car -1 -1 -4.1474 241.3323 185.3835 298.4709 210.5891 1.5971 1.6562 4.0619 -23.4983 2.5009 49.9462 -4.5854 -2.0619
Car -1 -1 -3.0956 58.6029 180.4072 150.0159 212.9814 1.6222 1.6427 3.9159 -26.8946 2.0429 38.4761 -3.7026 -2.5940
Car -1 -1 -4.4034 516.2646 175.7408 546.5336 192.9300 1.5809 1.7074 4.1599 -7.5312 1.8668 69.3120 -4.5115 -2.7875
Car -1 -1 -4.2875 376.4245 186.5604 409.4512 202.6493 1.4599 1.6562 3.8852 -21.3298 2.8466 70.9780 -4.5788 -3.0911
Car -1 -1 -5.6245 0.0000 177.8376 60.8593 218.1757 1.6074 1.6533 3.8373 -25.3548 1.8197 29.8789 -6.3239 -3.1004
Car -1 -1 -4.8991 358.9890 187.1343 384.7571 205.7227 1.6559 1.6528 3.9816 -23.0496 3.0777 69.7096 -5.2177 -3.1385
Car -1 -1 -4.7663 643.2123 175.5834 675.6516 202.4988 1.5200 1.6937 4.5053 2.8915 1.6927 43.4685 -4.7008 -3.5326
Car -1 -1 -2.9177 77.7486 178.9122 173.0762 210.9106 1.5384 1.6146 3.7531 -24.5597 1.8577 36.6493 -3.5049 -3.7837
Car -1 -1 -4.7596 232.9343 175.7738 255.4954 194.3743 1.6471 1.6728 4.1017 -33.8974 1.9260 66.7806 -5.2279 -3.9461
Car -1 -1 -4.7394 289.1789 190.6400 309.7701 209.8030 1.5861 1.6188 3.8146 -28.2889 3.2547 65.6346 -5.1452 -3.9528
Car -1 -1 -5.0746 993.6241 198.1414 1051.4318 227.7288 1.4807 1.6182 3.8334 23.6519 3.0082 41.5743 -4.5612 -4.0102
Car -1 -1 -2.7997 626.4018 187.4498 688.3448 211.4568 1.5344 1.6216 3.9226 3.2156 2.5658 49.4826 -2.7358 -4.1590
Car -1 -1 -4.3186 270.8842 174.2322 302.9512 191.6500 1.6545 1.6188 3.5655 -31.6036 1.7926 70.6271 -4.7382 -4.2361
Car -1 -1 -4.4488 658.1791 183.9780 687.4234 199.8814 1.4238 1.7633 4.3694 6.1302 2.5428 70.2455 -4.3626 -4.2515
Car -1 -1 -4.7822 642.4579 176.7908 678.7644 205.5628 1.4934 1.7187 3.9874 2.7175 1.7222 39.9945 -4.7154 -4.2815
Car -1 -1 -3.3982 1119.5236 195.4261 1201.2316 218.7355 1.4852 1.7135 4.2635 38.5362 3.1205 50.6804 -2.7515 -4.3181
Car -1 -1 -7.7762 612.0120 176.4299 633.7141 195.8325 1.6360 1.6267 3.7515 1.1356 1.9601 63.5009 -7.7588 -4.3800
Car -1 -1 -4.9745 968.5794 198.1844 1013.9315 227.2274 1.5180 1.5122 3.4788 22.5331 3.0865 42.8234 -4.4938 -4.5015
Car -1 -1 -5.5515 296.7274 182.8447 346.9296 203.0376 1.6572 1.6757 3.8912 -24.8284 2.5372 62.1159 -5.9306 -4.5113
Car -1 -1 -7.6380 202.5735 172.7521 237.0897 191.0901 1.5612 1.7922 4.3261 -34.4429 1.5523 63.7551 -8.1317 -4.5952
Car -1 -1 -4.8677 833.0126 191.9030 865.4049 215.0536 1.4969 1.6171 3.9319 17.2060 2.9275 52.1311 -4.5512 -4.6288
Car -1 -1 -4.7248 1126.1639 197.5852 1161.4258 228.0132 1.5769 1.6025 3.5918 31.3237 3.0978 42.4533 -4.0932 -4.8101
Car -1 -1 -4.0361 793.8138 195.5432 856.6888 224.5100 1.4743 1.5767 3.5090 12.1964 2.8137 40.9559 -3.7494 -4.8254
Car -1 -1 -5.0342 380.8871 179.9919 435.9596 207.9053 1.4579 1.6462 4.6433 -11.6275 1.8896 41.2883 -5.3074 -4.8858
Car -1 -1 -4.8689 0.0000 193.6318 37.0627 221.5434 1.7172 1.8938 4.3726 -41.2235 3.2121 49.7641 -5.5582 -4.9035
Car -1 -1 -7.9568 1182.5808 201.4945 1238.7915 238.5578 1.5971 1.7559 4.1058 30.4138 3.1401 36.6833 -7.2693 -5.0797
Car -1 -1 -4.8200 640.7134 181.9661 662.5585 197.5147 1.4327 1.7064 4.1310 4.0513 2.3565 71.0630 -4.7637 -5.2225
Car -1 -1 -7.7435 581.7080 177.3938 601.8124 191.3032 1.2985 1.5683 3.7032 -1.7769 1.7538 70.5154 -7.7690 -5.2741
Car -1 -1 -7.6002 224.0494 169.4028 258.8286 187.9588 1.7260 1.8341 4.8207 -35.5441 1.4047 69.6671 -8.0706 -5.3557
Car -1 -1 -4.6604 417.5914 178.5424 439.6338 198.4525 1.5720 1.5949 3.4930 -15.0564 2.0587 59.9043 -4.9059 -5.4205
Car -1 -1 -7.8912 1090.3868 196.6939 1126.7848 228.4025 1.6573 1.6144 3.8407 29.5271 3.1409 42.8578 -7.2919 -5.4367
Car -1 -1 -7.8479 1094.3740 198.8414 1134.0668 234.2714 1.6397 1.6707 4.1382 27.0324 3.1135 38.7556 -7.2432 -5.5345
Car -1 -1 -4.9647 431.8030 178.2875 475.9437 201.1190 1.3902 1.7508 4.5697 -10.3674 1.7661 47.5269 -5.1787 -5.5737
Car -1 -1 -4.7598 544.2428 176.7681 568.2267 195.8359 1.3680 1.6097 4.3466 -4.1573 1.6780 54.9487 -4.8354 -5.6177
Car -1 -1 -4.9237 574.9649 178.0878 613.5150 202.3205 1.3749 1.5301 4.0234 -1.0438 1.7093 43.9960 -4.9477 -5.7225
Car -1 -1 -8.0943 558.4031 172.3986 584.7883 188.9727 1.5849 1.6574 4.1416 -3.8413 1.5411 71.2215 -8.1483 -5.7337
Car -1 -1 -4.6646 1170.3308 187.7500 1203.7043 211.8774 1.5723 1.6917 3.8869 41.2013 2.6776 51.5328 -3.9935 -5.7872
Car -1 -1 -4.7607 299.6507 185.5241 328.7509 210.5002 1.6243 1.7214 4.1541 -21.1531 2.5668 51.4486 -5.1493 -5.8209
Car -1 -1 -1.9425 326.0377 185.3419 360.8441 206.4358 1.7772 1.6579 3.8647 -24.1132 2.9391 65.1521 -2.2960 -5.8673
Car -1 -1 -4.9123 1241.0000 167.6128 1241.0000 194.3101 1.4582 1.6363 3.9883 41.4684 1.1717 41.5272 -4.1314 -5.8867
Car -1 -1 -4.5123 0.0000 190.3828 0.0000 218.1126 1.6159 1.6829 4.1028 -41.5136 2.8114 47.0242 -5.2329 -5.8867
Car -1 -1 -4.7715 1141.2478 172.9527 1172.7284 193.7125 1.5152 1.6557 3.9956 41.4727 1.5227 54.8060 -4.1266 -5.8867
Car -1 -1 -4.5879 25.6718 184.7730 62.7949 207.4933 1.5333 1.6566 4.0116 -41.6054 2.4455 53.0930 -5.2503 -5.8867
Car -1 -1 -4.7509 1119.6471 172.4421 1148.0126 192.1817 1.5074 1.6520 3.9989 41.4733 1.4756 57.2214 -4.1264 -5.8867
Car -1 -1 -4.8730 1241.0000 168.4880 1241.0000 194.1618 1.5025 1.6569 4.0056 41.4673 1.2467 44.3527 -4.1247 -5.8867
Car -1 -1 -4.3763 478.6832 178.1213 519.0859 198.6958 1.3789 1.5857 4.1255 -7.9311 1.7715 51.6446 -4.5283 -5.9704
Car -1 -1 -4.7731 1116.4637 192.8744 1156.2297 222.4333 1.6525 1.7528 4.3721 33.3054 2.9870 45.7907 -4.1480 -6.0018
Car -1 -1 -5.5760 783.9275 194.3982 959.1169 267.1462 1.3436 1.5652 3.5613 5.7545 1.8906 16.4011 -5.2451 -6.0742
Car -1 -1 -5.7716 1148.2262 197.7857 1224.7799 227.3536 1.6236 1.5614 3.3593 35.5271 3.2281 44.5920 -5.1028 -6.6498
Car -1 -1 -4.9306 597.2474 176.5869 623.3682 194.8162 1.7164 1.8015 3.6813 -0.0178 2.0924 70.7455 -4.9313 -7.8743
