Car -1 -1 -7.8733 582.8822 170.1871 602.9825 188.1326 1.4742 1.6275 3.5229 -1.4935 1.2548 61.0701 -7.8979 0.5668
Car -1 -1 -5.0218 638.3097 174.4728 681.7279 200.3147 1.6127 1.6541 4.1561 3.2065 1.7240 47.5223 -4.9553 -0.4366
Car -1 -1 -4.7200 326.0904 181.7769 354.8342 207.1599 1.4868 1.6455 4.0191 -17.2137 2.0818 45.9622 -5.0767 -0.6882
Car -1 -1 -4.5582 745.9050 181.5737 777.9350 206.0667 1.5306 1.5818 3.5696 10.1948 2.1391 48.4277 -4.3525 -1.9242
Car -1 -1 -4.9212 646.3350 173.5902 674.8409 191.4527 1.5188 1.6595 4.2471 4.4072 1.5858 63.7512 -4.8528 -2.6766
Car -1 -1 -4.7212 356.9176 179.0732 379.0062 201.4940 1.7728 1.6981 3.8680 -20.2745 2.3105 60.3229 -5.0444 -2.6780
Car -1 -1 -4.6353 230.3267 189.6456 271.9731 222.1331 1.4276 1.5682 3.4642 -17.6756 2.2992 35.5690 -5.0938 -2.7443
Car -1 -1 -3.1653 435.2978 175.8896 496.7763 202.5878 1.6668 1.7067 3.8242 -9.3311 1.8677 46.5813 -3.3623 -3.1797
Car -1 -1 -4.6608 389.1878 174.2779 408.3859 191.3930 1.6065 1.5991 3.6971 -20.4957 1.7484 70.0405 -4.9447 -3.4361
Car -1 -1 -6.4536 147.2225 183.1834 246.7996 218.2809 1.5875 1.6675 4.0559 -20.4317 2.1260 35.7033 -6.9704 -3.6570
Car -1 -1 -4.6050 1042.0842 179.6442 1071.0004 197.2233 1.5157 1.8061 4.4264 41.0300 2.1610 66.2939 -4.0531 -3.6907
Car -1 -1 -6.9876 647.2800 172.8525 702.2140 197.3430 1.6897 1.6129 3.7594 4.6092 1.6893 51.5250 -6.8993 -3.7429
Car -1 -1 -7.5118 651.2390 176.9638 701.2786 207.2278 1.5506 1.5969 3.6612 3.6359 1.7867 39.5065 -7.4212 -3.8610
Car -1 -1 -4.2729 662.7481 177.0575 700.6939 195.6012 1.6318 1.7941 4.4239 6.6688 2.0352 66.9234 -4.1744 -3.9039
Car -1 -1 -3.1346 474.4864 175.1151 531.5473 197.6365 1.6026 1.7407 4.0571 -7.8298 1.7711 52.7194 -3.2817 -4.0256
Car -1 -1 -7.7415 667.0919 174.9835 701.2399 202.5440 1.6912 1.8080 3.5421 4.7817 1.8338 46.4944 -7.6401 -4.0336
Car -1 -1 -4.5109 694.4421 176.7288 719.4054 193.1939 1.5491 1.6794 3.9759 9.5534 1.9419 71.0523 -4.3782 -4.0986
Car -1 -1 -3.3784 529.7548 173.2715 584.2366 191.9126 1.5916 1.7355 4.4753 -4.6705 1.6288 63.1843 -3.4523 -4.1213
Car -1 -1 -5.1828 774.1815 180.7309 804.8214 196.4517 1.4348 1.5217 3.3046 17.2196 2.2118 69.4193 -4.9411 -4.1852
Car -1 -1 -4.1370 440.4935 170.5599 481.4521 189.0278 1.6886 1.7335 4.3037 -14.0779 1.4785 68.2932 -4.3398 -4.1861
Car -1 -1 -4.6655 935.6141 179.6134 955.6332 196.1432 1.5336 1.6094 3.8499 32.8961 2.2153 70.7224 -4.2321 -4.1906
Car -1 -1 -7.9224 191.7111 183.2512 242.9729 224.9297 1.6564 1.7027 4.7066 -17.6945 2.1573 32.3371 -8.4199 -4.2821
Car -1 -1 -7.2097 354.3539 175.2142 405.4109 198.8855 1.8070 1.7434 4.1622 -18.3961 2.0031 57.7828 -7.5168 -4.3753
Car -1 -1 -2.8782 582.9573 174.4121 661.7208 202.7240 1.4710 1.5962 3.9733 0.6397 1.5576 38.9475 -2.8624 -4.3835
Car -1 -1 -7.7837 347.8556 177.8763 379.2469 202.8680 1.5469 1.6754 4.1518 -16.3027 1.8946 47.7749 -8.1112 -4.4779
Car -1 -1 -7.6426 353.1179 175.0868 381.6614 192.4214 1.5623 1.7077 4.1381 -22.7541 1.7783 67.7368 -7.9658 -4.5481
Car -1 -1 -4.3954 652.1596 175.6212 697.5681 203.6751 1.5961 1.5954 3.9149 3.9291 1.7711 43.5826 -4.3066 -4.6195
Car -1 -1 -3.3508 269.6836 181.4819 335.8038 206.7474 1.5005 1.5428 3.6093 -19.4582 2.0661 45.6568 -3.7519 -4.7972
Car -1 -1 -2.6444 0.0000 181.6976 104.7039 244.0715 1.4294 1.6015 3.8814 -15.2403 1.6644 18.0313 -3.3389 -4.8459
Car -1 -1 -4.6182 334.7185 178.3080 365.2653 199.8399 1.5224 1.7540 4.5302 -19.6709 1.9534 54.6496 -4.9624 -4.8517
Car -1 -1 -4.4231 317.9686 179.4151 349.4447 198.2932 1.5762 1.5838 3.7412 -24.3002 2.1709 63.5082 -4.7875 -4.9727
Car -1 -1 -4.4845 219.6818 182.8779 258.4362 205.3040 1.4180 1.5492 3.7454 -25.3844 2.1321 49.4191 -4.9571 -4.9982
Car -1 -1 -4.5892 644.6858 172.8793 668.9175 192.1019 1.5354 1.5970 3.3438 3.8541 1.5373 59.4298 -4.5252 -5.0450
Car -1 -1 -4.6455 632.8183 175.8440 652.8293 191.9459 1.4870 1.6606 4.1033 3.1716 1.7838 69.5586 -4.6005 -5.3199
Car -1 -1 -1.9660 0.0000 184.8790 2.9205 288.0324 1.5008 1.6511 4.1263 -12.6978 1.7330 12.4052 -2.7522 -5.3669
Car -1 -1 -2.0326 0.0000 182.3002 0.0000 328.5320 1.4377 1.5967 4.0211 -9.7638 1.5669 8.5770 -2.8670 -5.4733
Car -1 -1 -7.9154 1067.8182 192.8643 1103.5912 222.4269 1.6212 1.5876 3.7341 29.1304 2.9057 44.3133 -7.3376 -5.5915
Car -1 -1 -4.8096 708.0145 178.1670 731.0115 194.8098 1.4780 1.6715 4.8506 10.2786 1.9974 68.1158 -4.6609 -5.6981
Car -1 -1 -4.6854 1212.5652 186.5727 1241.0000 212.8783 1.6112 1.7583 3.5052 41.3288 2.5605 48.0544 -3.9786 -5.7773
Car -1 -1 -4.7438 1141.4708 184.3360 1171.7976 206.9014 1.5838 1.6991 3.8785 41.4651 2.4890 54.8279 -4.0993 -5.7968
Car -1 -1 -5.1044 755.0190 180.2240 787.7453 196.0438 1.4675 1.6551 4.2250 15.8691 2.2175 71.2302 -4.8864 -5.8629
Car -1 -1 -4.7962 1181.8971 173.7985 1218.6942 196.5818 1.5317 1.6601 3.9783 41.4703 1.6006 50.7944 -4.1146 -5.8867
Car -1 -1 -4.9125 1241.0000 169.1736 1241.0000 196.3960 1.4868 1.6444 3.9885 41.4701 1.2855 41.5256 -4.1315 -5.8867
Car -1 -1 -4.6534 1029.7582 173.8546 1052.7179 190.5600 1.5472 1.6655 4.0326 41.3700 1.6459 69.2206 -4.1168 -5.8867
Car -1 -1 -4.9424 1241.0000 167.3689 1241.0000 196.7086 1.4882 1.6455 3.9973 41.4685 1.2097 38.7182 -4.1267 -5.8867
Car -1 -1 -4.4997 285.8673 177.3220 320.5545 196.9780 1.4735 1.6591 4.3261 -24.3800 1.8427 57.4044 -4.8999 -6.1079
Car -1 -1 -4.6706 262.1815 181.1579 301.4824 214.1091 1.5236 1.6380 4.2654 -16.7142 1.9731 36.7987 -5.0945 -6.1534
Car -1 -1 -4.5655 203.3716 178.9892 244.7507 204.7769 1.4548 1.6363 4.0640 -23.4724 1.8467 43.9345 -5.0538 -6.1603
Car -1 -1 -4.6930 723.8601 177.1971 743.0500 195.7214 1.6363 1.6821 4.5324 11.5103 2.0550 67.2351 -4.5246 -6.8978
