Car -1 -1 -7.8496 579.6625 171.9838 610.5367 198.9346 1.3958 1.5993 3.7498 -0.8435 1.3505 39.2581 -7.8713 4.0478
Car -1 -1 -7.8201 540.7523 172.1641 568.2320 194.2444 1.3900 1.6697 3.9645 -3.6441 1.3462 47.4372 -7.8967 2.0508
Car -1 -1 -4.7073 746.8216 175.0995 773.3462 198.4106 1.4493 1.6358 4.1870 9.8498 1.6038 47.5049 -4.5045 -0.7202
Car -1 -1 -7.6561 166.5930 177.9417 219.5194 209.8436 1.5054 1.6174 3.7492 -21.1906 1.7785 36.7315 -8.1765 -0.9053
Car -1 -1 -2.1137 147.4758 179.7024 236.2603 217.0792 1.5000 1.6149 3.7549 -18.1141 1.8108 31.1623 -2.6367 -1.1643
Car -1 -1 -3.3026 224.1546 178.8541 324.8185 214.1115 1.4328 1.6056 3.7970 -14.7267 1.7100 31.6379 -3.7353 -1.6993
Car -1 -1 -4.2270 209.4893 175.7851 305.4081 217.1832 1.4891 1.6035 4.1921 -13.7737 1.6127 28.3787 -4.6755 -2.6334
Car -1 -1 -4.3578 618.4543 172.9142 656.9382 194.1998 1.4559 1.5607 3.6775 1.9780 1.4600 51.3602 -4.3199 -3.2215
Car -1 -1 -4.6929 779.2983 180.7504 812.3044 210.1966 1.4765 1.6698 4.5393 10.2657 1.9391 39.8826 -4.4433 -3.2745
Car -1 -1 -5.0403 812.2719 174.3036 919.6174 235.5946 1.5239 1.6102 3.8070 6.8793 1.5674 19.9336 -4.7132 -3.3174
Car -1 -1 -7.8861 1044.7502 181.0812 1077.5879 205.6190 1.4430 1.6308 3.6413 28.5259 1.9870 45.7474 -7.3319 -3.3421
Car -1 -1 -5.4755 1172.3149 182.5154 1241.0000 214.1023 1.5053 1.6170 3.6726 31.4466 2.0314 37.4269 -4.7810 -3.6578
Car -1 -1 -4.2035 232.3573 183.6193 291.7121 211.7744 1.6229 1.6369 3.9187 -21.7207 2.3258 45.1306 -4.6500 -3.6594
Car -1 -1 -4.5651 32.8180 179.6904 87.8125 214.1064 1.5669 1.6207 3.7351 -27.1480 1.9239 35.6840 -5.2120 -3.7305
Car -1 -1 -4.4690 262.7960 175.1043 333.2371 217.0795 1.5107 1.6253 3.8989 -12.1561 1.6048 28.2418 -4.8724 -3.7832
Car -1 -1 -4.5549 663.3907 172.4263 694.1228 194.7957 1.4714 1.5851 3.3749 4.6956 1.4429 49.2916 -4.4609 -3.8434
Car -1 -1 -4.3156 184.0453 177.1375 255.4807 212.5387 1.6675 1.6779 4.2369 -19.7831 1.8981 36.7052 -4.8071 -3.8973
Car -1 -1 -4.7209 80.2361 176.2220 122.1883 211.8310 1.6753 1.6561 4.1942 -25.8143 1.8559 36.5486 -5.3326 -4.0084
Car -1 -1 -7.2629 0.0000 187.1764 90.4181 224.6037 1.4887 1.6309 3.9201 -25.3908 2.1687 32.2551 -7.9259 -4.1311
Car -1 -1 -2.7060 716.3412 175.4562 769.9352 197.3701 1.6863 1.6898 3.8663 10.6148 1.9008 57.7585 -2.5256 -4.2366
Car -1 -1 -4.1899 54.6038 180.7440 121.4988 209.4351 1.5708 1.5678 3.6523 -30.6491 2.0553 42.4404 -4.8125 -4.2611
Car -1 -1 -4.7006 136.8590 186.5105 165.1711 212.3612 1.5960 1.5646 4.1127 -31.1549 2.5638 48.9908 -5.2648 -4.3692
Car -1 -1 -8.2414 773.1709 176.5897 818.7193 200.6990 1.5557 1.6097 3.9959 12.6131 1.8215 49.2967 -7.9928 -4.5486
Car -1 -1 -5.4752 620.1913 170.8655 673.4951 191.9556 1.6838 1.7474 4.5610 2.9906 1.5248 59.9028 -5.4259 -4.6039
Car -1 -1 -7.5487 453.2096 176.1320 482.4568 191.9214 1.4787 1.7226 3.8518 -13.8567 1.8074 70.4165 -7.7426 -4.8187
Car -1 -1 -4.5032 767.1218 178.0655 794.6932 197.1273 1.5675 1.5190 4.1063 14.8591 2.0359 62.7091 -4.2720 -4.8708
Car -1 -1 -4.8535 1175.0095 179.3730 1222.8359 210.0925 1.4628 1.4289 3.2662 30.0015 1.8117 36.8777 -4.1749 -4.8908
Car -1 -1 -4.4672 222.1065 180.0075 278.0256 214.4254 1.4425 1.4741 3.4587 -16.3601 1.7863 32.8552 -4.9262 -4.9025
Car -1 -1 -4.0801 5.2119 184.7479 85.5266 214.8361 1.4925 1.6140 3.5760 -30.4817 2.1655 39.0321 -4.7399 -4.9723
Car -1 -1 -3.1769 507.4752 171.4400 564.3422 195.7210 1.6531 1.7843 3.8753 -5.2165 1.5566 50.2757 -3.2801 -5.2072
Car -1 -1 -4.4624 314.0588 176.2956 350.9560 198.3459 1.5914 1.6654 4.0414 -21.0632 1.8627 54.8338 -4.8278 -5.4350
Car -1 -1 -5.2693 77.1062 188.7227 136.0631 213.6523 1.6186 1.5863 3.8280 -35.0728 2.7555 50.2225 -5.8766 -5.5258
Car -1 -1 -4.7231 666.4830 172.2074 685.0991 190.3375 1.4634 1.4978 3.4841 5.4256 1.4109 60.0370 -4.6337 -5.5607
Car -1 -1 -2.2281 0.0000 194.5943 0.0000 356.6317 1.4281 1.5131 3.8744 -8.9619 1.6782 7.4503 -3.0875 -5.6356
Car -1 -1 -4.8375 576.1647 168.1854 607.4987 194.9003 1.6968 1.5916 3.9390 -1.2786 1.4000 47.8966 -4.8644 -5.6891
Car -1 -1 -6.6239 704.6964 177.1436 756.1733 194.1129 1.4320 1.6590 4.0893 10.4189 1.8112 62.6612 -6.4603 -5.7507
Car -1 -1 -4.5716 1203.6270 167.2284 1241.0000 190.5825 1.4732 1.9129 4.3136 40.8404 1.1180 47.6615 -3.8663 -5.8762
Car -1 -1 -4.8873 1241.0000 175.4785 1241.0000 204.5468 1.5872 1.6832 4.0137 41.3910 1.7471 41.9147 -4.1120 -5.8867
Car -1 -1 -4.9329 1241.0000 169.6164 1241.0000 198.2281 1.4987 1.6461 3.9919 41.4712 1.3288 39.9140 -4.1322 -5.8867
Car -1 -1 -4.5498 0.0000 184.3853 19.7652 208.7415 1.5155 1.6497 4.0103 -41.6076 2.3337 49.0718 -5.2506 -5.8867
Car -1 -1 -4.8788 1241.0000 179.7986 1241.0000 207.6371 1.5858 1.6986 4.0135 41.4120 2.0327 44.3158 -4.1310 -5.8867
Car -1 -1 -4.5727 6.6982 183.9781 46.3310 207.0582 1.5122 1.6487 4.0089 -41.6075 2.3388 51.4867 -5.2500 -5.8867
Car -1 -1 -5.1793 1156.6270 180.2595 1224.5131 208.4638 1.6098 1.6643 3.8811 35.5439 2.0858 44.3388 -4.5073 -5.8936
Car -1 -1 -4.9622 63.1141 185.6197 120.9683 214.6226 1.4505 1.6580 3.9835 -28.5564 2.1864 39.6912 -5.5829 -5.9452
Car -1 -1 -5.6666 0.0000 185.4615 14.7423 353.1967 1.7053 1.7519 4.0658 -10.2144 1.8823 8.8408 -6.5089 -6.6965
