Car -1 -1 -4.5177 440.4015 178.8114 487.3590 208.6933 1.4705 1.6924 4.0405 -7.7368 1.8035 38.3381 -4.7159 4.4558
Car -1 -1 -4.0945 267.0384 176.7583 313.0810 195.6248 1.7346 1.7659 4.5330 -30.8736 2.1246 69.7299 -4.5102 -1.9598
Car -1 -1 -4.6457 52.5066 183.4052 95.2456 213.3186 1.5215 1.6393 4.1077 -29.9943 2.1438 40.4037 -5.2813 -2.1850
Car -1 -1 -4.0562 734.9394 189.9610 784.7871 212.8477 1.5066 1.6091 3.6853 10.7951 2.7827 52.0221 -3.8534 -2.4871
Car -1 -1 -4.6165 624.6503 177.8313 653.3529 202.3401 1.5651 1.5797 3.9607 1.9736 1.9170 48.9852 -4.5769 -3.0833
Car -1 -1 -4.4246 445.5022 173.6351 476.1993 191.6920 1.5883 1.6544 4.0600 -13.5698 1.6614 65.7410 -4.6277 -3.3171
Car -1 -1 -4.4401 396.6045 177.4498 433.9668 197.8231 1.4493 1.7329 3.8507 -14.5886 1.8062 54.1358 -4.7024 -3.6216
Car -1 -1 -4.7296 619.6190 176.3522 648.0719 204.0847 1.5230 1.5791 3.7447 1.3138 1.7354 41.9823 -4.6990 -3.6374
Car -1 -1 -4.9519 465.0705 178.4527 509.1204 206.4020 1.4973 1.6012 3.9859 -7.1792 1.8369 41.6608 -5.1219 -3.6570
Car -1 -1 -3.7082 39.2051 194.1302 153.0538 235.6163 1.6024 1.6147 3.8612 -22.7934 2.6106 32.1087 -4.3218 -3.7369
Car -1 -1 -4.6821 405.9896 179.7482 441.2632 209.1290 1.4326 1.6898 4.1553 -9.9115 1.8206 38.4317 -4.9332 -4.0675
Car -1 -1 -4.7547 943.6764 201.2714 981.6458 232.5785 1.3993 1.6180 3.9378 18.5962 2.9889 38.2415 -4.3059 -4.0679
Car -1 -1 -4.8720 433.1259 174.9859 457.1351 192.6469 1.5319 1.5585 3.5746 -14.8988 1.7294 65.0055 -5.0967 -4.1603
Car -1 -1 -6.0164 0.0000 177.6528 120.0853 218.5362 1.7873 1.7384 4.5199 -25.7346 2.0213 33.5822 -6.6665 -4.1699
Car -1 -1 -7.7992 117.1752 168.0641 145.8290 189.2920 1.6727 1.7307 3.9999 -39.1221 1.2950 59.0185 -8.3826 -4.1845
Car -1 -1 -7.6679 80.1991 180.5699 131.7540 211.6681 1.6119 1.6839 3.8321 -28.2745 2.0674 40.5299 -8.2741 -4.2705
Car -1 -1 -5.3504 296.2691 194.8655 343.9447 215.3945 1.4767 1.6469 3.6608 -22.9862 3.2697 57.1232 -5.7318 -4.2790
Car -1 -1 -7.2275 818.8204 198.3041 889.1333 228.5834 1.4183 1.6815 3.7626 13.0221 2.8410 38.5663 -6.9050 -4.3828
Car -1 -1 -4.5359 130.7849 178.7799 168.7726 203.9399 1.5037 1.4754 3.2613 -29.1711 1.8939 45.7549 -5.1011 -4.3888
Car -1 -1 -7.6745 102.2579 173.4764 147.7478 199.8317 1.5791 1.6807 4.0268 -30.5597 1.6199 45.5152 -8.2633 -4.4293
Car -1 -1 -4.7359 743.3045 184.5928 763.1495 203.0782 1.5251 1.6308 4.1351 12.7445 2.6091 64.4689 -4.5422 -4.5588
Car -1 -1 -4.4105 418.5859 180.6888 461.0571 205.6627 1.5583 1.6293 4.0947 -11.3989 2.1068 48.4395 -4.6408 -4.8556
Car -1 -1 -3.9154 620.2457 184.6082 676.0986 207.1353 1.5591 1.6618 4.2227 2.8609 2.4724 54.0640 -3.8634 -4.9349
Car -1 -1 -7.8894 458.6279 177.9911 486.1237 201.7759 1.4687 1.6399 3.6918 -9.1034 1.8199 47.3916 -8.0785 -4.9818
Car -1 -1 -7.2045 611.6706 175.5022 654.8015 194.7813 1.6730 1.8053 4.0833 2.1130 1.9205 65.3603 -7.1727 -5.0668
Car -1 -1 -7.8664 472.9655 172.6756 494.8091 193.6577 1.6059 1.6517 3.9576 -10.0705 1.5919 57.3207 -8.0399 -5.1781
Car -1 -1 -4.7050 641.3346 177.8572 670.0856 205.7292 1.5057 1.5806 3.8747 2.6126 1.8082 41.6797 -4.6434 -5.1844
Car -1 -1 -7.6062 616.8773 183.0489 647.3961 202.5213 1.4187 1.5403 3.6879 1.7429 2.2465 56.6300 -7.5761 -5.2072
Car -1 -1 -4.7484 653.6418 181.7219 671.6404 198.1270 1.5340 1.6348 3.8516 5.1761 2.4369 71.5351 -4.6769 -5.3105
Car -1 -1 -7.9444 1020.5258 192.7708 1055.3075 220.4330 1.6293 1.6148 3.8023 28.1084 2.9981 47.5352 -7.4138 -5.3137
Car -1 -1 -7.0395 340.8057 184.3189 387.6815 203.3417 1.6348 1.6531 4.0920 -22.7444 2.7316 66.8501 -7.3666 -5.4127
Car -1 -1 -2.1113 77.2127 173.0147 128.4713 192.3355 1.4999 1.7765 3.5502 -40.4922 1.5128 57.5746 -2.7222 -5.4436
Car -1 -1 -4.6342 552.0240 178.1754 581.5859 201.7206 1.3566 1.5149 3.9872 -2.6577 1.6992 44.4874 -4.6940 -5.6807
Car -1 -1 -2.4247 154.2167 178.9519 230.7873 205.6910 1.5354 1.6154 3.8513 -24.9677 1.9094 43.1269 -2.9471 -5.7353
Car -1 -1 -4.8760 1114.8016 197.6715 1169.8600 230.8551 1.5111 1.7109 3.8530 27.9996 2.8942 38.1131 -4.2468 -5.7540
Car -1 -1 -4.6993 1059.8604 181.8620 1082.6887 201.1580 1.6329 1.6895 3.6845 41.5045 2.4683 64.9348 -4.1331 -5.7645
Car -1 -1 -4.7103 1105.0834 184.2406 1130.9062 204.8728 1.5599 1.6759 3.8082 41.3897 2.5204 58.8432 -4.1001 -5.7886
Car -1 -1 -4.7183 549.7389 176.3658 571.6384 195.3720 1.3905 1.6242 4.1498 -3.8493 1.6716 55.7032 -4.7873 -5.8069
Car -1 -1 -7.6182 885.1993 192.9226 929.7925 224.9907 1.7134 1.5623 4.1633 17.8898 2.9794 43.3834 -7.2302 -5.8435
Car -1 -1 -4.8058 1163.4718 177.9637 1200.5048 201.9621 1.6401 1.7224 4.0117 41.4373 2.0259 52.3790 -4.1396 -5.8454
Car -1 -1 -4.8574 1091.1422 220.2750 1208.9094 307.3540 1.3695 1.4595 3.1562 11.0143 2.4677 14.9766 -4.2339 -5.8540
Car -1 -1 -5.1864 760.0103 184.7557 792.8000 202.1915 1.6056 1.6276 3.7161 16.3603 2.8124 71.1774 -4.9619 -5.8800
Car -1 -1 -4.8475 1228.7516 169.8801 1241.0000 194.1010 1.4986 1.6504 3.9978 41.4697 1.3143 46.7648 -4.1254 -5.8867
Car -1 -1 -4.5317 472.4713 178.2997 504.4590 199.1362 1.4037 1.5771 3.9205 -8.6806 1.8078 51.6104 -4.6978 -5.8867
Car -1 -1 -4.6402 555.5815 176.6958 580.8398 196.5435 1.3778 1.5702 3.9105 -3.0549 1.6692 52.8175 -4.6980 -5.8867
Car -1 -1 -4.8930 1241.0000 168.5494 1241.0000 195.1133 1.4954 1.6493 4.0009 41.4691 1.2528 42.7413 -4.1263 -5.8867
Car -1 -1 -4.7040 1086.7739 174.9534 1111.0687 193.9155 1.5418 1.6610 3.9807 41.4803 1.7258 61.2451 -4.1112 -5.8867
Car -1 -1 -3.5047 0.0000 190.8812 0.0000 374.0000 1.4965 1.6045 3.9549 -7.0820 1.6092 2.5302 -4.6975 -5.8867
Car -1 -1 -4.6793 1043.7201 171.2312 1065.8749 187.2692 1.4483 1.6373 3.9945 41.4714 1.3015 67.2777 -4.1291 -5.8867
Car -1 -1 -4.6450 577.7629 177.8501 606.9695 201.9282 1.3862 1.5295 4.1258 -1.0815 1.7085 44.5018 -4.6696 -5.9432
Car -1 -1 -4.5182 1028.2299 191.9603 1061.9697 211.9726 1.4727 1.6506 3.8887 35.5163 3.0851 58.9065 -3.9785 -6.0389
Car -1 -1 -2.9870 266.5883 177.6656 349.0116 206.8762 1.7196 1.8758 4.4394 -18.5436 2.0249 44.3873 -3.3809 -6.1064
Car -1 -1 -8.2015 580.2783 176.9903 606.4954 189.9346 1.2154 1.4976 3.4053 -1.6729 1.6316 70.7968 -8.2254 -6.1165
Car -1 -1 -4.2658 518.5730 177.4373 558.9583 199.6100 1.6455 1.6500 3.8428 -5.5629 2.0174 56.4985 -4.3639 -6.1180
Car -1 -1 -4.6971 654.1750 181.0168 671.3439 197.8064 1.4972 1.5660 3.7968 4.9886 2.2907 68.2078 -4.6249 -6.1993
Car -1 -1 -5.3331 1006.2712 189.1648 1062.2329 213.1700 1.6305 1.6590 3.8322 31.4702 2.8889 53.6930 -4.8060 -6.3875
Car -1 -1 -4.7454 562.9690 173.6482 581.1450 186.6438 1.2414 1.6596 3.8159 -3.7826 1.3216 71.1373 -4.7986 -6.5229
Car -1 -1 -4.8253 598.3377 175.1071 622.3233 193.0782 1.6998 1.9220 3.8821 -0.0167 1.9269 70.7941 -4.8259 -9.8677
