Car -1 -1 -7.8612 578.3377 170.6059 607.5825 195.2657 1.3006 1.5431 3.4623 -0.9937 1.1817 39.8102 -7.8864 2.9006
Car -1 -1 -7.7656 541.2656 168.7047 570.4888 190.9870 1.4399 1.6292 3.8497 -3.6363 1.1714 48.5610 -7.8402 2.4960
Car -1 -1 -7.7787 257.2925 179.2221 296.1853 208.9597 1.4644 1.5947 3.7812 -17.7472 1.8217 38.4599 -8.2087 -1.1367
Car -1 -1 -4.3804 274.4045 169.1821 341.4897 205.4753 1.5611 1.6212 3.9663 -13.7895 1.4029 33.0650 -4.7729 -1.2820
Car -1 -1 -4.6069 737.7500 173.0063 767.2386 196.1526 1.5308 1.6071 3.8679 9.8426 1.5415 49.8330 -4.4134 -1.7696
Car -1 -1 -2.0664 189.7190 179.4979 257.9319 210.6298 1.5372 1.6355 3.6488 -20.4125 1.9027 38.0376 -2.5562 -1.8191
Car -1 -1 -4.7655 1049.9240 172.2339 1084.1017 200.9255 1.8608 1.7248 4.1409 30.9661 1.8203 49.0239 -4.2052 -2.7395
Car -1 -1 -5.9356 621.1962 170.7031 685.8007 192.2150 1.6217 1.7664 4.6961 3.3510 1.4593 56.1342 -5.8767 -2.8620
Car -1 -1 -4.0570 163.2569 189.1757 244.9848 221.2843 1.4052 1.5683 3.6997 -19.9122 2.2519 35.4989 -4.5653 -3.0784
Car -1 -1 -7.6871 383.0398 173.0978 418.3404 198.0127 1.5770 1.6424 3.7107 -13.8065 1.5934 47.6435 -7.9680 -3.5634
Car -1 -1 -4.9871 609.5370 172.9780 635.6329 188.9094 1.5178 1.6230 3.6522 1.1868 1.5300 70.7432 -4.9708 -3.6238
Car -1 -1 -1.9763 152.4667 186.4148 219.5972 217.7978 1.4580 1.5881 3.7973 -21.6936 2.1827 36.8134 -2.5059 -3.6933
Car -1 -1 -1.9039 91.0968 183.1490 150.7658 211.7464 1.5574 1.6905 4.0358 -28.8925 2.1910 42.5399 -2.4978 -3.7109
Car -1 -1 -4.8212 1194.8412 177.4536 1241.0000 212.5457 1.7380 1.8115 4.5929 32.8287 2.0003 38.7812 -4.1229 -3.7130
Car -1 -1 -4.8894 897.1771 171.5114 925.4419 190.7801 1.6272 1.6139 3.8378 26.2357 1.5135 62.9787 -4.4966 -3.7272
Car -1 -1 -4.3787 259.4847 169.8185 309.0605 196.4473 1.6451 1.6716 4.0844 -21.0360 1.4573 46.6839 -4.8001 -3.8497
Car -1 -1 -2.6895 717.0792 170.4720 765.7092 190.0975 1.5900 1.7018 3.6111 10.9260 1.3967 60.2084 -2.5111 -3.9820
Car -1 -1 -5.1714 377.4588 176.4658 422.4150 198.4048 1.5241 1.6665 3.7431 -15.4006 1.7974 52.7087 -5.4546 -4.1264
Car -1 -1 -2.8998 199.0834 181.0072 283.3195 207.9783 1.5862 1.7132 4.3481 -22.7339 2.1044 44.5608 -3.3694 -4.1311
Car -1 -1 -4.6286 707.8836 173.7049 740.5958 201.3983 1.5542 1.6160 3.6151 6.7379 1.6064 42.5608 -4.4731 -4.1483
Car -1 -1 -4.5342 328.5958 174.7080 373.0280 203.4678 1.4810 1.6272 3.8259 -14.1424 1.5873 39.4374 -4.8767 -4.1614
Car -1 -1 -2.6558 0.0000 179.6654 77.3497 219.0877 1.5838 1.7308 4.2809 -25.5819 1.8855 30.7129 -3.3461 -4.2904
Car -1 -1 -1.7532 0.0000 176.0895 47.3750 213.0889 1.6622 1.6374 3.7752 -28.5134 1.8253 34.5828 -2.4390 -4.5054
Car -1 -1 -4.7890 1059.7546 179.1172 1097.5699 207.5172 1.6533 1.6570 4.0617 29.2321 2.0638 45.1460 -4.2178 -4.5188
Car -1 -1 -7.5620 425.3781 169.2919 458.1406 187.4079 1.5256 1.7046 3.9731 -14.6233 1.2253 62.8010 -7.7901 -4.6013
Car -1 -1 -7.5176 325.2489 168.2957 361.4345 187.6493 1.7404 1.7469 4.5686 -24.7918 1.3302 67.1816 -7.8700 -4.6180
Car -1 -1 -7.7578 114.6804 181.1305 156.2023 210.5355 1.4525 1.5323 3.2985 -25.2958 1.9145 38.4813 -8.3364 -4.8451
Car -1 -1 -4.5179 340.1828 168.9030 372.2017 188.5033 1.4967 1.6685 3.8914 -20.0825 1.1947 57.1430 -4.8546 -4.9105
Car -1 -1 -4.6391 795.7748 176.8708 814.0475 192.1416 1.4366 1.4779 3.6179 19.1400 1.8416 70.8552 -4.3766 -4.9261
Car -1 -1 -5.0176 603.1115 171.8269 636.6194 192.2179 1.5814 1.6159 3.8138 0.7296 1.5014 58.0170 -5.0055 -4.9730
Car -1 -1 -4.8724 1170.3944 187.2800 1214.4565 213.7435 1.5476 1.5951 3.8758 37.4729 2.5195 46.5438 -4.1982 -4.9908
Car -1 -1 -4.8915 183.2197 178.7063 222.1376 206.1972 1.6646 1.5591 3.6398 -26.2498 2.0560 46.3962 -5.4041 -5.0128
Car -1 -1 -2.5837 180.1252 177.4306 298.3553 215.5815 1.4702 1.6672 3.9536 -14.9165 1.6605 29.0477 -3.0546 -5.0510
Car -1 -1 -3.9931 1134.5358 173.6957 1215.4304 204.5095 1.6103 1.5324 3.4670 30.3580 1.6566 38.8493 -3.3338 -5.1141
Car -1 -1 -7.8836 419.7685 168.2460 439.9795 187.1576 1.7206 1.7164 4.3902 -17.0204 1.3010 67.9912 -8.1282 -5.2244
Car -1 -1 -6.9038 937.6082 175.7055 990.2790 196.3946 1.6157 1.5787 3.5233 28.2671 1.8477 57.7153 -6.4508 -5.3248
Car -1 -1 -2.8510 0.0000 185.6825 27.1747 280.2665 1.5244 1.6764 4.3603 -14.2217 1.8026 13.8874 -3.6387 -5.3577
Car -1 -1 -4.2791 292.9924 176.5526 341.7150 202.3603 1.6630 1.5774 3.8902 -19.8601 1.9243 49.0452 -4.6623 -5.3623
Car -1 -1 -7.6859 404.0966 164.3999 439.7434 190.2448 1.8548 1.8420 4.5991 -14.0863 1.2478 54.1529 -7.9394 -5.4258
Car -1 -1 -2.2511 0.0000 177.2669 18.5891 374.0000 1.3959 1.5543 4.1598 -6.0980 1.4256 3.9811 -3.2124 -5.6850
Car -1 -1 -5.0123 1116.0581 178.8177 1169.7394 205.4851 1.6248 1.6965 3.9903 34.6673 2.0317 47.0932 -4.3812 -5.8527
Car -1 -1 -4.9633 1241.0000 168.2242 1241.0000 198.5577 1.4875 1.6408 3.9902 41.4705 1.2602 37.5018 -4.1318 -5.8867
Car -1 -1 -4.9045 1241.0000 176.2594 1241.0000 205.3994 1.6036 1.6732 3.9745 41.4466 1.8130 42.3234 -4.1333 -5.8867
Car -1 -1 -4.9334 1241.0000 171.2259 1241.0000 200.5668 1.5364 1.6589 4.0008 41.4729 1.4509 39.9109 -4.1327 -5.8867
Car -1 -1 -4.8663 1241.0000 178.9787 1241.0000 206.4152 1.5981 1.7017 4.0164 41.4745 1.9991 45.1282 -4.1267 -5.8867
Car -1 -1 -5.1215 1074.5330 175.2608 1131.2848 198.8854 1.4880 1.6194 4.0640 32.6932 1.6550 48.0291 -4.5270 -5.8867
Car -1 -1 -4.9782 1169.0785 154.6324 1217.3201 185.5875 2.1061 1.7474 3.6434 41.2135 0.8661 51.1114 -4.3026 -5.9210
Car -1 -1 -4.2958 786.9314 172.5851 835.6381 200.6391 1.8451 1.7134 4.1140 13.8374 1.8271 49.5900 -4.0257 -6.2162
Car -1 -1 -7.7042 910.6284 173.7981 939.4831 193.3736 1.5353 1.5663 4.1728 25.7560 1.6150 58.9841 -7.2946 -6.3035
