Car -1 -1 -7.8475 579.3409 182.1134 623.7914 218.9219 1.3075 1.6343 3.5460 -0.3684 1.6932 28.3031 -7.8611 5.8337
Car -1 -1 -7.7439 520.3259 179.7470 561.6974 210.3057 1.3802 1.6306 3.5187 -3.3523 1.7327 35.1595 -7.8387 5.2298
Car -1 -1 -4.5511 391.4178 179.7632 429.0730 205.0780 1.4347 1.6079 3.8819 -12.1665 1.8751 44.0093 -4.8197 3.1399
Car -1 -1 -7.2789 164.2984 182.3853 262.8373 225.9089 1.5404 1.5850 3.7669 -15.4838 1.9399 28.3257 -7.7754 -1.1383
Car -1 -1 -7.5473 131.3802 184.3874 217.3823 226.9383 1.4837 1.6663 4.3850 -17.2600 1.9800 28.7443 -8.0842 -2.1572
Car -1 -1 -4.3520 171.1240 186.5057 222.3610 212.2439 1.4753 1.5835 3.7114 -25.9621 2.3708 45.3903 -4.8692 -3.0694
Car -1 -1 -7.8347 546.6525 169.2775 565.6329 188.8387 1.8041 1.7249 3.9474 -5.1116 1.4739 68.5644 -7.9091 -3.1060
Car -1 -1 -4.2298 325.2753 179.5058 387.3331 205.8649 1.4784 1.7012 4.4242 -15.3997 1.9046 43.9502 -4.5652 -3.3911
Car -1 -1 -4.5894 165.2505 190.0351 202.3595 215.2762 1.4622 1.6070 3.7816 -27.5350 2.6216 46.6485 -5.1204 -3.4770
Car -1 -1 -2.9311 132.3733 183.5292 211.1593 213.1750 1.5900 1.6571 3.5615 -24.8918 2.2172 41.0451 -3.4736 -3.5864
Car -1 -1 -4.6177 270.6130 180.0685 315.9273 214.3346 1.5585 1.6612 4.3744 -15.8303 1.9429 36.1386 -5.0281 -3.7321
Car -1 -1 -4.8218 691.8791 179.1223 726.5208 206.6512 1.5049 1.5933 3.7468 5.7198 1.8877 42.1983 -4.6885 -3.7478
Car -1 -1 -4.8658 134.4946 190.3577 174.1521 216.1460 1.4689 1.5779 3.6902 -28.8581 2.6212 45.6026 -5.4276 -3.7599
Car -1 -1 -4.6653 554.9807 176.8207 589.9220 207.4208 1.4948 1.6368 4.3136 -1.9625 1.7151 37.9671 -4.7171 -3.7733
Car -1 -1 -7.8838 393.2508 179.2534 424.8252 208.5463 1.5269 1.5945 3.5866 -11.3250 1.9023 40.4109 -8.1557 -3.8525
Car -1 -1 -6.3850 342.1883 178.7296 390.3040 196.6733 1.5761 1.6822 4.0219 -22.3238 2.1265 66.0228 -6.7101 -3.9068
Car -1 -1 -5.6460 47.8165 177.6149 181.0218 218.1439 1.4374 1.5961 3.8755 -18.2981 1.6188 26.6709 -6.2428 -4.0785
Car -1 -1 -4.7445 557.5956 180.2783 584.1210 203.5251 1.4735 1.6665 4.1302 -2.7389 2.0016 49.2247 -4.8002 -4.0939
Car -1 -1 -4.4182 467.2887 177.7392 494.0169 193.3595 1.4278 1.5209 3.6656 -12.3675 1.9080 69.0568 -4.5950 -4.1032
Car -1 -1 -4.2703 439.7283 178.3597 473.3326 193.5406 1.4143 1.6450 4.0821 -15.0735 1.9722 70.9763 -4.4792 -4.1178
Car -1 -1 -3.5453 795.2444 187.6391 858.8855 212.5934 1.4977 1.5539 3.5080 13.6077 2.4482 45.4307 -3.2567 -4.1551
Car -1 -1 -3.2695 326.1512 179.4288 382.8983 199.8303 1.5662 1.6462 4.1346 -20.6013 2.1108 58.1308 -3.6090 -4.2079
Car -1 -1 -4.7446 567.9733 181.4715 588.6034 200.7631 1.4776 1.5580 3.5332 -2.6311 2.2003 58.7130 -4.7897 -4.3462
Car -1 -1 -4.4495 424.1318 178.0022 475.3231 206.2913 1.5121 1.7503 4.6065 -9.2325 1.8264 41.7601 -4.6661 -4.3986
Car -1 -1 -4.6517 302.2246 178.2982 337.6001 207.7297 1.5307 1.6016 3.8005 -16.2063 1.8503 40.3420 -5.0317 -4.4671
Car -1 -1 -4.4909 491.4537 180.1358 522.1080 201.1162 1.5654 1.6494 3.5867 -8.1416 2.1589 56.9771 -4.6326 -4.5307
Car -1 -1 -4.2929 332.8697 177.8888 367.1295 198.8341 1.9157 1.6470 3.8646 -24.8175 2.4104 68.9394 -4.6376 -4.5667
Car -1 -1 -4.9880 541.3976 180.6734 588.8762 208.3427 1.4899 1.6513 4.3806 -2.7386 1.9758 42.5166 -5.0525 -4.6034
Car -1 -1 -4.4339 660.1151 175.2419 701.6408 200.6584 1.6941 1.7295 4.5953 5.0322 1.8708 51.0101 -4.3366 -4.6079
Car -1 -1 -4.6431 648.5109 180.1094 666.9280 196.4003 1.4721 1.5108 3.5832 4.5479 2.1820 68.7488 -4.5777 -4.6758
Car -1 -1 -4.7687 669.2178 178.0585 700.2614 205.9585 1.5134 1.5647 3.7606 4.2483 1.8281 41.7643 -4.6685 -4.7366
Car -1 -1 -4.8912 425.6744 178.3548 451.0467 194.6410 1.5121 1.7281 4.0167 -16.8526 2.0671 70.6547 -5.1248 -4.8926
Car -1 -1 -4.5901 683.7837 175.2920 719.2215 200.4014 1.6417 1.8900 4.7179 6.3829 1.8195 50.1827 -4.4648 -4.9213
Car -1 -1 -4.3353 60.8991 189.9881 138.0864 223.8503 1.4034 1.6642 3.8400 -24.0220 2.2606 34.0494 -4.9462 -5.1696
Car -1 -1 -5.0184 582.6002 176.7249 625.4088 199.0300 1.3757 1.6134 4.2241 -0.4803 1.6426 47.5456 -5.0288 -5.3233
Car -1 -1 -4.8397 454.3287 178.0364 475.8675 194.0948 1.4594 1.5343 3.9035 -13.9045 1.9698 69.0183 -5.0380 -5.4691
Car -1 -1 -5.0037 1048.3698 193.1430 1104.5156 224.9612 1.5164 1.5659 3.5194 24.9218 2.6587 38.7258 -4.4360 -5.9126
Car -1 -1 -3.9882 208.5450 179.9868 285.0137 207.6407 1.4301 1.5777 4.0036 -20.3612 1.8519 40.5554 -4.4511 -6.0643
Car -1 -1 -4.6606 946.4197 189.1303 976.8817 213.8704 1.3958 1.5429 3.8014 22.1323 2.4662 45.4269 -4.2104 -6.0863
Car -1 -1 -5.5301 598.6094 181.2214 658.2524 205.3633 1.5511 1.6652 4.0718 1.2054 2.1516 49.7808 -5.5065 -6.3191
Car -1 -1 -5.2585 619.4988 176.3282 658.9585 195.9304 1.7585 1.8279 4.1114 2.6872 2.0952 67.7626 -5.2195 -6.4697
Car -1 -1 -4.5827 541.0578 169.6883 560.7332 187.0868 1.6881 1.5464 3.2136 -5.8664 1.3807 71.6517 -4.6644 -6.8679
