Car -1 -1 -7.8270 585.5469 173.4154 607.1223 191.0245 1.3362 1.5987 3.8127 -1.0745 1.3815 56.7841 -7.8462 0.7708
Car -1 -1 -8.3212 658.2514 174.0660 709.9470 199.3992 1.5992 1.6857 4.2369 4.8413 1.6834 48.0458 -8.2218 -0.6242
Car -1 -1 -4.5494 425.4792 169.6807 456.1330 192.9760 1.8064 1.7246 4.3306 -13.6194 1.5600 58.1682 -4.7787 -1.8929
Car -1 -1 -7.3469 291.3464 175.2950 368.5324 209.3170 1.5560 1.6626 4.2915 -13.7362 1.6836 35.5618 -7.7133 -2.6917
Car -1 -1 -4.5848 19.9247 204.8115 86.4795 250.4961 1.4116 1.5148 3.4235 -20.6091 2.6788 26.7585 -5.2365 -2.7633
Car -1 -1 -4.2648 322.2805 181.7142 369.1765 203.8256 1.5364 1.6441 4.1874 -19.7547 2.2262 54.0342 -4.6141 -2.8460
Car -1 -1 -8.0469 661.8846 173.0070 709.5894 207.3234 1.6134 1.6194 3.9622 3.6746 1.6211 35.9882 -7.9465 -2.9146
Car -1 -1 -4.7288 309.0227 175.4017 333.4033 197.5333 1.6398 1.6962 4.4372 -22.6224 1.8469 56.3804 -5.1090 -2.9635
Car -1 -1 -4.6306 675.6277 174.4070 707.8181 202.0894 1.5956 1.6357 3.9597 4.9795 1.6944 43.9250 -4.5190 -3.0266
Car -1 -1 -7.9219 559.9092 171.0135 578.9287 186.1866 1.3916 1.5524 3.4854 -3.8667 1.2225 68.0010 -7.9788 -3.0672
Car -1 -1 -4.7524 371.6702 175.4366 392.4224 193.2713 1.5619 1.6489 4.0515 -20.8989 1.8057 66.0075 -5.0581 -3.3134
Car -1 -1 -4.4279 0.0000 195.4467 84.2322 238.6362 1.4350 1.6376 4.2029 -22.5036 2.4004 28.5881 -5.0904 -3.4953
Car -1 -1 -4.2795 548.2161 174.3122 587.8108 194.6529 1.4749 1.5129 3.8723 -3.1696 1.5893 54.6934 -4.3375 -3.8800
Car -1 -1 -4.8424 342.9108 176.8974 376.4781 202.6494 1.6270 1.6339 3.8909 -16.8389 1.9095 48.3541 -5.1761 -3.9163
Car -1 -1 -4.7191 352.0676 175.9270 370.6856 193.1364 1.5324 1.5914 3.6439 -23.0962 1.8256 66.9386 -5.0504 -4.0561
Car -1 -1 -2.9219 225.8170 182.1552 322.7290 214.3044 1.4015 1.6321 3.7944 -15.4758 1.8464 33.3431 -3.3537 -4.1245
Car -1 -1 -2.1785 296.9145 177.2820 356.3689 204.0006 1.7056 1.6851 4.0948 -19.1004 2.0143 48.5081 -2.5521 -4.1844
Car -1 -1 -5.0837 808.3903 183.0400 842.7444 200.6578 1.5903 1.7018 4.4007 20.8465 2.6103 70.0106 -4.7959 -4.2063
Car -1 -1 -4.6930 197.5388 186.2766 248.0578 230.7823 1.5230 1.6238 3.8186 -15.0135 2.0823 28.0101 -5.1814 -4.4434
Car -1 -1 -4.9444 938.3160 173.9507 966.4230 190.4762 1.5687 1.6453 3.8262 33.5380 1.6791 70.8044 -4.5039 -4.5169
Car -1 -1 -4.4984 696.7537 177.2613 723.5696 193.5234 1.5003 1.7169 4.2786 9.7462 1.9423 70.1187 -4.3613 -4.6109
Car -1 -1 -4.5099 280.4737 179.1960 315.8873 200.8795 1.5584 1.6718 4.2500 -23.9244 2.0650 55.4223 -4.9160 -4.6645
Car -1 -1 -6.4693 538.1664 172.9642 589.7530 191.0465 1.5530 1.6747 4.2816 -4.0743 1.5626 63.3266 -6.5336 -4.6874
Car -1 -1 -4.4243 580.0593 174.3040 607.9144 192.1133 1.5373 1.5306 3.6115 -1.4254 1.6707 64.5448 -4.4467 -4.7091
Car -1 -1 -4.0763 0.0000 202.3655 56.3935 251.0536 1.4017 1.6181 3.9923 -21.6990 2.5199 25.2998 -4.7802 -4.8270
Car -1 -1 -7.9641 217.6584 178.4864 261.6513 215.0192 1.6724 1.5369 3.6970 -18.3481 1.9653 35.6020 -8.4372 -4.9684
Car -1 -1 -5.1181 595.4139 171.9192 637.9263 193.3240 1.5882 1.7165 4.3225 0.4395 1.5185 55.8606 -5.1107 -4.9889
Car -1 -1 -4.9093 1138.1599 184.7120 1179.4152 210.3997 1.6439 1.5805 3.6170 37.9171 2.4972 49.9686 -4.2636 -5.0792
Car -1 -1 -7.6078 84.0404 165.6861 134.3877 190.7250 1.6261 1.8265 4.2614 -34.0810 1.1603 49.1743 -8.2115 -5.2164
Car -1 -1 -4.6634 341.4764 177.2916 363.7238 196.1792 1.5244 1.5920 3.8041 -21.8427 1.9134 61.2481 -5.0048 -5.3278
Car -1 -1 -4.9015 1066.8865 190.1804 1100.9069 210.2030 1.4681 1.5810 3.9703 38.5024 2.9296 58.7391 -4.3241 -5.3633
Car -1 -1 -4.7093 1196.5270 185.8675 1227.7198 211.6434 1.6624 1.6237 3.4864 41.9070 2.6024 50.2725 -4.0178 -5.7961
Car -1 -1 -4.9428 1241.0000 167.5805 1241.0000 196.0611 1.4603 1.6350 3.9859 41.4688 1.1896 39.1119 -4.1321 -5.8867
Car -1 -1 -4.6923 1057.3413 174.3116 1079.8843 191.6665 1.5101 1.6516 3.9951 41.4772 1.6459 65.2616 -4.1285 -5.8867
Car -1 -1 -4.6718 1035.9331 173.3314 1057.9060 189.3391 1.4698 1.6331 3.9952 41.4728 1.5162 68.4919 -4.1295 -5.8867
Car -1 -1 -4.7165 1078.0658 174.8163 1101.7535 193.4286 1.5441 1.6606 3.9990 41.4788 1.7194 62.4376 -4.1326 -5.8867
Car -1 -1 -4.8750 1241.0000 171.6365 1241.0000 197.8052 1.5312 1.6610 3.9994 41.4711 1.4597 44.3459 -4.1267 -5.8867
Car -1 -1 -4.9013 1241.0000 168.1037 1241.0000 195.2726 1.4991 1.6559 4.0034 41.4668 1.2367 41.9380 -4.1253 -5.8867
Car -1 -1 -7.3772 1008.8489 170.3749 1047.7991 186.5209 1.5326 1.6488 3.9715 40.7232 1.2970 70.2561 -6.8540 -5.8867
Car -1 -1 -8.1668 1179.7573 190.3669 1241.0000 220.3234 1.3833 1.6082 3.8017 31.4824 2.3504 37.7938 -7.4767 -6.1848
Car -1 -1 -5.3889 0.0000 187.8263 13.5268 308.7813 1.6180 1.8140 4.3353 -11.9805 1.8681 10.9909 -6.2052 -6.4932
