Car -1 -1 -7.8331 585.0035 182.9852 623.3633 215.9256 1.2986 1.5676 3.3215 -0.2624 1.7590 31.1420 -7.8421 5.2328
Car -1 -1 -7.7619 531.8389 182.5701 569.3758 209.6009 1.3106 1.6571 3.5054 -3.1225 1.8459 38.0120 -7.8439 4.9489
Car -1 -1 -4.6793 132.0953 185.2610 165.0155 214.1033 1.7669 1.7115 4.5737 -31.1066 2.6449 48.6748 -5.2457 -0.8735
Car -1 -1 -4.8087 458.1267 178.1690 481.3860 196.2105 1.5086 1.6319 4.0672 -12.4516 1.9943 63.8005 -5.0010 -1.7815
Car -1 -1 -6.6940 785.0496 180.1185 830.7574 197.8483 1.6765 1.6859 3.9472 19.2360 2.3950 70.2661 -6.4283 -2.6909
Car -1 -1 -4.7209 165.7900 185.5650 200.6249 212.6061 1.4438 1.7093 4.3324 -25.4668 2.2411 42.9807 -5.2533 -2.9295
Car -1 -1 -7.3695 95.9081 187.1097 203.9263 236.4301 1.4488 1.5346 3.5819 -15.2794 1.9611 24.1044 -7.9297 -3.0114
Car -1 -1 -8.3291 851.6517 188.4789 947.8141 237.8044 1.4657 1.5937 3.4323 9.6276 2.0317 24.3634 -7.9577 -3.2802
Car -1 -1 -4.1114 558.0771 179.0638 631.3462 209.4301 1.5287 1.7529 4.5711 -0.8063 1.8906 39.6946 -4.1322 -3.4832
Car -1 -1 -4.6604 264.2699 182.6091 291.6708 203.9685 1.4778 1.6532 4.0727 -24.8945 2.2390 54.1259 -5.0899 -3.7434
Car -1 -1 -4.6601 555.1210 178.7143 588.5579 206.8725 1.4850 1.6788 4.4305 -2.1642 1.8373 41.1905 -4.7128 -3.7892
Car -1 -1 -5.4137 489.1185 182.9524 541.7328 207.1666 1.5794 1.6212 3.7316 -6.6698 2.3113 50.4647 -5.5449 -3.8463
Car -1 -1 -7.6295 68.9775 190.2135 155.9436 239.6370 1.4188 1.5754 3.7961 -16.6182 2.0504 24.2107 -8.2261 -3.9818
Car -1 -1 -7.3331 143.4700 185.4671 204.7069 212.1292 1.6608 1.8306 3.9216 -29.4283 2.5481 48.7963 -7.8736 -3.9903
Car -1 -1 -4.0387 265.0856 180.9111 336.3347 210.8167 1.4521 1.5824 3.5377 -16.2474 1.8974 37.9843 -4.4407 -4.0029
Car -1 -1 -4.8439 1181.3931 181.0043 1239.8940 216.4257 1.5305 1.6177 3.8031 28.3113 1.9391 34.1587 -4.1565 -4.1156
Car -1 -1 -4.2336 144.0134 185.4749 239.9692 227.7001 1.5331 1.7115 4.0323 -16.9815 2.0841 29.4712 -4.7527 -4.1723
Car -1 -1 -4.1160 92.5374 182.1140 162.0019 212.5332 1.7065 1.6952 3.6843 -29.0206 2.2877 43.4558 -4.7022 -4.1975
Car -1 -1 -4.7849 559.0630 181.2314 592.7200 207.8876 1.5142 1.7502 4.5934 -2.2066 2.0626 44.8723 -4.8343 -4.2182
Car -1 -1 -7.4154 208.9272 183.2230 297.3171 224.6766 1.5985 1.7423 4.2813 -15.2713 2.0755 31.0549 -7.8693 -4.2452
Car -1 -1 -4.9995 553.8494 180.0672 589.6454 201.8265 1.4608 1.5789 3.6873 -2.8116 1.9980 51.7682 -5.0539 -4.3640
Car -1 -1 -4.5504 822.3851 192.7369 862.5735 220.3862 1.4669 1.6897 4.0782 14.0669 2.7299 43.6451 -4.2413 -4.3650
Car -1 -1 -7.4785 532.7856 173.8059 567.1978 193.8396 1.6216 1.6336 3.7149 -5.0290 1.7039 60.6083 -7.5613 -4.4699
Car -1 -1 -4.7854 676.7645 179.8506 699.3176 198.9546 1.5624 1.6552 3.8144 6.6907 2.1856 62.3612 -4.6794 -4.4855
Car -1 -1 -5.3756 677.2856 180.1467 727.4922 202.4950 1.5518 1.5884 3.9627 6.7867 2.1144 53.5844 -5.2508 -4.5158
Car -1 -1 -7.9141 472.6427 180.9853 502.2351 205.9656 1.6284 1.8115 3.7185 -8.6192 2.2184 50.3638 -8.0831 -4.8381
Car -1 -1 -4.3935 225.3535 187.3239 295.5300 220.7973 1.4094 1.7528 4.3010 -16.6773 2.1472 34.5648 -4.8404 -4.8535
Car -1 -1 -4.6444 631.7921 182.7686 656.2850 203.2337 1.4090 1.5655 3.8373 2.5302 2.1727 53.6054 -4.5980 -5.0159
Car -1 -1 -4.8751 732.9467 178.0883 763.6628 200.9132 1.5565 1.5306 4.0647 9.9309 1.9497 52.1951 -4.6886 -5.2774
Car -1 -1 -4.7046 457.9984 178.8825 477.4763 197.1967 1.4229 1.5217 3.5599 -11.6816 1.9330 59.1947 -4.8989 -5.3174
Car -1 -1 -4.3216 521.3925 179.2243 565.9686 201.1466 1.4768 1.6908 4.3407 -4.7792 1.9586 52.2803 -4.4127 -5.3227
Car -1 -1 -3.3814 314.1887 185.7512 410.3644 237.4120 1.4337 1.4051 2.5028 -7.5698 1.8479 21.9221 -3.7106 -5.3524
Car -1 -1 -4.9921 457.7579 177.4162 486.9767 193.7958 1.4703 1.6351 4.1248 -13.0608 1.9152 68.2073 -5.1809 -5.6185
Car -1 -1 -4.7818 594.9304 178.1727 622.2057 199.7896 1.4030 1.5958 4.1642 -0.1690 1.7871 50.0159 -4.7856 -5.7639
Car -1 -1 -4.6989 638.1486 181.5747 655.8003 199.3560 1.4709 1.5035 3.5817 3.2426 2.2581 63.3221 -4.6484 -5.7729
Car -1 -1 -4.5490 368.2777 177.4736 397.1509 195.4152 1.4305 1.6630 4.1732 -19.1449 1.8337 60.8363 -4.8529 -5.7872
Car -1 -1 -4.7179 436.2564 179.7100 460.9291 201.8438 1.4416 1.6212 4.2638 -11.3729 1.9441 50.6542 -4.9380 -5.7942
Car -1 -1 -4.8154 582.7891 178.3697 610.9177 200.1171 1.5009 1.6444 4.1063 -1.0336 1.9223 53.0205 -4.8352 -5.8417
Car -1 -1 -4.3786 162.4388 185.1612 208.0944 209.0989 1.5939 1.6385 3.9635 -30.7564 2.5218 52.3107 -4.9081 -5.8541
Car -1 -1 -4.4049 420.3058 177.0528 451.4190 193.7714 1.5008 1.6697 4.1530 -16.3815 1.9084 67.9706 -4.6408 -5.8542
Car -1 -1 -4.8100 490.4542 178.6364 516.1783 197.1548 1.4132 1.6564 4.3037 -8.7510 1.9023 58.7810 -4.9575 -5.8680
Car -1 -1 -4.2013 191.3889 182.4235 242.2024 203.2960 1.4414 1.5894 3.9359 -29.1821 2.1785 53.6221 -4.6978 -5.8867
Car -1 -1 -7.1462 51.5367 0.0000 1241.0000 374.0000 1.5458 1.5903 3.8047 -1.2980 1.6271 1.0039 -7.9392 -5.8867
Car -1 -1 -6.7852 0.0000 0.0000 1241.0000 374.0000 1.5461 1.5888 3.8039 -2.9053 1.6500 1.0041 -7.9391 -5.8867
Car -1 -1 -4.2986 228.5439 180.0952 291.0985 210.0596 1.4888 1.6031 3.8456 -18.7565 1.8969 38.7422 -4.7470 -5.9552
Car -1 -1 -4.3290 369.1870 180.3718 403.6214 195.9292 1.2964 1.5268 4.0343 -19.8726 1.9867 64.2042 -4.6282 -6.2830
Car -1 -1 -4.9808 463.4056 176.4585 496.2293 195.2209 1.5136 1.8327 3.6277 -11.0626 1.8283 61.0205 -5.1597 -7.1166
