Car -1 -1 -7.7523 545.4049 166.6503 570.7196 185.9734 1.4724 1.6353 3.5652 -4.0843 0.9994 56.7869 -7.8240 2.0676
Car -1 -1 -7.8298 575.4637 168.7662 601.1293 190.0705 1.3329 1.5852 3.6493 -1.4138 1.0768 46.9720 -7.8600 1.9091
Car -1 -1 -2.0837 316.4105 167.1738 366.6279 190.0526 1.6650 1.7318 4.1734 -20.3383 1.2513 54.5171 -2.4393 -0.5006
Car -1 -1 -3.1575 1107.9993 178.0790 1179.4001 205.8782 1.6818 1.6610 3.6068 33.9297 2.0271 46.0168 -2.5256 -1.6532
Car -1 -1 -4.6959 1036.6204 179.6992 1067.1416 203.6203 1.5145 1.7128 4.5013 30.2422 2.0052 49.3944 -4.1496 -1.6822
Car -1 -1 -3.5168 500.8745 168.6517 555.0128 190.6623 1.5276 1.6272 3.4949 -5.8967 1.2356 51.6150 -3.6302 -1.9900
Car -1 -1 -4.5691 236.9098 166.7374 272.9360 191.7378 1.7339 1.7324 4.3825 -25.7545 1.3094 52.3926 -5.0242 -2.2761
Car -1 -1 -4.8195 244.5941 168.0084 279.2604 194.5475 1.7180 1.6867 4.1275 -23.6570 1.4041 48.9078 -5.2681 -2.6099
Car -1 -1 -4.7477 982.4802 175.0572 1008.2268 198.0662 1.7626 1.6667 3.9238 30.8104 1.9454 57.8109 -4.2606 -2.8087
Car -1 -1 -1.7936 127.8799 175.4596 191.3143 211.5393 1.6201 1.6977 4.2843 -21.8214 1.7532 34.8267 -2.3500 -3.4576
Car -1 -1 -6.9652 170.5867 174.6467 263.8175 207.0750 1.6190 1.6654 4.2816 -20.9308 1.7203 38.5738 -7.4597 -3.4661
Car -1 -1 -4.6579 331.8324 170.9831 368.7014 200.4001 1.5410 1.6910 4.2447 -14.4042 1.4426 40.0715 -5.0011 -3.7314
Car -1 -1 -4.7433 132.2886 176.2228 169.9471 207.5646 1.5642 1.5817 3.8914 -24.5584 1.7533 38.5065 -5.3080 -3.7617
Car -1 -1 -6.4359 422.3211 170.6496 470.0926 188.5247 1.6942 1.7901 4.2981 -15.9133 1.4850 70.0088 -6.6589 -3.8848
Car -1 -1 -2.5414 662.7222 174.3615 716.1600 193.5299 1.5300 1.6625 4.2029 6.5428 1.6591 59.9057 -2.4335 -4.0475
Car -1 -1 -4.8869 1163.7120 190.2397 1211.0781 217.9643 1.5068 1.6131 3.6369 34.8580 2.6069 43.6858 -4.2172 -4.0572
Car -1 -1 -8.3709 832.3892 174.1688 869.5251 193.6398 1.8540 1.6945 4.0285 23.6896 1.9872 71.1330 -8.0510 -4.1462
Car -1 -1 -5.2046 1191.7533 188.3156 1241.0000 219.4371 1.5794 1.6603 3.9953 35.0143 2.5003 40.8597 -4.5002 -4.1764
Car -1 -1 -4.8063 606.0379 169.3688 627.8171 187.1575 1.5622 1.6206 3.7477 0.5775 1.2558 65.3004 -4.7978 -4.2179
Car -1 -1 -7.6846 405.8837 164.5565 438.7002 186.4891 1.6127 1.7345 4.2699 -14.3526 1.0023 55.2537 -7.9378 -4.2871
Car -1 -1 -4.6913 551.2416 167.0718 575.3170 188.6860 1.5323 1.6911 3.4974 -3.4277 1.1221 52.9346 -4.7559 -4.3830
Car -1 -1 -4.5550 701.7834 174.1724 728.6254 193.2891 1.5415 1.6315 3.9932 8.8459 1.6560 60.6289 -4.4111 -4.5724
Car -1 -1 -7.1420 369.3656 166.5529 430.0308 191.9666 1.6186 1.7582 3.9023 -13.9911 1.2169 48.0935 -7.4239 -4.8049
Car -1 -1 -4.6185 243.0873 181.7038 277.5968 208.0242 1.3969 1.4554 3.5245 -20.0927 1.9287 41.4805 -5.0674 -4.8263
Car -1 -1 -4.2939 816.6840 180.0369 866.2712 205.8277 1.5959 1.5758 4.1915 15.3703 2.0933 47.9017 -3.9857 -4.9209
Car -1 -1 -4.7770 500.0544 164.9178 523.7078 186.1387 1.6492 1.6281 4.0583 -7.9745 1.0322 58.2264 -4.9128 -4.9541
Car -1 -1 -4.7364 910.5640 177.9910 929.9376 195.3020 1.5396 1.5623 3.6408 28.9028 2.0328 67.3288 -4.3329 -5.0605
Car -1 -1 -4.4666 352.7515 169.4893 394.6921 195.2732 1.5423 1.6209 3.7597 -14.7443 1.3407 45.0913 -4.7812 -5.0654
Car -1 -1 -4.2582 561.4821 168.7475 608.2982 191.1987 1.5871 1.7232 4.3579 -1.8329 1.2965 53.3459 -4.2927 -5.1324
Car -1 -1 -4.8456 512.0842 164.7030 545.5489 191.2886 1.7229 1.6773 4.4765 -5.6062 1.1944 49.1358 -4.9589 -5.2697
Car -1 -1 -4.7917 731.6671 173.9225 754.6932 191.9680 1.5505 1.6747 4.3381 11.8471 1.6490 64.5021 -4.6112 -5.3919
Car -1 -1 -4.4524 769.5636 175.5511 807.0348 195.5553 1.4467 1.6619 4.6189 13.6689 1.6620 55.2590 -4.2115 -5.5371
Car -1 -1 -4.5358 721.9014 175.4266 748.2765 191.6758 1.4543 1.7031 4.3599 11.7409 1.7036 67.6583 -4.3650 -5.6720
Car -1 -1 -4.4265 769.4078 176.7932 802.6596 194.6809 1.4776 1.6893 4.2565 15.3462 1.8329 62.8652 -4.1885 -5.7558
Car -1 -1 -4.7474 806.0404 176.7195 827.0734 193.9013 1.4832 1.6832 3.9427 18.6552 1.8443 65.3512 -4.4708 -5.8203
Car -1 -1 -4.8343 1209.0212 172.4332 1241.0000 196.1041 1.5170 1.6543 3.9975 41.4736 1.4897 48.3654 -4.1288 -5.8867
Car -1 -1 -4.9546 1241.0000 168.7832 1241.0000 198.8489 1.4914 1.6446 3.9925 41.4701 1.2891 37.9093 -4.1285 -5.8867
Car -1 -1 -4.9233 1241.0000 169.5435 1241.0000 197.6544 1.4885 1.6440 3.9891 41.4698 1.3129 40.3243 -4.1278 -5.8867
Car -1 -1 -4.8672 1241.0000 170.6888 1241.0000 195.4176 1.4884 1.6420 3.9878 41.4720 1.3578 45.5467 -4.1321 -5.8867
Car -1 -1 -4.8914 1241.0000 168.5209 1241.0000 195.3112 1.5081 1.6572 4.0042 41.4674 1.2639 42.7432 -4.1248 -5.8867
Car -1 -1 -4.6703 1058.7704 176.1439 1082.7994 194.1644 1.5475 1.6647 3.9795 41.4051 1.8525 64.8410 -4.1044 -5.8867
Car -1 -1 -3.5044 0.0000 181.8615 0.0000 374.0000 1.4846 1.6020 3.9503 -7.0824 1.5407 2.5315 -4.6971 -5.8867
Car -1 -1 -4.7585 1132.4293 178.6556 1163.2872 200.1142 1.5531 1.7018 4.0848 41.3473 2.0171 55.5676 -4.1217 -5.8867
Car -1 -1 -4.8079 1181.6399 171.9659 1219.2896 194.5782 1.5249 1.6588 4.0021 41.4721 1.4647 50.7841 -4.1262 -5.8867
Car -1 -1 -7.7334 988.8044 172.1453 1019.0684 198.7078 2.2129 1.7711 4.6068 34.1283 2.1536 62.5013 -7.2360 -6.2364
Car -1 -1 -4.8868 776.8239 176.1708 799.6465 192.0149 1.4991 1.5510 3.7050 17.4801 1.8337 70.9616 -4.6465 -6.3032
Car -1 -1 -4.9278 759.3670 177.1723 783.8076 192.1314 1.4049 1.5667 3.7351 15.7854 1.8390 70.7128 -4.7094 -6.4267
Car -1 -1 -5.2770 0.0000 187.0595 0.0000 365.9814 1.4894 1.7199 4.0680 -8.8893 1.6558 7.3282 -6.1403 -6.5040
Car -1 -1 -5.4950 0.0000 184.4039 9.8785 310.8632 1.5724 1.7331 4.1202 -11.2591 1.7488 10.0901 -6.3218 -6.5774
Car -1 -1 -5.5523 0.0000 185.7810 2.6575 336.9594 1.5945 1.6762 3.8520 -10.1945 1.7712 8.8347 -6.3939 -6.7799
