Car -1 -1 -3.9824 0.0000 193.6632 113.7902 374.0000 1.3879 1.6375 4.2469 -7.6874 1.6758 7.8478 -4.7405 4.7767
Car -1 -1 -4.5576 464.3269 177.7444 501.9346 204.5815 1.4982 1.6515 3.6619 -7.5135 1.8005 42.7996 -4.7308 4.4779
Car -1 -1 -4.4775 364.1826 176.4959 406.9103 202.9033 1.6157 1.7169 4.1991 -14.5562 1.8629 46.8900 -4.7772 -0.8404
Car -1 -1 -4.0214 146.9032 186.7515 216.2907 213.0390 1.5643 1.6095 4.2055 -28.1243 2.5208 47.4703 -4.5541 -2.3068
Car -1 -1 -7.3048 177.9621 181.2686 273.0818 223.4245 1.4418 1.5845 3.4441 -14.4051 1.7788 27.1543 -7.7888 -2.4043
Car -1 -1 -4.7675 233.5487 183.9328 263.6753 208.9001 1.5522 1.6142 3.8040 -24.4659 2.3317 48.7311 -5.2309 -2.4162
Car -1 -1 -5.7567 578.6248 176.8686 662.2070 207.1823 1.5096 1.5974 4.1809 0.4895 1.7314 38.1560 -5.7445 -2.5771
Car -1 -1 -4.5732 605.5109 179.7625 632.3098 200.1348 1.5340 1.5961 4.1542 0.7251 2.1096 57.9777 -4.5612 -3.0305
Car -1 -1 -4.4882 159.6166 202.0019 205.8523 231.1030 1.4868 1.5885 3.6033 -25.2838 3.2922 42.7427 -5.0200 -3.2446
Car -1 -1 -4.4663 779.7027 187.0605 819.8975 212.8047 1.5685 1.7024 3.9829 12.7612 2.5654 48.4946 -4.2112 -3.2857
Car -1 -1 -3.6267 576.4430 179.3164 661.2212 210.6328 1.4387 1.5733 3.8714 0.4034 1.7696 35.3866 -3.6160 -3.4580
Car -1 -1 -4.7635 629.3745 175.3386 655.8113 198.8632 1.5377 1.6027 3.9919 2.1717 1.7151 49.5900 -4.7204 -3.5056
Car -1 -1 -3.8254 165.6742 198.0210 247.7636 228.8422 1.4780 1.6277 3.8006 -22.3353 2.9465 40.0429 -4.3317 -3.5376
Car -1 -1 -7.9829 398.3917 178.4098 421.5944 196.2866 1.6781 1.6864 4.1877 -19.8336 2.2449 71.3913 -8.2532 -3.6584
Car -1 -1 -5.1863 416.6958 175.8668 464.8718 198.1627 1.5360 1.6747 4.1973 -12.3610 1.7636 52.4283 -5.4171 -3.8014
Car -1 -1 -4.2042 455.9642 178.0600 491.6812 193.5268 1.4450 1.6680 4.1152 -13.3996 1.9739 71.1198 -4.3901 -3.9846
Car -1 -1 -6.8469 977.1608 194.4285 1037.6097 216.1204 1.5053 1.6552 3.5460 29.0640 3.1143 52.8802 -6.3474 -4.0234
Car -1 -1 -5.2935 491.6934 176.8478 554.8137 203.6153 1.5065 1.6839 4.2994 -5.3067 1.7587 43.4445 -5.4148 -4.1809
Car -1 -1 -4.9938 437.1003 179.6508 466.4148 195.8767 1.5029 1.7297 4.1457 -15.6051 2.1919 70.9383 -5.2099 -4.1895
Car -1 -1 -7.8995 654.3405 177.3426 694.0469 211.3998 1.4270 1.6012 3.8118 2.8119 1.6420 32.6787 -7.8150 -4.2320
Car -1 -1 -5.2729 627.1511 179.9065 662.6302 196.3157 1.5149 1.6315 3.9067 3.3591 2.2245 70.5219 -5.2259 -4.2525
Car -1 -1 -5.0064 341.0637 178.4120 374.9809 200.9537 1.8785 1.7666 3.8472 -22.1281 2.3812 63.2267 -5.3421 -4.3089
Car -1 -1 -4.5855 0.0000 173.4325 32.3686 198.1455 1.6201 1.7070 3.9711 -41.0586 1.6612 49.5360 -5.2751 -4.3912
Car -1 -1 -4.4328 381.9459 177.4267 422.8411 200.4187 1.5133 1.6981 4.0009 -14.4443 1.8444 50.2889 -4.7114 -4.6640
Car -1 -1 -7.4116 0.0000 181.7837 110.5013 259.7990 1.4390 1.5920 3.5459 -12.5836 1.6560 15.6514 -8.0806 -4.6860
Car -1 -1 -4.6516 308.4435 180.5697 337.3530 207.0397 1.5498 1.4784 3.2717 -17.9328 2.0506 45.0710 -5.0286 -4.7482
Car -1 -1 -7.8133 293.2636 178.2339 321.1454 203.5891 1.6623 1.6361 3.6231 -21.0296 2.0505 50.1281 -8.2089 -4.8504
Car -1 -1 -7.9478 578.3722 175.3860 598.6172 190.9372 1.4126 1.5544 3.8348 -2.0782 1.6586 68.1894 -7.9785 -4.8560
Car -1 -1 -4.3632 412.2420 180.0576 442.4477 195.9588 1.4844 1.6703 3.8539 -17.9974 2.2146 71.1723 -4.6103 -5.0114
Car -1 -1 -7.7270 886.7930 192.6734 919.2000 218.7024 1.5562 1.5562 3.7484 19.5775 2.9358 48.2228 -7.3442 -5.1515
Car -1 -1 -5.6143 187.1209 193.5382 256.3667 220.3066 1.5833 1.5435 3.6776 -24.4622 2.9165 45.4355 -6.1061 -5.1613
Car -1 -1 -4.5953 364.3696 180.7740 388.3015 201.4785 1.6806 1.5372 3.6697 -20.0733 2.3824 62.0096 -4.9075 -5.2619
Car -1 -1 -4.7186 560.7749 178.7941 582.7792 199.6068 1.5459 1.6704 4.1282 -3.0572 2.0314 56.9074 -4.7724 -5.3568
Car -1 -1 -4.5550 692.2145 180.3735 714.2484 196.5049 1.5195 1.6512 3.4663 9.2587 2.2854 71.6285 -4.4275 -5.4652
Car -1 -1 -4.5171 619.6255 178.2029 652.5621 201.9284 1.6708 1.6715 4.2932 1.9714 2.0886 54.1205 -4.4814 -5.5615
Car -1 -1 -2.1998 0.0000 193.9143 33.3009 374.0000 1.3993 1.5733 4.0708 -5.9797 1.5409 4.0743 -3.1415 -5.6176
Car -1 -1 -4.5213 535.8179 179.0703 572.6537 203.7782 1.4165 1.5631 3.8102 -3.4162 1.8153 44.3437 -4.5982 -5.6766
Car -1 -1 -4.8217 1180.0237 181.9929 1219.1252 205.9105 1.5633 1.7081 3.8221 41.4305 2.2327 50.8105 -4.1409 -5.6784
Car -1 -1 -7.3385 0.0000 182.8871 41.3882 317.5045 1.4583 1.6175 4.0774 -10.1773 1.6317 10.3160 -8.1042 -5.7257
Car -1 -1 -4.7421 473.8542 177.1756 502.6064 203.3468 1.5642 1.6823 3.9340 -7.8173 1.8514 45.9103 -4.9102 -5.7543
Car -1 -1 -7.6781 1089.8635 193.9763 1140.4327 224.1130 1.5536 1.7115 4.3675 29.6565 2.8565 42.3649 -7.0713 -5.8014
Car -1 -1 -4.9695 1214.1544 184.7882 1241.0000 209.8184 1.5246 1.6278 3.6150 41.6032 2.3480 47.8194 -4.2571 -5.8168
Car -1 -1 -4.6546 566.4480 177.8096 595.6179 201.4461 1.3729 1.5811 4.0580 -1.7930 1.6944 44.8084 -4.6948 -5.8691
Car -1 -1 -5.1809 928.1400 181.5171 975.4164 205.0940 1.6826 1.6701 3.8706 25.9112 2.3650 54.8944 -4.7424 -5.8727
Car -1 -1 -4.7664 1133.8910 172.6003 1164.2474 192.6694 1.4878 1.6450 3.9915 41.4735 1.4687 55.6092 -4.1284 -5.8867
Car -1 -1 -4.9320 1241.0000 167.4541 1241.0000 195.3774 1.4629 1.6357 3.9881 41.4687 1.1797 39.9176 -4.1314 -5.8867
Car -1 -1 -5.1541 1026.9999 178.7448 1077.8674 201.9523 1.6014 1.6369 3.9377 32.3167 2.0494 52.8694 -4.6083 -5.8867
Car -1 -1 -4.7872 1156.7322 173.2270 1190.5287 194.6030 1.5109 1.6527 3.9921 41.4735 1.5392 53.1943 -4.1280 -5.8867
Car -1 -1 -4.8814 1241.0000 167.9174 1241.0000 194.1807 1.5077 1.6606 4.0093 41.4663 1.2240 43.5493 -4.1240 -5.8867
Car -1 -1 -4.9459 1167.6102 191.1811 1225.0256 221.3025 1.3858 1.5938 3.1141 30.0144 2.3715 37.0708 -4.2698 -5.9177
Car -1 -1 -4.9355 1082.2164 188.4985 1124.1635 209.4697 1.3229 1.5878 3.9435 34.6382 2.4704 50.8117 -4.3404 -5.9195
Car -1 -1 -4.4189 0.0000 178.0146 6.5452 200.3856 1.3910 1.6136 3.6949 -41.6864 1.7471 47.8119 -5.1333 -6.0486
Car -1 -1 -7.8172 494.9007 172.8440 514.4799 190.4359 1.6781 1.7566 4.1095 -10.3474 1.6769 70.9657 -7.9618 -6.1992
Car -1 -1 -4.6300 818.8452 188.7245 844.0020 209.5708 1.4529 1.5378 4.1106 17.1311 2.7287 55.8230 -4.3343 -6.6132
