Car -1 -1 -4.2458 124.2782 184.6765 312.0017 269.1977 1.4116 1.6470 4.0740 -7.7541 1.6852 14.6700 -4.7250 6.7817
Car -1 -1 -4.6241 482.2002 175.3458 512.5976 199.7560 1.5943 1.7298 3.8213 -7.7140 1.7717 49.4908 -4.7783 1.7154
Car -1 -1 -7.8245 581.4710 175.8185 599.1777 189.6710 1.2751 1.5888 3.7108 -1.8807 1.5662 69.0703 -7.8520 -0.5030
Car -1 -1 -5.1511 749.6058 184.4492 795.6245 208.6903 1.6032 1.6586 4.0436 11.6173 2.4722 51.9358 -4.9328 -0.8968
Car -1 -1 -4.9423 251.8165 178.4273 288.9623 201.5766 1.5773 1.6187 3.7362 -24.5662 1.9944 52.0763 -5.3813 -1.1057
Car -1 -1 -4.4720 391.3784 174.4192 427.9285 196.5697 1.5525 1.6756 3.9950 -14.6615 1.6713 52.8794 -4.7414 -1.7332
Car -1 -1 -4.6543 0.0000 207.4928 57.2587 252.1936 1.4446 1.6022 3.5303 -22.7169 2.8881 28.1716 -5.3285 -2.9847
Car -1 -1 -4.7588 621.7514 175.2625 654.8123 206.8308 1.4781 1.4688 3.3929 1.3222 1.6029 35.7490 -4.7227 -3.2463
Car -1 -1 -7.6684 193.5811 177.6582 231.9383 201.7717 1.5590 1.6055 3.9362 -27.2901 1.9031 49.6135 -8.1693 -3.2963
Car -1 -1 -4.5598 273.1630 179.9655 303.5625 201.1850 1.6943 1.6907 4.5929 -27.4699 2.3260 61.6842 -4.9774 -3.5205
Car -1 -1 -2.2962 247.9276 180.0068 308.7454 202.6472 1.6070 1.6923 4.3167 -24.8089 2.1573 53.8994 -2.7260 -3.7545
Car -1 -1 -5.1167 598.0308 177.3314 629.9619 193.4244 1.5047 1.6935 3.9983 0.3400 1.9575 70.8448 -5.1123 -3.8426
Car -1 -1 -6.4975 345.6418 176.6580 409.1063 200.5261 1.5371 1.6377 3.8137 -15.7104 1.8021 48.6621 -6.8085 -3.8703
Car -1 -1 -4.6332 620.1912 182.2107 649.1017 206.5384 1.3737 1.4950 3.4606 1.4981 1.9665 43.9323 -4.5999 -3.9181
Car -1 -1 -4.4153 615.5287 177.8274 653.2128 200.7568 1.6052 1.6544 4.1909 1.8305 1.9909 53.7402 -4.3820 -4.0006
Car -1 -1 -3.8662 293.0466 181.1964 350.9703 204.7860 1.7419 1.6785 4.2013 -22.7686 2.4282 57.1267 -4.2442 -4.2727
Car -1 -1 -3.0910 576.6908 177.4802 628.5730 200.7225 1.6904 1.6848 3.7867 -0.5508 2.0407 53.7606 -3.1017 -4.5535
Car -1 -1 -7.4234 242.2934 183.9988 319.2651 219.3384 1.3924 1.5716 3.9058 -14.3678 1.9108 31.6230 -7.8470 -4.6007
Car -1 -1 -4.3305 782.5626 193.0345 835.9715 222.0345 1.4320 1.5946 3.7860 11.1546 2.6170 40.3886 -4.0637 -4.7086
Car -1 -1 -4.6919 623.8936 176.9501 651.4266 205.2387 1.4613 1.4440 3.7183 1.5192 1.6972 39.7188 -4.6545 -4.7921
Car -1 -1 -4.8107 1158.8093 202.7811 1214.7013 238.8996 1.4602 1.6762 4.4885 28.1612 3.0251 35.3947 -4.1435 -4.9954
Car -1 -1 -4.8252 519.3210 176.2474 549.5236 198.0480 1.3943 1.5709 4.2142 -5.2113 1.6352 49.0675 -4.9308 -5.0953
Car -1 -1 -7.5400 262.8524 176.2879 297.2857 194.1328 1.5385 1.6286 4.1334 -29.7752 1.8586 65.1795 -7.9672 -5.2623
Car -1 -1 -4.6965 645.1392 174.7984 678.0134 205.7456 1.4664 1.5687 4.0063 2.5962 1.5701 36.5115 -4.6266 -5.3353
Car -1 -1 -4.5793 672.2666 189.5305 709.8054 217.6830 1.4259 1.6134 4.1005 4.6501 2.4310 41.3170 -4.4687 -5.3532
Car -1 -1 -7.9281 480.8782 171.7042 504.1442 191.4245 1.6768 1.7261 3.9909 -10.3899 1.5787 63.4920 -8.0900 -5.3945
Car -1 -1 -4.6567 170.2686 186.1469 265.6638 253.2271 1.3702 1.8157 4.8639 -9.8515 1.7557 18.3528 -5.1436 -5.5378
Car -1 -1 -4.8262 1095.4169 190.6084 1141.9908 217.6990 1.3453 1.6874 3.9872 28.6653 2.4022 40.8099 -4.2178 -5.5525
Car -1 -1 -4.5549 537.7934 177.0496 569.4030 197.9783 1.3413 1.5450 3.9517 -3.8277 1.6383 49.0897 -4.6327 -5.7055
Car -1 -1 -4.8386 1178.4611 184.1950 1219.1833 208.5683 1.5751 1.7149 3.9687 41.3292 2.4062 50.7566 -4.1586 -5.7068
Car -1 -1 -3.9500 0.0000 175.6337 33.6944 225.8088 1.7481 1.8144 4.7856 -25.1404 1.8643 27.8269 -4.6800 -5.7387
Car -1 -1 -4.7467 1112.8119 173.5331 1140.4198 193.0458 1.5077 1.6533 3.9963 41.4748 1.5640 58.0203 -4.1288 -5.8867
Car -1 -1 -4.7135 1080.9376 172.3227 1104.5854 190.1801 1.4832 1.6444 3.9963 41.4736 1.4388 62.0498 -4.1267 -5.8867
Car -1 -1 -4.9226 1241.0000 169.2087 1241.0000 196.9650 1.4850 1.6409 3.9890 41.4709 1.2896 40.7199 -4.1319 -5.8867
Car -1 -1 -4.8846 1241.0000 168.7319 1241.0000 194.3602 1.4715 1.6407 3.9921 41.4689 1.2345 43.5453 -4.1272 -5.8867
Car -1 -1 -4.7649 1133.8309 173.1941 1164.2996 193.7276 1.5201 1.6575 3.9973 41.4733 1.5470 55.6097 -4.1269 -5.8867
Car -1 -1 -4.5353 0.0000 176.6337 0.0000 202.2231 1.5255 1.6780 4.0627 -41.4923 1.7766 45.8235 -5.2684 -5.8867
Car -1 -1 -5.0568 379.1786 181.0354 419.4020 201.8403 1.7192 1.9546 4.6956 -18.7622 2.4731 64.0424 -5.3410 -5.9204
Car -1 -1 -4.5709 696.5637 178.9394 719.7955 196.1200 1.6030 1.7234 4.0051 9.6714 2.2199 71.0149 -4.4365 -5.9204
Car -1 -1 -7.1321 626.8880 177.3875 677.9825 203.5354 1.8045 1.6211 3.7644 3.0768 2.1452 52.3654 -7.0742 -5.9390
Car -1 -1 -5.2943 0.0000 190.4567 6.9253 326.8597 1.4667 1.7907 4.1773 -10.4832 1.7223 9.2820 -6.1261 -6.4110
