Car -1 -1 -7.7837 543.6401 167.6742 569.6057 189.4749 1.5288 1.6222 3.8157 -3.8802 1.1653 52.5097 -7.8574 2.9035
Car -1 -1 -7.8860 575.0045 169.8099 604.9037 194.9395 1.4376 1.6568 4.0474 -1.2808 1.2632 43.3497 -7.9157 2.5262
Car -1 -1 -4.8083 704.6463 174.3652 741.2272 203.5767 1.5913 1.6693 4.2818 6.4376 1.6830 41.7169 -4.6568 -1.0727
Car -1 -1 -3.9896 336.3502 175.9808 383.2058 196.5798 1.5559 1.5744 3.5008 -19.7513 1.8109 56.9992 -4.3220 -1.0855
Car -1 -1 -7.5781 862.2731 173.4985 890.4644 189.8102 1.5243 1.5904 3.7675 25.6854 1.5879 69.5739 -7.2261 -1.4670
Car -1 -1 -5.1695 717.7263 177.3559 767.6962 202.9933 1.6389 1.6626 4.1765 8.9456 1.9592 49.1461 -4.9910 -1.5736
Car -1 -1 -5.6568 694.7444 168.9203 736.3593 186.2542 1.6115 1.6510 3.6596 10.0465 1.2455 68.9478 -5.5130 -1.8863
Car -1 -1 -2.1778 314.1844 169.4819 360.2168 189.2540 1.6543 1.6949 4.0705 -23.5631 1.3718 62.2205 -2.5386 -2.2404
Car -1 -1 -4.5060 740.6536 179.5945 780.8660 205.1023 1.5009 1.6858 4.2107 9.6049 1.9507 45.9199 -4.3016 -2.7189
Car -1 -1 -4.0184 132.0988 176.3576 206.5087 204.9912 1.5518 1.5874 3.8075 -25.3497 1.7631 41.5930 -4.5631 -2.7662
Car -1 -1 -7.7014 4.1516 186.7260 77.1293 230.8171 1.4144 1.5323 3.6956 -20.7650 1.9596 26.3840 -8.3634 -2.8165
Car -1 -1 -7.2856 411.4231 169.8160 458.9266 190.9429 1.5657 1.6788 3.9821 -13.4539 1.3403 55.6291 -7.5220 -2.9415
Car -1 -1 -4.9892 259.8383 170.0542 307.2120 198.0973 1.7298 1.6951 4.2553 -21.1906 1.5568 46.6803 -5.4135 -3.3265
Car -1 -1 -7.8528 401.3343 169.2376 424.8992 192.6170 1.7387 1.6980 3.9847 -15.2496 1.4695 55.8058 -8.1186 -3.5401
Car -1 -1 -8.2133 958.0944 179.2757 1000.9973 202.6355 1.7936 1.7379 4.1756 30.0058 2.3356 58.7635 -7.7437 -3.8648
Car -1 -1 -4.7091 1147.6489 174.1941 1178.8936 199.3139 1.7804 1.7836 4.1918 41.0440 1.8838 53.5826 -4.0585 -3.9160
Car -1 -1 -2.8602 139.7823 168.2211 224.0184 195.7179 1.6572 1.7202 4.1889 -26.5592 1.3776 44.8385 -3.3926 -4.0281
Car -1 -1 -5.1758 1102.1073 186.5094 1169.4160 214.1727 1.5337 1.6625 4.1009 32.1359 2.4124 44.2885 -4.5518 -4.0562
Car -1 -1 -4.8384 1125.6931 185.1617 1173.8801 217.2635 1.6209 1.6308 4.0678 30.0166 2.3445 40.2707 -4.2019 -4.0635
Car -1 -1 -4.1717 281.6685 174.5116 342.7417 200.5861 1.5646 1.6803 4.1453 -18.8339 1.6744 45.7474 -4.5604 -4.0731
Car -1 -1 -4.0731 612.9082 172.9828 665.0854 197.1295 1.4398 1.5386 3.3645 1.7969 1.4479 44.8358 -4.0337 -4.0742
Car -1 -1 -8.3896 1038.5549 174.6193 1101.7889 206.2772 2.0228 1.7218 4.0752 30.7408 2.1460 48.3935 -7.8269 -4.0968
Car -1 -1 -8.2458 327.6341 172.8663 385.5640 199.4952 1.4885 1.7069 4.2982 -15.0051 1.4889 42.5046 -8.5834 -4.3130
Car -1 -1 -2.8520 388.4757 170.4998 469.0550 199.1848 1.5830 1.6611 4.1098 -10.2291 1.4528 40.7400 -3.0968 -4.4648
Car -1 -1 -4.2390 377.6530 169.8256 421.7945 192.4430 1.4926 1.5785 3.2761 -14.3764 1.2924 49.3742 -4.5211 -4.5375
Car -1 -1 -4.7207 374.6583 170.8015 396.8866 192.6963 1.6701 1.6268 3.6507 -17.7611 1.5133 57.0254 -5.0216 -4.5632
Car -1 -1 -8.0930 435.3087 171.6084 466.1161 188.7740 1.6065 1.8968 4.5281 -15.5023 1.4896 69.9778 -8.3105 -4.8517
Car -1 -1 -3.8051 1082.1862 175.4619 1149.3156 197.3714 1.7381 1.7960 4.2571 40.9405 1.9529 58.4978 -3.1971 -4.9428
Car -1 -1 -4.4242 241.7136 167.4423 280.5605 188.0138 1.6006 1.8509 3.6496 -28.0601 1.1792 58.0888 -4.8726 -5.0296
Car -1 -1 -4.9540 599.0601 170.3697 637.9972 194.7443 1.6161 1.7499 4.1480 0.5111 1.4511 50.0600 -4.9443 -5.0386
Car -1 -1 -4.4570 465.0407 171.7528 503.4253 195.6644 1.5118 1.5822 3.8081 -8.2784 1.4419 47.5836 -4.6286 -5.2358
Car -1 -1 -4.5828 796.5976 180.1773 820.9138 199.4851 1.6633 1.6564 3.9142 18.1542 2.3533 65.8936 -4.3156 -5.3454
Car -1 -1 -8.5317 1148.9803 203.2875 1241.0000 374.0000 1.4711 1.6784 4.4087 4.5774 1.7125 3.3994 -7.6413 -5.5174
Car -1 -1 -4.9036 313.4489 178.8633 348.3220 199.1669 1.4534 1.7125 4.2561 -21.4317 1.9320 55.2454 -5.2723 -5.5215
Car -1 -1 -4.5101 779.8860 177.6183 812.4154 197.1227 1.4871 1.7047 4.4460 15.1138 1.8890 58.5430 -4.2590 -5.5952
Car -1 -1 -4.3436 722.8478 176.8668 761.4065 195.6296 1.5090 1.6926 4.5981 11.2708 1.8639 61.4621 -4.1635 -5.6496
Car -1 -1 -5.7084 229.4312 173.6246 303.6190 199.8360 1.5689 1.7045 3.8037 -21.1159 1.6171 44.3487 -6.1507 -5.6620
Car -1 -1 -4.8883 373.8325 174.3509 400.5956 193.0692 1.5633 1.6056 3.6327 -19.3631 1.6969 62.5588 -5.1875 -5.6795
Car -1 -1 -2.2648 0.0000 176.2183 27.3908 374.0000 1.3966 1.5424 4.0685 -5.9909 1.4191 3.9833 -3.2175 -5.6921
Car -1 -1 -8.9311 839.2886 226.7486 1241.0000 374.0000 1.3737 1.5112 3.8387 2.9201 1.7774 3.3475 -8.2579 -5.7430
Car -1 -1 -4.8924 717.6810 177.1686 751.3495 202.3271 1.5325 1.5687 3.1577 7.8822 1.8173 46.0851 -4.7245 -5.7794
Car -1 -1 -4.7716 419.3411 170.2596 438.1450 185.3886 1.4430 1.5570 4.0297 -17.8712 1.1953 70.9781 -5.0175 -5.7836
Car -1 -1 -4.8493 825.9575 176.9451 857.6127 198.1294 1.4446 1.6078 4.2094 16.7111 1.7531 52.2660 -4.5419 -5.8074
Car -1 -1 -4.8494 885.4418 177.5863 917.6310 200.2463 1.5790 1.6723 3.8798 21.4321 1.9415 53.2317 -4.4690 -5.8455
Car -1 -1 -4.7399 812.8134 180.2865 844.0931 209.9442 1.6224 1.6433 3.8197 12.8047 2.0817 42.5599 -4.4501 -5.8550
Car -1 -1 -4.9635 1241.0000 167.6155 1241.0000 197.6963 1.4752 1.6387 3.9896 41.4695 1.2180 37.5020 -4.1320 -5.8867
Car -1 -1 -4.8831 1241.0000 171.0991 1241.0000 196.4507 1.4554 1.6335 4.0003 41.5102 1.3544 43.5413 -4.1252 -5.8867
Car -1 -1 -4.9240 1241.0000 167.7849 1241.0000 195.2529 1.4547 1.6342 3.9871 41.4686 1.1859 40.3256 -4.1285 -5.8867
Car -1 -1 -4.7059 1074.6611 171.8411 1097.9943 189.5986 1.4947 1.6510 4.0045 41.4725 1.4091 62.8572 -4.1251 -5.8867
Car -1 -1 -7.5958 264.1926 166.1934 301.8918 188.3876 1.8172 1.8206 4.5438 -27.8161 1.2716 61.4687 -8.0193 -6.0507
Car -1 -1 -4.3560 764.2936 173.2880 805.5612 199.3268 1.8197 1.6662 3.9203 12.7515 1.8523 52.5842 -4.1198 -6.1564
Car -1 -1 -3.7868 195.8352 170.2955 265.3143 200.2411 1.7825 1.6713 3.5311 -23.5879 1.6299 44.9032 -4.2683 -6.2551
Car -1 -1 -5.1164 727.0529 177.5051 761.4308 195.2285 1.5561 1.5962 4.1962 12.3511 2.0004 66.7407 -4.9346 -6.2580
Car -1 -1 -5.4730 0.0000 168.6283 15.6142 312.6122 1.6635 1.8822 4.8223 -11.0051 1.6144 9.3750 -6.3240 -6.2970
Car -1 -1 -4.3833 521.7165 172.7123 554.3306 192.7290 1.5373 1.5099 3.5601 -5.7099 1.5261 57.3210 -4.4825 -6.3416
Car -1 -1 -7.8814 1197.6652 184.5329 1241.0000 224.1343 1.9138 1.7627 4.4842 32.5250 2.5745 38.5340 -7.1847 -6.3833
Car -1 -1 -5.3217 0.0000 177.6846 12.4933 293.0633 1.5896 1.8248 4.3351 -12.1458 1.6729 11.2707 -6.1326 -6.5841
