Car -1 -1 -7.8581 582.1169 178.9610 615.4738 206.5254 1.2752 1.5807 3.5749 -0.6103 1.5947 35.9826 -7.8755 4.6761
Car -1 -1 -7.7931 539.6308 177.6071 570.4021 201.5458 1.3603 1.6386 3.5519 -3.3123 1.6584 43.5001 -7.8691 3.9708
Car -1 -1 -4.0846 779.7237 179.1308 849.1006 209.1136 1.4727 1.5824 3.8166 10.7541 1.8187 38.0016 -3.8114 -0.3364
Car -1 -1 -5.2057 347.4674 172.2919 385.6103 191.7231 1.8164 1.6805 4.2264 -23.4944 1.7636 69.5059 -5.5308 -2.1886
Car -1 -1 -4.6077 991.7638 175.4835 1027.2323 201.1587 1.6548 1.6880 4.3232 27.2539 1.8422 49.2242 -4.1050 -2.6207
Car -1 -1 -5.5709 990.3972 183.5020 1063.5303 210.8445 1.4681 1.5745 3.5189 24.2565 2.1184 42.1603 -5.0524 -2.8394
Car -1 -1 -4.0692 309.4489 179.9048 376.3175 206.1978 1.5066 1.6072 4.3554 -16.5727 1.9678 44.9048 -4.4211 -2.8414
Car -1 -1 -4.6435 928.6576 184.1543 956.3156 206.2688 1.4837 1.5771 3.9643 24.2765 2.3418 52.6913 -4.2144 -3.0785
Car -1 -1 -4.6570 388.7180 175.6503 416.0431 199.8943 1.6027 1.6082 4.0430 -14.4767 1.8058 50.3430 -4.9359 -3.1875
Car -1 -1 -3.8010 883.7703 177.8934 941.4060 198.1850 1.5653 1.6774 4.0787 24.1475 1.9772 57.6715 -3.4067 -3.4465
Car -1 -1 -6.6919 1211.2568 179.8257 1241.0000 214.1923 1.6337 1.6543 3.8027 32.8659 1.9971 36.2512 -5.9599 -3.5947
Car -1 -1 -2.1261 324.9283 174.9137 365.8956 192.6250 1.5988 1.6312 4.1992 -24.7996 1.7968 67.5216 -2.4771 -3.9087
Car -1 -1 -4.5409 297.5831 181.1908 343.5107 212.0110 1.5553 1.6554 4.1856 -15.9458 2.0409 39.8308 -4.9198 -4.0109
Car -1 -1 -3.8765 304.4910 178.4676 363.5483 200.1799 1.5150 1.5783 4.1015 -20.4948 1.9492 53.6627 -4.2399 -4.1274
Car -1 -1 -4.8176 675.9180 176.0569 706.8747 201.9009 1.5681 1.5833 3.5789 5.1187 1.7801 46.0178 -4.7080 -4.2448
Car -1 -1 -8.1414 598.6724 175.4489 631.2287 191.4067 1.4813 1.8703 4.8514 0.4172 1.7435 70.4094 -8.1359 -4.3326
Car -1 -1 -4.8805 552.8200 176.6373 593.5338 205.2934 1.4880 1.6608 3.6046 -2.1195 1.7072 39.9192 -4.9337 -4.3763
Car -1 -1 -5.0335 755.8273 176.1796 814.2269 206.9231 1.4853 1.7121 4.1211 8.9646 1.6674 37.4477 -4.8008 -4.4559
Car -1 -1 -4.3324 628.1992 176.8909 663.1894 196.5805 1.6741 1.7065 4.1608 3.2061 2.0473 64.5158 -4.2834 -4.4849
Car -1 -1 -4.7558 261.8667 176.3497 286.6107 195.6807 1.5484 1.7225 3.8383 -28.2718 1.8521 60.6529 -5.1905 -4.5366
Car -1 -1 -5.6904 114.1924 188.6685 206.5333 218.8826 1.4451 1.5385 3.7121 -22.5725 2.2573 36.2297 -6.2445 -4.5736
Car -1 -1 -6.1505 33.5736 190.4872 165.6210 235.0765 1.5564 1.7300 4.0148 -19.8454 2.2867 28.2097 -6.7593 -4.6408
Car -1 -1 -4.5495 563.6077 179.4442 587.2963 197.7172 1.5114 1.5323 3.3728 -3.0006 2.1000 62.7131 -4.5975 -4.6412
Car -1 -1 -4.7926 409.4858 173.1350 439.6664 199.0152 1.7400 1.7308 4.1024 -13.1154 1.7603 50.7795 -5.0445 -4.6511
Car -1 -1 -6.1571 22.3503 187.7742 142.7717 226.0237 1.4730 1.5900 3.9658 -22.3616 2.1420 30.7193 -6.7823 -4.6764
Car -1 -1 -4.6170 459.3470 179.2493 493.3412 204.3106 1.4888 1.7217 4.5562 -8.5742 1.9205 46.4032 -4.7991 -4.7968
Car -1 -1 -4.3956 295.1450 176.2792 338.5397 198.6705 1.4714 1.6268 3.9802 -20.3170 1.7185 50.0786 -4.7794 -4.8194
Car -1 -1 -5.3981 439.2770 173.0030 477.6244 191.7397 1.6709 1.6044 3.4664 -13.9143 1.6846 66.0847 -5.6051 -4.8269
Car -1 -1 -4.5860 252.2614 173.6295 279.1537 193.2595 1.6564 1.6497 3.8322 -30.1057 1.7261 63.1244 -5.0295 -4.8336
Car -1 -1 -7.6982 623.0818 176.4063 644.2889 192.1754 1.4639 1.5143 3.5859 2.2937 1.8164 69.7451 -7.6659 -4.9249
Car -1 -1 -4.2145 0.0000 194.1540 55.5125 234.9395 1.6274 1.5385 3.9033 -27.3758 2.6624 33.0067 -4.9031 -4.9515
Car -1 -1 -4.8772 323.5188 171.4827 350.1290 192.1884 1.8111 1.6285 3.9200 -24.7368 1.6908 65.2154 -5.2386 -4.9861
Car -1 -1 -5.0896 420.2026 175.7544 462.0534 198.6802 1.5742 1.6317 3.8661 -12.2603 1.7916 52.1159 -5.3198 -5.0856
Car -1 -1 -4.7562 451.2239 175.9709 476.4113 196.3189 1.4335 1.6556 4.0819 -10.9363 1.6746 53.6817 -4.9565 -5.2689
Car -1 -1 -4.9556 735.8487 177.8307 762.3801 195.8940 1.6390 1.5744 3.8944 13.1616 2.1252 68.5515 -4.7672 -5.3408
Car -1 -1 -4.4608 307.2452 171.1491 342.5673 197.4457 2.0462 1.6378 4.2885 -23.0367 1.9133 58.3739 -4.8354 -5.3591
Car -1 -1 -4.3190 617.4639 178.1171 656.4601 198.4020 1.4411 1.5725 3.8896 2.0444 1.8532 54.4424 -4.2821 -5.4494
Car -1 -1 -5.4154 703.8516 179.4944 759.8308 202.2651 1.3975 1.5525 3.7747 7.9369 1.8528 47.4789 -5.2512 -5.5768
Car -1 -1 -4.9689 770.4814 176.6792 816.5118 202.4326 1.4171 1.6122 4.1114 10.6764 1.6524 42.3807 -4.7242 -5.6011
Car -1 -1 -4.0677 631.6995 173.8895 685.2307 198.1347 1.4910 1.4789 3.7582 3.1205 1.5600 46.4403 -4.0014 -5.6824
Car -1 -1 -4.4841 429.3039 176.9569 465.8160 197.9813 1.3538 1.5581 4.0335 -11.0739 1.6451 49.2721 -4.7043 -5.7421
Car -1 -1 -4.6686 576.2540 176.7075 601.5783 198.0911 1.3906 1.5733 3.9157 -1.4471 1.6657 49.5997 -4.6980 -5.8867
Car -1 -1 -3.5048 0.0000 188.6121 0.0000 374.0000 1.4910 1.6027 3.9531 -7.0821 1.5894 2.5309 -4.6975 -5.8867
Car -1 -1 -4.4711 452.3810 176.6363 489.0929 197.6837 1.3568 1.5751 3.8816 -9.4803 1.6248 49.2021 -4.6608 -5.8867
Car -1 -1 -4.7358 747.3126 179.0076 770.0092 200.1016 1.5310 1.6110 3.9134 11.4038 2.0229 55.6438 -4.5351 -5.8867
Car -1 -1 -5.0415 705.6125 179.6049 737.3458 195.2164 1.3918 1.6518 4.3601 10.5345 2.0548 68.5995 -4.8901 -5.9464
Car -1 -1 -4.9363 318.6001 177.1053 355.5768 199.5756 1.4269 1.5371 3.7312 -18.4237 1.7243 48.5470 -5.2974 -6.2400
Car -1 -1 -7.4748 1001.4680 253.5497 1241.0000 374.0000 1.7582 1.7836 3.9187 4.3893 2.4116 4.2259 -6.7074 -6.3046
Car -1 -1 -4.5074 37.8777 189.1968 105.7398 224.2037 1.4264 1.6655 4.5054 -25.3115 2.2511 34.0299 -5.1433 -6.3490
Car -1 -1 -5.5771 0.0000 194.0379 0.0000 349.7903 1.6789 1.7443 4.0000 -10.7037 1.9831 9.2283 -6.4219 -6.7629
