Car -1 -1 -4.2024 14.4014 180.2127 179.0334 251.0945 1.6790 1.8071 4.2141 -13.8351 1.9022 19.7282 -4.8078 6.9376
Car -1 -1 -7.7904 503.3227 180.7768 543.5213 211.6793 1.3428 1.6642 3.5453 -4.0823 1.7368 34.0986 -7.9091 6.2809
Car -1 -1 -7.8384 557.3154 182.3205 609.1046 226.2290 1.3035 1.5922 3.4728 -0.9116 1.6402 23.9308 -7.8768 5.2656
Car -1 -1 -4.4116 275.0546 182.9524 329.1517 213.2435 1.4121 1.5463 3.5345 -15.6297 1.9511 36.6954 -4.8120 2.1077
Car -1 -1 -3.9902 833.0015 180.3696 884.0287 201.7818 1.7281 1.6559 4.3271 21.0953 2.3848 61.2835 -3.6607 1.1796
Car -1 -1 -4.3118 228.7744 181.0999 286.9471 207.8248 1.3788 1.6210 3.6294 -19.5926 1.8593 40.2215 -4.7628 -1.0470
Car -1 -1 -4.7217 206.3581 179.9949 243.3201 211.1256 1.4914 1.6244 3.9851 -20.1643 1.8852 37.6857 -5.2103 -1.9788
Car -1 -1 -8.0714 604.3387 174.2739 641.4857 199.2250 1.6646 1.6979 4.3647 0.8256 1.7686 50.7073 -8.0556 -2.3371
Car -1 -1 -7.1396 0.0000 191.7070 45.1617 252.5220 1.3900 1.5759 3.5137 -17.3492 1.9414 19.3503 -7.8638 -2.3747
Car -1 -1 -7.7633 880.4358 183.5578 915.8789 211.2499 1.4482 1.5643 3.7586 16.5027 2.0912 41.3333 -7.3864 -2.3996
Car -1 -1 -3.6509 771.0758 176.8639 827.4155 202.5237 1.8006 1.6732 3.5895 13.6704 2.0979 52.2893 -3.3970 -2.6979
Car -1 -1 -3.2746 568.2158 174.0043 634.0316 199.0606 1.6422 1.7382 4.2341 -0.6550 1.7212 48.5659 -3.2885 -3.0633
Car -1 -1 -4.5710 724.7570 176.8884 752.3672 197.0718 1.5244 1.6288 3.9747 10.2486 1.8576 57.4950 -4.3959 -3.0919
Car -1 -1 -6.3036 490.2573 179.6016 556.1375 204.4043 1.5712 1.6915 4.2275 -5.7473 2.0253 47.4580 -6.4239 -3.1586
Car -1 -1 -4.5797 0.0000 198.1311 36.4292 241.3489 1.4367 1.6114 4.0729 -24.1294 2.5157 28.6567 -5.2751 -3.7165
Car -1 -1 -4.5562 760.3804 176.6523 785.2817 195.1689 1.5213 1.5781 3.4210 13.9745 1.8569 61.9325 -4.3357 -3.7329
Car -1 -1 -4.5786 465.9317 179.4128 501.3051 202.2204 1.4225 1.7827 4.2771 -8.4609 1.8821 48.4226 -4.7511 -3.7654
Car -1 -1 -7.8950 461.3601 172.2713 492.9433 202.4483 1.7365 1.7075 4.1650 -8.1290 1.7026 43.7396 -8.0780 -3.8463
Car -1 -1 -7.2682 0.0000 166.3018 74.4030 198.5155 1.8637 1.6843 4.2114 -34.9047 1.4843 43.9129 -7.9370 -4.0349
Car -1 -1 -4.6205 24.1711 181.7843 59.1255 206.1099 1.6440 1.6330 3.9237 -41.2480 2.3181 52.3915 -5.2851 -4.1149
Car -1 -1 -4.3634 303.4628 182.0328 345.1316 204.2191 1.5243 1.6850 3.6789 -20.9521 2.2216 52.9746 -4.7386 -4.2867
Car -1 -1 -7.4236 623.9656 173.0607 672.5018 198.3420 1.6737 1.7514 4.2577 2.6727 1.6884 50.0962 -7.3710 -4.3117
Car -1 -1 -4.8049 399.8047 181.9523 434.0362 209.1274 1.4181 1.5418 3.6783 -11.0375 1.9596 40.9789 -5.0667 -4.4943
Car -1 -1 -4.4573 783.7158 180.6122 824.5990 204.7300 1.5290 1.6670 4.3882 13.3456 2.0865 49.5567 -4.1963 -4.5382
Car -1 -1 -5.1919 784.9640 183.8423 816.8275 200.5801 1.5050 1.5161 3.4710 18.2499 2.5866 69.1824 -4.9355 -4.5688
Car -1 -1 -4.6653 72.3701 177.8175 101.2510 200.0146 1.6504 1.6463 3.9499 -41.0925 2.0545 56.6914 -5.2904 -4.6143
Car -1 -1 -4.8155 540.4931 181.3184 565.3046 201.9544 1.5176 1.5713 3.5908 -4.5297 2.2029 56.5362 -4.8955 -4.6390
Car -1 -1 -4.8694 658.5682 176.1161 679.4839 192.6092 1.5728 1.5281 3.4850 5.7908 1.9030 71.3123 -4.7890 -4.7211
Car -1 -1 -5.1838 637.6559 178.4948 670.9846 194.2812 1.4845 1.6167 4.0855 4.3448 2.0612 71.6157 -5.1239 -4.7331
Car -1 -1 -4.6646 537.4873 180.3809 569.1443 208.5166 1.5152 1.6437 4.2838 -3.3027 1.9775 42.1813 -4.7427 -4.8129
Car -1 -1 -4.2737 485.9407 181.3067 527.9712 202.6340 1.3535 1.4854 3.5132 -7.0146 1.9516 49.1907 -4.4150 -4.8545
Car -1 -1 -7.8050 554.4692 171.6774 609.1309 220.4675 1.7079 1.8635 4.4342 -1.0360 1.6664 27.4840 -7.8429 -4.9129
Car -1 -1 -2.4497 59.8376 188.4907 175.1656 226.9600 1.4386 1.6306 3.5879 -19.6312 2.0832 28.7700 -3.0443 -4.9750
Car -1 -1 -4.2381 151.7684 197.0815 206.1047 221.9692 1.5821 1.7539 3.9001 -30.8788 3.3870 51.7616 -4.7740 -5.0854
Car -1 -1 -6.1768 275.9707 183.9155 392.6115 235.1077 1.4556 1.4317 3.1963 -8.3982 1.8106 22.0821 -6.5366 -5.3038
Car -1 -1 -4.4802 349.6898 179.2908 378.1020 198.2290 1.6077 1.5283 4.0119 -22.0594 2.2033 64.7277 -4.8077 -5.3453
Car -1 -1 -4.9499 230.5838 192.8321 265.0177 214.0456 1.6902 1.7824 4.2051 -32.0636 3.5162 63.7788 -5.4144 -5.3583
Car -1 -1 -4.3590 19.0124 189.0106 150.6195 244.9280 1.4665 1.7679 4.9021 -16.5674 2.0398 23.0209 -4.9775 -5.5470
Car -1 -1 -4.6979 673.9814 174.0732 689.6731 191.5164 1.6786 1.5023 3.0209 7.0886 1.8013 71.2406 -4.5995 -5.6908
Car -1 -1 -5.2735 770.1877 176.8282 819.3576 197.4006 1.5935 1.7948 4.4714 15.0763 1.9326 59.2205 -5.0258 -5.7502
Car -1 -1 -4.6908 801.6216 178.7678 822.7067 198.0805 1.5695 1.6703 3.9636 17.3953 2.0956 62.0851 -4.4193 -5.8867
Car -1 -1 -4.9838 555.5229 177.6793 613.9335 207.1552 1.4125 1.8124 4.9042 -1.4547 1.6841 38.0432 -5.0222 -6.1594
