Car -1 -1 -3.9380 966.7997 193.0030 1102.0330 248.8029 1.5069 1.5279 3.4354 12.6027 2.1419 21.5520 -3.4157 5.4723
Car -1 -1 -7.8862 558.5793 180.7624 600.0090 215.2045 1.2974 1.5862 3.7868 -1.3739 1.6475 30.0235 -7.9322 5.4221
Car -1 -1 -4.2127 1131.0714 194.5320 1241.0000 249.2764 1.5897 1.6446 3.7642 19.0828 2.3437 23.6188 -3.5400 5.1161
Car -1 -1 -7.8113 509.4696 177.4954 540.6623 204.0474 1.4488 1.6471 3.5666 -4.9236 1.7296 41.8538 -7.9281 4.2993
Car -1 -1 -4.7402 1054.6700 175.2903 1088.3884 201.8590 1.5863 1.6655 3.9591 29.0814 1.7471 45.5961 -4.1757 -2.2890
Car -1 -1 -5.0668 937.3546 183.9290 993.8222 209.7779 1.3915 1.6204 4.2398 21.0240 2.0834 42.9075 -4.6144 -2.3591
Car -1 -1 -5.4863 1089.1954 174.3630 1166.2914 201.0074 1.4950 1.5716 3.6736 30.4705 1.5879 42.6405 -4.8695 -2.3891
Car -1 -1 -6.9988 0.0000 179.8036 103.4846 374.0000 1.5988 1.6057 3.3737 -7.0857 1.6833 7.0545 -7.7676 -2.4305
Car -1 -1 -4.8766 116.7845 186.7578 163.5791 217.3494 1.6724 1.6945 4.2823 -28.4280 2.5528 43.5542 -5.4523 -3.2245
Car -1 -1 -6.5451 908.0344 164.3924 970.8972 185.4251 1.5928 1.7004 4.1206 25.4074 0.9517 55.8163 -6.1201 -3.3333
Car -1 -1 -4.5318 805.6097 173.4899 832.8223 192.9053 1.6149 1.6079 3.7772 18.0362 1.6713 62.1995 -4.2512 -3.3849
Car -1 -1 -5.9087 994.9645 170.8630 1080.9562 200.6040 1.7719 1.7140 4.3046 26.7117 1.6530 45.2107 -5.3783 -3.8959
Car -1 -1 -7.6925 859.8499 168.0672 898.1922 196.4331 1.7603 1.7034 4.1676 17.5310 1.4630 47.0102 -7.3380 -4.1507
Car -1 -1 -4.7738 151.0375 187.0688 185.4171 214.4985 1.5415 1.5893 3.7576 -27.3762 2.4595 44.6137 -5.3218 -4.2740
Car -1 -1 -4.0760 374.0995 179.2343 415.3179 195.8014 1.5361 1.7328 4.1850 -21.1278 2.1828 70.9057 -4.3648 -4.2988
Car -1 -1 -5.0266 355.0809 179.5108 387.3089 196.4743 1.5698 1.7723 4.2540 -23.4677 2.2431 70.7690 -5.3460 -4.4133
Car -1 -1 -5.7057 954.1021 180.9601 1029.5076 211.4785 1.5508 1.5335 3.3482 20.7941 2.0146 39.4758 -5.2244 -4.4166
Car -1 -1 -4.3965 51.3692 194.8699 107.9990 222.9463 1.5462 1.7155 3.9273 -33.1808 2.9905 45.2121 -5.0270 -4.5359
Car -1 -1 -4.9775 817.2023 184.8642 853.6731 210.7349 1.7277 1.6372 3.4106 16.0241 2.6138 51.5252 -4.6783 -4.5658
Car -1 -1 -4.8581 161.0048 189.1013 196.4270 212.1380 1.5169 1.6259 4.2453 -31.5683 2.7523 52.7170 -5.3956 -4.5863
Car -1 -1 -4.8536 1219.6638 175.5586 1241.0000 200.8974 1.5089 1.7951 4.1303 40.0553 1.6881 45.6620 -4.1371 -4.6642
Car -1 -1 -4.9982 1159.9078 204.5851 1241.0000 247.9002 1.4250 1.5684 3.8400 23.5163 2.7847 28.8509 -4.3202 -4.7363
Car -1 -1 -5.3250 530.1365 176.4341 601.1614 205.3259 1.5462 1.7096 4.6512 -2.6534 1.7637 41.5447 -5.3889 -4.7784
Car -1 -1 -4.2860 16.7424 192.9052 92.3667 229.0379 1.5599 1.5380 3.6759 -27.1054 2.5949 35.2915 -4.9375 -4.8715
Car -1 -1 -4.4465 338.5787 179.9104 378.5260 203.5439 1.4846 1.5888 3.7891 -16.8562 1.9770 48.4305 -4.7801 -4.9102
Car -1 -1 -5.1057 364.5782 178.1983 414.1456 202.7547 1.5593 1.6773 4.3508 -15.0522 1.9382 48.9904 -5.4026 -4.9268
Car -1 -1 -4.6989 466.0680 175.2399 495.2306 203.5812 1.6727 1.7160 4.5314 -8.1325 1.8303 45.3603 -4.8757 -4.9648
Car -1 -1 -4.6819 787.2753 173.4262 805.0496 191.1960 1.6680 1.5631 3.5574 18.0021 1.7246 69.7781 -4.4307 -5.0074
Car -1 -1 -3.8551 49.1150 191.0841 139.0756 218.0697 1.4553 1.7410 4.4542 -31.7190 2.6387 44.4834 -4.4719 -5.0782
Car -1 -1 -4.2614 599.1244 177.9047 635.1785 196.5075 1.5435 1.5739 3.9972 0.6385 2.0003 63.1686 -4.2517 -5.1384
Car -1 -1 -4.7462 961.4349 166.9991 989.7911 193.6876 1.8028 1.6435 3.5189 25.6111 1.4070 50.6805 -4.2810 -5.1872
Car -1 -1 -4.8281 1149.2854 174.7716 1195.6010 201.8832 1.4995 1.6593 4.1259 32.9556 1.6178 42.4145 -4.1713 -5.2483
Car -1 -1 -4.2524 699.2140 178.9448 742.6861 202.3394 1.8171 1.7690 4.4315 9.1741 2.3393 59.5733 -4.1009 -5.3021
Car -1 -1 -2.2490 0.0000 183.8585 28.7074 258.9618 1.5689 1.6087 3.9333 -15.7877 1.8357 16.4479 -3.0058 -5.3357
Car -1 -1 -4.9993 609.5379 176.8535 649.1791 202.2703 1.6572 1.6369 4.1064 1.2593 1.9458 49.9304 -4.9748 -5.3831
Car -1 -1 -5.0809 731.6641 184.1049 769.4863 204.5783 1.5139 1.5707 4.1790 11.2156 2.4516 57.9620 -4.8913 -5.4608
Car -1 -1 -3.1597 942.5809 169.8591 1005.9987 195.3103 1.6159 1.5202 3.6561 23.7851 1.4254 47.2835 -2.6964 -5.5321
Car -1 -1 -4.6294 588.3506 175.8587 610.5548 196.1353 1.7680 1.6689 4.4210 -0.9514 2.0514 65.8479 -4.6442 -5.6054
Car -1 -1 -4.1743 320.5649 178.8887 383.3108 205.2090 1.3556 1.5128 3.8701 -14.3198 1.7082 40.1454 -4.5151 -5.6251
Car -1 -1 -4.6054 694.2579 177.8404 719.8022 197.2702 1.6496 1.8016 4.6374 8.7532 2.1154 64.9899 -4.4726 -5.6320
Car -1 -1 -4.8061 610.9109 178.1154 635.1630 198.7007 1.5396 1.5562 3.7993 0.9702 1.9686 56.9169 -4.7896 -5.7563
Car -1 -1 -4.6549 392.9207 177.3746 420.4673 198.6051 1.4049 1.6321 4.1352 -14.3239 1.7370 50.8742 -4.9283 -5.8678
Car -1 -1 -4.5729 6.5404 185.9496 46.4682 210.0182 1.5675 1.6647 4.0162 -41.6040 2.5406 51.4822 -5.2502 -5.8867
Car -1 -1 -4.4394 416.0377 176.9251 453.5177 197.4628 1.3673 1.5712 3.8905 -12.3155 1.6647 50.7898 -4.6764 -5.8867
Car -1 -1 -4.4145 132.8528 181.7960 194.5604 212.7650 1.4636 1.6094 4.0074 -23.1283 1.9543 37.4768 -4.9645 -5.8867
Car -1 -1 -4.5477 0.0000 185.7646 15.0548 211.0694 1.5546 1.6575 4.0094 -41.6058 2.4635 48.6637 -5.2525 -5.8867
Car -1 -1 -4.5129 0.0000 185.2666 0.0000 212.4383 1.5565 1.6651 4.0156 -41.6082 2.3750 45.4473 -5.2514 -5.8867
Car -1 -1 -4.4710 0.0000 185.7700 0.0000 215.0907 1.5357 1.6551 4.0141 -41.6082 2.3226 41.8298 -5.2506 -5.8867
Car -1 -1 -4.9530 1241.0000 167.3563 1241.0000 197.4826 1.4944 1.6471 3.9986 41.4689 1.2214 37.9130 -4.1268 -5.8867
Car -1 -1 -5.8847 1241.0000 180.0009 1241.0000 374.0000 1.5298 1.6150 3.9674 6.9794 1.5742 2.5202 -4.6976 -5.8867
Car -1 -1 -4.7839 1156.7106 168.7131 1190.1334 189.3816 1.4633 1.6439 4.0033 41.4678 1.1698 53.2060 -4.1248 -5.8867
Car -1 -1 -4.8375 1241.0000 172.2576 1241.0000 199.2955 1.5498 1.6846 4.0801 41.3835 1.5153 43.5016 -4.0807 -5.8867
Car -1 -1 -4.5947 34.7390 184.6526 70.6713 207.1173 1.5410 1.6569 4.0134 -41.6054 2.4572 53.8986 -5.2498 -5.8867
Car -1 -1 -5.2248 1075.3953 172.0499 1136.8011 194.7304 1.4197 1.5951 3.8807 32.3101 1.3690 47.1650 -4.6274 -5.8867
Car -1 -1 -4.9121 1241.0000 171.3793 1241.0000 199.3959 1.5297 1.6562 3.9963 41.4674 1.4488 41.5195 -4.1312 -5.8867
Car -1 -1 -4.4113 204.6669 181.8683 251.1662 206.0137 1.4922 1.6239 4.0266 -25.5458 2.1221 48.3092 -4.8957 -5.8922
Car -1 -1 -4.6160 224.9958 181.2803 250.7012 203.0466 1.6782 1.5188 3.7280 -30.5254 2.3928 59.2025 -5.0905 -5.9323
Car -1 -1 -4.4045 4.0947 192.9410 70.6527 225.8925 1.5169 1.5751 4.0845 -30.1535 2.6375 38.0731 -5.0711 -5.9624
Car -1 -1 -4.4350 224.2159 179.9441 271.2200 203.8786 1.4660 1.6547 4.3291 -23.9723 1.9581 47.8265 -4.8976 -5.9748
Car -1 -1 -4.7096 292.8033 183.4276 311.5877 199.5350 1.4206 1.5946 3.6741 -29.1327 2.4501 68.2682 -5.1118 -6.2951
Car -1 -1 -5.3722 0.0000 194.6800 7.2620 331.3577 1.5066 1.7517 4.2152 -10.6021 1.8193 9.3151 -6.2078 -6.5165
Car -1 -1 -4.5351 336.6863 179.5117 364.1334 194.3409 1.3675 1.7995 4.3282 -25.4735 2.0422 70.8724 -4.8793 -6.5638
Car -1 -1 -4.8055 1173.8882 172.4132 1209.3914 196.6174 1.6300 1.5869 3.6631 40.6760 1.6000 50.5584 -4.1311 -6.7073
Car -1 -1 -8.2694 483.2691 177.1449 517.8095 196.8083 1.8320 1.7818 4.2169 -10.7404 2.2642 70.4669 -8.4204 -7.3714
