Car -1 -1 -7.8865 551.2282 186.8017 596.1675 224.5202 1.2687 1.5786 3.5491 -1.4800 1.8347 27.4628 -7.9405 5.3475
Car -1 -1 -7.8242 499.7654 183.5061 532.0822 211.8160 1.4009 1.6256 3.5949 -5.0788 2.0036 38.9801 -7.9534 5.1575
Car -1 -1 -4.0350 924.8741 191.2098 1005.3978 224.7823 1.6294 1.6417 4.1104 18.8725 2.6473 38.4072 -3.5820 3.5651
Car -1 -1 -3.7545 803.6377 189.2540 884.7911 221.3481 1.4749 1.5569 3.5839 11.5507 2.3161 35.7440 -3.4451 3.0076
Car -1 -1 -4.9943 95.0897 181.0385 152.7447 211.0227 1.5393 1.6237 3.9324 -26.9818 2.0137 39.9575 -5.5853 -0.7757
Car -1 -1 -7.6288 0.0000 191.0061 70.5890 231.8338 1.4787 1.5947 3.7557 -23.8965 2.2840 29.9841 -8.2975 -1.3408
Car -1 -1 -7.3405 1184.5117 201.7983 1241.0000 243.0823 1.5180 1.6707 3.6579 25.9107 2.7746 29.9202 -6.6324 -1.4374
Car -1 -1 -4.5088 302.2406 181.9971 335.7296 204.5578 1.6236 1.6258 3.9704 -22.4547 2.3560 55.7247 -4.8905 -2.1434
Car -1 -1 -7.3530 44.1106 187.8276 142.0155 229.1324 1.5673 1.7006 3.9735 -22.0768 2.2522 30.9504 -7.9687 -2.3762
Car -1 -1 -5.0219 839.4785 172.6815 870.4630 188.7569 1.5114 1.6550 4.1237 23.6729 1.4949 69.9148 -4.6970 -2.3844
Car -1 -1 -4.8327 739.0945 180.8958 761.4004 200.6056 1.8509 1.7144 3.7644 13.8053 2.6665 71.2745 -4.6427 -2.6352
Car -1 -1 -4.7852 873.6262 188.8597 912.1111 220.1761 1.5590 1.6999 3.7360 15.6024 2.4918 40.0330 -4.4167 -2.9184
Car -1 -1 -8.1563 831.3021 184.4229 889.0979 218.8718 1.7661 1.7687 4.6433 14.0544 2.4593 40.9087 -7.8282 -3.3371
Car -1 -1 -4.4490 858.2745 173.3696 887.4877 190.6936 1.6043 1.6269 4.0890 25.1750 1.6549 69.0864 -4.1013 -3.3486
Car -1 -1 -5.1448 615.6397 179.6583 651.5570 198.9339 1.6930 1.7075 4.2738 2.1393 2.3490 67.2986 -5.1137 -3.3488
Car -1 -1 -8.2578 952.8597 175.0145 992.5843 193.1472 1.5962 1.6790 4.3320 33.2230 1.8009 66.2526 -7.7951 -3.3929
Car -1 -1 -5.1652 834.3224 172.2665 873.3911 192.3328 1.7845 1.7103 4.2435 22.3587 1.7319 66.3798 -4.8420 -3.5225
Car -1 -1 -5.0689 947.4871 181.4391 987.7475 201.2978 1.4970 1.5774 4.0781 28.8207 2.2157 58.3216 -4.6124 -3.5262
Car -1 -1 -4.5835 921.7562 181.5649 948.0908 199.5385 1.4751 1.6155 4.0334 28.5658 2.2665 63.4338 -4.1625 -3.7582
Car -1 -1 -7.0902 0.0000 188.6139 77.6105 243.9479 1.4909 1.6833 4.2144 -19.3794 2.0363 22.8279 -7.7884 -3.7666
Car -1 -1 -4.6648 0.0000 208.2955 48.0267 247.8589 1.5592 1.6362 3.6213 -27.5229 3.3179 33.8651 -5.3435 -4.1696
Car -1 -1 -5.1704 743.3126 179.4286 781.6637 201.5847 1.7100 1.5493 3.7639 12.3782 2.2647 58.8993 -4.9648 -4.3185
Car -1 -1 -4.2796 581.6794 182.9497 628.4792 207.0155 1.5081 1.6554 4.0352 -0.3193 2.2271 49.2244 -4.2866 -4.4082
Car -1 -1 -4.3124 587.3757 182.5516 617.5316 197.0477 1.3208 1.5477 3.9316 -0.7264 2.2989 70.6836 -4.3231 -4.4675
Car -1 -1 -4.6646 475.9086 181.5630 500.7093 204.4004 1.5938 1.6402 4.1323 -9.1235 2.2729 54.1420 -4.8312 -4.5603
Car -1 -1 -5.1277 881.9890 173.7688 923.0599 197.5090 1.8303 1.6054 3.8793 23.3294 1.9057 57.7445 -4.7459 -4.7013
Car -1 -1 -2.9402 481.2437 184.1977 556.1346 207.2577 1.4567 1.6810 4.6592 -6.0216 2.2206 47.5924 -3.0658 -4.7410
Car -1 -1 -7.2130 77.9618 200.0979 141.9428 226.3235 1.6335 1.6571 4.0126 -35.4319 3.6435 51.2077 -7.8161 -4.8132
Car -1 -1 -4.7495 620.7072 182.6537 651.6701 212.4347 1.4147 1.4548 3.2790 1.2682 1.9392 36.9975 -4.7161 -4.8133
Car -1 -1 -4.5532 1026.7717 168.5049 1057.3690 187.9328 1.7778 1.8504 4.1924 40.8571 1.3795 68.2278 -4.0158 -4.8167
Car -1 -1 -7.6681 744.2961 180.9046 770.9729 202.1894 1.7835 1.6073 4.0975 13.1681 2.5255 64.3245 -7.4676 -4.8198
Car -1 -1 -4.4507 455.7762 185.2346 484.6866 201.7190 1.4812 1.7092 4.3203 -13.6099 2.7265 70.3768 -4.6415 -4.9271
Car -1 -1 -4.3953 738.1899 187.8847 777.9624 212.4331 1.5172 1.5815 3.6949 10.0644 2.5799 49.0353 -4.1947 -4.9451
Car -1 -1 -5.4723 1131.7357 200.7474 1225.2252 233.3505 1.4185 1.6947 3.5860 28.5740 2.8998 36.4577 -4.8122 -5.0128
Car -1 -1 -4.8875 542.3113 182.7829 586.2756 213.3938 1.4891 1.6047 4.4630 -2.5683 2.0577 38.9876 -4.9534 -5.1046
Car -1 -1 -4.6599 390.6571 183.1035 417.3430 203.7350 1.4505 1.7327 4.7480 -15.8917 2.2774 55.7263 -4.9368 -5.2653
Car -1 -1 -3.0657 938.3535 181.5391 1038.8938 220.8365 1.5194 1.6673 3.6304 15.8369 1.9038 30.2957 -2.5886 -5.3303
Car -1 -1 -4.8335 505.3119 179.1108 529.7958 196.4296 1.4201 1.6261 4.1418 -8.1218 1.9849 62.9658 -4.9616 -5.5492
Car -1 -1 -5.1985 0.0000 202.0703 50.4651 233.1190 1.5800 1.8490 4.1187 -34.4898 3.3248 41.4547 -5.8895 -5.7156
Car -1 -1 -4.6027 438.9136 180.5245 466.6014 200.1958 1.4249 1.6576 4.1509 -12.2103 2.0437 56.0906 -4.8164 -5.7744
Car -1 -1 -4.7047 217.2863 196.3714 238.8162 217.5400 1.5268 1.5049 3.9452 -31.1282 3.5114 58.8013 -5.1900 -5.7980
Car -1 -1 -6.2062 355.1920 172.2909 505.8815 226.6588 1.5810 1.7059 4.3383 -5.4560 1.5643 22.1740 -6.4453 -5.8419
Car -1 -1 -4.9422 1183.0481 200.7474 1241.0000 236.0544 1.4933 1.5942 4.1083 30.2357 2.9764 36.1784 -4.2508 -5.8767
Car -1 -1 -4.6893 143.5145 183.6665 166.1259 201.6400 1.5255 1.6517 4.0107 -41.6031 2.5459 65.9666 -5.2504 -5.8867
Car -1 -1 -4.6021 43.5230 185.0924 78.3089 207.3538 1.5485 1.6599 4.0134 -41.6042 2.5125 54.7014 -5.2502 -5.8867
Car -1 -1 -8.6437 0.0000 0.0000 1049.2859 374.0000 1.5534 1.5932 3.8070 1.1139 1.6272 1.0022 -7.9391 -5.8867
Car -1 -1 -4.8022 1168.9857 170.9676 1204.5640 192.1572 1.4645 1.6342 3.9864 41.4724 1.3339 51.9846 -4.1318 -5.8867
Car -1 -1 -4.7299 816.1976 182.7316 848.4241 213.2247 1.5889 1.6660 3.9896 12.5887 2.1811 41.1341 -4.4355 -5.8867
Car -1 -1 -4.6974 162.8803 182.9800 184.0110 200.2622 1.5343 1.6581 4.0474 -41.5923 2.5294 68.7629 -5.2399 -5.8867
Car -1 -1 -4.6663 118.7416 183.7476 144.1444 202.6802 1.5254 1.6527 4.0107 -41.6040 2.5049 62.7489 -5.2500 -5.8867
Car -1 -1 -4.5216 0.0000 183.8880 0.0000 209.9225 1.5258 1.6541 4.0154 -41.6094 2.2656 46.2540 -5.2514 -5.8867
Car -1 -1 -4.3653 455.4948 178.9104 492.5424 198.3221 1.4469 1.6279 3.9809 -10.7575 1.9442 57.1860 -4.5507 -5.8867
Car -1 -1 -7.5000 186.5743 188.3739 253.5801 216.9189 1.3484 1.7811 4.2863 -20.8858 2.2303 38.7701 -7.9915 -5.9284
Car -1 -1 -3.5695 56.4293 202.2191 141.9743 229.2144 1.4121 1.7696 3.9323 -31.4986 3.3121 44.5491 -4.1824 -5.9393
Car -1 -1 -4.5326 538.6035 184.1527 565.8962 204.2568 1.5398 1.6135 3.6328 -4.7376 2.4973 59.2752 -4.6125 -5.9733
Car -1 -1 -7.1590 295.6067 174.8744 348.5850 197.3717 2.0945 1.8108 5.3313 -28.0651 2.2994 70.4951 -7.5369 -6.0131
Car -1 -1 -5.1936 1144.0924 199.0008 1240.6517 241.4737 1.6133 1.6193 4.0909 25.8253 2.8592 32.2284 -4.5233 -6.2023
Car -1 -1 -5.0767 735.0999 187.9987 772.7976 209.3807 1.4088 1.4381 3.7125 10.3503 2.5463 52.2555 -4.8828 -6.2186
Car -1 -1 -8.3004 985.9134 165.3197 1027.8485 185.9300 1.9372 1.7974 4.4862 38.4762 1.2287 70.1066 -7.8004 -6.3652
Car -1 -1 -8.6130 941.8453 173.3206 992.3766 197.6111 2.0883 1.4569 4.3245 31.7860 2.1311 64.4000 -8.1567 -7.4161
