Car -1 -1 -7.7699 501.2460 178.7055 541.9719 209.5936 1.3618 1.6346 3.4317 -4.1838 1.6531 34.2172 -7.8912 6.6406
Car -1 -1 -4.1556 0.0000 179.3608 130.9490 261.5101 1.6954 1.7071 4.3060 -13.7594 1.8728 17.4738 -4.8154 5.9451
Car -1 -1 -7.8692 556.0804 181.6721 607.9393 224.5820 1.2747 1.5979 3.6335 -1.0144 1.5911 24.0583 -7.9115 5.2703
Car -1 -1 -4.4210 251.3306 181.2854 311.1946 215.9423 1.5197 1.6534 3.4935 -15.6263 1.9426 34.3750 -4.8450 5.0533
Car -1 -1 -3.9488 831.0573 179.4660 885.3634 200.1718 1.6405 1.7151 4.3975 20.6483 2.2069 60.0706 -3.6196 1.0281
Car -1 -1 -4.5508 568.7331 176.5023 599.0812 197.9421 1.3961 1.5165 3.6561 -1.7873 1.6559 49.5412 -4.5871 0.0118
Car -1 -1 -3.9859 722.4431 176.8967 774.4423 196.6981 1.4741 1.6401 4.1714 10.8202 1.8007 56.4204 -3.7978 -0.7214
Car -1 -1 -7.2795 16.7273 166.0922 78.9847 191.1346 1.6788 1.6485 3.7454 -39.1409 1.2252 50.3060 -7.9383 -1.3888
Car -1 -1 -7.3885 193.1288 179.4375 264.4894 211.3362 1.5088 1.6139 3.9651 -19.4602 1.8638 36.9470 -7.8706 -1.6725
Car -1 -1 -4.7861 603.6228 175.7747 627.3572 196.4250 1.5829 1.6254 3.6738 0.3831 1.8239 57.7302 -4.7800 -2.2119
Car -1 -1 -5.3113 595.5569 173.2856 646.9481 196.9340 1.5377 1.6130 3.8198 0.6915 1.5679 49.0277 -5.2977 -2.2442
Car -1 -1 -4.8275 0.0000 172.2281 33.5918 196.3107 1.5950 1.6606 3.5373 -41.0117 1.5532 49.6127 -5.5158 -2.8120
Car -1 -1 -5.5526 0.0000 157.6643 37.3328 187.2093 1.6682 1.7280 4.0387 -35.7803 0.8102 41.6509 -6.2593 -3.2630
Car -1 -1 -5.0185 746.7666 176.5780 778.4661 195.3053 1.5042 1.5783 3.6169 12.7505 1.8262 60.5792 -4.8124 -3.4013
Car -1 -1 -4.4566 769.9777 175.3338 801.6977 195.0543 1.5822 1.6294 4.0233 14.7708 1.7975 60.5892 -4.2189 -3.5237
Car -1 -1 -4.5419 154.5148 195.4863 190.8539 220.3635 1.5480 1.5799 3.5916 -30.5430 3.1907 50.4233 -5.0845 -3.8718
Car -1 -1 -5.3401 399.6417 177.8277 468.7633 208.0435 1.5239 1.6111 3.9416 -9.5483 1.8048 38.9021 -5.5796 -3.8845
Car -1 -1 -8.4018 659.3909 174.1882 697.8148 192.2322 1.6814 1.6861 4.3388 6.5842 1.8146 69.8974 -8.3086 -3.9843
Car -1 -1 -6.4121 460.8978 172.6156 543.4020 200.7381 1.5708 1.6993 4.5388 -6.2869 1.5572 41.7405 -6.5610 -3.9862
Car -1 -1 -7.8598 447.7486 175.7253 479.1771 202.4605 1.4793 1.7332 4.3590 -8.7252 1.6583 42.7313 -8.0604 -4.0282
Car -1 -1 -2.8045 442.2377 179.3019 493.1961 198.1271 1.5737 1.6392 3.9903 -12.2638 2.1387 62.1634 -2.9988 -4.3730
Car -1 -1 -5.5178 0.0000 187.1805 139.5673 229.4548 1.4148 1.6581 4.0378 -19.4468 1.9513 25.9576 -6.1560 -4.4658
Car -1 -1 -7.2777 744.0689 179.7962 799.1779 205.1296 1.4464 1.5407 3.6619 9.8560 1.8874 44.0328 -7.0594 -4.6164
Car -1 -1 -4.8853 709.3394 179.8063 730.8875 194.3284 1.3705 1.5187 3.5478 10.8820 2.0773 71.5989 -4.7355 -4.6452
Car -1 -1 -4.2203 538.1708 179.5404 584.9446 203.5307 1.4135 1.4829 3.4576 -3.0442 1.8518 45.4433 -4.2872 -4.7423
Car -1 -1 -4.7377 362.5206 176.3771 380.6651 193.4384 1.5332 1.5219 3.7239 -22.4027 1.8732 67.6816 -5.0564 -4.8447
Car -1 -1 -4.7959 308.9817 180.3367 341.2651 207.0127 1.5094 1.5317 3.5930 -17.3850 1.9843 43.8713 -5.1714 -4.8748
Car -1 -1 -4.5028 51.5097 175.8371 90.6940 198.0048 1.6102 1.5742 4.1082 -41.1938 1.8472 55.1966 -5.1418 -4.9172
Car -1 -1 -7.7299 797.1203 175.5633 828.8179 200.8968 1.7240 1.7069 4.0806 14.5709 1.9264 51.7856 -7.4575 -4.9748
Car -1 -1 -4.6162 30.1309 177.7534 64.3500 201.5943 1.6568 1.6272 3.6828 -41.2821 2.0296 52.9518 -5.2761 -5.0108
Car -1 -1 -4.5398 482.8301 178.4362 517.4360 204.7903 1.5820 1.5121 4.0939 -7.0277 1.9555 46.2505 -4.6902 -5.1763
Car -1 -1 -5.1553 688.6836 179.0080 725.1978 193.4886 1.3367 1.7718 4.5690 9.4898 1.9640 71.1314 -5.0236 -5.2577
Car -1 -1 -5.1761 829.1312 183.9784 867.9605 201.1054 1.5365 1.7539 4.4782 23.1060 2.6534 70.1180 -4.8595 -5.2923
Car -1 -1 -4.2749 770.9423 178.9451 803.6039 198.8054 1.7883 1.5802 3.6986 16.7306 2.3792 68.0933 -4.0354 -5.3061
Car -1 -1 -5.4509 769.6492 177.2184 817.8904 196.8113 1.4884 1.6282 3.7618 14.6426 1.8498 57.7641 -5.2043 -5.3088
Car -1 -1 -7.8826 557.1114 175.7192 605.9225 220.6469 1.5623 1.7177 3.7289 -1.1816 1.6778 27.2565 -7.9262 -5.3587
Car -1 -1 -8.3967 859.6893 165.1654 937.7753 207.5275 1.8778 1.6842 3.7857 13.4672 1.5367 33.9910 -8.0228 -5.3816
Car -1 -1 -4.6966 735.8905 178.8639 767.0621 207.7202 1.4783 1.6075 3.5371 7.7560 1.8240 39.6498 -4.5053 -5.4329
Car -1 -1 -2.5124 0.0000 182.8092 46.5483 374.0000 1.5016 1.7804 4.7890 -8.8778 1.6200 7.1530 -3.3865 -5.5566
Car -1 -1 -4.6663 742.7975 178.7977 762.5665 195.3445 1.4688 1.6458 3.9388 13.3843 2.0433 67.6703 -4.4723 -5.8867
Car -1 -1 -3.8586 0.0000 183.1870 80.9519 241.4001 1.4403 1.6321 3.8650 -17.5711 1.7643 20.6095 -4.5583 -5.8867
Car -1 -1 -4.9670 811.3978 179.4649 839.8331 196.9772 1.5685 1.6202 3.9478 20.3008 2.2108 68.1355 -4.6790 -5.8867
Car -1 -1 -4.4236 214.0698 190.4360 254.9141 212.5818 1.7221 1.9347 4.4418 -32.3405 3.2956 62.2243 -4.9014 -5.9006
Car -1 -1 -4.2471 0.0000 187.9686 0.0000 265.1470 1.4574 1.6175 4.1247 -16.7973 1.8533 16.7024 -5.0274 -5.9286
Car -1 -1 -5.1627 187.6413 170.3952 240.2283 198.7893 1.8382 1.6329 3.7439 -26.6508 1.6787 48.4641 -5.6633 -6.1256
