Car -1 -1 -4.1474 1076.9113 194.4434 1196.7484 242.7529 1.5566 1.6659 3.9467 19.0133 2.3827 26.1078 -3.5241 4.9749
Car -1 -1 -7.8786 557.4932 181.3684 598.7700 215.7991 1.2753 1.5837 3.6348 -1.3982 1.6454 29.5201 -7.9262 4.8550
Car -1 -1 -7.7803 507.8555 179.8404 540.8562 204.7835 1.3331 1.6259 3.4902 -4.9032 1.7504 41.3403 -7.8981 4.1012
Car -1 -1 -3.8863 927.0897 191.0342 1048.0328 239.7266 1.4739 1.5683 3.4058 12.4631 2.1077 23.9564 -3.4124 3.9418
Car -1 -1 -5.0679 928.5502 168.5045 967.8819 188.1945 1.4949 1.6155 3.6508 26.4826 1.1644 56.6654 -4.6329 -0.7896
Car -1 -1 -7.5308 244.0088 174.7292 297.4731 204.2004 1.7259 1.6842 4.4109 -21.0294 1.8480 44.8316 -7.9673 -1.7350
Car -1 -1 -3.7895 819.3006 183.4854 879.9796 207.5857 1.5222 1.6317 3.5845 15.9405 2.2508 48.1185 -3.4720 -2.4312
Car -1 -1 -4.1846 537.6628 181.4268 576.8889 200.5362 1.3822 1.5374 3.3622 -4.0661 2.0656 55.6965 -4.2576 -2.7930
Car -1 -1 -5.1223 867.5282 171.0532 905.4813 189.5956 1.4812 1.6056 3.6105 22.7211 1.3371 59.4793 -4.7593 -3.0156
Car -1 -1 -3.5979 19.2005 190.4358 122.0129 227.3860 1.3969 1.5121 3.1612 -22.9148 2.1872 30.6954 -4.2352 -3.0239
Car -1 -1 -4.0116 6.0432 194.0914 106.4925 228.3684 1.4839 1.6387 4.2173 -27.5598 2.6078 36.0465 -4.6610 -3.3390
Car -1 -1 -4.5226 353.8412 176.7283 381.2810 195.0088 1.5814 1.6338 3.9781 -21.9503 1.9433 65.3792 -4.8456 -3.6130
Car -1 -1 -4.9881 768.7309 173.8740 800.4462 195.6394 1.9239 1.6952 4.3536 15.9481 2.0203 66.1944 -4.7531 -3.7117
Car -1 -1 -7.1598 1093.7396 176.3516 1167.0580 203.3631 1.6017 1.6812 3.7117 31.9715 1.8229 44.4016 -6.5392 -3.7575
Car -1 -1 -4.3114 66.8616 194.2535 125.0719 221.5305 1.6395 1.8087 3.9311 -34.7115 3.1492 48.7980 -4.9274 -3.9716
Car -1 -1 -7.9581 883.5110 172.3756 910.7601 194.9221 1.6000 1.4969 3.4695 21.0560 1.5657 53.0749 -7.5826 -4.2652
Car -1 -1 -5.2515 1156.9049 202.9248 1241.0000 241.5042 1.4989 1.5277 3.4515 26.6208 2.9362 32.6783 -4.5731 -4.3275
Car -1 -1 -4.3310 368.5544 178.1666 398.6853 194.7485 1.5213 1.5442 3.5550 -21.6964 2.0440 69.2029 -4.6339 -4.4973
Car -1 -1 -4.2360 691.6136 183.9281 738.1400 206.2278 1.3582 1.4916 3.7830 6.9619 2.1230 47.8779 -4.0931 -4.5033
Car -1 -1 -6.9328 575.4156 176.7610 674.6126 213.3387 1.5110 1.6714 4.2831 0.6669 1.6953 32.1563 -6.9129 -4.5361
Car -1 -1 -4.8515 688.8683 180.9327 712.1703 199.1098 1.5864 1.6070 3.8589 8.3081 2.3540 66.6420 -4.7285 -4.5614
Car -1 -1 -8.1175 649.2132 174.8207 683.0986 197.6444 1.6835 1.6377 3.8970 4.2612 1.8405 55.6447 -8.0419 -4.5621
Car -1 -1 -5.6778 1042.5833 176.0606 1121.3466 201.2030 1.4882 1.6861 3.8649 29.5513 1.6988 45.3528 -5.1036 -4.5832
Car -1 -1 -7.8006 1155.8657 172.3369 1189.7855 196.3628 1.6665 1.7328 4.0427 40.6666 1.6303 52.1441 -7.1413 -4.6919
Car -1 -1 -5.8524 971.2997 182.5928 1059.1204 210.3537 1.5024 1.6346 4.2422 23.9146 2.1091 42.7804 -5.3461 -4.7170
Car -1 -1 -7.6546 1127.1375 171.9335 1166.8378 194.1927 1.5928 1.7008 3.5471 39.7659 1.5266 53.4516 -7.0179 -4.7534
Car -1 -1 -7.3963 0.0000 198.6088 19.3125 232.1107 1.4009 1.5313 3.3652 -30.3300 2.7076 34.7936 -8.1096 -4.7907
Car -1 -1 -9.3168 1163.5048 185.9216 1241.0000 258.9203 1.5759 1.6039 3.6407 16.2993 1.9383 18.1374 -8.5934 -4.7950
Car -1 -1 -5.0846 585.7823 179.5660 615.7651 196.5542 1.4627 1.5109 3.6148 -0.8902 2.0911 65.6310 -5.0986 -4.8067
Car -1 -1 -4.2956 403.1115 179.0274 457.0874 207.3109 1.4678 1.5610 3.6826 -10.0087 1.8284 40.2433 -4.5382 -4.8471
Car -1 -1 -5.0273 712.8586 182.6529 752.4631 205.3462 1.5206 1.6295 4.1037 8.8175 2.2604 52.3536 -4.8619 -4.9622
Car -1 -1 -4.4399 78.8524 191.5658 136.8483 221.9179 1.4670 1.6113 3.8961 -27.4945 2.5476 39.5737 -5.0441 -4.9781
Car -1 -1 -4.4526 1105.4542 163.1334 1146.5126 185.1522 1.6792 1.7122 3.8510 40.6891 0.9376 56.9141 -3.8346 -5.0045
Car -1 -1 -5.0110 234.5013 187.0258 271.6770 205.5181 1.4730 1.7463 4.2008 -31.1414 2.7491 62.8596 -5.4695 -5.0356
Car -1 -1 -4.7443 420.6083 177.5204 448.9081 204.0315 1.5874 1.6246 4.2338 -11.3040 1.9009 46.2560 -4.9830 -5.0662
Car -1 -1 -4.8229 663.6223 178.2808 692.5320 201.6719 1.5406 1.5707 3.9918 4.6905 1.9350 50.4663 -4.7313 -5.3580
Car -1 -1 -2.8270 0.0000 181.2453 137.7552 312.0305 1.4906 1.5790 3.6007 -8.7783 1.6214 9.8363 -3.5422 -5.4115
Car -1 -1 -4.3837 634.2588 173.3401 675.2741 199.2708 1.7480 1.6292 4.1938 3.1778 1.7836 50.9732 -4.3223 -5.5238
Car -1 -1 -4.8887 651.8126 178.3591 700.6486 215.8327 1.5150 1.5292 3.4147 2.7894 1.7682 31.4582 -4.8017 -5.5384
Car -1 -1 -7.0659 948.3538 168.8885 1008.9732 194.5514 1.7224 1.6372 3.6292 25.3865 1.4560 49.7659 -6.5969 -5.7104
Car -1 -1 -5.0249 661.2884 177.9078 691.9396 194.2981 1.4577 1.6441 4.2113 6.1974 1.9478 67.7839 -4.9345 -5.8541
Car -1 -1 -4.5845 545.4104 180.7747 567.4583 198.1056 1.5311 1.5956 3.7060 -4.9946 2.2911 67.3666 -4.6587 -5.8717
Car -1 -1 -4.5234 716.8297 182.5035 744.9860 202.5738 1.6358 1.6926 4.1278 10.5957 2.5103 63.1812 -4.3585 -5.8725
Car -1 -1 -4.5078 0.0000 185.3119 0.0000 212.3387 1.5328 1.6553 4.0141 -41.6075 2.3473 45.0478 -5.2507 -5.8867
Car -1 -1 -4.6540 101.9295 183.9274 129.1436 203.5782 1.5298 1.6526 4.0112 -41.6041 2.4944 60.7325 -5.2528 -5.8867
Car -1 -1 -4.9135 1241.0000 169.8453 1241.0000 197.2481 1.4964 1.6473 3.9951 41.4712 1.3318 41.5224 -4.1325 -5.8867
Car -1 -1 -4.5732 6.5155 186.1064 46.4789 210.3138 1.5758 1.6675 4.0197 -41.6036 2.5606 51.4812 -5.2505 -5.8867
Car -1 -1 -4.8837 1241.0000 171.3822 1241.0000 197.1971 1.4823 1.6424 3.9772 41.4467 1.3975 43.5419 -4.1266 -5.8867
Car -1 -1 -4.4159 127.7552 183.4936 186.7670 213.0651 1.4673 1.6190 4.0340 -24.7420 2.0814 39.5117 -4.9725 -5.8867
