Car -1 -1 -7.9001 548.7710 188.6001 596.0897 226.6793 1.2504 1.5952 3.5302 -1.5090 1.8805 27.0501 -7.9560 5.0004
Car -1 -1 -7.7975 497.3332 187.4319 532.4857 214.5652 1.3029 1.6611 3.3633 -5.0378 2.1105 38.2529 -7.9281 4.3016
Car -1 -1 -4.0092 905.6801 192.8840 981.6539 223.8769 1.5980 1.6524 4.1118 18.8918 2.7786 40.9186 -3.5802 4.1410
Car -1 -1 -3.7356 789.8582 189.6116 862.5139 219.4172 1.4640 1.5701 3.3785 11.3689 2.3781 38.1143 -3.4485 3.8288
Car -1 -1 -4.8388 726.7642 175.2702 750.9943 193.4641 1.6230 1.6970 4.1461 11.9176 1.8543 67.0385 -4.6640 -1.1461
Car -1 -1 -4.3202 97.8794 203.0658 153.5186 229.5037 1.4558 1.6804 3.6525 -30.9371 3.4698 46.1534 -4.9083 -2.0846
Car -1 -1 -4.3105 274.9729 184.2194 321.2164 207.9736 1.5735 1.7032 3.7206 -22.2089 2.4129 51.4435 -4.7165 -2.5813
Car -1 -1 -4.2801 577.5881 186.5713 618.9953 208.2420 1.4418 1.5849 3.7822 -0.8439 2.4814 52.6508 -4.2966 -2.7189
Car -1 -1 -6.3780 884.9733 190.7578 974.3237 228.3806 1.5833 1.6304 3.5828 14.4773 2.4338 32.9602 -5.9682 -2.7390
Car -1 -1 -4.4448 11.3137 209.6522 75.0554 243.7007 1.4913 1.6966 3.8016 -29.9413 3.5444 38.1818 -5.1066 -3.1799
Car -1 -1 -4.6913 290.1162 177.2897 309.2108 193.0272 1.4792 1.6450 3.9052 -30.5855 1.9293 71.1335 -5.0963 -3.2857
Car -1 -1 -4.6331 301.3846 185.9284 329.8232 207.3104 1.4704 1.6601 4.2433 -22.2915 2.5020 54.6736 -5.0188 -3.5251
Car -1 -1 -4.7840 312.2527 183.0267 344.6577 208.9707 1.6924 1.8268 4.6426 -20.1673 2.4533 51.5075 -5.1558 -3.6152
Car -1 -1 -2.2710 0.0000 191.6060 21.2369 244.4316 1.4594 1.6658 4.0239 -20.3853 2.0529 21.7727 -3.0174 -3.6583
Car -1 -1 -4.4854 189.0116 177.5662 230.1945 207.2332 1.7394 1.5341 3.2308 -24.7497 2.0421 44.6282 -4.9894 -3.6624
Car -1 -1 -5.9214 646.9758 182.2005 748.0748 222.0124 1.5162 1.6308 3.8206 3.5643 1.9231 29.8359 -5.8044 -3.8535
Car -1 -1 -8.7146 1045.0431 199.0390 1143.1833 235.5377 1.4536 1.6002 3.5980 22.3200 2.7391 33.4818 -8.1315 -3.9068
Car -1 -1 -4.7340 478.7927 184.1531 505.0375 208.8871 1.5473 1.6751 4.0849 -8.1298 2.3524 49.2735 -4.8971 -4.0045
Car -1 -1 -2.6671 0.0000 193.9742 92.4065 231.3493 1.4914 1.5828 3.2309 -24.5628 2.4330 31.0965 -3.3316 -4.0261
Car -1 -1 -6.7359 1111.9011 204.8938 1217.1088 237.9396 1.4959 1.6791 3.8345 27.6751 3.1551 36.1772 -6.0877 -4.1454
Car -1 -1 -4.6302 305.8625 176.4874 327.4848 193.5504 1.6370 1.7470 2.9992 -29.1153 2.0060 71.6363 -5.0152 -4.2487
Car -1 -1 -4.4934 627.1161 182.1472 665.9540 211.2557 1.7561 1.6366 4.3831 2.4152 2.3956 47.3470 -4.4433 -4.4817
Car -1 -1 -4.9816 1020.5255 198.6123 1069.0061 225.9477 1.4611 1.5873 3.7916 26.6782 3.1203 44.4468 -4.4447 -4.5095
Car -1 -1 -4.3208 214.8019 188.1970 275.6005 215.2556 1.4087 1.7192 4.1038 -21.2149 2.3477 42.0647 -4.7856 -4.7474
Car -1 -1 -4.8219 945.9619 178.7912 973.7888 199.8009 1.6737 1.6594 4.1249 29.4901 2.1933 60.9563 -4.3736 -4.9074
Car -1 -1 -4.4882 327.4068 185.6016 356.3771 203.5653 1.4533 1.5923 3.6790 -23.4076 2.6007 63.0355 -4.8427 -4.9245
Car -1 -1 -7.4597 134.3906 187.6912 214.1931 223.5038 1.4748 1.6255 4.4139 -20.3979 2.2194 33.9213 -7.9978 -5.0163
Car -1 -1 -7.5635 69.0683 193.0202 136.9860 229.2194 1.4545 1.6220 3.3924 -23.0944 2.4268 32.9337 -8.1714 -5.0617
Car -1 -1 -4.6682 964.5566 171.0668 985.7366 189.9882 1.7769 1.6462 4.6091 35.5163 1.6088 70.1726 -4.2016 -5.1081
Car -1 -1 -4.9731 323.9062 184.8577 361.0820 206.6447 1.5383 1.6436 4.2563 -20.6722 2.4997 55.5949 -5.3279 -5.3061
Car -1 -1 -7.5228 834.1519 188.8135 884.6665 218.4975 1.5920 1.6925 3.8422 14.8359 2.5862 42.9231 -7.1928 -5.3092
Car -1 -1 -4.4447 330.3140 185.9895 374.5093 213.2505 1.7363 1.8807 4.0441 -17.8365 2.6852 50.0526 -4.7858 -5.5243
Car -1 -1 -2.4907 143.1656 178.2542 210.9241 207.3861 1.6979 1.6769 3.1219 -26.0681 2.0302 43.4356 -3.0288 -5.5411
Car -1 -1 -4.9298 503.9137 181.4832 534.9754 200.5067 1.4241 1.6482 4.0332 -7.3617 2.1455 58.1666 -5.0556 -5.5622
Car -1 -1 -4.0944 370.4642 183.0835 437.2547 211.9262 1.4689 1.5836 3.9729 -11.5048 2.0716 40.3983 -4.3705 -5.6730
Car -1 -1 -7.6294 231.0776 193.3839 265.9356 214.2202 1.5937 1.7485 4.3742 -31.0882 3.4272 62.1158 -8.0921 -5.7252
Car -1 -1 -4.7008 369.8776 183.0331 391.0317 202.5767 1.5386 1.6568 3.9943 -19.4649 2.4320 61.1971 -5.0078 -5.8548
Car -1 -1 -4.7388 1106.2340 173.0206 1132.7633 192.0502 1.4947 1.6467 3.9915 41.4754 1.5084 58.8287 -4.1273 -5.8867
Car -1 -1 -7.1455 51.2503 0.0000 1241.0000 374.0000 1.5628 1.5947 3.8093 -1.2973 1.6881 1.0019 -7.9390 -5.8867
Car -1 -1 -4.4792 0.0000 184.5289 0.0000 212.9803 1.5270 1.6542 4.0157 -41.6098 2.2514 42.6373 -5.2494 -5.8867
Car -1 -1 -4.5247 0.0000 185.5202 0.0000 211.6990 1.5395 1.6560 4.0118 -41.6068 2.3960 46.6571 -5.2502 -5.8867
Car -1 -1 -4.6664 118.7554 183.8733 144.1340 202.8097 1.5250 1.6516 4.0092 -41.6038 2.5158 62.7487 -5.2502 -5.8867
Car -1 -1 -8.1632 0.0000 0.0000 854.0188 374.0000 1.5596 1.5950 3.8086 0.3102 1.6578 1.0014 -7.9391 -5.8867
Car -1 -1 -4.7665 1130.2614 172.1536 1160.2345 191.9678 1.4798 1.6391 3.9895 41.4743 1.4272 56.0062 -4.1318 -5.8867
Car -1 -1 -4.6267 72.3560 182.7235 103.2845 203.2859 1.5192 1.6531 4.0168 -41.6077 2.3350 57.5190 -5.2509 -5.8867
Car -1 -1 -8.9132 0.0000 0.0000 1241.0000 374.0000 1.5565 1.5930 3.8075 1.9184 1.6319 1.0021 -7.9390 -5.8867
Car -1 -1 -4.9737 489.8154 182.0040 536.4703 208.0294 1.5073 1.7644 4.8142 -6.2899 2.1247 46.1510 -5.1088 -5.9059
Car -1 -1 -4.1295 575.6865 180.7284 628.6819 204.1897 1.4567 1.5385 4.1278 -0.5084 2.0081 48.3976 -4.1405 -5.9280
Car -1 -1 -4.6505 1060.8165 180.7728 1085.8004 199.2478 1.5633 1.6729 3.6471 41.5437 2.2948 64.7072 -4.0822 -5.9974
Car -1 -1 -4.9001 1128.1417 192.3516 1214.7860 238.9608 1.3777 1.6663 3.7809 19.3746 2.1119 25.1177 -4.2494 -6.0338
