Car -1 -1 -7.7209 507.9120 177.8884 554.2054 210.0484 1.3579 1.6364 3.5491 -3.5767 1.5991 32.8211 -7.8291 5.7724
Car -1 -1 -7.8728 567.1068 180.2882 621.4841 224.9688 1.2977 1.6273 3.5307 -0.5965 1.5566 23.3557 -7.8987 4.8593
Car -1 -1 -4.4736 327.3871 173.9930 377.7881 205.4920 1.6791 1.7194 4.2631 -14.5267 1.7468 40.8306 -4.8136 4.0563
Car -1 -1 -7.7318 390.2996 176.5495 416.9112 196.5684 1.5293 1.6294 3.4969 -16.4862 1.8339 57.6597 -8.0094 2.3272
Car -1 -1 -4.3876 119.6853 186.3349 187.1150 222.2797 1.5988 1.6283 3.9917 -22.6099 2.3076 35.8228 -4.9475 0.0597
Car -1 -1 -7.8017 585.1110 178.9556 610.5822 201.3722 1.4525 1.5740 3.3338 -0.8346 1.8839 49.3664 -7.8190 -0.8966
Car -1 -1 -7.8647 497.8637 170.7770 521.5410 191.7047 1.4939 1.6783 3.6827 -7.4794 1.3453 53.4502 -8.0034 -1.6284
Car -1 -1 -7.0414 3.6831 183.4805 131.4261 225.1755 1.6247 1.6863 4.5738 -23.7163 2.1272 31.7374 -7.6793 -1.6602
Car -1 -1 -5.2347 725.3467 175.5980 760.0525 190.5342 1.4178 1.6329 3.9192 13.0729 1.6970 71.3888 -5.0547 -1.9763
Car -1 -1 -5.3584 0.0000 179.0189 68.9598 214.0682 1.5506 1.6688 4.0456 -27.6969 1.8490 33.6674 -6.0431 -2.1925
Car -1 -1 -4.8569 610.7792 180.0770 634.4230 196.3198 1.4319 1.6298 4.1518 1.1294 2.1310 67.6965 -4.8407 -2.2529
Car -1 -1 -4.6417 850.7096 175.4376 881.6989 201.3167 1.6230 1.6764 3.8520 16.9605 1.8013 47.7714 -4.3030 -2.6800
Car -1 -1 -2.9591 570.8110 174.1524 615.8452 190.1197 1.5217 1.6553 4.1431 -1.6237 1.6496 70.0957 -2.9826 -2.7768
Car -1 -1 -2.7405 338.0923 174.2267 392.3430 193.0010 1.6181 1.7194 4.1711 -21.4878 1.7402 63.3475 -3.0665 -2.9945
Car -1 -1 -4.8366 745.9550 175.4694 766.5352 190.3428 1.4281 1.5754 3.5005 14.4923 1.6943 71.7192 -4.6384 -3.1400
Car -1 -1 -7.9324 514.1700 167.7068 534.4217 182.5079 1.3800 1.6555 3.4964 -8.2556 0.8998 69.1520 -8.0510 -3.1643
Car -1 -1 -7.5336 805.4158 176.4577 856.0490 204.4425 1.4604 1.5888 3.8020 12.2933 1.6708 40.1821 -7.2392 -3.1862
Car -1 -1 -4.2874 612.3290 175.9873 648.2589 196.3668 1.5486 1.5468 3.5110 1.6164 1.8056 57.3357 -4.2598 -3.4905
Car -1 -1 -4.8513 371.0126 176.2233 410.0754 204.4476 1.5165 1.6190 3.8780 -12.6575 1.7191 41.3685 -5.1468 -3.7879
Car -1 -1 -7.3663 328.0252 172.2404 363.8744 190.1264 1.6925 1.6625 3.8632 -25.7025 1.6341 70.3038 -7.7158 -3.8114
Car -1 -1 -4.4134 237.6683 184.6310 285.9992 214.3245 1.9393 1.8758 4.3932 -24.6924 2.8136 51.2689 -4.8605 -4.1021
Car -1 -1 -4.6371 827.3906 176.0184 858.4285 201.4201 1.6099 1.6979 3.9893 15.6353 1.8315 48.4362 -4.3271 -4.1675
Car -1 -1 -5.0195 557.7833 175.9996 583.0618 189.9085 1.3250 1.5335 3.4218 -3.9612 1.6444 71.4549 -5.0749 -4.2093
Car -1 -1 -4.6475 257.4570 180.5629 293.4196 209.9206 1.5405 1.6089 3.6734 -18.9597 1.9988 40.9172 -5.0792 -4.2714
Car -1 -1 -4.4619 548.4736 177.1279 588.6981 203.5898 1.5127 1.5389 3.8585 -2.5091 1.7848 43.9466 -4.5190 -4.3754
Car -1 -1 -4.4681 157.0406 185.9880 216.7994 221.0090 1.5752 1.6556 4.0131 -21.1941 2.2736 36.2293 -4.9945 -4.4836
Car -1 -1 -4.2163 552.2094 173.6436 589.1494 191.4092 1.6204 1.6805 4.2318 -3.7019 1.6973 68.2840 -4.2706 -4.5000
Car -1 -1 -5.1641 689.4444 174.4481 721.1204 190.5796 1.4740 1.5081 3.6885 8.9673 1.6290 68.3118 -5.0344 -4.9213
Car -1 -1 -4.6609 117.8247 185.0942 166.9267 222.9080 1.5253 1.6446 4.1000 -21.1661 2.1170 32.7088 -5.2318 -5.0548
Car -1 -1 -4.8906 391.2830 174.9116 424.0126 197.2139 1.6118 1.6888 4.1080 -15.4229 1.7740 54.7721 -5.1641 -5.0595
Car -1 -1 -4.6636 227.7291 180.6310 267.7353 209.6006 1.4836 1.7931 4.1750 -20.2802 1.9437 40.4433 -5.1260 -5.2006
Car -1 -1 -3.9948 798.9467 177.7640 847.2087 196.9994 1.4651 1.5615 3.8273 16.9674 1.8676 57.5055 -3.7097 -5.2781
Car -1 -1 -4.6538 198.2700 184.1724 240.4980 214.4989 1.4311 1.6972 4.4139 -20.6333 2.0665 38.1691 -5.1467 -5.4290
Car -1 -1 -4.5347 218.4777 190.2330 256.2555 213.0454 1.6558 1.9708 4.3509 -30.0991 3.1180 58.3503 -5.0093 -5.4653
Car -1 -1 -7.8849 566.9516 173.0030 621.3528 220.7493 1.6105 1.8407 4.0548 -0.6982 1.6160 26.4272 -7.9117 -5.5846
Car -1 -1 -4.5256 278.4725 188.6060 305.5348 207.6143 1.5773 1.5828 3.6363 -28.6571 3.0398 65.0555 -4.9394 -5.7011
Car -1 -1 -4.8739 752.7773 174.4999 782.6498 193.6922 1.3851 1.5800 3.9126 11.8222 1.5134 54.4079 -4.6614 -5.8867
Car -1 -1 -4.5843 280.2701 185.5544 312.6755 208.7120 1.5334 1.6445 4.0807 -22.7359 2.4934 52.3670 -4.9923 -5.8867
Car -1 -1 -4.5452 606.5518 176.5558 629.2648 191.3956 1.3965 1.5984 3.9872 0.7887 1.7716 71.0543 -4.5345 -6.3238
