Car -1 -1 -7.9044 574.8947 182.7641 610.1302 209.9132 1.2398 1.5747 3.5908 -0.9585 1.7615 36.1526 -7.9313 5.5422
Car -1 -1 -7.7666 529.6273 180.5612 559.4412 203.4469 1.3603 1.5793 3.6601 -4.1657 1.8704 45.9536 -7.8569 4.4046
Car -1 -1 -4.4857 426.0268 178.5665 450.6635 194.1145 1.4695 1.5900 3.6538 -16.9666 2.0487 71.3709 -4.7185 -0.3091
Car -1 -1 -8.3463 890.4579 187.2256 945.5350 215.4220 1.5874 1.6569 3.4560 18.7914 2.5043 44.2515 -7.9478 -1.0327
Car -1 -1 -7.8047 1008.4141 189.2951 1049.4652 222.4895 1.4598 1.5943 3.2914 20.5085 2.3062 35.3448 -7.2831 -1.4793
Car -1 -1 -7.7984 510.3477 166.3026 533.7332 197.6867 2.5942 1.7362 4.7702 -7.5524 2.0523 62.0778 -7.9194 -1.9805
Car -1 -1 -4.0798 917.9214 187.6812 975.6421 213.7107 1.5814 1.6136 3.5990 22.0089 2.5837 47.2102 -3.6466 -2.5449
Car -1 -1 -4.9006 1138.1412 181.7438 1218.2279 227.1516 1.5023 1.6058 3.8580 20.9196 1.8575 26.7709 -4.2431 -2.6393
Car -1 -1 -4.6821 717.3348 181.7729 743.7762 206.7318 1.5229 1.6102 3.7712 7.9281 2.1340 47.4635 -4.5182 -3.0414
Car -1 -1 -4.5674 873.7994 189.7222 909.9510 216.0736 1.4870 1.5638 4.1377 17.8545 2.6062 45.7005 -4.1978 -3.0625
Car -1 -1 -4.3432 311.8711 177.1364 350.9966 198.7085 1.4849 1.4985 3.4176 -20.0819 1.8037 52.0571 -4.7099 -3.0763
Car -1 -1 -4.5665 1092.5541 173.2387 1155.0603 215.2716 1.6270 1.6277 3.5103 21.2048 1.6436 29.7962 -3.9531 -3.0940
Car -1 -1 -4.7049 824.3466 173.0027 847.0522 195.6221 1.7666 1.7009 4.1803 18.3207 1.7789 58.6331 -4.4039 -3.1539
Car -1 -1 -3.8219 863.6654 186.1275 936.7499 212.9957 1.4587 1.6140 3.7539 16.7701 2.2520 41.8130 -3.4434 -3.5340
Car -1 -1 -4.7659 568.5655 177.2932 602.7137 207.5478 1.5400 1.6345 4.2073 -1.4206 1.7963 39.5329 -4.8021 -3.7184
Car -1 -1 -5.4726 859.8671 188.7195 927.7724 218.7169 1.4740 1.5217 3.3771 15.3468 2.3778 39.2645 -5.1032 -3.7538
Car -1 -1 -4.9104 571.6824 178.2134 612.8591 206.7070 1.6072 1.7178 4.0515 -1.1596 1.9474 43.6788 -4.9373 -3.8384
Car -1 -1 -4.9342 791.7167 182.9750 842.1148 214.6683 1.4944 1.6282 4.1097 10.6281 2.0488 37.4533 -4.6603 -3.9467
Car -1 -1 -4.6351 726.4454 181.9574 761.1025 209.6419 1.4893 1.6979 4.2273 7.8991 2.0546 42.5640 -4.4535 -4.0819
Car -1 -1 -4.6556 246.3787 181.2234 266.6939 198.3161 1.5778 1.5820 3.4926 -34.4783 2.4163 70.3978 -5.1098 -4.0913
Car -1 -1 -4.8793 257.7482 178.6002 296.4621 203.1902 1.4722 1.6105 4.0292 -21.4310 1.8576 46.3070 -5.3108 -4.2615
Car -1 -1 -4.2398 402.6842 178.6273 441.4423 194.6634 1.4946 1.8983 4.4294 -18.5432 2.0839 71.3222 -4.4935 -4.3734
Car -1 -1 -4.5194 484.1679 179.1246 520.4877 204.2039 1.5326 1.6211 3.9285 -7.0122 1.9589 47.0915 -4.6669 -4.4265
Car -1 -1 -4.9920 730.5305 182.0242 774.5950 207.6481 1.5590 1.7332 4.2553 9.3228 2.1924 47.6674 -4.8006 -4.4495
Car -1 -1 -4.0168 341.3929 170.7145 389.5134 194.9070 2.0669 1.8046 4.1346 -21.6269 1.8838 63.8996 -4.3421 -4.5312
Car -1 -1 -4.3964 381.5273 177.0633 412.5767 193.9864 1.4465 1.5241 3.9188 -19.0579 1.8348 64.6387 -4.6823 -4.6732
Car -1 -1 -4.7772 610.0399 179.5373 636.7000 202.1192 1.4790 1.5974 4.0633 0.8686 1.9660 50.5474 -4.7606 -4.7358
Car -1 -1 -4.4943 496.6382 177.7386 529.9042 200.5828 1.6684 1.6921 4.1386 -7.4549 2.0598 55.7416 -4.6270 -4.7518
Car -1 -1 -4.9022 428.0950 176.6541 454.5371 194.4562 1.6090 1.7280 3.9058 -16.0051 1.9794 68.2611 -5.1319 -4.8010
Car -1 -1 -5.2189 657.3299 180.4581 702.4340 202.0410 1.4772 1.5605 3.9694 5.0580 2.0581 53.0180 -5.1248 -5.0095
Car -1 -1 -6.6990 1241.0000 102.3056 1241.0000 374.0000 1.9303 1.7787 4.1570 6.6728 1.7137 4.0865 -5.7101 -5.0774
Car -1 -1 -6.6616 773.7242 183.8859 821.3079 205.3553 1.5274 1.4506 3.0751 13.7749 2.3542 53.1850 -6.4100 -5.1712
Car -1 -1 -4.3686 88.6007 187.0365 144.8562 213.7742 1.4663 1.6146 3.8309 -29.9033 2.3675 43.8068 -4.9649 -5.1827
Car -1 -1 -3.9224 0.0000 189.3793 51.7833 224.0037 1.4824 1.7731 4.4491 -30.1401 2.3449 35.3756 -4.6244 -5.1987
Car -1 -1 -4.8194 550.8054 181.8149 577.1547 203.9875 1.5010 1.5108 3.7603 -3.4056 2.1765 52.4296 -4.8845 -5.2292
Car -1 -1 -3.7680 338.5653 177.4330 394.6443 195.8557 1.4945 1.6169 4.4612 -20.8703 1.9018 61.9521 -4.0919 -5.3734
Car -1 -1 -4.6285 200.2516 181.4697 231.6378 206.1946 1.6066 1.5800 4.2362 -27.6797 2.2389 50.7159 -5.1261 -5.4494
Car -1 -1 -4.5948 395.3947 180.3762 416.7851 195.5792 1.4218 1.6007 3.8278 -20.1913 2.1877 71.4873 -4.8694 -5.6082
Car -1 -1 -4.3045 348.6316 178.6100 402.2681 204.0647 1.3234 1.4923 3.7189 -13.0732 1.6599 40.3044 -4.6165 -5.6345
Car -1 -1 -4.9014 686.2890 179.1139 717.8665 198.3141 1.4073 1.6561 4.3462 7.1432 1.9169 56.5549 -4.7768 -5.6588
Car -1 -1 -3.2918 808.4770 185.3845 871.7313 213.1494 1.5897 1.5044 3.4183 13.7052 2.3575 43.2257 -2.9874 -5.6643
Car -1 -1 -5.1189 704.1138 177.9778 745.3394 201.1896 1.6596 1.6951 3.8241 8.5997 2.0614 54.5612 -4.9639 -5.7123
Car -1 -1 -4.2794 302.4180 179.1265 362.8948 205.6976 1.3379 1.5619 3.9338 -15.0633 1.6967 39.2975 -4.6435 -5.7387
Car -1 -1 -3.8621 396.5903 176.9463 439.4995 195.9374 1.7109 1.8580 3.5587 -18.0448 2.1068 67.8577 -4.1213 -5.7916
Car -1 -1 -4.9910 670.8862 179.6517 701.6380 198.5010 1.5559 1.6336 3.9960 6.6164 2.1708 63.1902 -4.8876 -5.8048
Car -1 -1 -4.3241 0.0000 178.3823 0.0000 254.9001 1.4101 1.6223 4.1254 -16.6790 1.5480 15.8312 -5.1272 -5.8077
Car -1 -1 -7.1454 50.8537 0.0000 1241.0000 374.0000 1.5511 1.5933 3.8064 -1.2984 1.6435 1.0023 -7.9392 -5.8867
Car -1 -1 -4.3491 303.8222 177.9633 342.5225 196.5871 1.4291 1.5933 4.0033 -23.2205 1.8571 58.4822 -4.7258 -5.8867
Car -1 -1 -8.1632 0.0000 0.0000 853.7825 374.0000 1.5554 1.5934 3.8076 0.3101 1.6432 1.0024 -7.9391 -5.8867
Car -1 -1 -4.8569 576.8799 179.0404 608.1807 199.7713 1.4069 1.6730 4.2635 -1.3448 1.8763 52.5473 -4.8828 -6.0027
Car -1 -1 -4.0822 0.0000 187.2964 85.4654 218.3327 1.4178 1.6249 3.7507 -28.8016 2.1888 36.6322 -4.7452 -6.0642
Car -1 -1 -4.3008 0.0000 179.3738 0.0000 244.6462 1.4088 1.6047 4.1930 -18.7598 1.5939 18.2667 -5.0922 -6.0861
Car -1 -1 -5.0253 721.8218 177.3363 758.7045 197.5444 1.4827 1.6250 4.0968 10.0384 1.8438 56.0301 -4.8493 -6.1436
Car -1 -1 -5.0180 550.4497 176.8792 585.8414 197.2792 1.4987 1.6102 3.9912 -3.3156 1.8229 56.0097 -5.0773 -6.2467
Car -1 -1 -5.4721 0.0000 177.9474 13.2039 294.5954 1.6113 1.8670 4.6935 -12.3102 1.6958 11.0259 -6.3004 -6.3813
Car -1 -1 -5.6303 0.0000 187.1805 20.5507 374.0000 1.6632 1.8068 4.1587 -9.3226 1.8431 7.7674 -6.4894 -6.5501
