Car -1 -1 -7.8698 567.0114 185.8966 604.2240 216.9784 1.2806 1.6159 3.6666 -1.1967 1.9138 33.1736 -7.9062 5.6926
Car -1 -1 -7.7849 520.8555 182.4507 551.2339 206.8789 1.3915 1.6146 3.6066 -4.5439 2.0055 44.3651 -7.8868 3.5471
Car -1 -1 -4.0997 913.4303 178.8944 973.7033 206.5344 1.7054 1.6631 3.8363 21.6774 2.1122 46.9404 -3.6700 -1.4334
Car -1 -1 -7.7658 1176.0188 164.5705 1230.9377 200.7614 1.5620 1.6263 3.9177 27.2255 1.2042 33.1125 -7.0822 -1.7808
Car -1 -1 -4.2716 1158.6147 176.9548 1229.2904 207.0713 1.6444 1.6763 3.8692 33.5013 1.8887 41.4343 -3.5955 -1.8212
Car -1 -1 -4.1244 0.0000 193.3554 58.2110 222.7785 1.4405 1.6219 3.9126 -32.9253 2.6391 40.1703 -4.8079 -2.4971
Car -1 -1 -4.5745 191.1969 191.0864 230.9838 217.9884 1.3784 1.5159 3.6273 -22.9809 2.4789 41.5987 -5.0767 -2.9233
Car -1 -1 -4.8004 345.8856 178.3562 371.2780 196.6115 1.4781 1.6808 4.4731 -21.7420 1.9706 62.2419 -5.1355 -3.0589
Car -1 -1 -4.7830 1175.1149 187.6792 1222.8070 222.2732 1.5822 1.5936 3.7688 29.8665 2.3775 36.7192 -4.1047 -3.2498
Car -1 -1 -4.1152 86.2216 189.5740 154.7227 217.3346 1.4937 1.6154 3.5936 -28.9827 2.5267 42.7913 -4.7079 -3.3458
Car -1 -1 -8.5468 877.2379 185.0427 941.7213 213.8015 1.7179 1.6580 4.0778 19.4628 2.5513 47.1550 -8.1582 -3.5812
Car -1 -1 -4.7328 372.9343 177.5768 392.2093 195.5279 1.5755 1.6147 4.1155 -21.0662 2.0262 66.6947 -5.0379 -3.6215
Car -1 -1 -6.9955 0.0000 180.9323 71.6423 232.1385 1.4550 1.6468 3.7656 -19.6971 1.7358 23.1190 -7.6955 -3.6659
Car -1 -1 -6.5198 872.1992 187.9882 946.1617 210.9625 1.4849 1.6895 4.3946 20.3672 2.5440 49.3415 -6.1310 -3.8085
Car -1 -1 -7.6824 562.3145 179.9153 609.0317 214.9955 1.6181 1.6714 4.1215 -1.2017 1.9942 36.3049 -7.7158 -4.0007
Car -1 -1 -4.3641 175.0665 183.5579 228.1423 209.3531 1.5858 1.6848 4.4579 -27.4731 2.3416 48.6329 -4.8762 -4.0202
Car -1 -1 -4.2820 182.8667 185.2979 228.3212 206.2520 1.4853 1.5884 3.8354 -31.0531 2.4757 55.4650 -4.7906 -4.1479
Car -1 -1 -6.7303 873.7769 168.9908 970.7023 205.8504 1.7209 1.7310 3.9059 14.8967 1.5403 34.6395 -6.3277 -4.1913
Car -1 -1 -4.3765 708.9926 185.5097 755.8430 210.1482 1.4368 1.6551 4.3607 7.9488 2.2972 46.7595 -4.2098 -4.2058
Car -1 -1 -5.1303 1194.1377 175.3965 1241.0000 210.6643 1.8337 1.7105 3.5566 34.0333 1.9803 39.7431 -4.4262 -4.2605
Car -1 -1 -8.3862 891.2145 191.6857 953.1639 222.9164 1.5415 1.5530 3.4918 17.0493 2.6239 39.6543 -7.9836 -4.3331
Car -1 -1 -4.4768 674.1982 185.2496 701.1519 202.5529 1.4477 1.6209 3.6424 7.0237 2.6016 65.2018 -4.3705 -4.4714
Car -1 -1 -4.4781 482.0174 177.1042 515.0035 200.7126 1.6784 1.5690 3.9480 -8.3385 2.0084 54.0579 -4.6308 -4.5744
Car -1 -1 -7.0137 836.6348 177.0854 899.1068 201.5919 1.7823 1.7478 4.4272 19.5200 2.1124 54.6945 -6.6731 -4.5769
Car -1 -1 -4.5809 384.5149 178.5365 405.1884 194.9212 1.5312 1.5142 3.2864 -20.9804 2.0989 70.3807 -4.8699 -4.5882
Car -1 -1 -7.0221 926.3625 178.1676 1004.5015 206.1292 1.6157 1.7049 4.1895 21.4470 1.9471 43.6353 -6.5684 -4.7010
Car -1 -1 -4.6658 605.3867 182.5791 634.5222 208.9760 1.4657 1.5812 3.9819 0.6051 2.0804 43.5975 -4.6526 -4.7760
Car -1 -1 -4.6307 287.1634 182.7285 310.7974 199.9882 1.4233 1.6075 3.9458 -27.6020 2.3288 64.0614 -5.0363 -4.9188
Car -1 -1 -4.4770 375.4981 179.0230 414.3281 204.8398 1.4913 1.4899 3.5917 -13.2174 1.8861 44.3873 -4.7652 -4.9952
Car -1 -1 -4.6985 15.5824 188.3529 58.5751 223.5278 1.5657 1.6053 3.8581 -28.5023 2.3803 35.9171 -5.3658 -5.3346
Car -1 -1 -4.0321 255.6423 178.8141 329.1169 206.4186 1.3924 1.5373 3.9302 -17.2957 1.7349 39.3995 -4.4436 -5.4114
Car -1 -1 -4.6099 48.4148 183.1308 103.1409 216.6863 1.3847 1.6035 4.0808 -24.5901 1.8890 33.2666 -5.2428 -5.6247
Car -1 -1 -4.7690 634.4487 182.5005 663.0346 209.0741 1.5027 1.5195 3.8055 2.2946 2.1173 44.0922 -4.7180 -5.7317
Car -1 -1 -4.7787 889.8505 189.4580 917.2551 209.8614 1.3930 1.6694 3.4574 22.0098 2.6850 54.2591 -4.3959 -5.7611
Car -1 -1 -8.1580 465.4737 179.0569 493.6260 197.7496 1.7517 1.5941 4.0429 -12.9207 2.3821 71.2096 -8.3372 -5.8217
Car -1 -1 -4.4361 125.1295 184.0350 168.3627 207.5627 1.6092 1.6535 4.0509 -34.3755 2.4732 53.5971 -5.0043 -5.8223
Car -1 -1 -4.5420 0.0000 185.3886 10.4272 210.7590 1.5468 1.6585 4.0172 -41.6061 2.4223 48.2650 -5.2508 -5.8867
Car -1 -1 -4.9429 1241.0000 169.2531 1241.0000 198.4941 1.4990 1.6457 3.9940 41.4712 1.3141 39.1095 -4.1321 -5.8867
Car -1 -1 -4.6142 56.2765 184.2565 89.2414 205.8707 1.5426 1.6566 4.0122 -41.6055 2.4597 55.9062 -5.2519 -5.8867
Car -1 -1 -7.5638 151.9557 0.0000 1241.0000 374.0000 1.5643 1.5948 3.8099 -0.4931 1.6848 1.0021 -7.9390 -5.8867
Car -1 -1 -4.8771 1241.0000 170.7805 1241.0000 196.3325 1.4953 1.6483 3.9944 41.4713 1.3736 44.3445 -4.1287 -5.8867
Car -1 -1 -4.5656 0.0000 184.5979 37.7670 208.3140 1.5254 1.6535 4.0122 -41.6065 2.3849 50.6799 -5.2506 -5.8867
Car -1 -1 -4.5933 30.3207 183.9223 66.6088 206.2426 1.5227 1.6508 4.0098 -41.6070 2.3759 53.4938 -5.2521 -5.8867
Car -1 -1 -4.4738 312.4329 179.2418 342.9518 196.1582 1.3988 1.5914 4.0009 -24.7579 1.9777 63.3304 -4.8453 -5.8867
Car -1 -1 -4.9132 1241.0000 170.1192 1241.0000 197.6232 1.5019 1.6471 3.9938 41.4719 1.3523 41.5228 -4.1322 -5.8867
Car -1 -1 -6.9160 0.0000 0.0000 1241.0000 374.0000 1.5584 1.5943 3.8081 -2.1017 1.6802 1.0019 -7.9390 -5.8867
Car -1 -1 -4.7982 220.5380 180.9333 248.1898 202.0750 1.5397 1.5827 3.9288 -29.3205 2.1922 56.2211 -5.2772 -5.9320
Car -1 -1 -4.4668 435.1502 177.7285 467.0813 198.4349 1.6011 1.6897 3.6589 -12.8726 2.0087 58.5194 -4.6827 -5.9587
Car -1 -1 -4.5798 326.3674 181.4222 348.5666 199.4333 1.6794 1.5947 3.4756 -26.7824 2.5437 70.9334 -4.9398 -6.0584
Car -1 -1 -2.4442 0.0000 188.7604 28.6789 370.5956 1.4388 1.6484 4.5859 -8.9027 1.6228 7.1416 -3.3205 -6.1448
Car -1 -1 -4.7761 564.3805 178.2560 600.0031 207.4469 1.5912 1.7887 4.8862 -1.7428 1.9302 42.7892 -4.8171 -6.1509
Car -1 -1 -6.5725 951.5773 172.2181 1037.3623 205.2250 1.8332 1.7857 3.9892 21.9143 1.7976 41.3369 -6.0884 -6.4783
Car -1 -1 -5.1454 752.9081 179.4888 792.5931 202.7410 2.0607 1.8464 4.6516 15.2205 2.7068 67.8238 -4.9261 -6.5394
