Car -1 -1 -7.8849 561.5760 185.0160 614.8627 227.5537 1.2258 1.6151 3.4659 -0.8212 1.6532 23.5938 -7.9200 6.2684
Car -1 -1 -4.3171 176.9935 180.8685 277.2332 231.4359 1.6786 1.7875 4.2114 -14.1246 2.0003 26.8156 -4.7981 6.2016
Car -1 -1 -7.7706 506.1248 181.2211 548.4268 213.6738 1.3885 1.6712 3.4475 -3.8335 1.7972 33.5202 -7.8841 5.7172
Car -1 -1 -4.4502 325.2419 182.1103 368.0574 208.5528 1.4916 1.5643 3.5866 -15.9863 2.0777 43.8535 -4.7981 1.6784
Car -1 -1 -3.9930 829.4249 181.5582 878.0123 201.2291 1.6748 1.7263 4.3189 21.9062 2.4793 64.8869 -3.6693 1.4887
Car -1 -1 -4.4610 717.9550 178.8436 747.9188 197.3115 1.4730 1.6051 3.8043 10.3898 1.9958 60.9538 -4.2934 -1.9895
Car -1 -1 -4.4822 1.2095 192.7010 83.3507 236.4341 1.5031 1.6627 4.2394 -22.8391 2.3667 29.1351 -5.1428 -2.0015
Car -1 -1 -1.8648 66.4231 172.3349 111.7312 195.2971 1.6806 1.6810 4.0782 -39.5502 1.6423 54.7169 -2.4885 -2.2005
Car -1 -1 -5.3369 101.6226 191.7455 195.7391 231.7956 1.4497 1.5722 3.2219 -18.3854 2.2356 28.6997 -5.9027 -2.4540
Car -1 -1 -4.5751 149.8326 192.3699 177.8230 212.1803 1.6384 1.6679 3.7570 -40.6567 3.4728 65.7778 -5.1272 -2.7873
Car -1 -1 -6.1845 481.2251 175.0971 552.3581 200.0105 1.5494 1.6689 4.3482 -5.9235 1.6947 45.9332 -6.3125 -3.0113
Car -1 -1 -4.3207 734.0136 174.8385 771.2355 193.9234 1.5772 1.6508 4.2809 12.3319 1.7545 62.3357 -4.1267 -3.2004
Car -1 -1 -5.9859 407.9461 183.7435 474.1949 207.0647 1.5683 1.6659 4.2031 -11.8011 2.3434 50.4060 -6.2151 -3.2563
Car -1 -1 -6.6925 613.0831 174.3172 660.2631 197.2832 1.6266 1.5968 3.0511 1.9072 1.7356 52.5708 -6.6569 -3.6001
Car -1 -1 -7.6169 458.0676 175.8256 496.5887 201.2480 1.5564 1.6307 3.6375 -8.5313 1.7552 46.4710 -7.7978 -3.6793
Car -1 -1 -7.4152 536.5432 178.5152 604.6429 211.8964 1.5252 1.7598 4.2441 -1.9315 1.8258 36.0442 -7.4689 -4.3904
Car -1 -1 -4.8959 777.5215 174.2836 809.7177 196.2494 1.6473 1.7142 4.0738 14.2962 1.7630 56.4690 -4.6496 -4.4112
Car -1 -1 -4.4179 541.8446 182.3978 585.4725 208.2332 1.4247 1.4943 4.1388 -2.7794 2.0298 43.5891 -4.4817 -4.4192
Car -1 -1 -4.5050 391.0061 184.5885 428.0124 208.0453 1.5461 1.8112 3.7130 -14.2580 2.4124 51.3779 -4.7747 -4.6324
Car -1 -1 -4.4031 553.9346 180.6377 581.0035 197.0432 1.5272 1.5939 3.7680 -4.1799 2.3159 71.1119 -4.4620 -4.8100
Car -1 -1 -2.1146 27.9562 168.9487 92.5154 193.5083 1.7623 1.9603 4.1191 -40.7437 1.4817 53.4442 -2.7637 -4.8311
Car -1 -1 -4.9495 421.4059 179.9816 454.0553 198.4222 1.4296 1.6658 4.3436 -14.3950 2.0452 60.0380 -5.1842 -5.2033
Car -1 -1 -7.3397 236.9315 182.8620 301.1317 211.1444 1.4826 1.6266 3.8475 -19.4259 2.0812 41.2043 -7.7780 -5.2329
Car -1 -1 -4.9426 59.2348 193.6229 129.1969 230.7722 1.5519 1.7806 4.4072 -24.8423 2.6099 34.6414 -5.5613 -5.3141
Car -1 -1 -5.2312 255.0300 191.9380 292.6744 209.4497 1.5057 1.5539 3.7171 -31.4674 3.3353 67.4748 -5.6664 -5.3794
Car -1 -1 -4.6511 117.0605 187.6686 179.7554 239.2018 1.5014 1.5236 3.7788 -15.4463 2.0397 24.2083 -5.2143 -5.5491
Car -1 -1 -4.3504 691.7097 175.3838 724.0806 194.6300 1.5725 1.5077 3.7497 8.3470 1.7949 61.4896 -4.2165 -5.7089
Car -1 -1 -8.1365 469.0415 176.6915 510.3684 204.8821 1.5828 1.4796 3.5960 -7.2387 1.8214 42.9797 -8.3028 -5.7884
Car -1 -1 -4.2802 678.6548 177.8091 726.1624 200.7631 1.4259 1.5706 4.0737 6.1438 1.7692 47.8912 -4.1539 -5.8056
Car -1 -1 -4.7045 491.5290 179.0539 515.4940 200.9642 1.4322 1.5924 3.9968 -7.4582 1.8832 50.4362 -4.8509 -5.8867
Car -1 -1 -4.6965 162.8130 182.7287 184.0720 200.1154 1.5453 1.6648 4.0540 -41.5931 2.5158 68.7641 -5.2390 -5.8867
Car -1 -1 -3.6050 173.6891 182.4702 282.0989 213.0802 1.4203 1.6526 4.7222 -19.7295 1.9502 37.3844 -4.0880 -5.8889
Car -1 -1 -6.4761 685.7982 183.6052 752.3503 203.8963 1.4108 1.7988 4.4986 7.8284 2.2037 52.2288 -6.3287 -5.9714
Car -1 -1 -4.6856 394.5709 181.0021 418.2914 203.0640 1.7206 1.7916 4.0366 -16.9337 2.4231 60.0570 -4.9597 -6.5281
