Car -1 -1 -7.8000 489.8254 180.0631 525.8555 209.1189 1.3661 1.6233 3.5930 -5.1905 1.7511 36.7070 -7.9400 5.5509
Car -1 -1 -7.8586 543.2247 181.8933 591.7124 223.2246 1.3332 1.6182 3.5313 -1.5836 1.6799 25.8826 -7.9198 4.8557
Car -1 -1 -3.9748 859.0205 186.6570 918.1697 211.2644 1.5320 1.6529 3.6747 18.5987 2.4846 48.2441 -3.6094 2.2330
Car -1 -1 -3.4616 750.4296 182.6200 815.5905 205.9737 1.3922 1.5468 3.6230 10.6610 2.0098 44.7219 -3.2296 0.2181
Car -1 -1 -7.8973 551.1029 177.8895 576.7347 201.6363 1.5735 1.6328 3.3998 -3.2750 1.9369 50.3426 -7.9624 0.0290
Car -1 -1 -5.0092 0.0000 185.9020 19.2531 237.6830 1.4197 1.6029 3.9828 -20.1950 1.8550 22.3674 -5.7378 -2.4303
Car -1 -1 -5.1748 750.6977 178.6113 805.2352 204.2703 1.5554 1.6714 4.3874 10.8609 1.9496 47.1130 -4.9501 -2.4480
Car -1 -1 -4.4752 300.8374 175.9667 335.8608 198.3076 1.6927 1.6857 3.9962 -23.1583 1.9488 57.3519 -4.8577 -2.7337
Car -1 -1 -4.4075 41.5647 180.9361 131.8916 223.8343 1.5485 1.6795 4.4963 -21.1771 1.9038 29.3469 -5.0284 -3.0786
Car -1 -1 -4.7577 601.5668 180.7805 628.8320 205.2862 1.4740 1.5749 4.0621 0.2659 2.0104 46.7939 -4.7526 -3.4957
Car -1 -1 -5.1334 648.7450 179.3568 691.2174 202.6490 1.5577 1.5695 3.8655 4.2047 2.0403 51.5011 -5.0529 -3.4998
Car -1 -1 -7.7196 535.2866 178.0656 587.3666 218.6748 1.4970 1.5953 3.8176 -1.9379 1.7207 29.0592 -7.7862 -3.5187
Car -1 -1 -4.3979 265.6957 180.7687 311.9966 203.5118 1.4709 1.7415 4.1668 -22.3638 2.0464 50.3300 -4.8143 -3.6443
Car -1 -1 -5.0619 1006.4405 190.7854 1066.0074 222.7123 1.5305 1.5788 3.6403 22.7364 2.5397 38.6897 -4.5346 -3.7910
Car -1 -1 -4.2583 514.0682 178.1076 557.6296 201.5204 1.5374 1.6121 3.5740 -5.1494 1.9169 50.2117 -4.3604 -3.9812
Car -1 -1 -7.2063 166.8345 181.3282 247.1016 211.4892 1.4552 1.6104 3.9888 -21.2032 1.9266 38.0751 -7.7116 -3.9938
Car -1 -1 -4.7038 386.7056 176.9487 410.1764 200.8789 1.7016 1.6323 4.1214 -15.9173 2.0218 54.2660 -4.9881 -4.1185
Car -1 -1 -4.6072 495.6765 178.1901 527.8375 203.7240 1.5716 1.6735 4.0538 -6.4302 1.9364 47.3177 -4.7419 -4.2534
Car -1 -1 -4.7884 208.6592 183.0826 261.2259 225.4398 1.4854 1.5550 3.6159 -14.7392 1.9123 28.1898 -5.2666 -4.4251
Car -1 -1 -4.4698 586.5975 180.2466 628.2484 206.5944 1.3906 1.5766 3.4996 -0.1399 1.8299 41.0258 -4.4737 -4.4307
Car -1 -1 -4.5054 453.9534 172.4940 491.2989 199.5539 1.7959 1.7054 4.2482 -9.5018 1.7717 50.0272 -4.6925 -4.5017
Car -1 -1 -4.7375 532.0906 180.9741 548.6155 196.6202 1.3998 1.4661 3.2235 -6.6013 2.1837 67.9959 -4.8343 -4.5197
Car -1 -1 -7.9500 488.4692 175.9994 526.9153 207.4596 1.6369 1.7351 3.9705 -5.7699 1.8208 40.1036 -8.0924 -4.5672
Car -1 -1 -5.5221 802.7678 180.2915 864.8412 207.0576 1.6396 1.7419 3.7082 14.6110 2.1487 47.3771 -5.2252 -4.6106
Car -1 -1 -4.6114 891.2391 177.6301 912.6119 194.4432 1.4922 1.4731 3.8662 27.2119 1.9507 67.2603 -4.2288 -4.6371
Car -1 -1 -4.4073 174.4737 189.3914 214.5175 211.7291 1.5346 1.5782 3.6927 -31.3372 2.8278 54.4631 -4.9275 -4.6997
Car -1 -1 -4.5280 344.0125 178.1624 369.7156 196.1499 1.5998 1.6020 3.7428 -23.5995 2.1092 67.3080 -4.8643 -4.7013
Car -1 -1 -5.1924 516.8243 178.3299 579.6108 209.7132 1.4914 1.5798 3.9114 -3.2683 1.7883 37.0863 -5.2802 -4.7525
Car -1 -1 -4.6630 7.8474 197.2613 52.0719 228.6744 1.4636 1.6551 4.1601 -31.4558 2.8616 39.1645 -5.3365 -4.7547
Car -1 -1 -4.2506 233.6970 179.4197 303.2069 210.2270 1.5582 1.6831 4.3402 -18.6876 1.9383 39.6171 -4.6891 -4.7566
Car -1 -1 -4.6178 364.5020 176.0253 392.7752 199.2879 1.6517 1.6244 4.2042 -17.3210 1.8988 54.0636 -4.9267 -4.9145
Car -1 -1 -4.7173 523.5148 177.4227 549.4280 203.5060 1.6036 1.6157 4.2631 -4.8692 1.9170 47.3379 -4.8197 -4.9227
Car -1 -1 -5.0199 1030.4565 190.2539 1098.3281 228.3024 1.6850 1.7914 3.6984 22.4148 2.5968 35.8072 -4.4650 -4.9558
Car -1 -1 -7.6462 852.2433 180.1598 899.9555 210.9956 1.6012 1.7149 4.1778 15.0342 2.0361 40.7488 -7.2956 -4.9965
Car -1 -1 -8.0405 498.6356 176.8251 559.1229 219.3574 1.5518 1.6371 4.2823 -3.3848 1.7239 29.0398 -8.1561 -5.0922
Car -1 -1 -4.2636 655.5956 180.3877 700.5511 200.7510 1.4631 1.7020 4.4722 5.2955 2.0714 55.9387 -4.1702 -5.1091
Car -1 -1 -4.0330 0.0000 182.8614 0.0000 248.5014 1.4696 1.7636 4.7207 -19.1143 1.7711 19.3285 -4.8060 -5.1262
Car -1 -1 -4.7860 407.9305 177.1773 434.1127 197.8966 1.5014 1.6489 4.0341 -14.5601 1.8459 55.3699 -5.0423 -5.1485
Car -1 -1 -7.7085 200.4512 184.5929 283.0933 244.7537 1.5376 1.6159 3.8021 -10.8033 1.9174 21.3036 -8.1731 -5.1647
Car -1 -1 -4.5263 586.5999 177.9413 615.5684 196.9269 1.5017 1.6383 4.4787 -0.7334 1.9458 60.6775 -4.5387 -5.2141
Car -1 -1 -7.8602 690.3672 175.3133 721.0453 209.2450 1.7047 1.5427 3.3933 5.0207 1.8410 38.2861 -7.7314 -5.4797
Car -1 -1 -5.1510 408.8129 177.2996 463.8099 200.7530 1.4992 1.8080 4.7679 -11.9890 1.8186 49.4671 -5.3879 -5.4822
Car -1 -1 -2.3241 0.0000 175.2609 28.3212 307.2011 1.4167 1.7723 4.7173 -10.2029 1.4488 8.7386 -3.1714 -5.5561
Car -1 -1 -2.6016 0.0000 189.0223 40.3358 374.0000 1.5040 1.7702 4.7699 -8.9485 1.7005 7.1582 -3.4792 -5.5747
Car -1 -1 -4.5400 0.0000 185.0145 8.9580 269.0909 1.6569 1.8328 4.9706 -16.2679 1.9962 17.5568 -5.2798 -5.6203
Car -1 -1 -4.7480 212.6728 180.9344 258.7567 222.8518 1.6195 1.6082 4.5244 -16.2543 1.9946 31.1544 -5.2257 -5.6980
Car -1 -1 -4.7365 555.2166 177.0659 573.7580 192.8561 1.4144 1.6357 4.2930 -4.3377 1.8241 68.0207 -4.8003 -5.7031
Car -1 -1 -4.3753 224.7438 184.4481 264.3945 206.1854 1.6317 1.6484 3.9436 -29.5581 2.6032 58.4216 -4.8421 -5.7479
Car -1 -1 -4.3047 306.4908 179.9181 360.3815 205.6556 1.3762 1.4966 3.8394 -15.9124 1.8023 41.6022 -4.6682 -5.7601
Car -1 -1 -5.1736 692.9317 177.0487 749.3032 205.7322 1.5079 1.6219 3.7461 6.1487 1.7552 40.5582 -5.0247 -5.7918
Car -1 -1 -4.6799 577.9192 179.2516 598.1019 197.0962 1.4398 1.5978 4.0231 -1.8759 2.0042 61.6729 -4.7106 -5.8343
Car -1 -1 -4.5945 34.7431 184.4113 70.6699 206.7974 1.5368 1.6559 4.0135 -41.6059 2.4343 53.8993 -5.2496 -5.8867
Car -1 -1 -8.6433 0.0000 0.0000 1048.7316 374.0000 1.5411 1.5889 3.8033 1.1138 1.5851 1.0041 -7.9392 -5.8867
Car -1 -1 -4.5569 0.0000 184.3765 28.9834 208.5971 1.5335 1.6553 4.0153 -41.6074 2.3641 49.8771 -5.2496 -5.8867
Car -1 -1 -4.4474 0.0000 184.9142 0.0000 215.6829 1.5345 1.6553 4.0158 -41.6102 2.2357 39.8170 -5.2516 -5.8867
Car -1 -1 -4.4893 0.0000 185.9716 0.0000 214.2895 1.5425 1.6566 4.0124 -41.6074 2.3709 43.4388 -5.2502 -5.8867
Car -1 -1 -4.7129 1080.8901 172.1667 1104.5886 190.1354 1.4924 1.6479 4.0009 41.4736 1.4350 62.0506 -4.1261 -5.8867
Car -1 -1 -7.5644 152.1104 0.0000 1241.0000 374.0000 1.5424 1.5889 3.8037 -0.4940 1.6070 1.0044 -7.9392 -5.8867
Car -1 -1 -4.5157 0.0000 185.3399 0.0000 211.9436 1.5372 1.6555 4.0119 -41.6074 2.3675 45.8534 -5.2498 -5.8867
Car -1 -1 -6.9171 0.0000 0.0000 1241.0000 374.0000 1.5423 1.5880 3.8032 -2.1016 1.6265 1.0047 -7.9391 -5.8867
Car -1 -1 -3.5047 0.0000 188.6664 0.0000 374.0000 1.4911 1.6027 3.9530 -7.0821 1.5898 2.5308 -4.6975 -5.8867
Car -1 -1 -5.9535 0.0000 0.0000 1241.0000 374.0000 1.5088 1.6068 3.9587 6.1749 1.5074 1.7167 -4.6976 -5.8867
Car -1 -1 -4.6978 1063.0723 173.1376 1085.5182 190.1728 1.4703 1.6390 3.9890 41.4750 1.4961 64.4603 -4.1284 -5.8867
Car -1 -1 -4.1799 31.3494 197.2654 98.3923 228.7001 1.5618 1.5111 3.3019 -30.3673 2.9816 40.2507 -4.8233 -5.9063
Car -1 -1 -4.6926 220.2255 187.0394 245.7719 207.6982 1.4135 1.6300 4.3667 -28.6569 2.5375 54.8698 -5.1722 -5.9206
Car -1 -1 -4.3761 0.0000 185.5971 0.0000 274.9621 1.3982 1.6305 4.2984 -15.1366 1.6895 14.2260 -5.1831 -6.1041
Car -1 -1 -5.7441 472.8607 176.0789 527.8506 196.4922 1.5967 1.5608 4.1966 -8.9090 1.8644 58.4350 -5.8951 -6.1543
Car -1 -1 -6.6480 0.0000 177.9203 147.0251 374.0000 1.5367 1.6416 3.7353 -4.5394 1.5742 3.3489 -7.5449 -6.2601
Car -1 -1 -2.9558 119.8321 181.8553 192.5271 214.1321 1.9445 1.7941 3.6355 -28.7660 2.5343 45.8012 -3.5142 -6.7480
Car -1 -1 -4.8447 631.1099 177.3823 654.2569 196.3277 1.5408 1.4787 3.7882 2.7350 1.9391 61.5659 -4.8009 -6.8905
