Car -1 -1 -7.8608 565.8371 181.0188 618.4709 224.0376 1.2497 1.5787 3.4251 -0.6428 1.5334 23.3590 -7.8887 5.3386
Car -1 -1 -7.7593 508.6781 177.6426 551.3419 208.3914 1.3075 1.6127 3.5398 -3.6496 1.5381 33.0172 -7.8690 5.1893
Car -1 -1 -4.4232 289.4540 174.6549 351.7734 210.7732 1.6877 1.7670 4.1711 -14.4199 1.7828 36.0858 -4.8012 4.3699
Car -1 -1 -7.3968 0.0000 190.4844 86.8031 231.1092 1.4854 1.5931 3.8152 -23.7838 2.2720 30.1746 -8.0602 0.9621
Car -1 -1 -4.5359 372.7681 176.2220 404.8778 197.4746 1.4866 1.6114 3.8170 -16.2608 1.7435 53.0945 -4.8319 -0.6041
Car -1 -1 -4.9372 605.6332 179.2673 631.8650 195.4418 1.3953 1.5650 3.8811 0.7462 1.9994 65.9414 -4.9263 -0.9411
Car -1 -1 -5.3045 817.7521 177.9309 854.1318 193.7217 1.4586 1.5956 3.6413 21.8283 1.9640 69.8920 -5.0033 -1.0781
Car -1 -1 -4.3329 78.1203 189.3692 157.2351 225.1633 1.4580 1.6459 4.0299 -22.7907 2.2739 33.5127 -4.9266 -2.4181
Car -1 -1 -8.0154 575.1320 172.7637 607.0834 197.3019 1.6131 1.5943 3.7775 -1.3642 1.6069 49.4383 -8.0432 -2.7074
Car -1 -1 -4.0642 709.3585 174.0347 752.5643 191.1847 1.5065 1.6517 4.2540 11.0228 1.6172 65.7287 -3.8991 -2.8278
Car -1 -1 -7.8627 493.8737 168.4736 518.6640 192.9036 1.6718 1.6837 3.9724 -7.4472 1.3717 51.4665 -8.0060 -3.2995
Car -1 -1 -5.8479 39.3474 184.1074 139.9407 214.1765 1.5493 1.6710 4.1234 -28.2806 2.1803 39.2778 -6.4689 -3.3153
Car -1 -1 -4.8262 353.3942 176.4294 384.0712 198.2959 1.5047 1.6672 4.0712 -17.6396 1.7758 52.5685 -5.1487 -3.5849
Car -1 -1 -4.3475 611.1963 173.6536 647.3715 195.2976 1.5850 1.5498 3.6731 1.4760 1.6479 54.9797 -4.3212 -3.7551
Car -1 -1 -4.3903 674.0394 173.1594 706.0813 189.1340 1.4813 1.7781 4.3521 7.7099 1.5113 69.3429 -4.2803 -4.0704
Car -1 -1 -7.9532 751.9175 172.8701 772.7813 188.7567 1.4903 1.6020 3.7051 14.6518 1.4916 69.6170 -7.7469 -4.0773
Car -1 -1 -4.6887 154.8335 185.3421 200.2127 222.2865 1.5196 1.6943 4.4948 -20.1410 2.1430 33.6581 -5.2247 -4.1111
Car -1 -1 -4.4157 177.2766 187.7737 206.2538 205.5064 1.6002 1.5215 3.3235 -40.5090 3.0826 69.9144 -4.9394 -4.3400
Car -1 -1 -4.5842 861.5278 179.5385 894.2858 205.5118 1.5565 1.5320 3.5688 17.1382 2.0019 46.1738 -4.2314 -4.4889
Car -1 -1 -4.4154 547.2371 176.1970 591.0455 203.0121 1.4969 1.4979 4.0016 -2.4134 1.7053 42.9296 -4.4716 -4.5723
Car -1 -1 -7.8692 563.4514 172.4427 615.4916 219.8001 1.6131 1.7753 4.7457 -0.8583 1.5988 26.9890 -7.9013 -4.6617
Car -1 -1 -4.8055 560.5219 175.3652 579.7518 191.8610 1.5291 1.5193 3.5161 -3.8701 1.7764 69.2991 -4.8614 -4.6973
Car -1 -1 -4.8806 400.3306 178.8477 433.9812 202.4141 1.4843 1.5637 3.8510 -13.0491 1.9048 48.5779 -5.1420 -4.9113
Car -1 -1 -4.8852 158.8372 188.9707 189.3469 207.6573 1.6346 1.8543 3.8629 -41.5708 3.2160 68.7470 -5.4276 -5.1780
Car -1 -1 -7.6984 766.6199 169.8513 792.5667 190.5742 1.6965 1.5916 3.6917 14.3569 1.4504 61.0794 -7.4689 -5.4552
Car -1 -1 -4.8677 357.4025 179.0234 397.4082 208.1949 1.4918 1.5486 3.6459 -12.8745 1.8479 39.7107 -5.1796 -5.6935
Car -1 -1 -4.8931 182.2932 183.0755 237.5287 216.4047 1.5934 1.7720 4.5650 -21.2946 2.1679 38.2504 -5.3984 -5.7763
Car -1 -1 -8.0762 500.4806 171.4141 527.9285 190.3920 1.7258 1.7637 3.7596 -9.0344 1.5945 67.6824 -8.2087 -6.5305
