Car -1 -1 -7.8731 574.4163 186.5185 607.1125 214.3338 1.2394 1.5388 3.5390 -1.0315 1.9499 35.7284 -7.9023 4.6320
Car -1 -1 -7.7678 527.3277 183.6368 558.4515 206.8790 1.3605 1.6593 3.6473 -4.2510 2.0714 45.7608 -7.8604 3.5130
Car -1 -1 -8.4327 870.2395 187.9244 924.0948 216.6839 1.7177 1.5803 3.5134 18.5922 2.7372 46.9453 -8.0584 0.0833
Car -1 -1 -7.8703 1227.4152 176.6810 1241.0000 219.7967 1.5360 1.7087 3.7661 25.0770 1.6949 28.0429 -7.1463 -1.5498
Car -1 -1 -3.3441 988.7184 185.4809 1098.8514 221.7689 1.5376 1.6522 4.0621 19.6977 2.1403 33.0170 -2.8108 -1.5672
Car -1 -1 -7.8847 955.3940 178.2500 993.5475 211.7199 1.6959 1.7185 3.6481 19.7224 2.0040 39.2253 -7.4224 -3.1109
Car -1 -1 -4.8024 759.1835 182.5063 783.7852 203.7347 1.6390 1.6285 3.8771 13.2732 2.4627 59.5763 -4.5848 -3.4875
Car -1 -1 -5.5465 1129.4916 183.6669 1241.0000 226.3409 1.5118 1.6087 3.6511 22.7526 1.9672 28.4748 -4.8779 -3.7859
Car -1 -1 -4.4665 546.9463 180.0924 590.9167 210.2116 1.5157 1.5521 3.6070 -2.2170 1.9273 39.1479 -4.5233 -4.0083
Car -1 -1 -4.4361 154.1871 187.4745 199.3067 211.6881 1.4702 1.6287 3.7123 -28.9323 2.4879 48.2336 -4.9742 -4.1942
Car -1 -1 -4.8546 258.2675 182.9607 296.0051 208.7730 1.5190 1.6348 4.1172 -21.4432 2.1982 46.3354 -5.2861 -4.1985
Car -1 -1 -5.3349 985.7958 185.0529 1075.6354 219.1242 1.5498 1.6359 4.4664 21.2701 2.2102 36.7751 -4.8146 -4.3391
Car -1 -1 -4.4182 190.6678 186.8599 242.0934 215.6504 1.4810 1.6008 3.5004 -22.2370 2.3094 40.8165 -4.9146 -4.3441
Car -1 -1 -2.7405 829.3661 192.2596 904.2028 221.5430 1.5312 1.6038 3.7841 14.8998 2.7125 42.0685 -2.4031 -4.3519
Car -1 -1 -7.8306 510.2713 170.5191 531.5429 196.3656 2.2353 1.7898 4.5664 -7.9844 2.0331 64.7618 -7.9531 -4.4111
Car -1 -1 -4.5207 326.4051 179.6798 358.8545 201.2994 1.5534 1.6107 3.9015 -20.4354 2.0947 55.1959 -4.8740 -4.4285
Car -1 -1 -4.6473 345.8027 181.4227 369.1996 200.3061 1.4496 1.5662 3.8575 -20.7559 2.1785 59.3335 -4.9827 -4.4512
Car -1 -1 -4.6872 445.6624 178.7500 465.2595 199.0468 1.6715 1.5669 3.9179 -13.4230 2.2004 62.6915 -4.8976 -4.5590
Car -1 -1 -4.5278 513.2952 179.5923 546.1324 203.5941 1.6875 1.6802 4.3691 -6.0150 2.2146 54.2293 -4.6381 -4.5671
Car -1 -1 -4.8281 339.3443 180.7023 369.7238 202.4979 1.4519 1.6191 3.8098 -18.3355 2.0355 51.6196 -5.1681 -4.6125
Car -1 -1 -4.1764 414.3741 182.1509 458.1028 202.0796 1.5885 1.6605 4.3567 -14.9020 2.4171 62.0097 -4.4116 -4.6324
Car -1 -1 -4.8206 570.7025 181.5326 607.9695 210.3638 1.5973 1.7746 4.4292 -1.3400 2.1503 43.6852 -4.8517 -4.7052
Car -1 -1 -4.8578 357.4752 177.8563 389.3259 199.6362 1.5900 1.7221 4.4878 -18.4805 1.9956 56.1641 -5.1746 -4.8533
Car -1 -1 -4.8647 760.7276 186.1406 799.6970 215.1874 1.5564 1.6289 4.0392 9.9653 2.3793 42.6341 -4.6373 -4.8633
Car -1 -1 -4.7846 653.5040 185.5285 674.3906 202.2095 1.4615 1.6903 3.6669 5.0248 2.6850 67.8377 -4.7115 -4.9577
Car -1 -1 -5.0055 787.0488 186.8282 841.6648 218.6608 1.4902 1.6540 3.8942 10.4996 2.2536 37.4679 -4.7350 -4.9679
Car -1 -1 -5.3610 847.2524 190.4972 901.2242 217.8642 1.6199 1.5141 3.4510 17.1241 2.8146 46.9962 -5.0143 -4.9784
Car -1 -1 -4.0575 263.5217 179.7468 329.6351 204.4367 1.5889 1.6986 4.7244 -21.7970 2.0932 50.3268 -4.4646 -5.5088
Car -1 -1 -4.9595 389.7503 179.1903 421.2905 197.0970 1.4232 1.6235 4.0523 -17.3522 1.9779 61.0379 -5.2357 -5.5400
Car -1 -1 -5.0268 300.6816 181.1475 336.9788 202.6869 1.7029 1.6827 3.9848 -24.5467 2.4241 60.7046 -5.4098 -5.5470
Car -1 -1 -4.1970 477.4515 179.2465 510.8028 195.4643 1.5222 1.6320 3.7274 -11.4438 2.1720 71.3546 -4.3558 -5.5631
Car -1 -1 -4.8410 861.1768 194.3580 907.5310 229.7494 1.5259 1.5943 4.4463 13.6894 2.6775 36.3060 -4.4839 -5.6521
Car -1 -1 -4.4812 228.1129 182.8225 271.1467 205.7634 1.4043 1.6408 4.2690 -24.1387 2.1039 48.4007 -4.9418 -5.6538
Car -1 -1 -2.4366 0.0000 176.4645 59.5082 356.8066 1.4517 1.7998 4.8682 -8.7393 1.4935 7.1407 -3.3038 -5.7938
Car -1 -1 -4.5685 465.7789 180.5600 490.8983 198.4584 1.4676 1.5958 4.0277 -11.4773 2.1616 62.9634 -4.7485 -5.7965
Car -1 -1 -4.3404 396.1641 180.6164 439.3827 202.6027 1.4935 1.6547 4.1420 -14.0068 2.0832 52.6840 -4.5994 -5.8127
Car -1 -1 -4.4813 357.5410 179.1554 394.9070 201.3895 1.4535 1.6110 3.9732 -16.2988 1.9109 50.3718 -4.7930 -5.8512
Car -1 -1 -4.4415 316.4052 179.9169 351.2053 198.5007 1.4129 1.6277 3.9698 -22.3588 2.0051 58.4708 -4.8055 -5.8867
Car -1 -1 -4.4781 320.7889 180.7750 351.5463 198.3658 1.4175 1.5919 3.9758 -23.5403 2.1214 62.0803 -4.8394 -5.8867
Car -1 -1 -6.7848 0.0000 0.0000 1241.0000 374.0000 1.5567 1.5926 3.8073 -2.9052 1.6853 1.0026 -7.9390 -5.8867
Car -1 -1 -5.8451 1241.0000 184.4032 1241.0000 374.0000 1.5341 1.6162 3.9689 5.3772 1.5998 2.1243 -4.6975 -5.8867
Car -1 -1 -7.1452 50.8914 0.0000 1241.0000 374.0000 1.5593 1.5950 3.8086 -1.2979 1.6735 1.0016 -7.9391 -5.8867
Car -1 -1 -9.0459 0.0000 0.0000 1241.0000 374.0000 1.5131 1.6067 3.8515 3.9407 1.5592 1.3663 -7.8743 -5.8867
Car -1 -1 -8.1635 0.0000 0.0000 854.1349 374.0000 1.5655 1.5945 3.8100 0.3111 1.6818 1.0021 -7.9389 -5.8867
Car -1 -1 -4.4708 209.1508 183.9209 256.9170 211.0237 1.5383 1.6721 4.2258 -23.4922 2.2634 45.0419 -4.9493 -5.9004
Car -1 -1 -4.3492 0.0000 182.1325 0.0000 250.7899 1.4332 1.6130 4.1098 -18.3080 1.6910 17.8626 -5.1394 -5.9535
Car -1 -1 -4.6732 257.6556 184.0995 279.8753 201.5148 1.3005 1.4824 3.4630 -27.5204 2.2366 58.1967 -5.1134 -5.9834
Car -1 -1 -4.3773 391.0030 182.5008 420.2007 199.3159 1.5512 1.6045 3.7604 -20.0088 2.5218 70.6959 -4.6524 -6.1703
Car -1 -1 -4.9106 1141.6407 164.6443 1200.4301 200.2592 1.6499 1.5253 3.8790 27.4806 1.2693 35.5032 -4.2561 -6.2254
Car -1 -1 -2.6398 542.8615 178.5825 598.4451 199.7459 1.5255 1.5427 3.9246 -3.0006 1.9692 54.3868 -2.6951 -6.2900
