Car -1 -1 -7.8556 568.3661 175.2532 604.0021 205.4296 1.3317 1.5865 3.3244 -1.1628 1.4494 33.7998 -7.8902 4.5906
Car -1 -1 -7.8340 523.0354 174.6124 550.4462 198.4207 1.4088 1.6242 3.5988 -4.5512 1.5223 44.8300 -7.9349 3.8153
Car -1 -1 -4.4651 381.4889 176.0980 407.5762 191.6539 1.4733 1.6019 3.7014 -21.1890 1.8008 71.0069 -4.7544 -2.3388
Car -1 -1 -5.9024 914.5452 171.9390 1000.6415 199.7760 1.6107 1.7008 4.4063 21.0730 1.5575 43.9458 -5.4583 -2.3897
Car -1 -1 -7.9483 577.9045 167.4928 604.3707 191.9115 1.8532 1.7074 4.0075 -1.5483 1.4460 56.8527 -7.9758 -2.7716
Car -1 -1 -4.5139 83.9083 186.7484 134.9054 217.1172 1.5512 1.6642 3.6691 -28.2115 2.3736 40.7119 -5.1170 -3.0144
Car -1 -1 -4.9354 972.1825 180.5233 1030.0557 215.1043 1.5776 1.6603 4.0576 19.4185 1.9837 36.0583 -4.4453 -3.2604
Car -1 -1 -3.9546 859.9850 171.4760 935.4932 201.7645 1.8208 1.8070 4.4840 17.9739 1.7376 45.1414 -3.5783 -3.3327
Car -1 -1 -5.8812 0.0000 194.2154 48.2207 227.1964 1.4600 1.6061 3.7916 -29.8917 2.5350 34.9922 -6.5845 -3.4383
Car -1 -1 -4.4800 366.7783 171.9853 397.5564 190.3724 1.6534 1.7588 4.4175 -21.1751 1.5749 67.1467 -4.7845 -3.4960
Car -1 -1 -7.1469 302.2766 176.3812 373.0476 203.3401 1.5094 1.6538 4.1643 -16.2675 1.7313 43.2222 -7.5051 -3.5768
Car -1 -1 -5.9697 384.6790 176.2924 447.4867 198.5918 1.5678 1.6693 4.0510 -13.9626 1.8196 51.9575 -6.2313 -3.6960
Car -1 -1 -5.1274 839.4683 179.9503 881.6174 203.4260 1.4337 1.3616 3.2844 16.1657 1.9102 46.7850 -4.7971 -3.7409
Car -1 -1 -4.2561 459.0526 172.3455 505.1353 195.8691 1.6607 1.6768 4.1706 -9.3991 1.6245 53.1732 -4.4305 -3.7660
Car -1 -1 -4.9699 492.6143 174.6162 519.9686 190.8611 1.5316 1.6956 3.9584 -10.2019 1.7091 70.6494 -5.1131 -3.7701
Car -1 -1 -7.7266 816.8632 173.7163 842.3012 193.0109 1.6189 1.6419 3.9293 19.1316 1.6963 62.8593 -7.4328 -3.8600
Car -1 -1 -4.6621 810.4712 173.5967 831.4156 191.0137 1.5607 1.6618 4.3912 19.6522 1.6320 67.2036 -4.3791 -3.9495
Car -1 -1 -5.7794 423.2142 176.5782 470.7654 194.6294 1.5477 1.6145 3.7866 -14.4074 1.8830 63.7051 -6.0013 -4.0072
Car -1 -1 -4.2205 701.8685 175.2789 744.8891 195.0631 1.4811 1.6195 4.0499 8.9053 1.6782 56.6346 -4.0657 -4.1046
Car -1 -1 -4.3530 0.0000 189.7426 50.0404 226.4145 1.4231 1.6857 4.3967 -27.1834 2.2391 32.5210 -5.0454 -4.1980
Car -1 -1 -4.3048 511.1465 175.0606 542.6119 190.3361 1.4442 1.6149 4.0219 -8.1611 1.6677 70.9999 -4.4192 -4.3598
Car -1 -1 -4.5663 516.9888 174.4249 540.5549 192.4834 1.5230 1.5288 3.6735 -7.0908 1.6640 63.0390 -4.6781 -4.4347
Car -1 -1 -4.5052 600.7713 172.8799 627.1085 190.0226 1.5638 1.7351 3.8023 0.3805 1.5660 67.8697 -4.5000 -4.4747
Car -1 -1 -5.0269 714.6931 173.7685 761.2634 194.6939 1.4328 1.7853 5.2093 9.1753 1.5023 52.3464 -4.8547 -4.5015
Car -1 -1 -4.3883 407.5846 175.2753 440.0587 193.5818 1.5692 1.7103 3.7001 -16.5636 1.7909 64.2590 -4.6398 -4.6777
Car -1 -1 -4.6341 118.7765 182.8502 157.0231 214.3639 1.6609 1.5434 3.5910 -26.9483 2.2585 41.2089 -5.2105 -4.9619
Car -1 -1 -3.1605 773.0999 177.2024 839.6111 199.4678 1.5062 1.6293 4.4354 13.7090 1.8191 50.6516 -2.8981 -4.9916
Car -1 -1 -4.4777 492.8367 169.4855 526.4744 191.5300 1.7549 1.7412 4.5930 -8.2919 1.4864 59.8085 -4.6152 -5.0323
Car -1 -1 -4.9353 358.4404 176.3775 399.5277 202.9769 1.5107 1.5661 3.7643 -14.0084 1.7328 43.5329 -5.2451 -5.1423
Car -1 -1 -4.7455 542.5099 172.5669 571.2750 198.3058 1.6459 1.7693 4.5138 -3.6435 1.6272 48.4778 -4.8205 -5.1681
Car -1 -1 -8.3688 1079.4243 163.0154 1193.4017 213.2569 1.6390 1.5762 3.7615 18.3972 1.3178 25.4918 -7.7495 -5.2053
Car -1 -1 -4.6172 0.0000 191.4086 45.8788 220.1106 1.4635 1.7637 4.0980 -34.0543 2.5952 41.8241 -5.2976 -5.3034
Car -1 -1 -6.5814 763.3388 171.4597 809.8678 191.4058 1.8196 1.8086 3.8218 16.3129 1.6921 66.8396 -6.3434 -5.3825
Car -1 -1 -4.4437 618.9407 171.4499 649.2888 189.2125 1.6681 1.8216 4.5094 2.3659 1.5360 70.1843 -4.4105 -5.4534
Car -1 -1 -5.0135 208.3416 179.3657 255.0293 202.9949 1.4443 1.6209 3.8971 -24.7720 1.8870 47.1325 -5.4953 -5.4901
Car -1 -1 -2.3716 0.0000 166.8194 41.0278 305.2166 1.5756 1.6295 4.1331 -9.9944 1.5066 9.1237 -3.1879 -5.4952
Car -1 -1 -2.3065 0.0000 180.4075 4.9403 350.3781 1.4455 1.6016 3.9666 -8.6746 1.5284 7.0784 -3.1742 -5.5362
Car -1 -1 -4.3041 365.8795 174.9606 410.6891 196.2182 1.4716 1.6796 3.9479 -16.0780 1.6304 52.4140 -4.6006 -5.5590
Car -1 -1 -4.3316 236.9477 179.7415 278.8979 198.1369 1.4132 1.6569 4.1691 -28.8370 1.9982 59.1719 -4.7836 -5.6343
Car -1 -1 -4.8785 328.3007 176.4503 355.5884 195.5586 1.5184 1.5319 3.7497 -22.3762 1.8277 60.0993 -5.2337 -5.7208
Car -1 -1 -4.5927 213.8543 179.8012 254.9299 207.8553 1.5424 1.6836 4.1106 -22.3518 1.9774 42.9900 -5.0699 -5.7403
Car -1 -1 -4.5297 683.8763 171.5065 707.2495 188.8253 1.5795 1.5579 3.5875 8.0372 1.4563 67.7492 -4.4125 -5.8359
Car -1 -1 -4.3097 209.8008 179.1711 254.7985 198.5426 1.4257 1.6172 4.1771 -29.6136 1.9401 56.6473 -4.7897 -5.8472
Car -1 -1 -7.2715 0.0000 177.1671 0.0000 257.2800 1.4247 1.6189 3.8205 -15.7016 1.5268 15.0896 -8.0680 -5.8826
Car -1 -1 -4.4569 115.0814 182.3019 161.5448 204.5125 1.3969 1.6406 4.2666 -32.3869 2.0761 49.6058 -5.0331 -5.8835
Car -1 -1 -4.4512 0.0000 185.9314 0.0000 216.4482 1.5326 1.6529 4.0114 -41.6087 2.3002 40.2214 -5.2503 -5.8867
Car -1 -1 -4.4984 0.0000 185.8632 0.0000 213.6132 1.5416 1.6571 4.0124 -41.6072 2.3777 44.2433 -5.2502 -5.8867
Car -1 -1 -4.4202 0.0000 185.8770 0.0000 218.5565 1.5375 1.6557 4.0158 -41.6098 2.2584 37.8085 -5.2500 -5.8867
Car -1 -1 -3.5047 0.0000 188.4357 0.0000 374.0000 1.4906 1.6027 3.9529 -7.0822 1.5878 2.5307 -4.6975 -5.8867
Car -1 -1 -4.2483 0.0000 179.8909 0.0000 254.4762 1.4560 1.6268 4.0334 -17.4956 1.6395 16.6678 -5.0499 -5.8867
Car -1 -1 -4.1046 48.4908 183.2724 121.1625 208.8405 1.4893 1.6518 4.1471 -33.2772 2.1807 45.8172 -4.7302 -5.8884
Car -1 -1 -4.7597 647.9767 174.1363 666.5861 190.6178 1.5597 1.6237 3.9708 4.5810 1.6884 70.5927 -4.6955 -5.9087
Car -1 -1 -7.8045 239.4786 168.2110 273.8874 201.0246 2.1718 1.9107 4.8589 -24.6314 1.8642 50.3647 -8.2575 -5.9106
Car -1 -1 -4.8284 33.0298 189.9796 94.0374 225.0247 1.3855 1.7285 4.3384 -24.9312 2.2153 32.8085 -5.4745 -6.2355
Car -1 -1 -4.3384 0.0000 180.2330 0.0000 243.3085 1.4350 1.6506 4.4319 -19.2238 1.6566 19.3308 -5.1141 -6.4093
Car -1 -1 -5.3439 0.0000 183.2424 8.9208 304.4001 1.6147 1.8111 4.3989 -12.0224 1.7892 10.9798 -6.1624 -6.4893
