Car -1 -1 -7.8716 573.1873 186.7331 607.0321 214.0992 1.2099 1.5840 3.5472 -1.0564 1.9282 35.5462 -7.9018 4.9696
Car -1 -1 -7.8113 525.6583 180.9296 555.4163 206.3173 1.4993 1.7205 3.8443 -4.4055 2.0339 45.8274 -7.9071 3.4390
Car -1 -1 -4.4900 858.4498 192.2923 897.5885 218.0745 1.5433 1.6345 4.0072 18.0249 2.9075 48.5225 -4.1370 -2.1112
Car -1 -1 -5.0439 89.2833 193.5217 145.5649 222.4150 1.4695 1.5315 3.6514 -27.9402 2.6881 40.8455 -5.6410 -2.1765
Car -1 -1 -4.3244 289.4171 183.5076 338.9042 206.2422 1.4482 1.7696 4.0212 -20.4056 2.2138 49.8590 -4.7113 -2.2052
Car -1 -1 -2.0829 52.6350 194.1611 125.1520 223.8063 1.4825 1.6471 3.6999 -28.7871 2.7027 39.8045 -2.7060 -2.3237
Car -1 -1 -4.8499 696.7476 185.1724 727.5722 207.5822 1.4786 1.6449 4.0121 7.2637 2.3973 51.8202 -4.7120 -2.3526
Car -1 -1 -4.5227 548.7343 179.2156 591.3391 209.6857 1.5227 1.5875 3.9225 -2.1422 1.8840 38.9640 -4.5778 -2.4277
Car -1 -1 -4.8048 1136.0750 158.2135 1189.4104 194.0921 1.6964 1.7037 4.4965 27.8151 1.0039 36.4751 -4.1573 -2.6451
Car -1 -1 -5.5270 973.2808 186.1111 1069.8539 219.4298 1.5416 1.7019 4.3830 21.2825 2.2751 37.5956 -5.0158 -2.9183
Car -1 -1 -4.8804 431.5793 181.8486 472.0915 212.0287 1.5252 1.5713 3.7229 -8.7779 2.0448 39.6881 -5.0971 -2.9990
Car -1 -1 -7.8788 941.5775 181.5061 975.5328 211.3767 1.5419 1.6012 3.8975 19.5117 2.0533 40.5708 -7.4338 -3.0051
Car -1 -1 -5.8293 799.3416 166.1205 858.9701 191.5240 1.8596 1.7349 3.9739 16.5877 1.3664 54.8039 -5.5372 -3.1227
Car -1 -1 -6.6635 1125.3018 184.3452 1241.0000 229.2834 1.5314 1.6467 4.1564 21.7656 1.9785 26.6993 -5.9855 -3.2318
Car -1 -1 -5.8182 0.0000 189.5873 20.7093 241.7392 1.4351 1.6091 3.8838 -20.7446 1.9760 22.0185 -6.5678 -3.3575
Car -1 -1 -7.6538 607.6902 181.7012 633.1310 198.2669 1.3757 1.5846 3.5235 0.9252 2.1813 63.8302 -7.6398 -3.6324
Car -1 -1 -4.7295 475.3866 179.8812 491.8882 195.5969 1.4708 1.5385 3.5620 -12.4917 2.1816 71.1164 -4.9031 -3.6755
Car -1 -1 -4.8437 1144.1809 164.0285 1185.6167 189.7139 1.5525 1.5670 3.8765 35.0396 1.0188 45.6841 -4.1927 -4.1125
Car -1 -1 -4.4167 483.2285 178.4548 511.1738 195.2197 1.5773 1.6850 3.8271 -11.1219 2.1457 71.2441 -4.5714 -4.1703
Car -1 -1 -3.0242 782.0322 176.5400 846.7288 201.9237 1.6100 1.6300 3.9553 13.4806 1.8611 47.7081 -2.7509 -4.2355
Car -1 -1 -9.0275 1134.9122 174.1159 1241.0000 219.4972 1.6311 1.6161 3.9674 23.1021 1.6838 28.1826 -8.3464 -4.3109
Car -1 -1 -4.6459 261.4901 184.8842 293.3835 209.8274 1.4600 1.5974 3.9923 -21.3991 2.2702 46.4577 -5.0757 -4.3783
Car -1 -1 -4.6839 728.7798 183.9321 757.8143 210.8456 1.5382 1.6800 3.8479 8.3109 2.2602 44.9886 -4.5030 -4.3968
Car -1 -1 -4.9500 721.9633 185.7549 757.5745 208.6924 1.5125 1.6833 3.6395 9.1968 2.4672 51.5481 -4.7750 -4.5352
Car -1 -1 -4.6468 897.0186 188.6870 928.2668 214.6253 1.5602 1.6765 4.1220 20.2708 2.6692 48.3299 -4.2525 -4.6622
Car -1 -1 -3.3909 855.3234 189.4443 923.3928 216.8116 1.6706 1.5716 3.7954 17.8281 2.7568 46.2566 -3.0258 -4.7118
Car -1 -1 -2.5828 0.0000 196.1823 58.4597 226.1942 1.4701 1.6518 3.9684 -31.8556 2.7371 38.1125 -3.2758 -4.7263
Car -1 -1 -5.3343 750.5240 184.5448 810.1527 212.3438 1.5218 1.6523 3.6387 10.1006 2.2534 43.1755 -5.1066 -4.8994
Car -1 -1 -5.1700 1151.7371 161.7768 1224.0126 190.1939 1.5959 1.7025 4.0557 34.0398 0.9735 42.6825 -4.5002 -4.9625
Car -1 -1 -4.4821 1036.1790 190.7880 1100.8250 227.9652 1.6455 1.7968 4.4222 23.0319 2.6005 36.2435 -3.9204 -4.9740
Car -1 -1 -5.1240 338.4910 178.8939 388.0685 202.4966 1.6117 1.7671 4.5115 -18.0824 2.0713 52.6872 -5.4534 -5.0038
Car -1 -1 -4.6882 527.2647 179.6196 552.5273 201.8601 1.4550 1.6677 4.5180 -4.9382 1.9538 50.9232 -4.7849 -5.0338
Car -1 -1 -4.3795 406.6356 182.0052 461.1768 213.1382 1.4629 1.5940 3.6786 -8.9864 1.9551 36.9311 -4.6170 -5.0722
Car -1 -1 -4.6137 813.1170 178.7420 842.5563 202.7582 1.6545 1.7234 3.5485 15.8893 2.0998 52.6406 -4.3226 -5.1292
Car -1 -1 -7.7934 512.0563 166.4800 532.9233 192.1032 2.2717 1.6542 4.0758 -8.0028 1.7063 66.0533 -7.9139 -5.1389
Car -1 -1 -3.9985 77.5858 192.7877 147.4829 218.9698 1.4490 1.6067 3.5775 -30.7334 2.7337 44.6443 -4.5988 -5.2204
Car -1 -1 -4.8995 643.6390 185.1087 667.2855 200.8669 1.4472 1.6715 3.6465 4.4365 2.6878 71.1519 -4.8379 -5.2678
Car -1 -1 -4.7045 571.9977 181.4272 603.4264 210.6682 1.6056 1.7831 4.4439 -1.3548 2.1449 43.1758 -4.7363 -5.3939
Car -1 -1 -4.7224 963.9435 182.8228 998.7779 217.0067 1.6454 1.5599 4.0739 19.5610 2.2025 38.1688 -4.2525 -5.5475
Car -1 -1 -4.9621 532.0419 179.1836 564.6345 198.6648 1.4799 1.6780 4.0352 -5.0551 2.0112 58.4124 -5.0484 -5.8086
Car -1 -1 -4.4087 395.9308 181.2947 434.8946 202.4953 1.4550 1.6536 3.9840 -14.3121 2.1002 53.1555 -4.6708 -5.8646
Car -1 -1 -8.6437 0.0000 0.0000 1049.5087 374.0000 1.5587 1.5936 3.8081 1.1145 1.6483 1.0018 -7.9390 -5.8867
Car -1 -1 -4.3396 313.5130 180.5296 350.4107 198.8132 1.4614 1.6010 3.9304 -23.5949 2.1341 61.2972 -4.7059 -5.8867
Car -1 -1 -4.9094 686.7216 177.6306 714.0135 195.1138 1.4468 1.6010 3.9870 7.8143 1.8762 62.8742 -4.7867 -5.8867
Car -1 -1 -7.1455 51.2529 0.0000 1241.0000 374.0000 1.5617 1.5944 3.8090 -1.2973 1.6843 1.0019 -7.9390 -5.8867
Car -1 -1 -5.8453 1241.0000 180.4866 1241.0000 374.0000 1.5264 1.6154 3.9668 5.3774 1.5697 2.1245 -4.6976 -5.8867
Car -1 -1 -4.7328 164.0373 187.2115 195.4272 213.3569 1.5643 1.7084 4.3283 -28.6698 2.5641 47.9721 -5.2693 -5.8964
Car -1 -1 -4.8470 367.8650 179.2841 391.0211 199.6537 1.9108 1.7206 3.4201 -22.6627 2.5585 70.8056 -5.1560 -6.0083
Car -1 -1 -4.6822 713.9734 178.6777 733.6092 196.8538 1.4774 1.5569 3.9224 9.7854 1.9946 62.0480 -4.5269 -6.2874
Car -1 -1 -4.4324 544.6534 183.7254 583.8767 207.4273 1.5014 1.5957 4.2804 -3.1515 2.2892 50.0433 -4.4955 -6.3115
Car -1 -1 -4.2997 287.4409 183.8843 326.1476 202.8691 1.5303 1.4980 4.3212 -26.3801 2.5241 62.8571 -4.6958 -6.6743
