Car -1 -1 -7.7634 508.7190 177.8571 551.6309 209.2096 1.3285 1.6377 3.4506 -3.6269 1.5682 32.8706 -7.8729 6.3985
Car -1 -1 -7.8359 565.3677 180.7833 618.5094 224.6843 1.2756 1.5929 3.6352 -0.6050 1.5530 23.4484 -7.8621 5.0988
Car -1 -1 -4.4335 309.3509 175.0696 366.0061 207.1261 1.6016 1.7259 4.2221 -14.4921 1.7262 38.5216 -4.7914 2.7779
Car -1 -1 -7.8073 582.7273 178.3446 607.6100 200.7070 1.4472 1.5425 3.5190 -1.0164 1.8360 49.3484 -7.8283 0.8498
Car -1 -1 -4.7539 380.6857 175.2810 404.9720 196.3342 1.5381 1.6223 3.8418 -16.6911 1.7307 55.2742 -5.0461 0.7284
Car -1 -1 -5.0797 821.6926 177.3102 852.9202 193.2946 1.5131 1.6603 3.8655 22.4300 1.9659 71.3873 -4.7768 -0.3633
Car -1 -1 -4.6871 612.4554 178.3084 630.6479 194.8920 1.4682 1.5993 3.9014 1.0783 1.9906 67.1654 -4.6716 -0.6210
Car -1 -1 -3.8753 111.0868 180.8800 198.0097 211.3689 1.6335 1.6595 4.2788 -26.5300 2.1275 42.1464 -4.4345 -1.0164
Car -1 -1 -3.8885 38.9834 190.4078 149.3624 227.1164 1.4120 1.5155 3.9943 -22.6991 2.2388 31.8839 -4.5034 -2.3861
Car -1 -1 -7.8651 500.5691 168.8035 524.5912 192.3564 1.6482 1.6702 4.0363 -7.1565 1.3644 52.6100 -8.0000 -2.6715
Car -1 -1 -4.3432 285.2790 179.7072 347.4155 214.5596 1.5063 1.5190 3.4888 -13.6530 1.8421 33.6302 -4.7264 -3.4384
Car -1 -1 -5.4130 800.9095 178.3590 842.9922 193.8822 1.4502 1.7204 4.1331 20.8614 2.0105 71.2342 -5.1296 -3.5786
Car -1 -1 -4.8809 557.9651 177.5346 580.4908 194.0976 1.5437 1.5963 3.6583 -4.0178 2.0123 70.3190 -4.9381 -3.6332
Car -1 -1 -7.9312 510.5919 170.4708 530.7252 186.0680 1.4353 1.6103 3.6823 -8.5080 1.2157 68.3620 -8.0548 -3.7635
Car -1 -1 -4.3046 547.8438 176.4778 602.0735 202.3426 1.4504 1.6664 4.3691 -2.0802 1.6801 43.4557 -4.3526 -3.8922
Car -1 -1 -7.0233 710.6180 173.0552 757.3395 191.5867 1.6477 1.7012 4.1566 11.3373 1.6663 66.0315 -6.8544 -3.9636
Car -1 -1 -7.8897 563.9861 172.7178 615.2045 219.6123 1.6104 1.7384 4.4512 -0.8875 1.6054 27.0588 -7.9228 -4.1120
Car -1 -1 -4.8443 837.5163 178.9840 870.6929 202.1788 1.4312 1.5549 3.9545 16.0613 1.8540 47.7145 -4.5219 -4.1860
Car -1 -1 -7.5065 248.4956 179.7706 304.6655 210.1451 1.5475 1.6036 3.7671 -18.2558 1.9453 39.5879 -7.9363 -4.4112
Car -1 -1 -4.4390 459.2519 172.9092 499.7679 198.6714 1.5943 1.6245 3.7395 -8.4113 1.5977 46.6002 -4.6169 -4.6859
Car -1 -1 -4.6143 366.3716 176.5859 403.9264 205.7987 1.5041 1.5969 3.8905 -12.3695 1.7201 39.7443 -4.9145 -4.9146
Car -1 -1 -4.3188 149.1028 184.7186 213.5799 216.1119 1.6304 1.6329 4.3447 -24.5601 2.3489 41.4489 -4.8512 -5.0666
Car -1 -1 -7.0894 855.9589 177.7635 924.7712 203.1299 1.5519 1.6569 4.2442 18.0156 1.8787 46.4328 -6.7219 -5.0724
Car -1 -1 -4.2430 228.8474 185.9644 272.8450 209.9155 1.7931 1.6305 3.7769 -28.8346 2.8809 57.9901 -4.7029 -5.2361
Car -1 -1 -4.5452 171.7735 181.8464 224.1703 214.6011 1.4415 1.5747 3.8574 -19.9393 1.9031 34.9783 -5.0603 -5.2935
Car -1 -1 -7.9160 155.7174 179.3981 180.9701 198.2520 1.6100 1.6903 4.3671 -40.1173 2.2241 65.4664 -8.4641 -5.3986
Car -1 -1 -4.4300 390.3671 177.9226 431.2975 200.2230 1.3821 1.5708 3.9128 -13.1117 1.7299 47.5804 -4.6978 -5.8867
Car -1 -1 -4.1865 0.0000 186.0258 0.0000 275.6064 1.3931 1.5875 4.2489 -15.1126 1.6923 14.1473 -4.9955 -5.9420
Car -1 -1 -5.1004 587.8558 168.3621 629.4506 192.5739 1.8029 1.7092 4.3392 -0.1810 1.4681 56.0593 -5.1040 -6.4700
Car -1 -1 -5.0416 699.3754 173.1365 728.4485 190.7910 1.5944 1.5330 3.7825 9.6259 1.6212 67.2262 -4.9003 -6.5780
Car -1 -1 -4.6085 655.6323 171.5347 679.3267 192.4080 1.9298 1.8717 3.7894 5.4837 1.8075 68.7415 -4.5296 -8.7770
