Car -1 -1 -7.7352 513.3705 179.8882 557.3267 210.2462 1.3179 1.6487 3.5335 -3.4983 1.6657 33.9281 -7.8376 5.5497
Car -1 -1 -7.8479 575.7749 181.9056 622.7086 221.4234 1.3193 1.6218 3.6404 -0.4381 1.6776 26.7550 -7.8648 4.5731
Car -1 -1 -4.4084 303.8295 179.6552 369.4686 215.0178 1.4205 1.5872 3.9337 -11.9844 1.7385 31.7621 -4.7667 4.4426
Car -1 -1 -4.6467 166.4801 170.8201 205.0437 202.2462 1.6441 1.5834 3.7064 -23.3622 1.5374 39.7610 -5.1752 -1.5601
Car -1 -1 -4.8305 71.0436 191.6110 134.1281 232.5740 1.3870 1.5661 4.0558 -20.0092 2.1759 28.3274 -5.4413 -2.2527
Car -1 -1 -5.1849 412.2851 176.0360 458.6654 195.5343 1.4837 1.6715 4.6840 -14.0913 1.7494 57.9836 -5.4225 -2.6480
Car -1 -1 -1.9097 43.0763 179.0542 115.6787 214.0185 1.6013 1.6537 3.9841 -26.1648 1.9215 35.4935 -2.5415 -3.1476
Car -1 -1 -3.9424 671.5410 178.5658 721.9662 199.2412 1.5658 1.6415 4.0541 6.9230 2.0368 57.6175 -3.8239 -3.3094
Car -1 -1 -8.0096 487.4234 175.7987 523.9168 201.8803 1.5267 1.6294 4.0788 -6.5730 1.7187 44.9196 -8.1544 -3.5180
Car -1 -1 -4.3495 441.0930 175.8426 478.9008 195.8780 1.5332 1.6507 4.0280 -12.0288 1.7817 57.9657 -4.5536 -3.5846
Car -1 -1 -2.1856 283.4753 169.8102 331.1284 190.9394 1.7972 1.7593 4.1872 -26.5617 1.5380 63.2298 -2.5820 -3.6016
Car -1 -1 -4.3685 338.9882 177.8392 387.4037 202.2576 1.4776 1.6604 4.1213 -15.8982 1.8134 46.5810 -4.6959 -3.6538
Car -1 -1 -4.6888 53.6350 192.0829 92.5475 220.9893 1.5022 1.7389 4.3708 -31.8431 2.7042 42.8276 -5.3254 -3.6984
Car -1 -1 -7.5844 910.2821 169.0565 955.5710 195.9014 1.7290 1.7044 4.3452 21.7951 1.4841 48.6909 -7.1661 -3.7753
Car -1 -1 -2.6926 126.1230 185.5425 250.0815 225.1784 1.4881 1.6332 3.9350 -16.7248 2.0089 28.6682 -3.2170 -3.7963
Car -1 -1 -4.6433 272.3319 178.9924 313.7995 212.1249 1.4997 1.6004 3.7890 -15.5627 1.8186 35.4723 -5.0543 -3.9248
Car -1 -1 -4.4860 806.5243 191.2383 851.4714 219.5389 1.4196 1.5957 4.0466 12.4932 2.5225 41.1439 -4.1939 -3.9593
Car -1 -1 -4.5569 49.5841 184.5040 128.4278 235.2122 1.5725 1.6638 3.7740 -18.2612 2.0153 25.3817 -5.1758 -3.9675
Car -1 -1 -4.5906 81.2914 188.7398 122.3711 217.4610 1.5841 1.5935 3.8207 -31.0613 2.6009 44.1366 -5.2012 -4.0833
Car -1 -1 -4.5132 148.9644 178.7394 194.8871 210.4983 1.8734 1.6795 4.1861 -27.6793 2.2639 45.6513 -5.0559 -4.2690
Car -1 -1 -4.8034 691.5411 180.0843 722.5744 206.6586 1.4493 1.4663 3.5508 5.5925 1.8892 42.1341 -4.6729 -4.2766
Car -1 -1 -7.3774 534.8912 171.9915 575.4547 194.2939 1.8666 1.7693 4.2354 -4.7420 1.7941 62.6845 -7.4530 -4.3269
Car -1 -1 -5.0659 652.8769 178.8110 688.9618 198.8839 1.5137 1.5860 3.9996 4.8120 2.0084 57.8194 -4.9838 -4.5337
Car -1 -1 -5.0344 534.4932 180.5501 586.4197 208.8163 1.4851 1.6714 4.3759 -2.9493 1.9527 41.5250 -5.1054 -4.6141
Car -1 -1 -4.3139 750.0007 183.3156 796.1062 206.3536 1.3773 1.6214 3.7004 10.6003 2.0858 46.9097 -4.0935 -4.6718
Car -1 -1 -4.0848 498.3016 177.6944 549.4827 200.7150 1.4652 1.5285 3.7444 -5.8083 1.8055 48.7740 -4.2031 -4.7168
Car -1 -1 -4.8513 680.0891 174.9097 714.9658 200.1719 1.5764 1.6723 4.4340 5.6909 1.7182 47.6241 -4.7336 -4.7505
Car -1 -1 -7.9641 101.9101 190.6965 156.3802 227.7157 1.4014 1.5475 3.9185 -20.9010 2.2230 31.2409 -8.5500 -4.9247
Car -1 -1 -4.4813 374.3040 177.6035 410.9914 201.1488 1.4658 1.5149 3.6565 -14.3073 1.7907 47.5434 -4.7724 -5.1659
Car -1 -1 -7.8825 577.1626 176.9263 621.9691 218.4994 1.6103 1.7560 4.2310 -0.5493 1.7945 30.5254 -7.9010 -5.3431
Car -1 -1 -4.5490 68.3959 186.3276 122.2680 220.2421 1.7056 1.7220 4.6949 -29.0117 2.5127 40.7509 -5.1648 -5.3517
Car -1 -1 -4.0676 467.5569 172.9851 521.2327 198.7506 1.8424 1.7059 4.3217 -8.6134 1.8523 53.9278 -4.2256 -5.3859
Car -1 -1 -4.0342 525.1284 175.4932 578.0189 200.0858 1.7280 1.7646 4.0207 -4.3045 1.9306 53.3200 -4.1148 -5.4009
Car -1 -1 -4.3936 626.6063 178.6871 666.3087 201.2883 1.4630 1.5131 4.2120 2.5463 1.8858 50.0979 -4.3436 -5.4325
Car -1 -1 -4.7017 423.2549 176.5534 447.5884 197.1700 1.4016 1.6401 4.1334 -12.5956 1.6794 52.0406 -4.9383 -5.6004
Car -1 -1 -4.7630 778.1209 175.9012 798.8669 194.1778 1.6016 1.6280 4.1217 16.3070 1.8898 66.1334 -4.5227 -5.7042
Car -1 -1 -4.4637 417.6667 177.0310 456.0302 198.7655 1.3637 1.5661 3.9046 -11.4975 1.6526 47.9893 -4.6979 -5.8867
Car -1 -1 -4.4966 0.0000 181.6071 33.2158 295.8143 1.7184 2.0162 4.8963 -12.8975 1.9184 13.8831 -5.2357 -5.9174
Car -1 -1 -4.1944 648.8730 175.9963 702.9252 203.0079 1.5177 1.4646 3.9227 3.9398 1.7137 43.0413 -4.1042 -6.0344
Car -1 -1 -5.0930 658.1151 179.5811 687.2263 196.1946 1.5094 1.4805 3.7707 5.9592 2.1731 69.2068 -5.0079 -6.0883
Car -1 -1 -4.6428 690.6699 178.2366 711.4362 195.3385 1.5308 1.6631 4.2462 8.6189 2.0563 68.2423 -4.5181 -6.2357
Car -1 -1 -4.4562 100.6537 185.6021 154.5134 214.1465 1.5788 1.7261 4.1946 -29.4982 2.3993 44.1935 -5.0422 -6.2614
Car -1 -1 -4.7016 506.0135 177.0595 526.0944 197.0319 1.5102 1.5289 3.3665 -7.4385 1.8528 57.0640 -4.8310 -6.3512
Car -1 -1 -5.3278 0.0000 191.0128 18.2349 328.2692 1.5812 1.8231 4.3752 -10.9017 1.8579 9.8172 -6.1519 -6.4605
