Car -1 -1 -7.8826 584.5510 187.6575 617.8575 215.3034 1.2912 1.6152 3.4971 -0.5346 2.0945 37.3885 -7.8974 4.0455
Car -1 -1 -7.7486 534.3917 185.2990 566.0804 209.9003 1.4450 1.6426 3.6821 -3.8143 2.2723 46.1225 -7.8312 3.3116
Car -1 -1 -4.3678 319.2023 183.8895 368.1673 210.2426 1.4815 1.6742 3.5921 -16.1681 2.1798 43.8748 -4.7192 3.2830
Car -1 -1 -4.7470 292.9047 185.6296 320.6150 208.8344 1.4592 1.6299 4.2125 -21.1212 2.3861 50.1093 -5.1443 -2.4389
Car -1 -1 -4.4475 311.3640 183.6339 351.2013 207.8008 1.5042 1.6053 3.5997 -18.6969 2.2557 48.4517 -4.8142 -2.9108
Car -1 -1 -4.5960 133.7889 189.3862 161.9013 208.1851 1.4927 1.6298 3.8250 -40.3494 2.9840 63.0216 -5.1638 -3.2516
Car -1 -1 -3.8668 358.6753 184.4591 423.2705 210.3274 1.5157 1.6248 3.8465 -14.0018 2.2916 46.1925 -4.1599 -3.4314
Car -1 -1 -4.0223 487.6260 181.1879 545.7801 206.9195 1.6892 1.7002 4.3638 -6.5894 2.3063 51.1557 -4.1502 -3.5079
Car -1 -1 -7.9089 856.0211 186.3220 887.1310 214.9610 1.4917 1.4681 3.3338 14.8199 2.2921 41.0893 -7.5656 -3.7512
Car -1 -1 -5.4145 157.1357 188.4158 212.8237 210.0446 1.6309 1.6794 3.9866 -34.1582 2.9119 57.9520 -5.9453 -3.8542
Car -1 -1 -4.4029 296.8091 183.3007 343.4658 210.1063 1.5073 1.5637 3.7636 -17.6528 2.1721 44.0096 -4.7826 -3.9198
Car -1 -1 -8.8145 1093.8964 198.1615 1235.2388 250.8531 1.5459 1.6178 3.5979 19.0357 2.4917 25.0138 -8.1704 -3.9456
Car -1 -1 -4.4686 620.6270 183.6258 660.1075 208.4358 1.5141 1.6711 4.2297 2.0477 2.2681 48.2635 -4.4271 -3.9854
Car -1 -1 -4.8337 477.3083 183.6525 506.5532 205.9068 1.4587 1.5766 4.0730 -8.5067 2.2630 51.5835 -4.9968 -4.0101
Car -1 -1 -4.3687 148.8199 189.2736 184.0346 207.8477 1.5023 1.5303 3.5637 -39.0874 2.9930 63.6190 -4.9180 -4.0108
Car -1 -1 -4.4119 684.7390 194.4224 721.0624 216.9390 1.5415 1.6489 4.1227 7.2033 3.2774 55.8641 -4.2850 -4.1693
Car -1 -1 -5.0225 714.1064 173.8151 741.7585 194.2528 1.9398 1.5800 3.8025 11.4976 2.0363 70.6681 -4.8623 -4.4055
Car -1 -1 -5.1717 1073.6641 190.1577 1149.9227 226.3203 1.6335 1.6931 3.6488 25.1459 2.5514 36.3615 -4.5712 -4.6068
Car -1 -1 -5.1097 529.9572 182.6949 567.0945 203.9552 1.5643 1.5899 3.7536 -4.9169 2.3691 56.9998 -5.1958 -4.6449
Car -1 -1 -4.5369 348.0479 181.1287 383.6656 205.7333 1.7074 1.7576 4.5383 -18.2562 2.3541 54.0412 -4.8615 -4.7942
Car -1 -1 -5.1883 890.4055 169.4312 933.6747 190.7474 1.5030 1.4969 3.4305 21.9593 1.2614 52.6478 -4.7954 -4.8284
Car -1 -1 -4.7063 360.7689 182.4012 389.4302 209.8075 1.6614 1.7170 3.8226 -15.4044 2.3141 47.2711 -5.0200 -4.9940
Car -1 -1 -4.7779 612.5275 183.7263 641.3671 208.4103 1.6273 1.7692 4.5214 1.1439 2.4435 51.8892 -4.7565 -5.0251
Car -1 -1 -7.3836 224.2010 184.7029 285.7098 213.2188 1.4493 1.6209 3.5396 -19.6141 2.1341 39.9360 -7.8378 -5.0331
Car -1 -1 -4.1262 111.8605 186.5853 163.6176 208.1077 1.6523 1.6450 4.0246 -39.2176 2.8320 59.9890 -4.7034 -5.0370
Car -1 -1 -4.6787 155.7342 188.5396 177.3986 206.5726 1.5143 1.5629 3.5486 -40.4782 2.9880 65.8760 -5.2281 -5.0550
Car -1 -1 -4.4718 673.8989 190.9829 699.9066 209.1414 1.5077 1.5265 3.7157 7.0312 3.2142 65.9236 -4.3666 -5.0716
Car -1 -1 -4.1859 80.4654 190.8856 156.5625 221.6810 1.5518 1.6677 4.2357 -27.8975 2.6321 41.0691 -4.7797 -5.0859
Car -1 -1 -4.4635 31.1875 193.1795 94.6978 227.0027 1.5334 1.6612 4.1177 -28.4494 2.6549 37.6004 -5.1080 -5.2130
Car -1 -1 -5.1862 373.1516 182.0137 421.2868 202.2182 1.4716 1.8150 4.4237 -16.8110 2.2207 56.8022 -5.4730 -5.2268
Car -1 -1 -5.1125 995.0247 197.9930 1082.0920 243.2054 1.3988 1.4921 3.3319 15.2983 2.3657 26.0122 -4.5866 -5.2476
Car -1 -1 -2.2470 0.0000 180.1797 28.9023 344.4801 1.4111 1.6913 4.3711 -8.6885 1.4932 7.1985 -3.1075 -5.3655
Car -1 -1 -4.2026 214.1133 184.2287 270.5579 207.3208 1.4940 1.6948 4.2347 -25.9113 2.3307 50.9494 -4.6712 -5.4389
Car -1 -1 -4.8272 26.4549 192.6942 69.4466 218.7186 1.6545 1.9310 4.4905 -40.2742 3.1365 51.6276 -5.4874 -5.4535
Car -1 -1 -7.5498 349.0850 180.3557 389.5095 202.3088 1.6609 1.7523 4.8144 -19.5289 2.2957 58.6647 -7.8701 -5.4852
Car -1 -1 -4.5213 407.3693 184.4919 447.7611 211.1175 1.6331 1.8436 4.2718 -12.1963 2.4479 48.3496 -4.7676 -5.5135
Car -1 -1 -4.8468 109.9706 188.3134 143.0798 207.4520 1.4834 1.8065 4.1947 -41.3240 2.8495 61.6019 -5.4359 -5.5252
Car -1 -1 -2.7403 0.0000 0.0000 896.7811 374.0000 1.7866 1.8112 4.8418 -1.7388 1.3938 2.6981 -3.2710 -5.7231
Car -1 -1 -4.8803 539.8295 182.1783 570.7578 203.2842 1.4564 1.6227 4.1891 -4.1617 2.1825 53.9866 -4.9573 -5.7238
Car -1 -1 -7.3661 0.0000 181.2086 0.0000 249.0141 1.5534 1.8150 4.6377 -19.0576 1.8090 19.6199 -8.1302 -5.7362
Car -1 -1 -4.8253 322.8663 183.9977 351.5544 205.2984 1.5615 1.6727 4.2335 -21.8067 2.4847 57.5291 -5.1865 -5.7599
Car -1 -1 -4.3493 207.7957 186.0015 263.7986 212.7466 1.4847 1.6702 4.1892 -22.9608 2.3325 44.3681 -4.8247 -5.8431
Car -1 -1 -4.5556 173.1508 186.2846 202.1603 204.2531 1.4976 1.6563 4.0774 -38.3923 2.7599 65.6276 -5.0834 -5.8474
Car -1 -1 -4.6219 64.5562 183.2207 96.2331 203.8424 1.4981 1.6448 4.0081 -41.6068 2.3434 56.7119 -5.2528 -5.8867
Car -1 -1 -4.4928 207.3993 184.6720 242.2505 204.9116 1.5057 1.6317 4.0954 -31.1639 2.4983 58.4280 -4.9811 -5.8867
Car -1 -1 -4.5525 0.0000 194.1638 36.3406 220.5360 1.6281 1.6991 4.0792 -41.4493 3.1772 50.2735 -5.2396 -5.8867
Car -1 -1 -4.6444 558.1397 179.4680 584.9861 202.0203 1.4641 1.5957 3.9451 -2.6582 1.9403 49.9911 -4.6977 -5.8867
Car -1 -1 -4.2254 216.4239 182.6080 262.1605 202.0542 1.4468 1.5890 3.9365 -29.5825 2.2525 57.6470 -4.6979 -5.8867
Car -1 -1 -4.3544 491.6967 180.2594 527.3205 199.4376 1.4956 1.6415 3.9923 -8.3437 2.1333 60.0389 -4.4922 -5.8867
Car -1 -1 -4.6385 87.9418 183.9786 117.0771 204.0782 1.5200 1.6525 4.0361 -41.5560 2.4642 59.1081 -5.2493 -5.8867
Car -1 -1 -5.8531 0.0000 0.0000 1241.0000 374.0000 1.5188 1.6099 3.9627 4.5671 1.5577 1.7167 -4.6976 -5.8867
Car -1 -1 -3.5478 0.0000 189.5014 0.0000 374.0000 1.4964 1.6038 3.9550 -6.2778 1.6004 2.5309 -4.6975 -5.8867
Car -1 -1 -4.6379 139.0246 187.4381 165.6389 208.7255 1.5586 1.5271 3.4529 -36.3321 2.7544 57.2914 -5.2012 -5.9130
Car -1 -1 -4.2406 0.0000 185.0590 0.0000 285.9382 1.4245 1.6154 4.2185 -14.2883 1.6822 12.9935 -5.0632 -5.9455
Car -1 -1 -4.9701 574.6823 183.5731 615.7927 210.9531 1.6794 1.7368 4.1541 -1.0698 2.4290 48.2438 -4.9927 -5.9959
Car -1 -1 -4.1745 0.0000 186.2890 0.0000 264.6562 1.4059 1.6479 4.5430 -16.7224 1.7516 16.1757 -4.9683 -6.0001
Car -1 -1 -4.8132 586.9835 182.8189 615.5378 205.1085 1.4893 1.6443 4.2443 -0.7045 2.2428 52.3802 -4.8271 -6.0099
Car -1 -1 -4.7344 783.6232 187.7047 817.4099 222.1037 1.7270 1.7164 4.2817 10.5959 2.6066 40.4736 -4.4808 -6.1231
Car -1 -1 -4.4693 335.7455 179.2706 375.0436 203.0483 1.5078 1.6344 3.8050 -17.1950 1.9589 48.7900 -4.8067 -6.1235
Car -1 -1 -4.6311 559.1508 180.0586 582.7786 199.8335 1.4851 1.5729 3.9290 -3.1124 2.0799 57.6188 -4.6852 -6.1285
Car -1 -1 -8.0517 580.7098 181.8368 622.7811 213.4586 1.6659 1.6767 3.8057 -0.5575 2.2039 41.2052 -8.0657 -6.1774
