Car -1 -1 -7.8838 566.9424 192.9846 605.6663 225.7073 1.2786 1.6160 3.7030 -1.1556 2.2362 32.4321 -7.9199 5.0414
Car -1 -1 -7.8677 522.0297 189.7217 550.4147 215.5258 1.4160 1.6505 3.6182 -4.5572 2.4877 43.9633 -7.9709 3.9891
Car -1 -1 -4.7606 1181.8914 195.2614 1241.0000 241.0440 1.5280 1.6033 3.9721 23.3956 2.4673 28.1824 -4.0736 0.3959
Car -1 -1 -7.3499 154.1960 190.7381 239.8857 225.8146 1.4839 1.6837 4.3844 -19.9242 2.4049 34.9693 -7.8648 -1.0666
Car -1 -1 -4.6989 1227.0284 196.9811 1241.0000 243.3887 1.4833 1.6553 4.0030 24.3997 2.4613 27.2188 -3.9742 -2.0704
Car -1 -1 -4.6459 1181.9993 170.4045 1226.0204 201.6927 1.6319 1.6293 3.8464 32.5852 1.5039 39.5956 -3.9613 -2.1934
Car -1 -1 -4.0511 9.3553 201.3913 104.6270 238.3748 1.5272 1.6135 3.8333 -26.5060 2.9753 34.6944 -4.7000 -2.3551
Car -1 -1 -3.9536 15.4161 194.2455 155.3943 238.1398 1.3978 1.7130 4.4601 -19.8886 2.2839 27.5717 -4.5741 -2.4122
Car -1 -1 -8.2205 934.3945 188.7632 994.0282 221.3748 1.4998 1.5499 3.5224 17.9396 2.3505 36.7774 -7.7705 -2.4319
Car -1 -1 -4.8095 348.5884 186.6828 372.3946 206.3584 1.5379 1.5608 3.6460 -21.1987 2.7480 61.1677 -5.1421 -2.6833
Car -1 -1 -5.2775 1088.4908 170.7729 1176.4739 205.8806 1.6870 1.7264 4.0135 26.4266 1.5867 36.7221 -4.6579 -2.7512
Car -1 -1 -4.6670 1088.3005 178.6120 1125.8246 209.7508 1.6356 1.5815 3.9971 28.0563 1.9769 40.7383 -4.0677 -3.1814
Car -1 -1 -5.7374 1116.0164 168.9537 1206.7961 201.9798 1.7377 1.6947 3.6410 30.4210 1.5322 39.9700 -5.0907 -3.1868
Car -1 -1 -2.9546 1008.5571 177.3337 1098.0372 211.4215 1.5718 1.5666 3.5251 21.7292 1.8028 35.4939 -2.4094 -3.4483
Car -1 -1 -4.1852 875.7715 190.9658 928.7703 218.6140 1.4992 1.5440 3.1498 17.3015 2.6121 42.7690 -3.8039 -3.9137
Car -1 -1 -4.9822 881.7645 175.4906 926.0858 201.3889 1.6551 1.6861 4.2422 19.7643 1.8411 48.7635 -4.5997 -4.1447
Car -1 -1 -4.4513 318.0985 186.4801 353.9608 209.0614 1.5795 1.6035 3.8677 -20.8212 2.6536 54.8913 -4.8126 -4.1485
Car -1 -1 -7.9896 1062.0759 174.2148 1114.8291 208.4708 1.6548 1.6878 4.2450 24.6206 1.7291 37.3145 -7.4104 -4.2892
Car -1 -1 -4.5049 0.0000 205.3448 49.8398 241.5325 1.4291 1.5521 3.6419 -27.8368 3.0493 34.0134 -5.1871 -4.2917
Car -1 -1 -7.6611 557.7257 187.4989 606.2950 224.0977 1.6019 1.6307 4.1002 -1.3518 2.3648 35.4528 -7.6997 -4.2956
Car -1 -1 -4.7005 644.4529 192.1521 672.8937 219.5292 1.4395 1.5995 3.6760 2.8475 2.6266 42.5031 -4.6348 -4.4345
Car -1 -1 -5.5141 230.6797 177.9328 300.9505 207.5458 1.7724 1.6766 3.8966 -21.5346 2.0995 45.0892 -5.9577 -4.5049
Car -1 -1 -4.4419 867.6517 178.8619 901.8160 200.0579 1.6271 1.6465 3.7882 22.2905 2.1311 58.5465 -4.0803 -4.6218
Car -1 -1 -4.8364 618.2609 192.0111 655.5647 219.2059 1.4131 1.6965 4.0417 1.4999 2.5974 42.5251 -4.8021 -4.7291
Car -1 -1 -4.2792 253.5844 197.7805 292.8577 217.7965 1.5389 1.5783 3.8995 -29.0422 3.7577 62.2841 -4.7143 -4.8627
Car -1 -1 -4.7423 359.5844 190.2553 378.4242 208.4915 1.5454 1.5486 3.9332 -22.5173 3.2189 67.2917 -5.0644 -5.2199
Car -1 -1 -7.8880 576.4991 174.9577 600.7991 204.3832 2.2544 1.7832 4.8055 -1.7849 2.4306 58.0866 -7.9190 -5.2284
Car -1 -1 -5.4476 819.8274 177.9866 880.7987 204.0079 1.5872 1.6445 3.7722 15.5214 1.9350 46.8799 -5.1302 -5.6032
Car -1 -1 -7.3782 73.3495 199.4835 140.6020 229.9780 1.7080 1.7153 4.4639 -32.5504 3.5206 46.7974 -7.9835 -5.6242
Car -1 -1 -4.9206 398.6100 191.7726 435.6539 214.6648 1.3986 1.6635 4.0886 -13.4118 2.7648 49.9174 -5.1822 -5.6360
Car -1 -1 -4.7315 2.2327 205.0605 43.8776 235.7426 1.3639 1.6492 3.8710 -31.2287 3.1633 38.3085 -5.4122 -5.6413
Car -1 -1 -4.8193 778.1401 187.8794 802.7147 206.5731 1.5900 1.7682 4.1827 16.7173 3.0324 67.0873 -4.5767 -5.7277
Car -1 -1 -5.0936 1031.4127 174.8143 1093.2322 203.2200 1.5414 1.6693 3.8803 25.8865 1.6595 41.4929 -4.5393 -5.7404
Car -1 -1 -4.2677 303.2010 181.2562 360.1669 208.2826 1.4680 1.6160 3.8603 -16.3238 1.9848 42.4160 -4.6333 -5.8636
Car -1 -1 -7.5637 152.1861 0.0000 1241.0000 374.0000 1.5675 1.5950 3.8103 -0.4927 1.6983 1.0015 -7.9389 -5.8867
Car -1 -1 -8.8246 0.0000 0.0000 1241.0000 374.0000 1.5078 1.6055 3.8504 2.3333 1.5553 1.3675 -7.8744 -5.8867
Car -1 -1 -9.0457 0.0000 0.0000 1241.0000 374.0000 1.5145 1.6060 3.8516 3.9407 1.5667 1.3665 -7.8743 -5.8867
Car -1 -1 -4.6866 502.3542 191.9850 523.6249 213.2612 1.5828 1.6360 3.8889 -7.9735 3.2093 59.3333 -4.8202 -6.4826
