Car -1 -1 -7.8767 562.7969 186.1961 601.1973 218.7727 1.2470 1.5512 3.5390 -1.2889 1.8521 30.9238 -7.9186 4.4155
Car -1 -1 -7.7958 514.1937 183.7498 546.0610 209.7177 1.4187 1.6734 3.6238 -4.7361 2.0932 42.8286 -7.9058 4.3704
Car -1 -1 -4.1862 1120.2615 196.3512 1241.0000 278.4084 1.5140 1.5990 3.3434 12.8088 2.0595 15.4194 -3.5032 3.4157
Car -1 -1 -4.6708 844.0028 171.3836 868.4324 195.6899 1.8102 1.6322 4.1494 19.0980 1.7004 55.9670 -4.3439 -2.6837
Car -1 -1 -4.8393 1055.7366 175.2852 1107.5452 210.6941 1.6348 1.6306 3.9907 23.2574 1.7622 35.7601 -4.2669 -3.3565
Car -1 -1 -4.6083 0.0000 208.3553 46.4319 239.2873 1.4291 1.6363 3.6360 -32.3829 3.4856 39.8306 -5.2879 -3.7797
Car -1 -1 -4.7431 42.9017 205.3945 77.5369 232.7404 1.5358 1.7080 4.3590 -36.6835 3.8037 48.0643 -5.3926 -3.8341
Car -1 -1 -4.0228 12.1465 203.7658 104.9358 236.9112 1.4072 1.5774 3.9081 -27.6765 3.0480 36.3216 -4.6706 -3.9243
Car -1 -1 -4.7114 361.6598 186.3120 381.6996 204.1416 1.4805 1.6765 4.1661 -21.6629 2.7444 65.5378 -5.0298 -3.9913
Car -1 -1 -8.0264 892.3198 172.8897 935.0788 202.4463 1.5900 1.5998 3.6925 17.0761 1.5919 40.7976 -7.6329 -4.0536
Car -1 -1 -2.7357 345.4541 186.2413 411.9731 210.4092 1.5408 1.7065 3.8716 -15.4475 2.4537 48.1843 -3.0447 -4.1139
Car -1 -1 -4.6466 8.3989 204.4710 60.5311 243.4681 1.5098 1.6174 3.7963 -26.4792 3.0545 33.2355 -5.3156 -4.2042
Car -1 -1 -4.8204 806.1008 179.0274 829.4802 197.0561 1.5075 1.5666 3.8634 18.3062 2.0701 63.7622 -4.5425 -4.2176
Car -1 -1 -4.2971 317.5947 187.1380 371.4239 215.0160 1.5245 1.6001 3.9108 -15.9759 2.4253 43.5143 -4.6473 -4.2183
Car -1 -1 -4.4410 414.2534 182.3944 460.7906 210.9217 1.4860 1.5979 3.7939 -9.7298 2.0506 40.7989 -4.6741 -4.2391
Car -1 -1 -4.3264 597.3495 184.3190 639.8887 207.3698 1.4305 1.5046 3.9816 0.5989 2.2429 49.0205 -4.3148 -4.3948
Car -1 -1 -4.7346 498.9771 180.5257 521.8726 202.7470 1.6363 1.6882 3.9937 -7.8801 2.2611 56.6899 -4.8726 -4.4310
Car -1 -1 -4.7461 835.4779 174.3751 858.3049 194.5550 1.6017 1.6492 3.9784 19.5517 1.7319 59.7331 -4.4316 -4.4633
Car -1 -1 -2.8474 751.2034 185.1108 798.7315 206.2164 1.6386 1.6156 3.4973 13.5504 2.6740 59.4036 -2.6248 -4.5894
Car -1 -1 -5.0577 611.8032 181.4567 658.5811 207.5250 1.4584 1.5392 4.1102 1.4455 2.0090 44.0068 -5.0257 -4.5983
Car -1 -1 -4.5031 292.7706 181.7388 338.6665 210.2842 1.5771 1.6750 4.4544 -17.7676 2.1432 43.6590 -4.8878 -4.8093
Car -1 -1 -8.2255 550.8067 182.5736 597.4781 208.4255 1.5608 1.6645 4.1538 -2.4429 2.2302 47.4789 -8.2772 -4.8750
Car -1 -1 -4.4560 746.6460 182.3535 770.2558 201.8216 1.7994 1.4789 3.2538 14.4467 2.7472 70.2210 -4.2544 -5.0155
Car -1 -1 -4.3267 356.9916 189.6214 393.1794 209.6524 1.5070 1.5573 3.6840 -19.3027 2.9298 59.3456 -4.6402 -5.0623
Car -1 -1 -8.3557 825.9449 164.9738 882.1487 197.2719 1.8713 1.6771 3.6278 14.6950 1.4144 43.7395 -8.0340 -5.1315
Car -1 -1 -5.1379 648.2802 180.9188 688.0711 200.8888 1.4779 1.5205 4.2797 4.5609 2.1457 57.5026 -5.0597 -5.1571
Car -1 -1 -4.3423 225.4744 185.8180 286.0973 214.3524 1.4940 1.6975 4.3727 -20.5956 2.2900 42.0716 -4.7954 -5.1985
Car -1 -1 -4.6354 562.2426 182.5087 602.3686 214.9369 1.5519 1.7898 4.2757 -1.4388 2.0890 37.9932 -4.6736 -5.2643
Car -1 -1 -4.9746 728.9886 184.5083 754.3786 202.4998 1.6525 1.5779 3.4956 12.8040 2.8189 70.4238 -4.7960 -5.3527
Car -1 -1 -4.9240 329.7569 181.2845 368.2161 203.6075 1.4569 1.6601 4.4866 -18.5920 2.0822 51.2019 -5.2709 -5.3581
Car -1 -1 -4.2615 30.6716 203.9960 87.5115 231.2247 1.6518 1.6509 3.8288 -38.4904 3.9181 50.4760 -4.9107 -5.4191
Car -1 -1 -4.9849 624.7905 182.7612 653.3992 199.0014 1.4896 1.7390 4.2304 2.8155 2.4980 71.1984 -4.9460 -5.5697
Car -1 -1 -4.7989 562.5208 181.9420 599.6301 211.4754 1.6125 1.8255 4.4807 -1.8206 2.1854 43.1734 -4.8414 -5.6162
Car -1 -1 -4.3396 391.2477 182.6893 440.8682 208.7683 1.4713 1.5696 4.0760 -11.9063 2.1052 44.4135 -4.6004 -5.6652
Car -1 -1 -4.4469 438.6125 183.0016 484.0791 211.0203 1.4619 1.5943 3.7678 -8.4217 2.0651 40.9767 -4.6488 -5.6805
Car -1 -1 -4.8683 522.4929 180.9586 552.4869 201.0649 1.4746 1.7026 4.3306 -5.8035 2.1415 57.0903 -4.9696 -5.6872
Car -1 -1 -4.7979 523.9520 180.1335 550.2874 201.2121 1.4390 1.5739 4.0373 -5.4026 1.9935 52.8593 -4.8997 -5.7309
Car -1 -1 -4.8713 498.9489 182.7648 521.4894 198.6502 1.3710 1.4869 3.7619 -9.2844 2.3160 66.8042 -5.0093 -5.7373
Car -1 -1 -4.4074 256.2451 188.3326 307.6877 212.1771 1.3468 1.7447 4.3714 -20.8573 2.3817 45.9806 -4.8313 -5.7841
Car -1 -1 -3.9911 258.2796 176.6508 320.0843 201.9741 1.7748 1.8528 4.2373 -23.7686 2.0684 53.5585 -4.4072 -5.8060
Car -1 -1 -4.5735 667.2545 180.6822 692.9741 199.8455 1.5502 1.6592 4.1602 6.0716 2.2508 62.3940 -4.4775 -5.8195
Car -1 -1 -4.5422 700.2285 179.8864 729.4026 200.1774 1.4821 1.5934 4.0923 8.2016 2.0530 56.4130 -4.3990 -5.8291
Car -1 -1 -4.3204 430.4326 179.7988 473.7233 201.1743 1.4651 1.6469 4.1535 -11.5873 1.9966 53.0660 -4.5347 -5.8370
Car -1 -1 -4.4479 560.1274 179.3680 592.7221 198.7327 1.5003 1.6840 4.0650 -2.7550 2.0570 59.5259 -4.4943 -5.8526
Car -1 -1 -4.6315 522.6556 180.2146 544.7258 198.1363 1.4705 1.5938 4.0510 -6.6475 2.1330 62.9266 -4.7367 -5.8831
Car -1 -1 -4.4465 0.0000 184.6696 0.0000 215.6787 1.5483 1.6607 4.0206 -41.6107 2.2353 39.8182 -5.2506 -5.8867
Car -1 -1 -4.5031 0.0000 184.2050 0.0000 211.5074 1.5404 1.6582 4.0153 -41.6101 2.2763 44.6459 -5.2504 -5.8867
Car -1 -1 -6.7849 0.0000 0.0000 1241.0000 374.0000 1.5572 1.5923 3.8074 -2.9051 1.6872 1.0029 -7.9390 -5.8867
Car -1 -1 -9.0642 0.0000 0.0000 1241.0000 374.0000 1.5433 1.5893 3.8038 2.7219 1.5771 1.0035 -7.9392 -5.8867
Car -1 -1 -4.5508 4.8834 190.0021 46.8780 215.2618 1.6228 1.6929 4.0389 -41.6446 2.8977 51.4820 -5.2286 -5.8867
Car -1 -1 -4.6002 39.1877 183.9794 74.4055 206.1040 1.5329 1.6571 4.0129 -41.6067 2.4029 54.2977 -5.2518 -5.8867
Car -1 -1 -4.3923 361.4733 181.9820 401.0562 203.6533 1.4765 1.5985 3.9477 -16.7196 2.1695 52.8168 -4.6978 -5.8867
Car -1 -1 -4.6159 539.2006 179.3909 562.2129 197.2962 1.4452 1.5902 3.9374 -5.0607 2.0215 61.6647 -4.6978 -5.8867
Car -1 -1 -4.6457 94.7512 183.2269 123.0285 203.2817 1.5442 1.6591 4.0193 -41.6061 2.4364 59.9315 -5.2507 -5.8867
Car -1 -1 -4.4410 401.4241 181.0718 438.0616 202.4459 1.4607 1.5933 3.9409 -13.9066 2.0845 52.8148 -4.6976 -5.8867
Car -1 -1 -5.8847 1241.0000 174.6903 1241.0000 374.0000 1.5169 1.6110 3.9640 6.9791 1.5281 2.5214 -4.6976 -5.8867
Car -1 -1 -8.6435 0.0000 0.0000 1048.9913 374.0000 1.5472 1.5909 3.8051 1.1139 1.6061 1.0033 -7.9392 -5.8867
Car -1 -1 -7.3170 149.1158 0.0000 1241.0000 374.0000 1.5492 1.5929 3.8075 -0.9081 1.6307 0.9962 -7.9398 -5.8867
Car -1 -1 -4.4779 0.0000 186.3016 0.0000 215.6813 1.5519 1.6585 4.0130 -41.6072 2.3786 42.2268 -5.2528 -5.8867
Car -1 -1 -4.4400 564.7830 179.1586 594.5319 196.9581 1.5175 1.6501 4.0903 -2.7286 2.1063 65.2377 -4.4821 -5.8867
Car -1 -1 -4.3716 465.2867 180.8433 500.7589 200.0957 1.4691 1.6348 3.9136 -10.3365 2.1431 58.8380 -4.5451 -5.8867
Car -1 -1 -3.5046 0.0000 197.4223 0.0000 374.0000 1.5129 1.6086 3.9607 -7.0815 1.6666 2.5300 -4.6974 -5.8867
Car -1 -1 -4.9767 638.3576 180.8430 671.1650 202.7471 1.7757 1.7185 4.4856 3.8131 2.4947 62.5927 -4.9167 -5.8955
Car -1 -1 -4.2103 246.5943 192.5463 293.4970 212.2386 1.4101 1.6294 4.1085 -27.2760 3.0494 57.9731 -4.6486 -5.9111
Car -1 -1 -4.7290 228.6100 193.1334 252.8436 212.7999 1.4199 1.6925 4.0536 -30.1372 3.1333 58.7892 -5.2012 -5.9342
Car -1 -1 -4.9485 695.9743 184.2081 724.2799 202.1040 1.4363 1.5400 3.9473 8.6178 2.4523 62.5409 -4.8127 -6.1715
Car -1 -1 -6.5445 265.0393 180.3709 342.6510 207.6888 1.8239 1.9094 4.7820 -21.8937 2.3844 51.6168 -6.9441 -6.2522
Car -1 -1 -7.1706 494.5831 181.1214 540.4918 200.1682 1.5952 1.6761 4.4151 -8.2757 2.3635 64.7586 -7.2976 -7.0483
Car -1 -1 -4.7123 478.0852 180.8069 496.5027 197.9916 1.4558 1.5886 3.8155 -11.0763 2.1942 65.0029 -4.8808 -7.3035
