Car -1 -1 -7.8790 568.9048 187.0953 605.5616 217.8355 1.3251 1.6558 3.4717 -1.1736 2.0416 34.5362 -7.9133 4.6967
Car -1 -1 -7.8046 523.3560 185.1853 552.3250 210.1507 1.4377 1.6318 3.6347 -4.5219 2.2424 45.2423 -7.9042 3.3180
Car -1 -1 -7.5224 779.7138 173.2825 814.7513 193.7024 1.7249 1.7326 4.1171 16.4155 1.7634 63.2350 -7.2699 -1.6740
Car -1 -1 -8.4699 860.3192 180.7799 917.9609 205.9528 1.5517 1.6250 3.8550 18.4116 2.0997 47.8484 -8.1051 -1.7995
Car -1 -1 -4.9046 825.7590 183.8946 859.7864 206.9128 1.6394 1.7388 4.0304 17.8299 2.5207 55.5097 -4.5959 -1.9673
Car -1 -1 -6.0902 11.8180 194.6613 116.6578 235.3516 1.6331 1.6078 3.4631 -24.1528 2.6451 32.0173 -6.7327 -2.6617
Car -1 -1 -4.2389 1113.8169 159.6049 1202.5209 198.0928 1.5849 1.6408 3.5299 23.6803 1.0390 31.2235 -3.5948 -2.6858
Car -1 -1 -7.8646 1003.9039 179.6778 1041.1497 211.6272 1.6046 1.6890 4.6741 22.6289 2.0034 39.7418 -7.3506 -2.7272
Car -1 -1 -5.9142 353.5852 189.0507 420.6079 212.4463 1.5661 1.7426 4.1533 -15.6671 2.7272 50.7221 -6.2127 -2.7764
Car -1 -1 -4.8993 924.1091 176.2694 966.9202 204.4601 1.6235 1.6409 4.0192 20.4639 1.8427 44.2211 -4.4689 -2.9025
Car -1 -1 -4.4702 477.0142 185.3703 515.9323 209.1022 1.4565 1.6529 4.1149 -7.6324 2.3368 48.6417 -4.6255 -3.0833
Car -1 -1 -3.9767 0.0000 205.7555 66.5539 242.1741 1.4643 1.6156 4.1588 -28.8104 3.1544 34.9539 -4.6625 -3.1932
Car -1 -1 -7.3202 188.5126 189.3396 265.2210 219.2924 1.3953 1.6578 4.2117 -20.1688 2.3149 38.1162 -7.8043 -3.5701
Car -1 -1 -4.7071 975.9537 178.4281 1008.5504 207.8749 1.6446 1.6566 4.0267 22.8886 1.9955 43.2852 -4.2240 -3.5837
Car -1 -1 -4.7897 507.9535 182.0866 525.9830 198.2777 1.5074 1.4997 3.3986 -9.2004 2.4397 71.0647 -4.9184 -3.7185
Car -1 -1 -4.9264 330.5099 185.3852 362.3816 206.5117 1.5799 1.6182 4.0007 -21.4592 2.6342 58.6009 -5.2763 -4.1189
Car -1 -1 -4.8899 79.5657 195.4808 138.1482 232.3168 1.5255 1.6886 3.4318 -23.6260 2.6458 33.9203 -5.4948 -4.1312
Car -1 -1 -4.3525 296.9488 182.9391 344.4474 208.5531 1.6810 1.6793 4.4303 -20.5425 2.4295 51.3407 -4.7317 -4.2258
Car -1 -1 -5.0636 998.8107 177.7823 1052.9299 204.9984 1.5322 1.6052 3.7504 24.8590 1.8414 43.3215 -4.5460 -4.3840
Car -1 -1 -7.4772 514.7453 182.2467 545.6707 197.8524 1.4294 1.6358 4.0783 -7.8220 2.3805 70.9008 -7.5870 -4.5331
Car -1 -1 -5.0165 595.0402 179.8096 622.1786 196.9595 1.6036 1.6201 3.7573 -0.1849 2.3089 71.1558 -5.0196 -4.5804
Car -1 -1 -4.9807 341.9004 181.6289 379.4655 203.8092 1.5323 1.6371 3.9977 -18.5914 2.2099 53.6302 -5.3132 -4.6668
Car -1 -1 -4.5461 412.6808 186.5945 445.7946 209.6097 1.4913 1.6407 4.0056 -12.8286 2.5066 51.2729 -4.7905 -4.7330
Car -1 -1 -7.3501 948.4568 184.2260 1013.9358 213.8786 1.4973 1.6360 3.6455 20.2670 2.1454 39.4389 -6.8790 -4.7471
Car -1 -1 -4.4055 766.7668 183.6219 795.5891 201.3928 1.5335 1.5424 3.7315 15.8222 2.5581 66.6814 -4.1740 -4.9298
Car -1 -1 -5.1280 428.5459 184.1747 471.2010 202.8460 1.4641 1.7971 4.7846 -13.8297 2.4755 62.0222 -5.3469 -4.9765
Car -1 -1 -4.8435 168.7119 196.6574 211.2742 225.8883 1.5479 1.7059 4.2425 -25.6774 3.0715 43.9924 -5.3695 -5.0347
Car -1 -1 -4.1264 586.3188 183.7769 636.4568 207.2920 1.5547 1.6651 4.0057 0.1110 2.3709 51.8097 -4.1249 -5.0511
Car -1 -1 -7.7394 1133.7874 161.8958 1181.4724 192.1128 1.5034 1.5839 3.7836 28.6895 0.9579 37.8158 -7.0942 -5.1736
Car -1 -1 -4.5852 298.8947 192.0373 325.0950 211.4130 1.5895 1.6925 4.1651 -27.1750 3.3991 65.8418 -4.9756 -5.1868
Car -1 -1 -4.5999 447.8566 186.5043 478.3759 209.4833 1.3365 1.5083 3.6697 -9.3803 2.2443 46.1087 -4.8000 -5.2275
Car -1 -1 -4.8948 511.9809 181.3770 549.9484 207.1668 1.6072 1.7740 4.4432 -5.4404 2.2129 48.9230 -5.0054 -5.3495
Car -1 -1 -4.6530 569.3441 182.2902 606.4400 216.1515 1.7308 1.8189 4.3529 -1.2174 2.2865 40.3110 -4.6836 -5.5424
Car -1 -1 -4.7109 580.7426 181.1050 607.9947 208.3004 1.6744 1.7246 4.0123 -1.0662 2.2424 47.6765 -4.7337 -5.7609
Car -1 -1 -4.7565 378.6727 184.4463 399.4863 200.8517 1.4853 1.7637 4.5368 -21.8447 2.6680 71.1981 -5.0535 -5.8506
Car -1 -1 -4.5089 449.8780 181.2725 482.2689 201.4053 1.4470 1.6670 4.0233 -11.0670 2.1186 55.5657 -4.7050 -5.8620
Car -1 -1 -4.6461 557.8603 179.4375 584.8499 202.1793 1.4645 1.5974 3.9441 -2.6515 1.9348 49.5956 -4.6997 -5.8867
Car -1 -1 -7.1456 51.3565 0.0000 1241.0000 374.0000 1.5629 1.5945 3.8094 -1.2972 1.6882 1.0022 -7.9390 -5.8867
Car -1 -1 -5.8402 1241.0000 179.8920 1241.0000 374.0000 1.5261 1.6137 3.9664 6.1753 1.5699 2.5207 -4.6976 -5.8867
Car -1 -1 -8.6434 0.0000 0.0000 1049.1073 374.0000 1.5531 1.5915 3.8067 1.1145 1.6287 1.0033 -7.9391 -5.8867
Car -1 -1 -4.6307 550.7786 179.7767 572.4582 197.3211 1.4618 1.5947 3.9448 -4.2630 2.0914 63.6687 -4.6977 -5.8867
Car -1 -1 -4.7167 537.8647 181.1494 557.3691 199.9651 1.5275 1.6286 3.9918 -5.4338 2.2689 62.4552 -4.8035 -5.8867
Car -1 -1 -4.4939 0.0000 184.0032 0.0000 211.9324 1.5472 1.6608 4.0214 -41.6102 2.2576 43.8417 -5.2503 -5.8867
Car -1 -1 -4.4181 383.5445 182.6048 420.0857 203.7120 1.5036 1.6064 3.9586 -15.9142 2.2766 55.2302 -4.6978 -5.8867
Car -1 -1 -4.4193 569.6791 181.2785 599.5456 199.2104 1.5376 1.6466 4.0072 -2.3096 2.3334 66.0350 -4.4546 -5.8867
Car -1 -1 -3.5045 0.0000 199.4597 0.0000 374.0000 1.5171 1.6092 3.9616 -7.0811 1.6836 2.5295 -4.6973 -5.8867
Car -1 -1 -6.7848 0.0000 0.0000 1241.0000 374.0000 1.5634 1.5930 3.8089 -2.9045 1.7114 1.0027 -7.9389 -5.8867
Car -1 -1 -4.4637 420.1878 181.0006 454.2727 201.6191 1.4650 1.5952 3.9451 -13.1088 2.1061 54.8197 -4.6977 -5.8867
Car -1 -1 -4.3589 391.2213 185.1160 422.6494 202.7695 1.6157 1.6758 4.0599 -19.9670 2.8581 71.0323 -4.6323 -5.9660
Car -1 -1 -7.6108 301.4339 184.5519 339.1616 208.6431 1.7730 1.7336 4.6585 -23.2044 2.7505 57.8844 -7.9909 -6.0055
Car -1 -1 -4.3728 274.5849 190.0046 325.9824 212.7962 1.3238 1.7303 4.4336 -20.3793 2.5085 47.5882 -4.7757 -6.0416
Car -1 -1 -4.8562 752.6982 182.3412 786.2502 211.8032 1.7768 1.5803 3.7834 10.2448 2.4162 46.7087 -4.6422 -6.1769
Car -1 -1 -7.4324 386.6996 183.3188 441.6582 214.9841 1.6481 1.6317 3.6815 -11.0425 2.2676 40.7879 -7.6956 -6.2029
Car -1 -1 -4.9865 482.4294 182.6024 525.5485 210.7472 1.6227 1.6547 3.9732 -6.7257 2.2627 45.2419 -5.1338 -6.2582
Car -1 -1 -4.3953 559.7302 181.7906 596.3729 203.9084 1.5046 1.5925 3.7325 -2.3242 2.1822 52.7225 -4.4396 -6.8475
