Car -1 -1 -3.9872 1017.9215 196.3836 1170.9110 258.7446 1.4658 1.4975 3.3793 12.6787 2.1232 19.0044 -3.4068 5.8056
Car -1 -1 -7.8702 559.0475 183.3505 598.7303 217.3153 1.2890 1.5686 3.4985 -1.3825 1.7554 30.2873 -7.9160 5.6402
Car -1 -1 -7.7881 511.2761 181.4484 542.8948 206.2758 1.3467 1.6090 3.5235 -4.8442 1.8702 42.1809 -7.9022 4.2781
Car -1 -1 -4.1696 1186.7179 198.5322 1241.0000 258.4709 1.5481 1.6408 3.5318 18.9261 2.3443 21.0706 -3.4455 1.5499
Car -1 -1 -4.7692 1078.2675 173.8343 1117.3518 206.5499 1.8585 1.6912 4.0985 29.1889 1.9200 43.3152 -4.1798 0.0205
Car -1 -1 -4.5194 90.8353 184.4817 159.9504 223.9249 1.4575 1.6281 4.0812 -20.1915 1.9786 30.1549 -5.1056 -1.4613
Car -1 -1 -4.5111 796.8643 182.9108 823.6887 200.7896 1.5137 1.6126 3.8740 18.1933 2.4560 65.5337 -4.2419 -2.6299
Car -1 -1 -3.3289 950.3959 166.4175 1022.3694 191.2124 1.7175 1.7334 4.2949 26.7218 1.2714 51.4236 -2.8523 -2.6325
Car -1 -1 -4.5884 15.4755 197.0325 71.0183 230.8479 1.4300 1.6626 4.0652 -28.0693 2.7018 35.7903 -5.2500 -2.6591
Car -1 -1 -5.0591 976.6149 167.8778 1023.6246 197.5756 1.8933 1.6304 3.5175 25.7818 1.5757 47.8571 -4.5678 -3.0787
Car -1 -1 -7.8532 937.3013 163.2349 964.8829 187.7736 1.6467 1.6853 4.0874 23.8885 1.0009 50.6273 -7.4148 -3.1615
Car -1 -1 -8.0873 272.0612 176.9668 308.3923 200.5251 1.7619 1.7067 4.1498 -25.2686 2.0983 56.8899 -8.5038 -3.2135
Car -1 -1 -5.1788 901.7311 168.8929 947.3333 190.4078 1.5671 1.6232 3.7703 23.6640 1.2783 54.4846 -4.7712 -3.4034
Car -1 -1 -4.3915 274.1261 177.9690 323.4383 205.6101 1.7588 1.7179 4.5867 -21.1474 2.1236 49.1410 -4.7962 -3.7478
Car -1 -1 -5.0392 1209.5728 175.4104 1241.0000 204.5838 1.4970 1.5842 3.9153 34.5397 1.6441 39.5060 -4.3248 -4.0293
Car -1 -1 -3.0637 0.0000 180.4649 37.9297 227.2112 1.5518 1.6466 3.6364 -23.2222 1.8470 26.2686 -3.7827 -4.0301
Car -1 -1 -7.7907 553.3610 178.7153 594.6682 214.8638 1.5498 1.6693 4.1427 -1.6630 1.8401 33.6923 -7.8403 -4.3134
Car -1 -1 -5.0859 308.6167 177.9985 362.0781 202.8314 1.5959 1.7783 4.9086 -19.0278 1.9678 49.7856 -5.4494 -4.4807
Car -1 -1 -4.2615 210.5707 181.7413 270.4309 209.4376 1.5252 1.6112 3.9427 -21.9715 2.0789 42.9955 -4.7317 -4.6264
Car -1 -1 -4.3971 109.9443 191.8508 159.8824 219.3822 1.5364 1.5867 3.4522 -29.4186 2.7630 44.7250 -4.9764 -4.7853
Car -1 -1 -4.7328 742.2672 183.6984 768.9438 209.7063 1.5923 1.6461 4.1709 9.6541 2.3495 48.2039 -4.5369 -4.8034
Car -1 -1 -4.8450 710.7864 182.7505 740.2648 206.5672 1.5494 1.5663 3.4768 7.9630 2.2611 50.1555 -4.6890 -4.8523
Car -1 -1 -4.9975 548.0033 178.3791 598.4037 209.3636 1.6036 1.6128 4.5211 -2.1729 1.9325 40.5986 -5.0512 -4.9407
Car -1 -1 -7.8149 1058.6010 180.1834 1094.1377 205.1854 1.3481 1.6121 3.5171 27.0856 1.7930 41.9243 -7.2449 -4.9465
Car -1 -1 -4.4771 452.6939 178.9274 478.3242 195.5879 1.5787 1.7155 3.5243 -14.3004 2.1951 71.4722 -4.6742 -5.1055
Car -1 -1 -4.8331 1161.2648 177.4687 1209.8033 207.8687 1.5942 1.6437 3.9967 32.2918 1.8674 40.6205 -4.1654 -5.2036
Car -1 -1 -5.0287 550.2186 179.4816 600.2177 205.2906 1.4620 1.7742 4.4447 -2.2407 1.8924 44.4945 -5.0793 -5.2557
Car -1 -1 -4.5839 389.0787 179.3074 420.9948 206.1684 1.6164 1.5101 3.6545 -13.1319 2.0470 46.2585 -4.8593 -5.2808
Car -1 -1 -4.5786 478.4232 176.9654 507.3939 199.0143 1.5712 1.5864 4.3929 -8.8224 1.8939 54.4610 -4.7388 -5.2899
Car -1 -1 -4.5717 304.6344 180.1783 337.4517 202.8232 1.5458 1.6585 4.1953 -21.1774 2.1055 52.9333 -4.9508 -5.3489
Car -1 -1 -8.3310 1103.6284 195.7659 1223.3778 249.9926 1.6537 1.6352 4.2435 19.8010 2.5533 26.1135 -7.6885 -5.3570
Car -1 -1 -4.8998 512.1661 178.8028 550.0435 201.3893 1.3850 1.6728 4.5609 -5.3265 1.8000 47.9485 -5.0103 -5.3601
Car -1 -1 -5.1395 617.5817 177.9861 657.3689 195.9847 1.4291 1.6343 4.5109 2.2511 1.8801 61.0551 -5.1032 -5.5508
Car -1 -1 -4.6183 275.1770 186.6071 300.1718 204.2192 1.4396 1.6734 3.9262 -28.7670 2.7079 64.4274 -5.0370 -5.5963
Car -1 -1 -8.2101 1108.9725 197.7674 1211.0283 251.9319 1.4869 1.5361 3.2806 17.5428 2.3509 23.2432 -7.5704 -5.6059
Car -1 -1 -4.8207 1109.7125 178.8173 1152.7510 207.0524 1.4815 1.5645 3.6017 29.2607 1.8332 40.6378 -4.2005 -5.6072
Car -1 -1 -5.0314 444.9312 177.8380 486.4230 197.9307 1.4041 1.7434 4.4044 -10.8592 1.7925 53.9310 -5.2295 -5.6389
Car -1 -1 -7.8287 599.4993 173.8559 617.0969 193.2307 1.8023 1.6030 3.2244 -0.1632 1.9000 68.9182 -7.8314 -5.7088
Car -1 -1 -4.9011 563.6254 178.4952 600.1313 201.1784 1.4169 1.6447 4.4260 -1.9756 1.8147 48.5773 -4.9420 -5.7122
Car -1 -1 -5.1175 511.9566 178.2121 557.2919 199.5427 1.4164 1.6600 4.2482 -5.4361 1.8139 51.3066 -5.2230 -5.7189
Car -1 -1 -4.4208 137.1608 192.5943 181.0493 216.8206 1.4998 1.5924 3.6099 -31.0920 2.9153 49.7986 -4.9767 -5.7460
Car -1 -1 -5.1350 642.2863 178.8852 675.8305 196.3463 1.4394 1.4585 3.8615 4.2216 1.9827 62.9707 -5.0688 -5.7740
Car -1 -1 -4.6851 566.7502 178.5723 587.1873 196.3030 1.4104 1.6116 4.1913 -2.7815 1.9092 60.8667 -4.7310 -5.8204
Car -1 -1 -4.6053 679.3760 178.8902 703.8171 196.8656 1.4519 1.6440 4.3149 7.0309 1.9902 62.0981 -4.4935 -5.8313
Car -1 -1 -4.6683 192.8410 182.7297 225.6179 208.8264 1.5233 1.6400 4.0683 -25.5124 2.1820 45.9599 -5.1729 -5.8364
Car -1 -1 -4.7889 93.1809 188.6118 139.1247 222.4770 1.5441 1.6333 4.2930 -25.4827 2.4022 37.1196 -5.3873 -5.8456
Car -1 -1 -4.5264 0.0000 196.9690 6.6139 223.3026 1.5181 1.6730 4.0838 -41.5148 3.1878 47.7832 -5.2391 -5.8511
Car -1 -1 -4.6770 1130.3473 172.4482 1163.5233 194.8346 1.4077 1.6205 4.1789 35.3491 1.3819 47.5120 -4.0406 -5.8535
Car -1 -1 -4.1585 205.9007 181.4550 268.3748 206.6439 1.4784 1.6316 4.0579 -23.6490 2.0497 45.8619 -4.6325 -5.8645
Car -1 -1 -4.2029 0.0000 183.9691 0.0000 255.1590 1.3840 1.6014 4.2804 -17.5171 1.6810 17.0178 -4.9950 -5.8763
Car -1 -1 -4.5888 37.8679 189.7395 74.5595 213.6157 1.6214 1.6944 4.0553 -41.6177 2.9419 54.2587 -5.2409 -5.8867
Car -1 -1 -4.6358 83.7779 184.9010 113.4324 205.6349 1.5540 1.6605 4.0143 -41.6031 2.5700 58.7239 -5.2502 -5.8867
Car -1 -1 -4.8970 1241.0000 171.8697 1241.0000 199.2467 1.5249 1.6579 3.9977 41.4379 1.4698 42.3128 -4.1257 -5.8867
Car -1 -1 -6.9168 0.0000 0.0000 1241.0000 374.0000 1.5446 1.5890 3.8039 -2.1016 1.6340 1.0041 -7.9391 -5.8867
Car -1 -1 -4.5475 0.6128 187.0649 43.3252 211.9623 1.5991 1.6865 4.0808 -41.5573 2.6471 51.0341 -5.2285 -5.8867
Car -1 -1 -4.4928 0.0000 183.1598 0.0000 210.9445 1.5438 1.6656 4.0238 -41.6121 2.2005 43.8440 -5.2491 -5.8867
Car -1 -1 -4.9834 1241.0000 165.9236 1241.0000 197.5568 1.4808 1.6409 3.9936 41.4686 1.1561 35.8962 -4.1303 -5.8867
Car -1 -1 -8.6434 0.0000 0.0000 1048.9058 374.0000 1.5455 1.5906 3.8048 1.1138 1.5997 1.0035 -7.9392 -5.8867
Car -1 -1 -4.6178 537.2580 177.2902 566.4921 199.6143 1.3996 1.5767 3.9194 -3.8594 1.7065 47.9903 -4.6980 -5.8867
Car -1 -1 -4.6543 105.3344 184.1374 132.3257 203.7415 1.5357 1.6550 4.0118 -41.6038 2.5251 61.1393 -5.2500 -5.8867
Car -1 -1 -4.8005 1168.9293 169.3559 1204.4626 190.4499 1.4579 1.6379 3.9942 41.4698 1.2159 51.9886 -4.1301 -5.8867
Car -1 -1 -5.8847 1241.0000 181.3557 1241.0000 374.0000 1.5332 1.6161 3.9684 6.9794 1.5861 2.5200 -4.6976 -5.8867
Car -1 -1 -4.9351 1241.0000 170.5378 1241.0000 199.9105 1.5220 1.6570 4.0022 41.4722 1.4017 39.5140 -4.1295 -5.8867
Car -1 -1 -7.5639 152.2530 0.0000 1241.0000 374.0000 1.5452 1.5909 3.8047 -0.4943 1.6153 1.0035 -7.9392 -5.8867
Car -1 -1 -4.4410 0.0000 185.2857 0.0000 216.2183 1.5239 1.6518 4.0130 -41.6099 2.2397 39.4179 -5.2502 -5.8867
Car -1 -1 -4.1633 33.1837 183.9207 126.7906 219.4419 1.4504 1.5923 3.9352 -23.9657 1.9834 32.7472 -4.7914 -5.8867
Car -1 -1 -4.7178 1241.0000 167.9404 1241.0000 195.3382 1.6191 1.7028 4.0786 41.4963 1.3284 44.7209 -3.9733 -5.9732
Car -1 -1 -4.9694 449.0163 180.1911 491.7320 207.6065 1.4809 1.5498 3.7006 -8.2134 1.9286 42.0520 -5.1615 -6.0062
Car -1 -1 -4.8871 427.5082 176.4627 465.9687 201.3021 1.4516 1.6634 3.9980 -10.2481 1.6869 44.9590 -5.1103 -6.1188
Car -1 -1 -4.4077 301.0036 182.7876 335.1886 200.5207 1.4480 1.6363 4.0619 -25.6017 2.3486 63.3473 -4.7906 -6.1975
Car -1 -1 -4.8212 1205.9955 167.6560 1241.0000 193.0991 1.6390 1.6291 3.5951 41.2458 1.3039 48.4258 -4.1189 -6.2117
Car -1 -1 -8.1338 489.6849 167.6604 518.5339 186.3805 1.7371 1.6741 4.0671 -10.1986 1.2549 69.1523 -8.2800 -6.2178
Car -1 -1 -5.2066 1093.4061 172.6148 1158.0481 196.2699 1.4541 1.6877 3.9682 33.0558 1.4391 46.4245 -4.5911 -6.2627
Car -1 -1 -6.1407 0.0000 187.5051 139.1818 261.1039 1.5700 1.5840 4.0613 -14.1175 1.9649 17.7666 -6.8050 -6.2994
Car -1 -1 -8.6163 786.7219 184.1584 838.4995 208.2403 1.6995 1.7852 3.6064 15.3229 2.5896 54.8194 -8.3457 -6.3354
Car -1 -1 -8.1740 804.5849 179.5764 851.9974 212.2639 1.8624 1.6554 3.7041 13.1432 2.2873 43.7588 -7.8847 -7.0081
