Car -1 -1 -7.8728 583.4212 183.1135 615.4304 210.0124 1.2612 1.5653 3.6744 -0.6233 1.8151 37.1155 -7.8901 5.4830
Car -1 -1 -7.8094 534.7097 180.3169 562.5593 203.1819 1.3644 1.6163 3.5224 -3.9132 1.8586 46.0177 -7.8942 3.4284
Car -1 -1 -4.2549 371.7953 182.3941 415.3600 203.5470 1.4474 1.5559 3.7981 -15.9276 2.1766 53.1781 -4.5449 0.7928
Car -1 -1 -4.5851 761.7219 178.6730 784.6345 197.7324 1.7617 1.6793 4.0669 15.8901 2.3456 70.2338 -4.3639 -1.4355
Car -1 -1 -7.2027 1002.8442 187.8706 1084.5316 222.2049 1.5479 1.5568 3.5994 21.0806 2.3080 35.1447 -6.6667 -1.5491
Car -1 -1 -5.6372 0.0000 189.8123 31.1362 239.4142 1.4178 1.5975 3.8677 -20.5452 1.9637 22.2664 -6.3766 -2.1811
Car -1 -1 -4.5830 333.3703 178.7185 366.6344 201.6114 1.6334 1.7915 4.7826 -19.8980 2.1031 55.3032 -4.9271 -2.2932
Car -1 -1 -8.2664 967.3934 189.7299 1037.7742 224.0800 1.5153 1.6774 3.7339 19.2630 2.3939 35.6508 -7.7751 -2.4866
Car -1 -1 -7.7425 832.4484 188.7434 865.6245 215.2564 1.5027 1.5870 3.6999 15.0102 2.5447 45.3189 -7.4252 -2.9146
Car -1 -1 -5.4691 857.8926 172.1892 915.4652 198.2666 1.7066 1.6556 3.5739 18.7759 1.6628 49.1871 -5.1068 -2.9756
Car -1 -1 -4.6092 612.2440 179.5954 634.8942 198.5173 1.5566 1.5722 4.0414 1.1902 2.1642 62.9569 -4.5909 -3.3609
Car -1 -1 -5.0311 818.0555 175.4159 860.1927 198.9763 1.6323 1.6674 4.2397 16.6063 1.8262 52.5837 -4.7272 -3.5054
Car -1 -1 -5.0991 666.0975 182.9281 701.9158 201.9697 1.4698 1.5921 3.9289 6.0912 2.3372 60.0376 -4.9990 -3.6571
Car -1 -1 -4.7582 522.0325 175.2642 540.2501 190.5497 1.4542 1.6143 3.7547 -7.8274 1.6985 71.2479 -4.8675 -3.7810
Car -1 -1 -7.7698 812.0086 181.5624 841.4181 205.7557 1.5073 1.5930 3.7253 14.5448 2.1161 48.4369 -7.4803 -4.0998
Car -1 -1 -2.9941 0.0000 186.2145 58.4608 229.2659 1.5133 1.5716 3.2778 -23.4746 2.0566 27.8337 -3.6901 -4.2700
Car -1 -1 -4.5273 996.4502 185.2802 1045.8730 217.2032 1.5732 1.6313 4.0665 22.3694 2.2849 39.2605 -4.0132 -4.3203
Car -1 -1 -4.2648 213.7257 182.6565 256.6429 202.4279 1.6136 1.8250 3.8472 -32.5730 2.4926 62.7703 -4.7420 -4.3318
Car -1 -1 -4.3586 622.0276 178.3250 670.6647 205.6541 1.5789 1.6705 4.2015 2.2785 1.9358 44.8496 -4.3087 -4.6014
Car -1 -1 -8.2594 856.9233 185.3400 915.7077 217.2034 1.7492 1.7875 4.1568 16.4962 2.5363 43.3859 -7.8990 -4.6823
Car -1 -1 -4.4848 501.6300 172.1313 539.6933 196.0380 1.7049 1.7486 4.9808 -6.6553 1.6530 54.0233 -4.6071 -4.7094
Car -1 -1 -4.0418 342.5792 178.2393 396.9848 200.6534 1.4654 1.6853 3.6450 -16.6696 1.8543 50.1365 -4.3615 -4.7661
Car -1 -1 -4.3467 194.0241 184.8549 246.0909 210.6932 1.5688 1.6198 4.2905 -25.9533 2.4058 48.1115 -4.8393 -4.8443
Car -1 -1 -4.8765 788.2308 170.7655 809.8642 188.1354 1.6764 1.5500 3.2575 18.6449 1.4746 71.3299 -4.6221 -5.0114
Car -1 -1 -5.0764 322.7651 180.0508 371.9495 206.2091 1.6157 1.6743 4.2194 -17.5002 2.1144 47.8883 -5.4253 -5.0967
Car -1 -1 -4.4799 352.9591 180.9622 385.5261 201.9958 1.4944 1.5006 3.8275 -18.2552 2.1316 54.7573 -4.8006 -5.2777
Car -1 -1 -4.9958 664.5425 181.4389 691.3834 198.0604 1.5391 1.5897 3.9234 6.6389 2.4086 71.0325 -4.9035 -5.3003
Car -1 -1 -4.8232 112.7637 189.7228 145.8723 210.7048 1.5940 1.8678 4.1492 -40.3693 3.0599 60.5252 -5.4096 -5.4049
Car -1 -1 -8.1938 588.3475 179.6659 620.3038 197.3008 1.4418 1.5822 3.8329 -0.5506 2.0527 62.6644 -8.2030 -5.4177
Car -1 -1 -4.5878 3.2690 197.4379 54.8332 227.2194 1.3748 1.6822 3.8787 -31.2487 2.7697 38.8559 -5.2619 -5.4459
Car -1 -1 -4.6999 713.8384 178.6845 742.2675 204.8973 1.6102 1.7706 4.5360 7.8034 2.0152 47.7715 -4.5395 -5.4670
Car -1 -1 -6.2741 229.2038 181.0265 279.3106 202.1202 1.7334 1.7017 3.8228 -30.6150 2.4548 62.1239 -6.7305 -5.5461
Car -1 -1 -4.2554 304.6839 179.8476 362.2521 204.1168 1.3424 1.5326 4.1813 -16.5521 1.7827 43.3044 -4.6187 -5.6441
Car -1 -1 -4.9931 567.0385 178.5315 612.0577 206.1298 1.6390 1.7160 4.4052 -1.4002 2.0207 46.1814 -5.0238 -5.7251
Car -1 -1 -2.4746 0.0000 176.1892 62.8345 359.7775 1.4718 1.7664 4.7589 -8.6554 1.5107 7.1588 -3.3359 -5.8150
Car -1 -1 -4.5477 401.8185 180.7289 434.1391 202.3705 1.4636 1.6178 4.1026 -13.9426 2.0589 52.4556 -4.8066 -5.8867
Car -1 -1 -4.7084 91.6540 188.4793 117.6226 210.0619 1.6063 1.6914 4.1652 -41.3771 2.9327 59.0716 -5.3176 -5.8867
Car -1 -1 -4.6727 125.0934 184.7082 149.9156 203.8763 1.5604 1.6656 4.0181 -41.6015 2.6395 63.5495 -5.2506 -5.8867
Car -1 -1 -4.9811 704.6215 179.4299 736.8029 198.7215 1.4919 1.6055 3.9746 9.0278 2.0507 59.2783 -4.8312 -5.8867
Car -1 -1 -7.9609 300.5805 179.6055 332.5974 204.9852 1.9183 1.8716 5.1704 -23.9394 2.4928 58.7055 -8.3468 -6.3426
Car -1 -1 -4.8692 293.7956 184.9714 326.5993 205.7207 1.4062 1.6497 3.9464 -22.2790 2.3395 53.4797 -5.2625 -6.4422
