Car -1 -1 -7.8703 549.2333 187.8073 594.8904 226.7964 1.2766 1.5854 3.5475 -1.4915 1.8706 26.8520 -7.9260 4.8424
Car -1 -1 -3.7445 782.1945 191.4125 853.0533 219.6166 1.4193 1.5574 3.4326 11.2590 2.4627 39.2919 -3.4681 4.7732
Car -1 -1 -7.8193 495.8169 185.6795 530.0710 214.5643 1.3867 1.6720 3.5221 -5.1206 2.0963 38.1026 -7.9525 4.2451
Car -1 -1 -4.0291 896.3465 192.2445 964.7692 221.8181 1.5717 1.7213 3.6689 18.6481 2.7445 42.0494 -3.6150 2.5026
Car -1 -1 -4.6800 175.5037 188.8560 216.1808 221.0949 1.4646 1.6749 4.1179 -21.3224 2.3381 37.1874 -5.1978 -1.4982
Car -1 -1 -4.4268 280.8505 182.5474 321.8132 208.8677 1.7669 1.6480 4.0182 -22.2460 2.4942 52.0698 -4.8290 -2.2540
Car -1 -1 -4.8733 1128.1580 201.1406 1190.9022 238.7690 1.4842 1.6904 4.0499 25.7063 2.8998 33.9319 -4.2299 -2.6154
Car -1 -1 -8.2627 713.7623 170.5243 749.2741 190.5777 1.8265 1.7548 4.2289 11.3832 1.6140 67.9814 -8.0978 -2.8829
Car -1 -1 -4.4882 115.0196 202.1906 158.2192 228.1368 1.4737 1.6161 3.5354 -31.0104 3.4756 47.3044 -5.0661 -3.0163
Car -1 -1 -4.8678 932.3195 174.4713 958.3606 191.4344 1.5787 1.6549 4.1098 32.3679 1.7397 69.7724 -4.4354 -3.1566
Car -1 -1 -6.9117 833.7601 175.7141 880.1420 192.3287 1.5265 1.6284 3.9407 23.2889 1.8016 68.1234 -6.5840 -3.2800
Car -1 -1 -3.0800 897.5480 192.7293 984.6474 228.5859 1.5187 1.5959 3.6281 15.4769 2.4933 33.8370 -2.6550 -3.3721
Car -1 -1 -5.2812 0.0000 191.9570 38.7883 244.6229 1.4638 1.7992 4.5759 -20.5901 2.1010 22.6002 -6.0143 -3.4038
Car -1 -1 -5.6339 0.0000 191.5393 78.6346 237.1679 1.4385 1.6352 3.9782 -20.6384 2.0938 24.4051 -6.3306 -3.6318
Car -1 -1 -7.9404 924.0405 176.1854 948.6592 195.3943 1.6029 1.6183 3.8715 28.4490 1.9033 63.0302 -7.5185 -3.7191
Car -1 -1 -4.7674 884.1555 174.6056 905.6729 192.4553 1.6024 1.6304 4.1916 26.5836 1.7713 67.4602 -4.3938 -3.7782
Car -1 -1 -4.9916 313.6558 183.2791 353.5150 207.3724 1.6328 1.6718 4.0638 -20.3134 2.4271 52.8662 -5.3571 -4.0174
Car -1 -1 -4.5934 26.3668 205.5201 74.8767 238.9337 1.4820 1.5760 3.6741 -29.3230 3.2854 37.8591 -5.2493 -4.1706
Car -1 -1 -4.5796 654.4394 188.9860 684.1624 211.7828 1.4524 1.6001 3.8605 4.1905 2.6369 50.9356 -4.4987 -4.2654
Car -1 -1 -4.5357 322.1732 177.7963 344.8011 194.8809 1.6328 1.5615 3.1871 -27.4536 2.1351 71.6599 -4.9006 -4.2677
Car -1 -1 -8.2255 781.1533 174.5951 816.2213 195.9259 1.9541 1.6991 4.5229 17.9265 2.1255 68.8271 -7.9721 -4.3137
Car -1 -1 -5.0263 1001.2548 173.7434 1036.2526 191.0561 1.6448 1.8060 4.0972 40.1280 1.7347 70.9614 -4.5137 -4.3212
Car -1 -1 -4.8764 865.4025 196.2775 897.1147 219.4257 1.4612 1.5748 3.1886 19.0041 3.1636 50.7333 -4.5206 -4.3438
Car -1 -1 -4.3639 223.6075 187.6123 281.4874 214.5175 1.4380 1.7413 4.2808 -21.3593 2.3672 43.2227 -4.8207 -4.4186
Car -1 -1 -8.4925 906.1999 194.9361 996.1168 232.6487 1.4227 1.6398 3.7220 14.7658 2.4485 31.5381 -8.0590 -4.4589
Car -1 -1 -7.7374 542.3066 181.9595 594.0057 222.9053 1.5262 1.6712 4.1452 -1.7087 1.9307 29.9553 -7.7945 -4.4769
Car -1 -1 -5.0528 994.5800 199.0055 1065.0325 233.1043 1.4070 1.6784 4.0920 20.3647 2.7628 35.2530 -4.5334 -4.5382
Car -1 -1 -4.4122 326.0702 185.0806 360.6095 203.5945 1.5154 1.7060 4.2032 -23.6370 2.6365 64.0341 -4.7648 -4.6427
Car -1 -1 -4.7000 623.5897 181.2073 640.3783 199.8927 1.7385 1.6024 3.8001 2.1589 2.5802 70.7941 -4.6702 -4.7065
Car -1 -1 -4.1572 397.3937 187.8176 441.1607 210.3902 1.7167 1.7722 3.7827 -15.7554 2.9971 59.6859 -4.4147 -4.7159
Car -1 -1 -4.6942 306.4174 179.4945 325.7031 195.3052 1.4652 1.6795 4.2165 -28.9282 2.1395 71.0388 -5.0798 -4.7810
Car -1 -1 -4.9220 819.6811 175.0040 845.2361 191.3790 1.5296 1.5920 3.8380 21.4965 1.7435 69.9001 -4.6252 -4.8219
Car -1 -1 -4.7707 584.3110 185.9700 608.4139 207.6421 1.4328 1.5115 3.7486 -1.0428 2.4121 51.9640 -4.7912 -4.8518
Car -1 -1 -4.4365 838.6912 196.0722 875.6328 220.0496 1.5491 1.5987 3.7102 17.9585 3.2998 52.4338 -4.1090 -4.8747
Car -1 -1 -8.0654 649.5635 185.2337 686.8857 211.4639 1.5506 1.6154 3.8626 3.6786 2.3842 46.5829 -7.9877 -4.8918
Car -1 -1 -7.9034 382.1698 186.2363 412.6069 211.7311 1.6357 1.8549 4.2012 -15.0897 2.6235 50.9845 -8.1902 -4.8951
Car -1 -1 -5.1162 1027.5024 196.8563 1084.1071 224.8751 1.4366 1.5306 3.5089 25.8431 2.8949 42.0035 -4.5685 -4.9582
Car -1 -1 -5.4457 1068.5648 200.3267 1156.0226 232.2720 1.3678 1.4827 3.7062 25.0244 2.8178 36.1561 -4.8449 -4.9791
Car -1 -1 -4.7909 346.6469 185.8112 368.9024 204.1197 1.5750 1.6468 4.0692 -23.5954 2.8240 67.3713 -5.1269 -5.0266
Car -1 -1 -8.0348 629.7142 177.9676 681.2761 215.6750 1.5811 1.6435 3.9442 1.9641 1.8283 32.8698 -7.9763 -5.1496
Car -1 -1 -4.5293 430.2407 182.6623 457.0942 204.5315 1.7460 1.5569 3.7941 -14.1122 2.6048 61.2661 -4.7551 -5.1537
Car -1 -1 -4.8194 727.0731 172.2259 746.3934 188.2449 1.5350 1.5113 3.3627 12.4055 1.4745 70.8683 -4.6471 -5.1722
Car -1 -1 -4.3534 283.8467 182.5697 333.6758 208.7390 1.5203 1.6094 3.9289 -18.9146 2.1580 45.3871 -4.7465 -5.3897
Car -1 -1 -4.3835 145.9621 198.5876 197.0530 221.9058 1.4566 1.8786 4.3006 -31.8250 3.4091 52.4523 -4.9269 -5.4800
Car -1 -1 -4.9152 712.7213 174.0894 734.6487 190.3774 1.5642 1.5247 3.1595 11.1685 1.6885 71.1515 -4.7604 -5.4884
Car -1 -1 -4.8058 486.0647 183.1617 516.4055 209.5555 1.6622 1.6627 4.2214 -7.5243 2.4004 49.4456 -4.9565 -5.5184
Car -1 -1 -8.3289 1043.3440 187.0220 1109.1305 212.3731 1.3519 1.5921 4.0477 27.5914 2.2351 42.9029 -7.7610 -5.6300
Car -1 -1 -5.6186 596.4942 182.8270 646.3196 200.5594 1.5476 1.7089 4.5725 1.0185 2.5084 67.4346 -5.6041 -5.6730
Car -1 -1 -4.6297 504.1358 180.4274 529.2957 199.7845 1.4173 1.6266 4.0389 -7.2953 2.0315 56.4913 -4.7579 -5.6734
Car -1 -1 -4.2476 273.1552 185.2015 337.3684 216.1741 1.5076 1.5621 3.9605 -16.3260 2.2054 38.7670 -4.6441 -5.6892
Car -1 -1 -8.0305 1080.8778 185.4064 1126.3202 213.1431 1.4989 1.5628 3.8298 29.2674 2.2814 42.9304 -7.4358 -5.7086
Car -1 -1 -4.3928 307.3204 187.9532 342.8235 205.8717 1.3757 1.5983 4.0361 -24.0324 2.6934 60.9235 -4.7674 -5.7492
Car -1 -1 -4.6090 757.3781 175.1900 779.6638 193.2866 1.5710 1.5829 3.8878 14.3425 1.7888 65.2717 -4.3940 -5.7637
Car -1 -1 -4.3234 402.1629 182.9361 452.2479 208.7652 1.5493 1.6799 4.2794 -11.9380 2.2407 47.2648 -4.5699 -5.7771
Car -1 -1 -4.2919 422.9451 181.9566 463.8375 201.9527 1.5001 1.6463 4.2130 -13.4529 2.2643 58.3803 -4.5178 -5.7941
Car -1 -1 -4.7147 451.3578 182.4534 471.1173 202.1427 1.6124 1.6443 3.9373 -13.0624 2.4811 63.2247 -4.9180 -5.8031
Car -1 -1 -4.6962 368.5434 181.8831 389.3636 201.2067 1.5531 1.6411 3.9110 -19.8698 2.3559 62.0708 -5.0051 -5.8510
Car -1 -1 -4.7795 622.4439 181.1082 649.2995 205.0244 1.5991 1.6486 3.9643 1.7846 2.2125 51.6394 -4.7456 -5.8765
Car -1 -1 -4.4861 0.0000 184.5965 0.0000 212.8319 1.5302 1.6539 4.0137 -41.6095 2.2652 43.0351 -5.2517 -5.8867
Car -1 -1 -4.5412 0.0000 185.1407 10.4227 210.2973 1.5349 1.6545 4.0109 -41.6068 2.3931 48.2669 -5.2500 -5.8867
Car -1 -1 -4.6285 76.2236 183.1309 106.7505 203.5873 1.5201 1.6529 4.0164 -41.6068 2.3754 57.9240 -5.2494 -5.8867
Car -1 -1 -7.5636 152.0067 0.0000 1241.0000 374.0000 1.5637 1.5953 3.8099 -0.4934 1.6816 1.0019 -7.9390 -5.8867
Car -1 -1 -4.6779 131.4491 183.8481 155.4050 202.3104 1.5265 1.6521 4.0090 -41.6033 2.5395 64.3577 -5.2501 -5.8867
Car -1 -1 -4.7599 1123.1538 171.7999 1152.0923 191.1206 1.4646 1.6357 3.9878 41.4732 1.3844 56.8112 -4.1321 -5.8867
Car -1 -1 -6.9161 0.0000 0.0000 1241.0000 374.0000 1.5641 1.5951 3.8098 -2.1012 1.7009 1.0019 -7.9390 -5.8867
Car -1 -1 -8.6438 0.0000 0.0000 1049.5251 374.0000 1.5573 1.5948 3.8081 1.1139 1.6405 1.0013 -7.9391 -5.8867
Car -1 -1 -9.1081 0.0000 0.0000 1241.0000 374.0000 1.4992 1.6013 3.8465 4.7449 1.5046 1.3677 -7.8743 -5.8867
Car -1 -1 -4.5265 471.1697 180.2922 498.4094 198.3587 1.4535 1.5933 3.9405 -10.6884 2.1094 61.6648 -4.6978 -5.8867
Car -1 -1 -4.4202 388.2349 184.0179 421.6209 203.4961 1.5475 1.6579 4.0101 -17.5018 2.5323 61.6552 -4.6960 -5.8867
Car -1 -1 -4.4246 388.9724 182.1417 425.0976 203.0362 1.4905 1.6041 3.9526 -15.5142 2.2267 55.2264 -4.6976 -5.8867
Car -1 -1 -4.5140 0.0000 185.4420 0.0000 212.2946 1.5367 1.6528 4.0082 -41.6074 2.3667 45.4464 -5.2526 -5.8867
Car -1 -1 -4.6651 508.6650 181.8886 527.7111 198.9095 1.5083 1.6006 3.9632 -8.6641 2.3867 68.1400 -4.7915 -5.8867
Car -1 -1 -4.2849 220.3931 194.5050 265.0924 212.9025 1.4143 1.8425 4.3121 -31.9311 3.3648 62.8205 -4.7537 -5.9613
Car -1 -1 -7.3796 60.9261 194.4166 130.3968 226.1465 1.3121 1.4140 2.9922 -23.8924 2.3621 33.5656 -7.9946 -6.2550
Car -1 -1 -7.2424 202.5262 186.1518 350.6351 255.9385 1.7010 1.5555 4.4975 -9.4677 2.1282 20.8395 -7.6646 -6.5187
