Car -1 -1 -7.8403 552.4520 180.9004 596.6597 218.1024 1.3084 1.6023 3.5300 -1.3956 1.6397 27.9447 -7.8904 5.7962
Car -1 -1 -7.7919 500.0527 179.6954 533.6308 206.0204 1.3397 1.6086 3.4607 -5.0867 1.7301 39.4238 -7.9199 5.0595
Car -1 -1 -4.0256 943.9554 188.1923 1032.3975 224.0865 1.6443 1.8032 3.9889 18.8529 2.4448 36.0516 -3.5478 4.6887
Car -1 -1 -6.9575 822.0001 186.8958 909.2800 219.6263 1.4096 1.5993 3.6315 11.8520 2.0895 33.5955 -6.6217 4.3027
Car -1 -1 -4.4022 306.8155 178.3843 342.3130 199.2497 1.5502 1.6205 3.3690 -22.2410 1.9944 56.2593 -4.7774 -0.9457
Car -1 -1 -5.2403 862.1907 169.8141 898.3736 187.6309 1.5917 1.5721 3.4706 24.7753 1.3198 66.3026 -4.8844 -2.2667
Car -1 -1 -4.3724 535.7334 180.3790 567.2571 198.8391 1.3787 1.5245 3.1376 -4.6199 1.9907 56.9959 -4.4533 -2.3241
Car -1 -1 -3.5058 858.6639 186.7388 937.1051 217.5081 1.5281 1.6073 3.4257 14.8361 2.2632 37.3949 -3.1314 -2.3783
Car -1 -1 -4.7118 821.8275 173.2178 841.6293 191.9899 1.6014 1.6228 3.9728 19.5663 1.6343 63.7713 -4.4157 -2.5742
Car -1 -1 -5.4051 838.3516 172.8952 890.6307 196.9680 1.6526 1.6591 3.4963 18.0734 1.6553 51.4677 -5.0695 -2.7865
Car -1 -1 -2.2550 0.0000 184.2849 106.1435 227.0922 1.5201 1.6803 4.1647 -21.7756 1.9771 27.5856 -2.9186 -3.2819
Car -1 -1 -5.0021 754.5300 183.2329 784.9019 202.3837 1.6981 1.6721 4.2046 15.0947 2.7139 68.4774 -4.7866 -3.6032
Car -1 -1 -8.0071 317.3523 172.1719 341.6800 188.5401 1.5395 1.6499 3.7122 -27.2058 1.4751 69.8842 -8.3773 -3.7598
Car -1 -1 -4.9108 817.7524 171.1776 841.9136 187.4684 1.5468 1.5818 3.5189 21.3794 1.3873 70.3350 -4.6171 -3.7734
Car -1 -1 -4.9729 283.8702 169.1563 313.3561 187.7495 1.6830 1.6229 3.7169 -29.0728 1.3480 67.2726 -5.3795 -3.9012
Car -1 -1 -3.9028 1152.2443 202.5709 1236.2684 232.2472 1.4797 1.5942 3.3384 31.3353 3.1157 38.7923 -3.2278 -4.0695
Car -1 -1 -4.6135 945.2606 172.4909 970.2943 190.3794 1.5377 1.6256 4.0215 30.9257 1.5062 64.1629 -4.1664 -4.1560
Car -1 -1 -4.7658 897.6042 187.6008 941.2686 222.5990 1.5044 1.7067 4.2050 14.9838 2.2698 35.1938 -4.3670 -4.2591
Car -1 -1 -4.5636 485.3826 177.2517 511.5120 196.4800 1.5639 1.6472 3.8662 -9.4991 1.9503 61.5092 -4.7166 -4.4150
Car -1 -1 -2.2575 315.6125 177.6352 371.9785 204.2161 1.5743 1.5450 3.2930 -16.5602 1.8806 44.7735 -2.6102 -4.4451
Car -1 -1 -2.5569 554.3342 178.2612 617.4790 203.8844 1.6260 1.6650 3.9592 -1.6587 2.0005 48.2692 -2.5916 -4.4904
Car -1 -1 -4.9749 519.1504 180.0318 558.6127 203.6828 1.4768 1.5728 4.3443 -4.8870 1.9846 48.7665 -5.0747 -4.4962
Car -1 -1 -4.5145 35.9214 196.9452 87.2585 225.8891 1.7001 1.9200 4.4416 -37.0554 3.4107 48.8240 -5.1613 -4.7192
Car -1 -1 -4.5098 353.3625 176.0613 380.6286 194.4638 1.6209 1.6144 3.9370 -22.3191 1.9246 66.3215 -4.8335 -4.7219
Car -1 -1 -5.1018 964.0439 175.1979 1008.3702 196.3976 1.5586 1.6092 4.0157 28.8853 1.7456 55.5760 -4.6250 -4.7615
Car -1 -1 -4.6683 928.4045 192.8190 959.8527 220.6196 1.5500 1.6380 3.9484 21.0284 2.8654 45.4193 -4.2379 -4.7730
Car -1 -1 -4.7354 1136.7155 196.9711 1191.2109 237.6767 1.4272 1.6657 3.9759 22.8219 2.4960 29.8860 -4.0887 -5.0179
Car -1 -1 -4.5944 835.5043 168.0326 861.2957 192.5289 2.0236 1.6121 4.3250 20.4582 1.6250 61.9046 -4.2770 -5.0464
Car -1 -1 -4.5073 756.6346 182.4826 789.5662 204.3517 1.4300 1.5404 3.7846 11.5340 2.1378 51.0206 -4.2867 -5.1611
Car -1 -1 -4.4440 358.6955 177.5945 385.7683 194.0884 1.5327 1.5505 3.7749 -23.0762 2.0055 70.0785 -4.7612 -5.2019
Car -1 -1 -8.0754 546.0541 174.9869 602.4048 213.4904 1.6216 1.7645 3.6943 -1.7199 1.7237 32.6291 -8.1282 -5.2241
Car -1 -1 -4.6573 546.7374 176.2743 583.1359 208.9204 1.6326 1.7118 4.4313 -2.4039 1.8267 38.7712 -4.7193 -5.2248
Car -1 -1 -4.3359 661.7767 176.3984 705.1848 201.6241 1.8076 1.6914 4.6629 5.6081 2.0888 54.8526 -4.2350 -5.3293
Car -1 -1 -7.0223 198.3073 181.3692 367.2398 250.9944 1.5297 1.5665 3.8784 -8.2495 1.7718 18.4540 -7.4377 -5.3660
Car -1 -1 -5.1224 920.6730 173.6187 957.3339 191.0876 1.5073 1.5652 3.8353 29.2721 1.5772 64.3543 -4.6976 -5.4493
Car -1 -1 -5.7304 320.5061 181.5160 454.6584 237.6854 1.4019 1.4724 3.1564 -6.0209 1.6486 19.4632 -6.0271 -5.4593
Car -1 -1 -4.7861 1089.5909 196.2866 1126.3691 224.4886 1.6483 1.7031 3.8683 32.8763 3.2672 47.7609 -4.1869 -5.5343
Car -1 -1 -2.3441 0.0000 181.3545 13.8348 348.4114 1.4732 1.5877 3.9417 -8.8135 1.5704 7.3645 -3.2008 -5.5586
Car -1 -1 -4.2421 242.7692 178.8930 307.9141 208.8264 1.5213 1.6442 3.8786 -18.2431 1.8676 39.4364 -4.6731 -5.5882
Car -1 -1 -5.1942 815.9727 180.6281 885.1202 215.7470 1.7181 1.7066 4.2526 12.7123 2.1570 38.5286 -4.8783 -5.6071
Car -1 -1 -7.4840 173.1987 180.1847 243.9534 211.5504 1.4805 1.7515 4.3036 -20.7124 1.8825 37.3569 -7.9874 -5.6622
Car -1 -1 -4.1767 164.5081 187.3000 217.3203 210.0526 1.5047 1.6192 3.7056 -30.1342 2.5817 51.9456 -4.7004 -5.7091
Car -1 -1 -4.4084 168.3938 184.1645 217.9169 211.7326 1.6265 1.6506 3.9237 -26.7581 2.3861 46.3828 -4.9294 -5.7155
Car -1 -1 -4.4249 81.8993 188.5626 129.4360 215.7351 1.7255 1.6727 3.9149 -35.1835 2.8684 50.3913 -5.0322 -5.7908
Car -1 -1 -5.2685 727.7090 177.7967 794.3039 206.5146 1.4719 1.6957 4.0823 8.2482 1.7604 39.9493 -5.0668 -5.8156
Car -1 -1 -4.8885 713.7232 178.9901 747.3480 201.0806 1.4941 1.6682 4.2168 8.6239 1.9549 52.0978 -4.7258 -5.8235
Car -1 -1 -4.5225 238.5782 183.7437 271.5937 205.8184 1.6360 1.6516 3.9295 -28.3465 2.5380 57.6716 -4.9778 -5.8308
Car -1 -1 -4.5399 0.0000 186.8869 5.5742 213.1432 1.5796 1.6699 4.0120 -41.6046 2.5518 47.8560 -5.2529 -5.8867
Car -1 -1 -4.5805 16.2594 185.2387 54.7481 208.5452 1.5458 1.6606 4.0136 -41.6049 2.4798 52.2876 -5.2503 -5.8867
Car -1 -1 -4.8171 1190.5853 170.1250 1229.3245 192.1880 1.4636 1.6373 3.9908 41.4707 1.2823 49.9812 -4.1277 -5.8867
Car -1 -1 -4.5054 0.0000 185.4713 0.0000 212.8453 1.5372 1.6543 4.0108 -41.6075 2.3551 44.6415 -5.2527 -5.8867
Car -1 -1 -4.8145 504.9105 177.3182 538.2842 201.1428 1.3411 1.5786 4.1790 -5.4275 1.6246 43.6578 -4.9378 -5.9288
Car -1 -1 -2.5634 9.3140 166.2154 103.4773 207.7117 2.0456 1.6517 3.4403 -27.9960 1.7180 36.5171 -3.2141 -6.1313
Car -1 -1 -6.1304 0.0000 182.6743 129.9477 252.5146 1.4791 1.5227 3.9740 -14.0645 1.7379 17.3922 -6.8031 -6.1870
Car -1 -1 -5.7953 787.2617 182.9249 840.4314 207.6233 1.8381 1.6195 3.7220 16.0765 2.6608 57.0920 -5.5227 -6.6221
