Car -1 -1 -7.7324 522.7680 184.6828 555.8000 208.0767 1.3428 1.6291 3.6203 -4.4132 2.1117 45.0943 -7.8299 4.2583
Car -1 -1 -7.8596 570.0735 186.1069 605.4362 215.1398 1.2396 1.5930 3.6205 -1.1137 1.9036 34.3267 -7.8924 4.1062
Car -1 -1 -3.9750 0.0000 203.8461 73.1805 239.3479 1.4902 1.6615 3.6633 -28.6746 3.0932 35.4466 -4.6516 -0.6334
Car -1 -1 -4.8268 505.1274 179.8892 526.0234 195.4949 1.4604 1.6283 3.7460 -9.3797 2.1754 71.3526 -4.9574 -1.9393
Car -1 -1 -4.6959 935.3095 181.7862 965.7435 208.6236 1.4935 1.5982 3.9037 20.5896 2.0598 43.6602 -4.2583 -2.0870
Car -1 -1 -4.4819 486.6250 180.6353 521.2484 203.8629 1.5957 1.6323 4.0747 -7.7845 2.1904 53.0750 -4.6273 -2.7699
Car -1 -1 -7.7581 560.9448 182.1364 597.9694 214.1646 1.5345 1.5836 3.6536 -1.5816 2.0408 37.5169 -7.8006 -2.8970
Car -1 -1 -9.1085 1086.4143 173.9694 1201.8871 215.0923 1.5802 1.6281 3.4926 21.8838 1.6288 29.7220 -8.4789 -3.0271
Car -1 -1 -4.9149 592.0743 179.5815 616.3763 194.9339 1.4386 1.6373 3.9833 -0.6213 2.1255 71.5873 -4.9240 -3.0555
Car -1 -1 -5.5555 878.8456 174.6632 943.7687 199.9687 1.5491 1.7270 3.6197 19.3122 1.6704 46.4625 -5.1642 -3.2640
Car -1 -1 -6.1968 39.7048 177.2116 136.3106 214.5004 1.6403 1.6447 3.5245 -24.3299 1.8534 33.7217 -6.8183 -3.3793
Car -1 -1 -5.3154 346.7414 181.5611 387.3795 201.4560 1.6682 1.5656 3.7295 -21.5101 2.4586 63.7754 -5.6397 -3.6537
Car -1 -1 -8.0834 346.6906 182.4775 377.3466 202.4678 1.5531 1.6120 3.6908 -20.6598 2.3792 59.9681 -8.4142 -3.8155
Car -1 -1 -4.7802 608.6115 179.2211 626.9689 194.7974 1.4729 1.5652 3.8080 0.7329 2.1230 71.7643 -4.7704 -3.8208
Car -1 -1 -5.0201 564.1873 181.1347 614.1714 210.7982 1.6048 1.7234 4.2863 -1.3264 2.1202 42.6315 -5.0516 -3.9067
Car -1 -1 -4.2638 322.4625 183.1496 366.7683 204.3709 1.5652 1.6862 4.1203 -21.0857 2.4146 57.4191 -4.6146 -3.9146
Car -1 -1 -4.8583 679.4651 182.1635 707.3676 202.6072 1.5835 1.7271 3.9560 6.8406 2.3796 59.7186 -4.7453 -3.9402
Car -1 -1 -4.5339 521.3038 179.3630 544.0657 195.8366 1.5570 1.6241 3.6482 -7.6582 2.2191 71.5565 -4.6405 -3.9609
Car -1 -1 -8.0004 1042.2805 177.5022 1098.6707 213.2235 1.4647 1.5351 3.9570 20.4615 1.6859 32.2583 -7.4397 -4.5455
Car -1 -1 -6.6992 1039.2633 144.8767 1130.5166 172.4564 1.5684 1.8224 4.0781 27.7220 -0.0243 42.2933 -6.1220 -4.6646
Car -1 -1 -4.2536 439.4189 183.2160 479.0442 204.5639 1.5350 1.5652 3.5914 -11.6237 2.3624 55.6959 -4.4588 -4.8986
Car -1 -1 -4.8754 543.6423 184.3927 576.6447 208.5707 1.5430 1.6344 4.1786 -3.5553 2.3840 50.3887 -4.9460 -4.9663
Car -1 -1 -2.8296 746.4349 178.4786 816.1230 201.5190 1.6695 1.8444 4.8682 13.0829 2.1164 55.3280 -2.5990 -4.9865
Car -1 -1 -4.7179 340.5285 179.4877 367.2086 202.4204 1.5026 1.7050 4.3542 -18.1300 1.9924 50.9661 -5.0583 -5.0641
Car -1 -1 -4.7782 606.5853 182.0797 624.4749 198.4410 1.4710 1.4805 3.2455 0.4844 2.3667 68.4108 -4.7716 -5.2185
Car -1 -1 -5.1444 815.0333 186.8980 882.5906 220.4972 1.5434 1.6843 4.1796 12.1598 2.3083 37.1379 -4.8310 -5.2263
Car -1 -1 -7.6929 414.3903 183.4447 449.3808 209.8566 1.6052 1.6155 4.0072 -11.7252 2.3334 47.5669 -7.9337 -5.2867
Car -1 -1 -5.5479 737.8704 179.5462 789.0018 204.5010 2.1795 1.7927 4.6034 14.1123 2.8198 66.6866 -5.3407 -5.3041
Car -1 -1 -4.3099 227.5775 190.7909 287.2186 216.6436 1.3152 1.6739 3.9124 -20.2194 2.3953 41.4687 -4.7613 -5.3756
Car -1 -1 -4.9364 369.7968 180.0783 402.0236 200.3632 1.5834 1.7073 4.0295 -18.7020 2.2060 60.0411 -5.2374 -5.3894
Car -1 -1 -4.6374 519.5819 180.6021 548.1500 203.7897 1.5186 1.6843 4.3714 -5.3625 2.0890 50.9413 -4.7422 -5.3962
Car -1 -1 -4.8414 419.6541 182.8719 448.9336 202.5459 1.4487 1.7435 4.2335 -14.1239 2.2820 57.7511 -5.0806 -5.4531
Car -1 -1 -4.2198 6.2231 207.2338 67.7002 232.5337 1.4337 1.6082 3.8192 -38.3868 3.8360 48.4018 -4.8878 -5.6299
Car -1 -1 -4.5902 329.0015 180.4100 361.2036 202.5809 1.3525 1.5436 3.6624 -17.3584 1.8682 47.3099 -4.9404 -5.6562
Car -1 -1 -4.3943 411.6783 184.2688 458.3010 210.5674 1.4752 1.6072 4.0106 -10.7252 2.2089 44.3309 -4.6307 -5.6712
Car -1 -1 -4.7617 582.1960 179.8745 609.2533 204.0386 1.5952 1.7019 4.0647 -1.0756 2.1108 50.9331 -4.7832 -5.6752
Car -1 -1 -4.3381 45.6796 203.9397 103.3131 230.5191 1.3573 1.4983 3.8226 -32.3555 3.3258 43.6578 -4.9732 -5.6988
Car -1 -1 -4.2082 391.4874 184.7712 425.1501 200.6843 1.4683 1.7102 3.5382 -19.9322 2.6785 71.3706 -4.4799 -5.7893
Car -1 -1 -5.3601 749.2382 178.8721 805.7407 201.7409 1.5162 1.6729 4.2614 11.8213 1.9631 51.3282 -5.1354 -5.7958
Car -1 -1 -2.8237 358.5596 181.0541 428.9525 206.4137 1.5368 1.6110 3.9115 -13.5268 2.0593 45.1412 -3.1135 -5.8066
Car -1 -1 -4.4268 443.6901 181.3411 482.1838 202.6874 1.4444 1.6417 4.1808 -10.7150 2.0892 52.6875 -4.6268 -5.8229
Car -1 -1 -4.3383 326.8770 182.8634 378.5656 210.4687 1.5388 1.6270 3.8991 -15.5236 2.1711 43.6292 -4.6786 -5.8574
Car -1 -1 -4.5527 0.0000 186.9526 29.4681 212.9359 1.6334 1.6955 4.0302 -41.6071 2.6499 49.8744 -5.2455 -5.8867
Car -1 -1 -4.3478 363.4707 181.8429 411.0908 205.5893 1.4555 1.6624 4.1102 -14.7611 2.0786 47.9278 -4.6453 -5.8867
Car -1 -1 -7.0087 0.0000 0.0000 1241.0000 374.0000 1.5528 1.5941 3.8080 -1.7119 1.6524 0.9958 -7.9397 -5.8867
Car -1 -1 -4.4503 411.4147 181.0148 442.5682 199.3286 1.4596 1.5952 3.9444 -15.5193 2.1745 61.2563 -4.6977 -5.8867
Car -1 -1 -4.3932 361.0547 181.7848 402.5218 204.4991 1.4750 1.6004 3.9490 -15.9167 2.1232 50.4030 -4.6979 -5.8867
Car -1 -1 -4.5798 16.2950 184.0317 54.7224 206.8678 1.5205 1.6549 4.0119 -41.6070 2.3635 52.2906 -5.2496 -5.8867
Car -1 -1 -5.9100 0.0000 0.0000 1241.0000 374.0000 1.5227 1.6131 3.9649 5.3711 1.5581 1.7161 -4.6976 -5.8867
Car -1 -1 -3.5477 0.0000 197.1821 0.0000 374.0000 1.5161 1.6099 3.9620 -6.2776 1.6683 2.5296 -4.6974 -5.8867
Car -1 -1 -4.7146 160.7589 196.8945 191.0595 223.7658 1.4866 1.5842 3.8540 -27.4989 3.0763 45.6625 -5.2543 -5.9443
Car -1 -1 -4.4764 641.0223 181.1758 677.5074 207.6400 1.7754 1.6799 4.2858 3.5754 2.4030 52.1459 -4.4089 -5.9915
Car -1 -1 -7.7089 132.3977 188.4493 174.2930 223.3198 1.6321 1.3985 2.8690 -23.2787 2.4615 36.7919 -8.2700 -6.0057
Car -1 -1 -4.3530 593.2851 179.9608 632.9172 200.6805 1.4192 1.5557 4.1723 0.2448 1.9646 53.1770 -4.3489 -6.0430
Car -1 -1 -3.8770 138.8485 196.2415 210.7341 227.1599 1.6372 1.4961 3.5991 -25.9454 3.0961 43.0798 -4.4166 -6.3285
Car -1 -1 -4.7636 730.7844 177.7473 755.4240 200.1241 1.6939 1.7187 4.0700 10.5768 2.0992 57.6785 -4.5836 -6.6697
