Car -1 -1 -7.8508 569.9318 187.0559 604.4874 217.5868 1.3296 1.5818 3.3903 -1.1360 2.0469 34.7399 -7.8839 5.0971
Car -1 -1 -7.8219 523.9666 184.7473 552.2625 209.9862 1.4550 1.6522 3.8370 -4.5212 2.2359 45.4228 -7.9211 3.5462
Car -1 -1 -7.8708 947.4627 183.8382 979.1912 212.4302 1.5415 1.5948 3.6986 20.7113 2.2182 42.4595 -7.4203 0.3547
Car -1 -1 -8.3147 872.7772 180.1165 928.3986 206.4955 1.5907 1.6600 4.1500 18.7466 2.0832 46.8231 -7.9365 -0.5261
Car -1 -1 -5.4160 1020.5538 169.6032 1102.4933 199.8535 1.6395 1.6545 4.1712 25.6925 1.4630 41.2917 -4.8630 -1.6716
Car -1 -1 -4.3773 311.4837 183.1676 354.1372 206.9615 1.6278 1.6254 4.2808 -20.4806 2.4217 53.4015 -4.7422 -2.2886
Car -1 -1 -4.4723 850.3052 182.8247 886.5230 205.6235 1.5688 1.6324 4.0327 19.2156 2.3394 53.6489 -4.1306 -2.5651
Car -1 -1 -4.6519 1013.8504 180.7344 1054.1171 212.6984 1.5544 1.6120 4.2152 22.5471 1.9973 38.3746 -4.1246 -3.2528
Car -1 -1 -7.9088 512.7078 179.9164 533.4073 198.4752 1.6971 1.7487 4.4967 -8.5014 2.4066 70.1478 -8.0294 -3.4778
Car -1 -1 -6.1218 0.0000 188.0532 79.2006 230.8850 1.6608 1.6378 3.3823 -24.7736 2.3381 30.6197 -6.7980 -3.6656
Car -1 -1 -7.3682 175.0270 189.2513 251.2892 220.1938 1.3908 1.6553 4.1235 -20.1153 2.2716 36.7004 -7.8668 -4.0893
Car -1 -1 -4.4776 780.4395 178.2353 808.3277 196.5329 1.4958 1.5213 3.6685 15.8764 1.9736 62.1271 -4.2290 -4.1843
Car -1 -1 -3.7920 66.3722 196.8684 155.0862 228.9993 1.5612 1.5958 3.9032 -27.8287 2.9724 40.3058 -4.3935 -4.2516
Car -1 -1 -7.4072 371.9429 184.6835 424.5969 211.1696 1.6731 1.8256 4.2588 -14.5846 2.5267 49.8364 -7.6909 -4.4581
Car -1 -1 -4.5971 71.5872 192.0216 124.3128 231.5800 1.6212 1.6008 3.2467 -23.4878 2.5490 33.1311 -5.2102 -4.5397
Car -1 -1 -3.3089 408.5443 185.8196 468.3959 209.4263 1.5195 1.6639 3.7784 -11.8240 2.4375 49.5982 -3.5422 -4.6736
Car -1 -1 -5.0433 0.0000 205.1700 22.1062 238.1682 1.4319 1.5474 3.4958 -31.0149 3.1092 35.9030 -5.7522 -4.7019
Car -1 -1 -8.0256 977.6357 184.1828 1023.9625 215.7000 1.5589 1.6309 3.3175 20.9365 2.1971 38.8349 -7.5349 -4.7814
Car -1 -1 -4.5678 811.3068 187.3017 844.2280 208.9313 1.5675 1.8914 4.7315 17.5877 2.7841 58.2304 -4.2765 -4.7925
Car -1 -1 -4.4991 339.7578 180.3678 376.1605 202.9789 1.5185 1.6492 4.0648 -18.1345 2.0816 51.9810 -4.8335 -4.8738
Car -1 -1 -5.2480 646.0359 183.2446 717.8242 217.9305 1.4909 1.6255 3.9061 3.3168 2.0163 34.3926 -5.1533 -4.8852
Car -1 -1 -4.0765 324.0493 186.4862 390.5707 213.3166 1.5743 1.6931 4.6294 -16.5083 2.5142 47.3011 -4.4110 -4.9448
Car -1 -1 -4.9007 565.1968 185.0464 608.0909 216.0638 1.5440 1.6448 3.8859 -1.3716 2.2483 39.6258 -4.9357 -5.0037
Car -1 -1 -4.7009 836.0576 188.1813 862.0555 209.5020 1.5366 1.9031 4.2597 19.0922 2.8106 57.6652 -4.3833 -5.0387
Car -1 -1 -7.3636 252.2489 188.7149 310.4516 212.7137 1.3326 1.6491 3.8628 -20.3042 2.3577 44.6663 -7.7883 -5.0820
Car -1 -1 -5.1734 897.4340 181.4958 959.9198 209.2373 1.5207 1.6201 4.3808 18.9376 2.0641 43.1695 -4.7630 -5.1285
Car -1 -1 -3.8186 0.0000 200.9143 89.0707 234.9776 1.4480 1.6003 4.1346 -28.9460 2.9518 36.4817 -4.4860 -5.1319
Car -1 -1 -4.9308 654.7144 179.5124 682.7225 202.3232 1.8653 1.6131 3.7914 4.9994 2.4569 62.1514 -4.8514 -5.3861
Car -1 -1 -4.4005 280.7394 188.4946 330.6874 210.6784 1.3225 1.7903 4.5365 -20.4664 2.4273 48.6456 -4.7971 -5.4187
Car -1 -1 -5.2117 678.3374 184.2862 716.3800 202.1542 1.4405 1.6677 3.8038 7.5533 2.4696 62.8991 -5.0932 -5.4270
Car -1 -1 -4.7031 527.1998 183.0645 546.9803 202.5238 1.5553 1.6341 3.9890 -6.2601 2.4600 61.8920 -4.8039 -5.5260
Car -1 -1 -4.8125 751.6944 185.5219 791.9167 215.7498 1.4016 1.5868 4.5017 8.3579 2.1046 37.7341 -4.5968 -5.5947
Car -1 -1 -2.8869 433.8669 185.2052 491.6018 210.3740 1.4746 1.5316 3.1630 -8.9801 2.2414 43.9585 -3.0877 -5.6262
Car -1 -1 -4.1176 123.3610 189.9980 225.3994 224.9103 1.3861 1.7713 4.5390 -19.9529 2.2306 33.2389 -4.6550 -5.6677
Car -1 -1 -4.6843 429.1764 183.3072 451.2144 201.6034 1.4131 1.6808 4.1174 -14.2091 2.3197 60.4122 -4.9147 -5.7252
Car -1 -1 -4.1856 408.6739 182.5568 462.8291 208.2016 1.5036 1.6424 3.8407 -11.0706 2.1491 45.9498 -4.4211 -5.7805
Car -1 -1 -4.6179 713.5842 181.2598 742.6607 205.9983 1.6046 1.6409 4.0142 8.2560 2.2166 50.4092 -4.4571 -5.8502
Car -1 -1 -4.7270 572.4566 179.8127 596.8884 202.0075 1.4561 1.6482 4.1285 -1.8469 1.9656 50.7594 -4.7637 -5.8803
Car -1 -1 -4.8703 532.9219 180.1671 563.5438 202.0869 1.5065 1.6336 3.9881 -4.6162 2.0665 53.1463 -4.9570 -5.8823
Car -1 -1 -5.8950 1241.0000 180.2664 1241.0000 374.0000 1.5282 1.6147 3.9670 6.1811 1.5702 2.1245 -4.6976 -5.8867
Car -1 -1 -4.6357 551.2640 179.2786 579.0286 202.0964 1.4577 1.5944 3.9418 -3.0526 1.9131 49.1944 -4.6978 -5.8867
Car -1 -1 -8.6437 0.0000 0.0000 1049.2986 374.0000 1.5543 1.5938 3.8074 1.1138 1.6291 1.0021 -7.9392 -5.8867
Car -1 -1 -6.7848 0.0000 0.0000 1241.0000 374.0000 1.5639 1.5931 3.8091 -2.9045 1.7132 1.0027 -7.9389 -5.8867
Car -1 -1 -7.5636 151.9876 0.0000 1241.0000 374.0000 1.5617 1.5948 3.8094 -0.4935 1.6741 1.0021 -7.9391 -5.8867
Car -1 -1 -4.4317 397.1397 181.5892 427.8574 199.2462 1.4715 1.5993 3.9476 -17.5215 2.2710 64.0804 -4.6979 -5.8867
Car -1 -1 -4.6684 534.9938 180.4837 557.5695 200.4257 1.4843 1.6134 4.0181 -5.0564 2.1117 57.3118 -4.7564 -5.9080
Car -1 -1 -4.5351 403.3304 182.7487 428.5950 199.6639 1.4923 1.6154 4.0540 -18.3212 2.4557 68.1879 -4.7970 -5.9254
Car -1 -1 -5.4029 817.9122 175.9066 874.6990 205.2466 2.0234 1.6604 4.1341 17.0842 2.2544 52.4510 -5.0902 -6.1076
Car -1 -1 -4.9430 635.4785 182.9919 662.4805 201.6838 1.7293 1.7689 4.0841 3.7969 2.7608 71.2705 -4.8905 -6.7803
