Car -1 -1 -7.7386 510.8157 179.2156 555.7893 210.6267 1.3518 1.6822 3.5491 -3.5536 1.6630 33.5562 -7.8438 6.7396
Car -1 -1 -4.3422 244.0781 179.7403 327.9819 222.1285 1.4172 1.5613 3.7556 -11.9039 1.6896 26.6575 -4.7588 4.7452
Car -1 -1 -7.8339 574.1326 181.7909 621.7820 221.8224 1.3083 1.6110 3.6291 -0.4502 1.6551 26.2081 -7.8516 4.7019
Car -1 -1 -4.4572 411.4800 176.7547 446.4823 197.1815 1.4217 1.5887 3.7506 -13.2363 1.7171 52.8208 -4.7019 -2.3195
Car -1 -1 -5.0344 108.6597 178.1706 169.9202 209.3461 1.6443 1.7057 4.0339 -26.5715 1.9576 40.6351 -5.6107 -2.6975
Car -1 -1 -4.1375 32.8835 183.7359 119.2032 217.7193 1.5543 1.6133 3.9087 -26.7668 2.1312 36.2774 -4.7699 -2.8423
Car -1 -1 -4.5187 491.8990 176.1695 529.1863 201.5686 1.5683 1.6471 4.1647 -6.4916 1.7948 47.2340 -4.6550 -3.1543
Car -1 -1 -4.7205 435.5650 174.4523 457.6979 195.0995 1.5356 1.6203 3.6431 -12.7035 1.6635 55.9240 -4.9431 -3.7455
Car -1 -1 -4.7620 846.0126 176.4857 873.0872 204.3023 1.9002 1.6367 3.8496 17.8835 2.1717 51.9084 -4.4324 -3.7558
Car -1 -1 -7.1167 114.1974 184.3055 226.8121 227.7543 1.3955 1.6097 3.3576 -15.7235 1.8353 25.9286 -7.6575 -3.8815
Car -1 -1 -2.6024 160.9361 184.5438 273.2628 220.1049 1.3718 1.5753 3.7252 -15.9310 1.8599 29.2756 -3.0972 -4.3011
Car -1 -1 -4.3183 628.3630 179.7792 659.6552 198.0694 1.5821 1.5815 3.6396 3.1125 2.2333 65.8976 -4.2717 -4.3517
Car -1 -1 -2.4320 198.6794 179.7409 314.8912 226.9386 1.4596 1.5355 3.2249 -11.6734 1.6975 23.8033 -2.8839 -4.4276
Car -1 -1 -3.7288 0.0000 196.4377 63.5156 232.3943 1.7226 1.8149 3.3884 -31.9119 3.0563 38.9285 -4.4123 -4.4516
Car -1 -1 -4.2570 627.6828 178.5933 669.8342 199.0284 1.5084 1.6002 4.2709 3.0656 1.9776 56.7793 -4.2038 -4.6756
Car -1 -1 -4.2576 34.8953 194.6360 99.2739 222.5823 1.4251 1.5910 3.4724 -31.2090 2.7347 41.5379 -4.8991 -4.6881
Car -1 -1 -5.0104 735.2398 182.2672 766.2124 200.7972 1.6113 1.6329 4.2945 13.0460 2.5170 67.2237 -4.8200 -4.7654
Car -1 -1 -4.3714 17.2025 189.5107 106.5509 231.8898 1.4679 1.5748 4.0072 -21.8098 2.1826 28.8263 -5.0148 -4.7748
Car -1 -1 -5.1345 457.9004 176.1494 498.0607 197.1965 1.6096 1.6266 4.1238 -10.6760 1.8841 58.0144 -5.3160 -4.9631
Car -1 -1 -4.6988 424.3022 176.6414 449.9255 202.2803 1.6460 1.6305 4.5121 -11.8344 1.9175 49.4053 -4.9330 -5.2223
Car -1 -1 -7.9536 624.2157 174.8998 657.4088 202.2523 1.4820 1.5143 3.8349 1.6857 1.6045 41.3454 -7.9136 -5.2317
Car -1 -1 -4.8228 454.2269 177.4488 478.5872 197.5495 1.6139 1.6306 3.5173 -12.1357 2.0126 60.7332 -5.0196 -5.2399
Car -1 -1 -4.5696 473.1382 173.8646 508.7440 196.7818 1.4366 1.6904 4.5600 -7.8520 1.5063 47.7288 -4.7321 -5.3003
Car -1 -1 -7.7165 530.0000 173.0739 555.5249 193.3530 1.6406 1.6155 3.8514 -5.6181 1.6593 60.3755 -7.8092 -5.3402
Car -1 -1 -4.5208 331.4320 175.7843 362.0353 196.5496 1.6263 1.6747 3.7036 -21.5197 1.8736 59.0217 -4.8693 -5.4003
Car -1 -1 -5.0999 578.5506 176.5738 626.5977 198.9635 1.3508 1.6118 4.2269 -0.5671 1.6022 46.5443 -5.1125 -5.4049
Car -1 -1 -4.5508 687.3329 179.0814 712.9196 198.4521 1.6246 1.7166 3.4085 7.9454 2.1894 63.5986 -4.4275 -5.4184
Car -1 -1 -5.0866 572.6658 178.1240 630.3400 204.3786 1.3961 1.7994 4.5179 -0.5985 1.7187 41.7768 -5.1014 -5.4937
Car -1 -1 -4.5902 429.2770 179.3127 464.7699 206.2741 1.4077 1.5200 3.4935 -9.1083 1.7849 40.3559 -4.8111 -5.5001
Car -1 -1 -4.8876 689.2490 178.8794 731.2375 207.0984 1.5799 1.7489 4.4419 5.9603 1.9627 43.6146 -4.7532 -5.5091
Car -1 -1 -2.1795 0.0000 186.8562 17.7312 374.0000 1.4009 1.5643 4.0037 -6.0217 1.4951 4.0594 -3.1262 -5.5694
Car -1 -1 -4.9391 434.1059 176.3188 469.4749 199.0578 1.5843 1.7074 3.8823 -11.6934 1.8489 53.0387 -5.1554 -5.6002
Car -1 -1 -5.0832 1055.3175 168.3971 1132.2883 205.7463 1.5494 1.5632 3.7153 21.2501 1.3642 31.9134 -4.5003 -5.6042
Car -1 -1 -5.0385 351.5057 182.5851 380.0128 199.5114 1.4808 1.4789 3.4594 -22.7346 2.4094 67.0459 -5.3645 -5.6087
Car -1 -1 -7.1277 239.0054 180.6817 345.7076 218.5355 1.4440 1.7855 4.2487 -13.4611 1.8025 30.7712 -7.5372 -5.6377
Car -1 -1 -4.3546 60.3893 187.7127 124.4228 217.1643 1.5246 1.6603 4.1359 -29.9208 2.4306 41.7960 -4.9731 -5.6985
Car -1 -1 -2.0372 0.0000 182.8395 27.8384 333.1457 1.4722 1.5930 4.1705 -9.3621 1.6100 8.6132 -2.8487 -5.7230
Car -1 -1 -4.2064 641.1165 173.8231 697.9916 201.2296 1.5046 1.5516 3.9901 3.4660 1.5633 41.8493 -4.1248 -5.7895
Car -1 -1 -7.3828 0.0000 176.9709 0.0000 273.5979 1.3992 1.6138 3.8589 -13.3017 1.4833 12.7121 -8.1803 -5.8270
Car -1 -1 -5.9534 0.0000 0.0000 1241.0000 374.0000 1.5130 1.6075 3.9597 6.1750 1.5237 1.7165 -4.6975 -5.8867
Car -1 -1 -3.9330 0.0000 189.1894 70.1247 219.4849 1.5431 1.6561 4.0238 -33.2411 2.5202 41.0863 -4.6102 -5.8867
Car -1 -1 -7.8473 0.0000 0.0000 1110.5967 374.0000 1.5369 1.5890 3.8041 -0.1045 1.5793 0.9970 -7.9398 -5.8867
Car -1 -1 -5.8531 0.0000 0.0000 1241.0000 374.0000 1.5140 1.6098 3.9631 4.5670 1.5351 1.7175 -4.6976 -5.8867
Car -1 -1 -8.9127 0.0000 0.0000 1241.0000 374.0000 1.5442 1.5884 3.8040 1.9184 1.5900 1.0044 -7.9392 -5.8867
Car -1 -1 -8.2592 506.6003 172.1307 542.3703 193.9042 1.7458 1.5920 3.7570 -7.1527 1.6875 59.8784 -8.3779 -6.1755
Car -1 -1 -7.7756 0.0000 181.1086 24.3643 307.2422 1.4690 1.9548 4.6424 -10.4264 1.6241 11.1538 -8.5154 -6.2959
Car -1 -1 -2.4462 245.7039 176.2111 321.5221 209.3867 1.5065 1.4893 3.0138 -15.4571 1.6702 34.1156 -2.8690 -7.3007
Car -1 -1 -7.1315 382.5122 168.7547 423.7889 189.6051 1.9834 1.7080 3.9489 -20.2714 1.5932 70.7865 -7.4097 -7.9324
