Car -1 -1 -7.7373 506.8432 177.5468 552.4919 209.5533 1.3655 1.6691 3.6620 -3.6760 1.5929 33.1592 -7.8473 6.2768
Car -1 -1 -4.4126 268.3662 175.7246 335.3360 214.1512 1.6700 1.7488 4.0703 -14.3723 1.8125 33.7853 -4.8123 5.0171
Car -1 -1 -7.8683 564.6986 180.9487 618.1796 224.6791 1.2703 1.6042 3.4522 -0.6800 1.5520 23.3709 -7.8977 4.7553
Car -1 -1 -4.5220 362.2337 177.6778 396.3906 199.5398 1.4515 1.5994 3.7769 -16.2078 1.8036 50.7426 -4.8300 1.5031
Car -1 -1 -7.9450 576.3547 169.8246 605.2375 196.5995 1.7584 1.6422 3.6182 -1.3776 1.5591 49.2787 -7.9732 -0.5684
Car -1 -1 -5.0226 827.6851 177.8523 857.4559 193.9379 1.4556 1.6034 3.7580 21.9690 1.9418 68.3412 -4.7132 -1.4606
Car -1 -1 -7.9169 711.6484 175.1234 751.2004 208.6990 1.4814 1.6003 3.4440 5.6094 1.5933 33.8710 -7.7547 -2.0880
Car -1 -1 -7.8414 5.3411 193.7780 60.8354 236.1467 1.4800 1.6767 4.2930 -23.6447 2.4022 29.5997 -8.5112 -2.3943
Car -1 -1 -4.2517 217.0109 184.0571 287.8305 215.0441 1.4341 1.6494 3.9349 -18.1752 2.0356 36.7889 -4.7080 -2.8684
Car -1 -1 -4.7615 611.6483 174.9697 632.9177 192.4462 1.5251 1.7227 4.1759 1.0642 1.7233 65.5918 -4.7457 -2.8738
Car -1 -1 -6.6413 558.1132 175.0070 597.3735 191.2914 1.5390 1.5524 3.4791 -3.1477 1.7516 69.9557 -6.6865 -3.1174
Car -1 -1 -6.4720 490.5331 171.2114 545.7000 193.7591 1.5025 1.6443 3.5001 -6.3328 1.3928 49.4074 -6.5991 -3.4688
Car -1 -1 -4.3567 651.2647 176.6821 681.3482 192.9813 1.5204 1.6307 4.0358 5.5135 1.9056 70.4990 -4.2794 -3.5242
Car -1 -1 -4.3518 162.3568 187.4575 196.8780 206.7805 1.6984 1.6457 3.5699 -40.6524 3.1168 68.1957 -4.8879 -3.6680
Car -1 -1 -4.1358 323.4689 178.6289 378.6004 203.8616 1.5263 1.6232 3.6330 -16.6610 1.9138 46.4955 -4.4784 -3.8368
Car -1 -1 -7.7985 506.8544 169.9599 526.7076 186.6221 1.4808 1.6026 3.6456 -8.5230 1.2233 66.0004 -7.9267 -3.9289
Car -1 -1 -4.8249 755.1921 173.1234 776.6582 189.5925 1.5113 1.5718 3.6672 14.6842 1.5372 68.1764 -4.6140 -4.0572
Car -1 -1 -4.9869 14.2682 188.1218 78.2159 221.9060 1.4960 1.5597 3.5430 -27.5211 2.2750 35.1473 -5.6476 -4.1247
Car -1 -1 -7.1051 712.0124 172.4790 758.3435 191.2334 1.6171 1.6788 4.1588 11.1240 1.5845 64.1426 -6.9345 -4.1472
Car -1 -1 -7.8667 561.0947 172.9201 612.1522 219.5003 1.5980 1.7545 4.6291 -0.9612 1.6004 27.1147 -7.9024 -4.1834
Car -1 -1 -4.4533 299.6343 178.8367 341.5465 202.0312 1.4180 1.6005 3.8680 -18.8936 1.8255 47.1671 -4.8326 -4.2835
Car -1 -1 -4.2296 0.0000 197.1890 19.9167 245.5363 1.4645 1.6036 4.1494 -23.6220 2.4251 26.2849 -4.9567 -4.3465
Car -1 -1 -4.2497 185.0445 184.9045 222.3258 203.0568 1.6511 1.5310 4.0244 -39.6080 2.8607 70.3961 -4.7608 -4.3730
Car -1 -1 -5.0143 397.3579 178.5757 438.0792 201.8717 1.5074 1.6063 3.9742 -13.3471 1.9190 49.8336 -5.2750 -4.4493
Car -1 -1 -7.2365 259.7278 180.2340 329.4497 210.6666 1.5188 1.6066 3.6831 -16.9780 1.9368 38.9320 -7.6455 -4.5185
Car -1 -1 -4.4998 546.6011 176.8438 582.8655 203.2135 1.5117 1.4534 3.7105 -2.7458 1.7648 43.8941 -4.5624 -4.5303
Car -1 -1 -5.1165 364.8982 177.5045 411.5533 200.7765 1.4480 1.6361 3.6522 -14.6871 1.7668 47.5854 -5.4146 -4.6343
Car -1 -1 -1.9287 0.0000 189.2006 92.1267 238.8823 1.3874 1.5600 3.7901 -18.2716 1.9429 22.8832 -2.5970 -4.7862
Car -1 -1 -4.4768 311.0818 177.2078 350.3930 199.9085 1.5025 1.6347 4.2288 -19.6347 1.8221 50.8053 -4.8441 -4.8502
Car -1 -1 -8.0482 234.9550 178.8158 301.2321 224.4741 1.6579 1.6315 4.1419 -13.7985 1.9142 28.9111 -8.4903 -4.8808
Car -1 -1 -4.3476 83.1736 189.3126 157.0983 226.5767 1.5827 1.6374 3.8902 -23.3989 2.4182 34.5615 -4.9394 -5.2019
Car -1 -1 -4.7448 148.0852 188.4444 172.1227 207.4030 1.5996 1.7562 4.2360 -41.7114 3.0919 66.8279 -5.3012 -5.4065
Car -1 -1 -7.9662 321.2887 177.1762 364.4458 209.9500 1.5679 1.6252 4.2997 -13.9351 1.8054 37.4075 -8.3208 -5.6781
Car -1 -1 -4.6467 163.5222 185.6946 210.8675 219.6921 1.4555 1.6779 4.5936 -20.5623 2.1241 35.1573 -5.1729 -5.8120
Car -1 -1 -7.3810 0.0000 182.2969 0.0000 278.8301 1.4736 1.6340 3.8005 -14.0703 1.6766 13.4789 -8.1779 -5.8534
Car -1 -1 -3.5047 0.0000 190.1617 0.0000 374.0000 1.4952 1.6044 3.9547 -7.0822 1.6034 2.5304 -4.6975 -5.8867
Car -1 -1 -4.4570 332.4275 177.1185 370.5980 200.0603 1.5327 1.5185 4.2621 -18.3172 1.8479 51.2058 -4.7992 -5.8919
Car -1 -1 -4.9237 337.8987 177.5148 369.2660 200.1512 1.7105 1.5706 3.8970 -20.4688 2.0946 57.4449 -5.2648 -5.9732
Car -1 -1 -4.5925 123.9043 185.0819 155.3173 208.9675 1.9498 1.8328 4.0832 -41.3236 3.0623 63.4257 -5.1683 -6.0973
