Car -1 -1 -7.8585 584.4532 187.2275 617.5126 216.1510 1.3503 1.6283 3.6682 -0.5190 2.1313 37.3728 -7.8729 4.3736
Car -1 -1 -7.8219 534.3705 185.1358 561.7740 209.9216 1.4548 1.6295 3.6997 -3.9560 2.2716 46.1147 -7.9075 3.2053
Car -1 -1 -4.3444 339.1094 184.5586 384.6317 209.9651 1.5385 1.6980 3.3841 -16.1451 2.3286 47.0033 -4.6739 1.9496
Car -1 -1 -7.9247 596.3503 173.4933 622.6226 202.6679 2.2874 1.8271 4.4502 -0.1073 2.3414 58.9585 -7.9271 -1.9509
Car -1 -1 -4.8665 1050.0713 194.8254 1105.8307 232.4626 1.4760 1.5500 3.5926 20.9832 2.5260 32.5359 -4.2986 -2.1333
Car -1 -1 -7.4404 239.0703 185.2410 304.5991 214.5322 1.5243 1.6859 4.7132 -19.5802 2.2846 41.9299 -7.8752 -2.2936
Car -1 -1 -4.5183 369.8191 186.5310 406.4685 209.8309 1.4704 1.6617 4.1754 -15.4222 2.4632 50.2335 -4.8151 -2.4627
Car -1 -1 -5.7347 835.8296 194.6057 909.1190 225.0942 1.6215 1.6247 3.8394 15.6433 2.9851 43.2390 -5.3906 -2.4953
Car -1 -1 -8.8744 1058.9833 197.2849 1182.4750 243.9065 1.4986 1.5802 3.4639 19.0218 2.4800 27.0909 -8.2681 -2.6436
Car -1 -1 -5.4433 767.4682 191.3023 835.9824 220.9844 1.4524 1.6197 3.6474 10.4715 2.5200 39.7742 -5.1884 -3.0215
Car -1 -1 -4.3020 494.4286 182.9120 539.6702 207.1881 1.5611 1.6427 4.0813 -6.4700 2.2939 50.4015 -4.4295 -3.1225
Car -1 -1 -4.0657 1021.2151 196.0417 1102.2936 226.3863 1.4506 1.6453 3.8769 23.8766 2.7252 38.2034 -3.5113 -3.2772
Car -1 -1 -5.0678 445.4684 185.8334 492.1971 212.7198 1.5183 1.6367 3.7485 -8.8239 2.3591 44.7288 -5.2619 -3.3888
Car -1 -1 -4.1805 994.1165 196.2268 1081.0327 233.7170 1.4969 1.7646 3.6790 19.2580 2.6052 32.5565 -3.6511 -3.8932
Car -1 -1 -3.1824 1055.1295 196.7171 1153.9353 232.3593 1.4779 1.7026 3.7504 23.0855 2.6557 33.9135 -2.5895 -4.0976
Car -1 -1 -4.6835 275.0049 187.8287 305.6726 212.0467 1.3897 1.6784 4.1398 -20.5424 2.3987 46.3991 -5.0985 -4.2463
Car -1 -1 -4.7451 628.2585 184.7072 652.7621 208.6133 1.5237 1.5561 3.5029 2.0308 2.3652 49.4881 -4.7049 -4.3952
Car -1 -1 -4.8655 616.4539 185.7566 644.6769 207.8598 1.5046 1.5362 3.6366 1.4543 2.4903 53.2360 -4.8389 -4.4008
Car -1 -1 -4.2918 293.6268 184.7455 343.3515 207.1608 1.4548 1.6045 4.4571 -20.7546 2.3402 51.4824 -4.6736 -4.4394
Car -1 -1 -4.4725 409.3055 185.4247 433.9250 200.5268 1.3916 1.5487 3.5715 -18.5971 2.6644 71.2752 -4.7271 -4.4898
Car -1 -1 -4.6950 540.4360 182.2042 573.8488 216.4748 1.6629 1.6643 3.4800 -2.7760 2.1751 37.7679 -4.7684 -4.5332
Car -1 -1 -5.2560 79.8649 195.9619 148.2460 223.3283 1.5120 1.5923 4.0272 -30.3211 2.9725 44.0546 -5.8562 -4.5684
Car -1 -1 -4.7818 115.3730 194.3330 154.2059 223.7853 1.4325 1.5390 3.8960 -26.4452 2.6845 40.0516 -5.3625 -4.6769
Car -1 -1 -8.2560 707.9799 176.3288 740.0479 194.4741 1.7132 1.6587 4.0589 11.1810 2.0659 71.1259 -8.1011 -4.7969
Car -1 -1 -5.0348 989.2250 204.0684 1086.0139 255.0820 1.4533 1.6678 4.1399 14.8805 2.6483 25.4355 -4.5114 -4.9175
Car -1 -1 -7.7949 395.7708 185.5072 425.8151 209.9308 1.5690 1.8015 3.9600 -13.9780 2.4946 50.6760 -8.0631 -4.9310
Car -1 -1 -4.6664 226.2739 187.4283 254.3408 208.8658 1.7014 1.9752 4.3281 -32.1949 3.0193 62.8794 -5.1382 -4.9416
Car -1 -1 -5.0672 633.3987 186.1546 684.4393 215.5336 1.4445 1.5697 3.7102 2.5708 2.2054 39.2914 -5.0030 -4.9549
Car -1 -1 -6.5763 322.5219 183.3713 384.7073 205.6752 1.5764 1.6774 4.1340 -19.4375 2.4009 54.6878 -6.9166 -5.0143
Car -1 -1 -4.5643 620.7147 185.4304 642.1637 201.0589 1.4197 1.5515 3.9109 2.1151 2.6915 70.9239 -4.5351 -5.0531
Car -1 -1 -7.5150 801.3743 187.7654 842.2354 212.3648 1.4393 1.4662 3.4211 13.5660 2.4321 46.2370 -7.2319 -5.1386
Car -1 -1 -4.1617 240.1250 187.4442 281.8404 208.1116 1.6875 1.5928 3.7255 -30.7250 3.0118 63.5768 -4.6105 -5.1684
Car -1 -1 -1.9813 80.1015 192.2165 130.7190 217.3149 1.8500 1.8646 4.0696 -40.5379 3.4538 57.9152 -2.5901 -5.1813
Car -1 -1 -4.4938 485.0491 179.8742 508.1725 198.0515 1.7248 1.5972 3.2414 -11.2173 2.4357 71.4219 -4.6494 -5.3503
Car -1 -1 -4.6773 398.9926 184.6336 417.2733 200.6733 1.4746 1.6087 3.7440 -19.9385 2.6709 71.2911 -4.9494 -5.3846
Car -1 -1 -4.6412 390.5578 182.8161 420.9342 207.4348 1.4402 1.5764 4.1478 -13.0588 2.1077 46.1738 -4.9157 -5.6593
Car -1 -1 -4.8537 541.5865 183.4912 570.4291 204.8396 1.5163 1.6517 4.0657 -4.2225 2.3671 55.5681 -4.9297 -5.6813
Car -1 -1 -4.7061 410.7477 183.2364 430.8562 201.6716 1.4604 1.6080 3.7710 -16.1276 2.3738 61.4681 -4.9620 -5.6942
Car -1 -1 -4.6567 117.6749 190.5128 144.0675 210.5639 1.5756 1.6823 4.0441 -41.6134 3.1627 62.6910 -5.2409 -5.8495
Car -1 -1 -4.8001 344.9581 183.4790 369.3260 202.3810 1.5100 1.6298 4.1552 -21.9091 2.4610 62.3746 -5.1368 -5.8867
Car -1 -1 -4.4125 262.7498 183.4222 296.9457 201.7411 1.4832 1.6044 3.9738 -28.7483 2.4343 62.8839 -4.8399 -5.8867
Car -1 -1 -4.1531 266.6567 184.6187 311.6480 204.1687 1.5360 1.6578 3.9217 -27.1931 2.5675 61.2254 -4.5697 -5.8867
Car -1 -1 -4.6139 53.8811 189.8102 87.8994 213.2680 1.6283 1.6910 4.1177 -41.4195 2.9832 55.4669 -5.2532 -5.8867
Car -1 -1 -4.6817 137.3863 183.9611 161.0006 202.6353 1.5644 1.6698 4.0209 -41.6027 2.6003 65.1623 -5.2482 -5.8867
Car -1 -1 -4.6461 559.8168 179.1877 585.7222 200.8770 1.4567 1.5951 3.9431 -2.6580 1.9267 51.6000 -4.6977 -5.8867
Car -1 -1 -8.6436 0.0000 0.0000 1049.0907 374.0000 1.5460 1.5905 3.8044 1.1139 1.6036 1.0029 -7.9391 -5.8867
Car -1 -1 -8.2459 490.2126 174.2763 552.4009 209.5574 1.7786 1.7908 4.3548 -4.8825 1.8596 38.8989 -8.3705 -6.0255
