Car -1 -1 -4.1817 9.0285 189.3181 189.2544 262.9811 1.4146 1.5919 3.9840 -11.7002 1.8446 16.8124 -4.7824 6.7052
Car -1 -1 -7.7150 507.6754 183.9194 553.8497 217.0795 1.3779 1.6179 3.5921 -3.6111 1.9118 33.0161 -7.8237 6.0525
Car -1 -1 -7.8228 569.7664 186.6641 619.2311 229.0809 1.3119 1.6116 3.6055 -0.5359 1.8306 25.3053 -7.8445 4.8180
Car -1 -1 -4.5163 369.4560 184.1443 411.5567 210.0039 1.4011 1.6012 4.3076 -13.1291 2.1124 43.2545 -4.8097 1.6108
Car -1 -1 -4.2267 60.2839 173.3557 131.2302 203.6835 1.5556 1.6161 3.6048 -27.7152 1.5837 38.9641 -4.8418 -1.1906
Car -1 -1 -3.9459 236.8714 183.3175 311.1111 210.4664 1.5400 1.6666 4.3182 -20.9111 2.2262 45.0248 -4.3787 -2.8138
Car -1 -1 -4.5342 7.1723 193.6742 107.3048 253.2836 1.3278 1.5105 3.4272 -14.6667 1.9369 19.2485 -5.1788 -2.8858
Car -1 -1 -4.4723 332.4184 182.8913 372.6477 206.9264 1.4368 1.6249 3.6398 -16.6117 2.1112 46.6067 -4.8132 -2.8934
Car -1 -1 -6.5474 0.0000 189.5638 66.8778 256.5692 1.4749 1.6137 4.1001 -17.1939 1.9672 19.1143 -7.2731 -3.4564
Car -1 -1 -4.8467 572.7750 177.8613 598.3795 198.2571 1.5763 1.6029 3.6196 -2.0400 1.9962 58.6255 -4.8817 -3.5739
Car -1 -1 -4.7330 296.4625 181.4038 321.8069 203.1711 1.5147 1.6740 4.3935 -22.7422 2.1868 54.4006 -5.1275 -3.6321
Car -1 -1 -4.6788 592.6633 178.1714 612.3766 198.9420 1.6195 1.4995 3.2906 -0.6133 2.0646 58.7728 -4.6896 -4.0536
Car -1 -1 -4.0931 0.0000 193.4207 73.0805 254.5507 1.3319 1.5322 3.3239 -15.7967 1.9105 18.5924 -4.7904 -4.1006
Car -1 -1 -7.3188 92.9793 188.4968 209.9037 235.7152 1.3767 1.5795 3.7979 -15.2865 1.9431 24.2230 -7.8770 -4.1365
Car -1 -1 -7.5151 23.0192 187.9792 144.7709 242.1108 1.3921 1.6519 4.2932 -15.9900 1.9037 22.1282 -8.1353 -4.1644
Car -1 -1 -2.7092 215.5030 180.9283 280.4770 204.0308 1.6712 1.6918 3.9839 -26.9482 2.2823 53.7344 -3.1723 -4.1804
Car -1 -1 -4.8636 614.0259 184.4413 637.3709 202.0404 1.5992 1.6903 3.9733 1.4820 2.7625 70.3823 -4.8432 -4.6473
Car -1 -1 -4.4108 622.9965 184.2655 663.0162 207.5837 1.4512 1.5750 4.1448 2.2694 2.2656 49.2922 -4.3656 -4.7165
Car -1 -1 -4.3910 808.9835 194.9707 854.3004 221.0354 1.4177 1.6183 3.6241 13.6645 2.8409 44.4944 -4.0956 -4.7787
Car -1 -1 -5.1604 331.9964 183.1797 388.8827 209.6776 1.4412 1.6078 4.0124 -14.8685 2.0817 42.7861 -5.4933 -4.8509
Car -1 -1 -4.7654 261.0502 186.8336 289.5947 212.1771 1.6347 1.6199 4.1899 -23.8231 2.6702 51.2313 -5.1990 -4.9036
Car -1 -1 -4.6366 580.8027 181.6321 604.3826 202.0496 1.4999 1.5947 3.2455 -1.3554 2.2023 56.0962 -4.6611 -5.0901
Car -1 -1 -4.5307 627.4197 184.0698 655.3549 203.8962 1.4593 1.5660 3.7892 2.5028 2.3828 57.4145 -4.4878 -5.2861
Car -1 -1 -8.1840 490.1785 175.9575 530.5890 200.9725 1.8121 1.7194 4.4152 -7.6954 2.0594 55.2123 -8.3223 -5.4324
Car -1 -1 -4.7790 483.9693 183.2294 511.5478 205.4082 1.4043 1.6104 4.0715 -7.8242 2.1522 49.8712 -4.9342 -5.4537
Car -1 -1 -4.6108 699.9905 182.7845 736.7510 211.2522 1.4599 1.6328 4.4239 6.1678 2.0559 40.9831 -4.4631 -5.4775
Car -1 -1 -4.6277 548.3749 184.6435 571.3141 204.4758 1.4254 1.4761 3.5553 -3.8771 2.3657 55.7753 -4.6972 -5.5314
Car -1 -1 -4.3730 314.5220 184.2350 353.9881 206.6301 1.3849 1.4427 3.2638 -18.3102 2.1668 47.9440 -4.7363 -5.7069
Car -1 -1 -4.8900 433.7824 179.6616 460.3755 197.1562 1.4767 1.6350 4.0621 -14.6822 2.1084 64.7973 -5.1123 -5.8594
Car -1 -1 -4.8424 522.2122 178.3419 553.5241 200.6573 1.4360 1.6337 3.9683 -5.0274 1.8290 49.5916 -4.9434 -5.8613
Car -1 -1 -5.8930 277.4810 187.4057 338.6165 211.8501 1.6414 1.6267 3.5784 -21.0249 2.6710 50.2487 -6.2877 -5.8724
Car -1 -1 -4.3465 441.8472 179.2310 486.9744 202.0392 1.4553 1.6462 4.1748 -9.9524 1.9116 49.4632 -4.5444 -5.8743
Car -1 -1 -4.9658 540.8187 184.6683 566.4716 201.9797 1.5232 1.5350 3.6992 -5.3750 2.6726 68.2154 -5.0446 -6.2215
Car -1 -1 -8.0122 141.7391 178.3859 183.4446 207.6618 1.5884 1.5202 3.4859 -25.8873 1.9214 41.6510 -8.5656 -6.4549
Car -1 -1 -8.2512 688.1985 169.7794 724.0944 197.4776 2.5422 1.7712 4.5027 9.0764 2.2597 68.6285 -8.1207 -6.5459
