Car -1 -1 -7.7949 515.6816 183.9134 547.1556 209.9272 1.4281 1.6565 3.6257 -4.6825 2.1158 43.0358 -7.9032 4.2093
Car -1 -1 -7.8543 563.1133 185.9281 601.4858 218.7314 1.2686 1.5614 3.5647 -1.2436 1.8658 31.1617 -7.8945 3.9026
Car -1 -1 -4.2406 1164.8929 195.3186 1241.0000 281.7411 1.4570 1.5628 3.8049 13.0447 1.9467 14.3196 -3.5127 2.1328
Car -1 -1 -4.2526 240.3125 188.0549 304.2020 212.9871 1.3623 1.8092 4.3329 -20.6688 2.3411 44.2835 -4.6873 -1.7635
Car -1 -1 -4.4113 18.9666 203.8963 83.8790 237.4137 1.4432 1.5911 3.6551 -28.3958 3.1094 36.7443 -5.0660 -2.2641
Car -1 -1 -4.5673 810.5727 181.1987 837.6046 202.3118 1.6683 1.6461 3.8951 18.0413 2.3956 60.7985 -4.2807 -3.0265
Car -1 -1 -4.9065 1173.4456 179.0274 1233.4030 212.6788 1.6212 1.6452 4.0569 30.9066 1.9624 37.7365 -4.2245 -3.0271
Car -1 -1 -4.3848 359.3919 183.0174 393.0895 202.4446 1.6121 1.6061 4.1210 -20.7466 2.5441 64.1145 -4.6968 -3.5146
Car -1 -1 -8.6170 1116.1605 180.2655 1207.3914 212.2731 1.5608 1.6304 3.8130 28.9794 1.9723 38.0948 -7.9709 -3.5158
Car -1 -1 -4.3935 72.3287 203.7495 133.4779 235.5561 1.4780 1.6753 3.5881 -27.5691 3.2439 39.2913 -5.0024 -3.6377
Car -1 -1 -6.7652 254.4406 179.9252 318.3590 206.8692 1.8228 1.6753 3.8599 -23.2693 2.3512 51.9143 -7.1849 -3.6859
Car -1 -1 -6.8114 996.3326 161.5362 1074.8647 192.0210 1.7759 1.7344 3.6453 25.2223 1.1163 42.9016 -6.2832 -3.7557
Car -1 -1 -7.6976 978.1285 168.1061 1018.2538 195.4961 1.5577 1.5577 3.7161 23.1196 1.2874 42.9872 -7.2073 -3.8116
Car -1 -1 -4.4171 363.1627 186.0966 392.6033 203.5280 1.5247 1.5870 3.8544 -21.8556 2.8080 67.9973 -4.7273 -3.9303
Car -1 -1 -3.2212 30.3149 204.9989 122.1964 235.8939 1.5695 1.7699 4.2833 -31.8235 3.5787 43.0349 -3.8552 -4.1813
Car -1 -1 -4.8504 638.7878 180.5296 674.7392 209.0365 1.5355 1.6079 3.3574 2.6149 1.9955 41.5344 -4.7885 -4.2297
Car -1 -1 -4.5373 483.3208 181.7870 515.9164 204.4293 1.5870 1.7074 4.3103 -8.3126 2.2879 54.4636 -4.6884 -4.2340
Car -1 -1 -4.6342 511.2903 182.5949 536.0930 203.6669 1.5440 1.6329 3.9833 -6.7826 2.3373 56.7630 -4.7530 -4.2850
Car -1 -1 -4.3613 637.0837 184.7011 670.5532 200.9425 1.4473 1.8009 4.5620 4.2917 2.6420 70.3256 -4.3011 -4.2856
Car -1 -1 -4.9081 372.5132 188.4819 408.3332 212.7964 1.5090 1.6024 4.0494 -15.1982 2.6325 49.7227 -5.2037 -4.5815
Car -1 -1 -4.4755 611.3611 182.2008 650.7973 206.0824 1.4621 1.6969 4.2054 1.4244 2.1152 48.1891 -4.4467 -4.8199
Car -1 -1 -7.8216 493.8315 179.2342 515.0233 199.5411 1.7065 1.7378 3.5188 -9.3078 2.2852 63.6401 -7.9666 -4.8751
Car -1 -1 -4.8340 559.4994 181.3116 605.8741 216.9161 1.6708 1.8645 4.3320 -1.5128 2.1338 37.2349 -4.8750 -4.9756
Car -1 -1 -4.4601 208.5793 198.9591 241.4818 219.4389 1.4983 1.5066 3.8084 -31.9836 3.7416 59.9847 -4.9484 -5.2542
Car -1 -1 -4.6113 153.6274 199.5127 188.1791 225.2339 1.4046 1.4925 3.6330 -27.6333 3.1552 45.4285 -5.1554 -5.2571
Car -1 -1 -5.2044 600.0387 178.1183 651.8940 205.4757 1.5065 1.4905 3.6599 0.8570 1.8304 42.4601 -5.1849 -5.2686
Car -1 -1 -4.4963 434.8188 181.8179 466.5950 204.4037 1.6999 1.6457 4.1351 -12.7894 2.4461 58.0161 -4.7127 -5.3779
Car -1 -1 -4.4938 411.7853 184.5094 443.5314 203.3693 1.4457 1.6878 4.2127 -15.1595 2.4502 60.0715 -4.7403 -5.5104
Car -1 -1 -3.5956 1013.2863 174.6522 1109.2684 210.8730 1.7398 1.6177 3.6963 22.2493 1.8311 35.7434 -3.0430 -5.5633
Car -1 -1 -4.5542 564.9598 182.4052 605.0471 209.2947 1.4772 1.7472 4.4173 -1.4871 2.0841 43.5711 -4.5887 -5.6194
Car -1 -1 -4.4392 561.7692 182.3800 602.8915 204.9234 1.3919 1.7028 4.2077 -1.8470 2.0641 48.6924 -4.4774 -5.6635
Car -1 -1 -4.8020 524.7407 180.1738 551.1790 200.9405 1.4282 1.5797 4.0496 -5.3818 1.9900 53.2681 -4.9026 -5.6761
Car -1 -1 -4.8070 379.8240 183.3766 406.1992 204.9280 1.6710 1.7261 4.1756 -18.2220 2.5847 60.4108 -5.0991 -5.6993
Car -1 -1 -4.3242 442.4780 180.2494 483.5650 201.8363 1.5312 1.6432 4.0580 -11.1391 2.1146 54.7995 -4.5242 -5.7132
Car -1 -1 -4.8943 830.7993 184.6235 862.8462 208.6700 1.5368 1.4408 3.7419 16.3267 2.3834 49.9715 -4.5808 -5.7468
Car -1 -1 -4.5794 707.1125 178.9681 734.8375 199.6460 1.4965 1.6014 4.0135 8.5624 1.9859 55.6419 -4.4279 -5.7883
Car -1 -1 -4.0725 405.6382 181.9842 468.9623 210.1026 1.6104 1.6702 4.1916 -10.7457 2.2086 45.0429 -4.3058 -5.8049
Car -1 -1 -4.2124 171.8637 186.2588 238.9055 215.9915 1.5525 1.6559 3.9614 -23.1901 2.3592 41.4531 -4.7200 -5.8068
Car -1 -1 -4.8097 463.0859 180.8348 487.1120 198.0026 1.4060 1.6561 4.4347 -11.9546 2.1358 63.6472 -4.9950 -5.8418
Car -1 -1 -4.3903 558.7352 179.8191 594.1216 199.6329 1.5208 1.6854 4.1078 -2.7347 2.1126 59.1368 -4.4367 -5.8789
Car -1 -1 -4.5950 34.7736 184.6383 70.6345 206.9612 1.5310 1.6543 4.0101 -41.6055 2.4461 53.8983 -5.2501 -5.8867
Car -1 -1 -4.6429 533.1987 179.7802 555.7018 198.4580 1.4657 1.5989 3.9290 -5.4520 2.0611 60.0721 -4.7334 -5.8867
Car -1 -1 -6.7848 0.0000 0.0000 1241.0000 374.0000 1.5587 1.5930 3.8080 -2.9051 1.6918 1.0028 -7.9390 -5.8867
Car -1 -1 -4.4700 427.5062 180.7004 456.6837 198.2897 1.4511 1.5925 3.9396 -14.7082 2.1604 63.2743 -4.6978 -5.8867
Car -1 -1 -4.4794 0.0000 185.4484 0.0000 214.2252 1.5398 1.6563 4.0143 -41.6085 2.3212 42.6359 -5.2496 -5.8867
Car -1 -1 -4.5461 0.0000 185.6624 15.2775 211.4594 1.5863 1.6748 4.0194 -41.6066 2.4882 48.6643 -5.2509 -5.8867
Car -1 -1 -4.4729 461.9965 180.3235 493.3572 199.9890 1.4970 1.6106 3.9420 -10.7079 2.1229 58.4716 -4.6536 -5.8867
Car -1 -1 -4.4284 394.3360 181.9735 425.6389 200.0287 1.4834 1.6015 3.9510 -17.5211 2.3080 63.2755 -4.6978 -5.8867
Car -1 -1 -7.1459 51.2345 0.0000 1241.0000 374.0000 1.5518 1.5927 3.8068 -1.2980 1.6465 1.0032 -7.9392 -5.8867
Car -1 -1 -4.5073 0.0000 185.0570 0.0000 211.8629 1.5214 1.6509 4.0088 -41.6081 2.3193 45.0492 -5.2502 -5.8867
Car -1 -1 -4.6199 638.9545 180.3612 663.1689 203.1938 1.8349 1.6878 4.2255 3.5172 2.4991 61.6560 -4.5637 -5.9869
Car -1 -1 -4.4309 0.0000 205.3811 50.2915 240.4326 1.5924 1.6736 3.8617 -31.7751 3.4357 38.7901 -5.1140 -6.2747
Car -1 -1 -4.6100 376.7759 185.0543 398.7546 202.4255 1.5912 1.6752 3.9520 -21.8991 2.8293 71.1437 -4.9079 -6.3473
