Car -1 -1 -4.3179 204.8567 180.6822 303.7954 228.3865 1.4276 1.5936 3.8754 -11.8519 1.7116 24.2226 -4.7689 6.4200
Car -1 -1 -7.7252 509.8521 179.4986 554.6653 211.1430 1.3533 1.6233 3.5137 -3.5840 1.6767 33.3773 -7.8319 6.2113
Car -1 -1 -7.8086 572.7169 182.9846 621.5023 223.3066 1.2955 1.5924 3.5255 -0.4496 1.6833 25.8622 -7.8265 5.1792
Car -1 -1 -4.5699 402.1862 177.7427 433.8635 199.7752 1.4474 1.5950 3.9042 -13.3788 1.8019 50.3338 -4.8287 1.5488
Car -1 -1 -3.4000 59.5379 179.9965 148.0783 211.7740 1.5393 1.6333 3.4826 -26.3971 1.9300 37.6410 -4.0084 -2.3711
Car -1 -1 -5.3050 0.0000 181.9893 59.9985 218.7016 1.5103 1.5594 3.7391 -26.3085 1.9263 31.5987 -5.9953 -2.7483
Car -1 -1 -7.5122 0.0000 191.8151 85.1128 234.1748 1.3873 1.5406 3.7734 -21.6524 2.1626 27.4838 -8.1749 -2.9042
Car -1 -1 -4.3662 722.3814 180.2035 771.6161 208.5531 1.5733 1.6341 4.0485 8.2349 2.0362 43.3202 -4.1802 -3.1594
Car -1 -1 -6.6949 90.2320 182.7110 230.8441 228.9634 1.4400 1.6066 3.8821 -15.7526 1.8146 25.3907 -7.2457 -3.2131
Car -1 -1 -7.7113 568.0850 178.9340 621.6229 220.0776 1.4991 1.6074 3.9117 -0.5834 1.7597 28.9309 -7.7320 -3.2723
Car -1 -1 -4.9043 686.1499 178.3595 709.9072 194.8536 1.5598 1.6526 3.6913 8.6632 2.1188 71.4013 -4.7845 -3.3125
Car -1 -1 -4.6021 352.7692 178.6341 383.6649 200.2902 1.3881 1.6076 3.6099 -16.4822 1.7975 49.2144 -4.9239 -3.6084
Car -1 -1 -4.3362 379.0479 176.1102 427.2969 200.6154 1.4986 1.6567 3.9734 -13.3657 1.7185 46.7312 -4.6135 -3.6496
Car -1 -1 -4.7226 597.5257 174.7265 616.6837 194.9121 1.6013 1.5285 3.3473 -0.2835 1.7591 59.2373 -4.7277 -3.9992
Car -1 -1 -4.6635 9.7425 190.3840 54.7376 224.1433 1.5137 1.5782 3.7612 -29.1284 2.4461 36.4046 -5.3349 -4.3707
Car -1 -1 -7.7278 692.0287 179.9097 727.1220 207.3120 1.5291 1.6338 3.7694 5.9847 1.9725 43.3415 -7.5921 -4.3718
Car -1 -1 -4.7991 703.2076 177.7848 721.6617 194.1416 1.5574 1.5122 3.4332 10.1115 2.0578 71.5127 -4.6596 -4.4505
Car -1 -1 -4.6196 320.6159 175.5322 346.7813 195.3637 1.5200 1.6005 3.9662 -22.1997 1.7429 58.0034 -4.9838 -4.5597
Car -1 -1 -5.0467 721.6880 182.1183 767.9688 207.2468 1.4854 1.6238 4.2111 8.5892 2.1102 46.4820 -4.8657 -4.6456
Car -1 -1 -4.7907 187.5564 179.1008 227.2693 207.9136 1.4992 1.6353 4.2180 -22.7887 1.8705 40.7119 -5.2984 -4.8000
Car -1 -1 -4.1225 0.0000 192.5004 25.1167 227.2673 1.5383 1.6401 3.3858 -31.0430 2.5590 35.7175 -4.8344 -4.8741
Car -1 -1 -4.9249 627.2863 177.5622 659.1536 196.2404 1.4355 1.7353 4.2131 2.6381 1.8334 58.7974 -4.8807 -4.9579
Car -1 -1 -4.7868 586.0410 178.9032 608.1988 197.9833 1.4463 1.5344 2.9894 -1.0708 1.9389 57.2410 -4.8059 -4.9653
Car -1 -1 -4.7896 304.8506 175.0705 340.3886 202.2152 1.5214 1.6430 4.3432 -17.2535 1.6607 43.1308 -5.1683 -4.9857
Car -1 -1 -7.7777 519.1550 169.0595 542.4596 190.2679 1.6697 1.6042 3.7617 -6.4393 1.3706 58.7106 -7.8867 -4.9878
Car -1 -1 -7.6053 215.0898 181.4088 279.4462 219.9761 1.3739 1.4586 3.3771 -14.1961 1.7307 28.3094 -8.0666 -5.1451
Car -1 -1 -5.3358 857.0186 174.4211 913.1498 197.7844 1.6620 1.6940 4.3420 20.4679 1.7839 53.9548 -4.9754 -5.1584
Car -1 -1 -4.9943 804.2094 187.8767 845.8646 210.7936 1.3614 1.6732 3.5071 13.9005 2.3747 46.9244 -4.7086 -5.2141
Car -1 -1 -5.1221 503.4479 175.0394 545.2733 196.8056 1.4962 1.5884 3.8567 -6.2483 1.6599 52.0796 -5.2413 -5.2311
Car -1 -1 -4.6352 373.6191 175.3889 400.5146 198.1313 1.6186 1.6364 3.6375 -16.5977 1.8140 53.7424 -4.9337 -5.2329
Car -1 -1 -5.1117 568.4681 176.3024 617.7504 199.1908 1.3864 1.6873 4.1683 -1.1782 1.6197 46.6278 -5.1373 -5.2485
Car -1 -1 -4.8755 411.4509 174.9759 447.8976 201.1492 1.6105 1.6804 3.9138 -11.7848 1.7543 46.8725 -5.1208 -5.2950
Car -1 -1 -7.7881 255.3586 179.7898 300.1903 213.7799 1.4266 1.6269 3.4917 -15.1719 1.7619 32.9891 -8.2164 -5.4869
Car -1 -1 -4.7206 452.0988 176.5128 478.6482 200.3661 1.4809 1.6450 3.8244 -9.5608 1.7316 47.4607 -4.9187 -5.6057
Car -1 -1 -4.1854 411.2708 177.7561 470.8626 204.2660 1.3842 1.5527 3.7982 -9.4478 1.6727 40.4730 -4.4137 -5.6951
Car -1 -1 -5.8533 0.0000 0.0000 1241.0000 374.0000 1.5162 1.6116 3.9634 4.5670 1.5422 1.7166 -4.6976 -5.8867
Car -1 -1 -4.5663 659.1903 178.9837 682.4166 195.3590 1.4625 1.6373 3.9080 5.7455 2.0585 68.0963 -4.4829 -5.8867
Car -1 -1 -2.1075 0.0000 186.7080 0.0000 353.1492 1.4248 1.5256 3.9170 -8.8770 1.5889 7.4614 -2.9615 -5.9140
Car -1 -1 -7.8904 382.8653 176.3580 406.5934 196.6296 1.6242 1.7705 3.8753 -18.1489 1.9287 60.6613 -8.1802 -5.9191
Car -1 -1 -4.1477 639.8044 173.1754 688.6512 196.9820 1.5889 1.5402 3.9124 3.7820 1.6119 50.2405 -4.0734 -5.9653
Car -1 -1 -4.5511 37.7628 186.1436 92.4360 217.4146 1.5025 1.6906 4.1338 -29.2411 2.2574 38.7806 -5.1941 -6.0985
Car -1 -1 -5.3748 0.0000 186.2269 20.7275 310.1731 1.6515 1.8789 4.5016 -11.9650 1.8764 11.0066 -6.1897 -6.4168
Car -1 -1 -5.6140 0.0000 182.8529 24.9897 342.2945 1.6704 1.8356 4.6316 -10.5673 1.8136 9.0400 -6.4624 -6.5556
Car -1 -1 -7.7385 292.4967 180.5211 340.4075 216.7238 1.5212 1.5681 4.3053 -13.6230 1.9019 33.5690 -8.1216 -6.6540
