Car -1 -1 -7.8732 560.2486 183.6211 600.1882 216.9151 1.2679 1.5891 3.6068 -1.3431 1.7507 30.5247 -7.9174 5.7199
Car -1 -1 -4.0241 1048.9305 198.2581 1208.9473 263.2905 1.4168 1.4881 3.2567 12.6993 2.0828 17.7720 -3.4123 5.2507
Car -1 -1 -7.7640 511.8696 181.8308 546.0276 207.6478 1.4079 1.6784 3.6360 -4.7624 1.9587 42.4602 -7.8755 3.6057
Car -1 -1 -4.2125 8.4180 198.3460 86.0459 230.9669 1.4788 1.6807 3.5503 -29.2184 2.8714 37.5413 -4.8706 -0.7407
Car -1 -1 -7.8983 949.5774 160.4683 981.6549 188.3928 1.8216 1.7574 4.4425 24.2896 1.0133 49.4555 -7.4443 -0.7806
Car -1 -1 -4.9980 829.6301 183.7395 873.4784 211.9691 1.6559 1.5870 3.9102 15.2488 2.3769 45.8311 -4.6793 -1.7392
Car -1 -1 -7.8214 1008.3879 166.6040 1040.8586 194.2979 1.7004 1.6941 4.1886 26.7348 1.3164 46.5307 -7.3029 -2.1261
Car -1 -1 -4.7710 984.2761 160.9334 1014.9512 184.1864 1.5631 1.6541 3.8428 27.2432 0.7615 50.5927 -4.2796 -2.5499
Car -1 -1 -4.7355 1236.9548 195.8075 1241.0000 269.0953 1.5214 1.6539 4.1301 17.0315 2.1732 18.3963 -3.9973 -2.6796
Car -1 -1 -5.4026 1169.8527 187.4495 1241.0000 219.8477 1.5100 1.5129 3.6905 30.9649 2.2983 37.1374 -4.7120 -2.7522
Car -1 -1 -7.1175 1079.2361 182.3437 1165.8396 212.3192 1.4198 1.5586 3.5460 25.5498 1.9089 36.0561 -6.5053 -2.8946
Car -1 -1 -4.5489 273.6895 177.8783 306.5460 200.7285 1.6706 1.6767 4.1095 -24.7685 2.0750 55.9184 -4.9643 -3.3677
Car -1 -1 -5.3446 0.0000 191.7878 28.9748 239.6608 1.3581 1.5961 3.7526 -20.5314 1.9803 22.5559 -6.0772 -3.4432
Car -1 -1 -4.5209 854.0510 169.3769 887.8168 193.9264 1.6424 1.5724 3.5410 18.1475 1.4095 50.1962 -4.1762 -3.5106
Car -1 -1 -4.6230 1156.0857 195.1520 1241.0000 262.4861 1.4981 1.6786 3.9256 15.9515 2.1579 19.3665 -3.9422 -3.6219
Car -1 -1 -5.0185 614.0526 180.5938 657.3206 205.7826 1.5008 1.6176 4.0981 1.5701 2.0231 46.5293 -4.9855 -3.7310
Car -1 -1 -4.4485 480.3258 178.3137 513.4616 200.0672 1.6583 1.7091 3.7552 -9.0697 2.1113 57.9470 -4.6035 -4.1516
Car -1 -1 -4.2373 0.0000 206.3922 38.8328 250.8543 1.5995 1.6914 3.9464 -26.8337 3.1504 31.2598 -4.9426 -4.1619
Car -1 -1 -4.3363 622.1141 180.5929 665.5722 202.3757 1.5059 1.6408 4.7225 2.5650 2.1129 54.1397 -4.2897 -4.4545
Car -1 -1 -4.9088 1164.3550 170.1387 1214.4427 197.4250 1.6444 1.6507 4.2888 36.6389 1.4805 45.7685 -4.2372 -4.5452
Car -1 -1 -4.6819 609.1396 180.2700 631.9167 201.6485 1.4675 1.5558 3.8486 0.7710 2.0305 52.8449 -4.6679 -4.5516
Car -1 -1 -4.8160 588.5288 178.2102 620.7224 201.2257 1.4570 1.7234 4.4923 -0.4455 1.8384 49.0892 -4.8255 -4.6736
Car -1 -1 -5.2683 654.6832 182.6722 702.0894 203.7107 1.4903 1.6586 4.1876 5.1778 2.2750 55.4492 -5.1762 -4.7504
Car -1 -1 -5.1980 541.2725 177.0019 608.2806 209.1853 1.6817 1.7807 4.7134 -2.1029 1.9303 40.8216 -5.2497 -4.7830
Car -1 -1 -4.8647 1110.6428 177.8836 1162.4270 206.9070 1.5184 1.6936 4.4305 29.7411 1.8198 40.9226 -4.2401 -4.8500
Car -1 -1 -4.2837 1103.5695 173.2391 1168.8883 200.1536 1.5675 1.6531 4.1200 31.9263 1.5915 43.8058 -3.6574 -4.8623
Car -1 -1 -7.7112 550.8621 179.3118 598.8772 215.4616 1.5569 1.6906 4.1057 -1.6295 1.8796 33.9582 -7.7594 -4.8931
Car -1 -1 -4.5774 1207.8545 170.2016 1241.0000 193.2445 1.4644 1.6951 3.3477 40.8200 1.2956 47.6029 -3.8719 -4.9004
Car -1 -1 -4.3425 461.2161 179.5076 500.5234 199.0243 1.6142 1.8339 4.7457 -11.3988 2.2262 63.8908 -4.5187 -5.2276
Car -1 -1 -4.2853 0.0000 196.9129 56.6192 234.4642 1.5332 1.6917 4.0914 -28.4488 2.7553 34.4656 -4.9717 -5.3211
Car -1 -1 -4.9137 926.3123 162.9508 961.5514 185.8573 1.6324 1.6161 3.8640 24.6734 0.9264 53.4854 -4.4838 -5.3348
Car -1 -1 -5.2669 502.6053 178.2954 552.1297 199.8075 1.6187 1.7423 4.6715 -6.6979 2.0726 57.8639 -5.3820 -5.4064
Car -1 -1 -4.7417 336.6977 183.4664 363.3009 206.1744 1.4796 1.6594 4.4748 -18.6683 2.2738 51.6310 -5.0873 -5.4444
Car -1 -1 -3.9858 274.1304 185.6340 320.9345 206.0078 1.7944 1.8152 4.1013 -29.6655 3.0483 68.5800 -4.3930 -5.4639
Car -1 -1 -4.7136 520.8749 179.3022 546.0077 202.0104 1.4497 1.6419 4.2334 -5.2880 1.9114 49.5025 -4.8199 -5.6339
Car -1 -1 -4.2881 409.5276 179.4237 458.9075 202.6220 1.4153 1.6034 4.1025 -11.5199 1.8664 47.4120 -4.5256 -5.7814
Car -1 -1 -4.6445 278.6812 186.7813 302.4146 204.6735 1.6015 1.8195 4.6678 -31.4058 3.0197 70.9858 -5.0600 -5.7859
Car -1 -1 -4.8066 361.5682 179.7625 388.8868 199.1794 1.4645 1.6946 4.4352 -19.0873 2.0469 58.4819 -5.1210 -5.7982
Car -1 -1 -4.3130 295.9848 181.4270 338.0430 200.6873 1.4688 1.6664 4.2453 -23.9462 2.1955 59.0595 -4.6969 -5.7993
Car -1 -1 -4.8847 477.0209 178.2184 501.6262 195.7439 1.5510 1.6180 3.8737 -11.2929 2.0662 67.2362 -5.0508 -5.8126
Car -1 -1 -4.6630 283.8367 183.7742 308.4197 204.8047 1.6068 1.6600 4.0646 -25.9158 2.5418 59.6026 -5.0718 -5.8272
Car -1 -1 -4.7402 668.3043 178.6323 689.0765 197.4295 1.5093 1.6355 3.9380 5.7719 2.0153 61.1949 -4.6471 -5.8309
Car -1 -1 -4.7712 601.1925 177.8294 619.8088 199.7908 1.9609 1.4980 4.0263 0.0004 2.4396 67.4092 -4.7717 -5.8609
Car -1 -1 -4.4523 141.2496 194.6290 194.9068 221.4681 1.4208 1.7200 4.4564 -27.1646 2.8335 44.4397 -4.9986 -5.8799
Car -1 -1 -4.8964 1241.0000 171.9669 1241.0000 198.4442 1.4905 1.6497 3.9910 41.5100 1.4403 42.7381 -4.1293 -5.8867
Car -1 -1 -4.5576 0.0000 184.5338 28.9081 208.5698 1.5206 1.6511 4.0102 -41.6071 2.3624 49.8761 -5.2504 -5.8867
Car -1 -1 -4.6538 101.9217 184.2005 129.1559 203.9636 1.5373 1.6534 4.0093 -41.6038 2.5258 60.7324 -5.2526 -5.8867
Car -1 -1 -4.5333 0.0000 185.5572 0.7192 211.3671 1.5452 1.6580 4.0143 -41.6063 2.4183 47.4610 -5.2504 -5.8867
Car -1 -1 -8.6435 0.0000 0.0000 1049.0505 374.0000 1.5506 1.5924 3.8065 1.1138 1.6164 1.0030 -7.9392 -5.8867
Car -1 -1 -4.9521 1241.0000 166.6905 1241.0000 196.8821 1.4976 1.6494 4.0024 41.4681 1.1916 37.9148 -4.1260 -5.8867
Car -1 -1 -4.6015 43.5469 184.3192 78.2976 206.3366 1.5355 1.6556 4.0130 -41.6058 2.4386 54.7040 -5.2496 -5.8867
Car -1 -1 -7.1457 51.0647 0.0000 1241.0000 374.0000 1.5490 1.5923 3.8057 -1.2982 1.6370 1.0028 -7.9392 -5.8867
Car -1 -1 -5.8848 1241.0000 179.5461 1241.0000 374.0000 1.5299 1.6164 3.9681 6.9794 1.5715 2.5200 -4.6976 -5.8867
Car -1 -1 -4.5803 16.3691 184.2343 54.6625 207.0630 1.5190 1.6495 4.0090 -41.6068 2.3772 52.2906 -5.2501 -5.8867
Car -1 -1 -4.6723 125.1546 184.2240 149.8684 203.1184 1.5403 1.6564 4.0119 -41.6028 2.5753 63.5521 -5.2502 -5.8867
Car -1 -1 -4.9247 1241.0000 169.0401 1241.0000 197.0998 1.4856 1.6439 3.9949 41.4708 1.2834 40.3221 -4.1291 -5.8867
Car -1 -1 -4.3526 193.6239 180.6669 248.6931 206.1178 1.4037 1.5923 3.9794 -23.2087 1.8931 43.1469 -4.8438 -5.8931
Car -1 -1 -5.4532 1126.3245 198.8851 1241.0000 245.5748 1.4560 1.6371 3.7254 21.1985 2.4830 26.5573 -4.7857 -5.9537
Car -1 -1 -4.5336 43.6153 190.5405 107.7243 226.7713 1.4675 1.6851 4.0678 -24.8029 2.3439 33.5684 -5.1663 -6.0161
Car -1 -1 -4.6729 466.4510 179.1071 493.1198 199.7300 1.3815 1.7181 4.5467 -9.3968 1.8537 52.1436 -4.8507 -6.0238
Car -1 -1 -4.7841 436.9640 182.3625 464.0295 205.2130 1.5385 1.6285 4.2195 -11.7157 2.2625 52.7103 -5.0021 -6.0381
Car -1 -1 -4.8179 673.5425 181.4379 695.8440 196.8726 1.4171 1.7246 4.2931 7.2759 2.2845 70.7878 -4.7164 -6.0459
Car -1 -1 -7.9542 1238.8188 165.4728 1241.0000 191.6481 1.6019 1.5210 2.8446 41.0156 1.1499 45.7549 -7.2267 -6.2012
