Car -1 -1 -7.8778 550.4089 187.3117 596.0994 226.0609 1.2950 1.6155 3.5201 -1.4826 1.8779 27.2882 -7.9323 5.1883
Car -1 -1 -7.8321 498.1787 185.7444 530.2468 214.3560 1.3935 1.6282 3.6448 -5.1415 2.1195 38.7549 -7.9637 4.0349
Car -1 -1 -3.7776 800.1383 191.4026 871.3843 222.4308 1.4757 1.4099 3.2940 11.5226 2.4569 36.9722 -3.4785 3.4365
Car -1 -1 -3.9834 912.1238 192.2342 993.6600 225.1225 1.6521 1.7249 4.1732 18.8564 2.7629 39.7558 -3.5442 2.9312
Car -1 -1 -7.3651 1161.5221 202.4921 1241.0000 242.0003 1.5011 1.6860 3.7593 25.8822 2.8427 31.1669 -6.6775 -1.1200
Car -1 -1 -5.2844 927.0915 180.5934 974.4561 200.6277 1.5464 1.6166 3.9806 27.9588 2.2054 59.3831 -4.8467 -1.7347
Car -1 -1 -4.7485 853.0402 176.1290 873.4235 193.9308 1.5687 1.6212 3.8380 23.2589 1.8793 66.4170 -4.4134 -2.4082
Car -1 -1 -3.1011 0.0000 192.0050 71.9998 233.9152 1.5163 1.5981 3.6155 -24.2289 2.3423 29.4066 -3.7860 -2.4928
Car -1 -1 -4.4349 271.8815 181.3316 315.6398 208.8419 1.7637 1.6716 4.2109 -21.7960 2.3744 49.8097 -4.8457 -2.9416
Car -1 -1 -7.6542 209.9052 181.5629 253.5739 209.5935 1.6122 1.6372 4.0330 -23.5653 2.1813 45.0100 -8.1343 -3.0751
Car -1 -1 -5.2669 829.4994 176.7779 877.4105 200.0598 1.6495 1.7143 3.6371 18.0546 1.9522 53.7507 -4.9449 -3.2175
Car -1 -1 -4.7319 735.9821 174.1970 755.9678 194.8416 1.8136 1.7009 4.1880 12.3626 1.9401 65.8792 -4.5476 -3.4032
Car -1 -1 -4.5866 932.1455 192.5142 970.9337 222.6544 1.5793 1.6177 3.7645 20.0976 2.7913 42.4690 -4.1480 -3.4170
Car -1 -1 -7.5563 812.9171 191.0842 870.0483 224.2787 1.5728 1.6896 4.6000 12.5827 2.6220 39.1657 -7.2484 -3.5003
Car -1 -1 -7.9986 551.6609 183.2268 603.2275 223.8424 1.5283 1.6211 3.6912 -1.4620 1.9893 30.1223 -8.0473 -3.5158
Car -1 -1 -4.5734 292.8102 184.5341 325.8955 207.4492 1.5410 1.6572 4.3760 -22.1512 2.4398 53.2185 -4.9663 -3.5926
Car -1 -1 -4.3678 200.4172 187.8337 260.9467 216.0492 1.3867 1.6629 4.1068 -20.9167 2.2590 39.8870 -4.8483 -4.0100
Car -1 -1 -4.9290 305.8797 182.1386 343.6761 207.5519 1.6571 1.6515 3.9891 -20.1078 2.3365 50.7095 -5.3051 -4.0877
Car -1 -1 -5.0249 832.2780 174.3495 863.0258 192.0481 1.5889 1.6524 3.6652 21.9815 1.7311 66.9216 -4.7092 -4.1643
Car -1 -1 -7.8854 557.0701 183.0248 581.8412 208.1185 1.6797 1.6519 3.5774 -2.9625 2.4336 51.6553 -7.9430 -4.5189
Car -1 -1 -7.1808 166.1120 185.2552 229.6376 213.4978 1.5596 1.5736 3.3125 -24.6144 2.3311 43.1481 -7.6968 -4.5247
Car -1 -1 -7.4834 147.0998 196.6308 199.7807 222.6151 1.5857 1.7360 4.1879 -30.3780 3.3154 50.2895 -8.0248 -4.6318
Car -1 -1 -6.0680 66.5588 177.4462 156.5681 209.7589 1.7074 1.7122 3.8339 -27.6240 1.9718 40.0707 -6.6687 -4.6567
Car -1 -1 -5.2339 288.4500 174.7910 323.9619 193.7246 1.7930 1.6039 3.6228 -29.6798 1.9864 70.4198 -5.6316 -4.7770
Car -1 -1 -4.6747 646.6482 184.4156 666.2067 202.4324 1.5550 1.6696 3.7918 4.2995 2.6562 66.7728 -4.6112 -4.8087
Car -1 -1 -4.6888 385.3963 188.6260 406.4432 207.3005 1.4285 1.6043 3.5697 -17.9148 2.7905 60.3899 -4.9764 -4.8498
Car -1 -1 -4.8600 615.3749 185.7615 654.2884 215.2193 1.4470 1.5722 3.6360 1.2577 2.1784 39.0027 -4.8287 -4.8755
Car -1 -1 -4.4440 321.2872 183.7613 357.3629 203.6528 1.5780 1.7770 4.4874 -23.2592 2.5513 62.0914 -4.8013 -4.8913
Car -1 -1 -5.4246 0.0000 191.7586 123.6055 232.3990 1.3975 1.7019 4.3376 -20.9932 2.1455 27.2804 -6.0759 -5.0690
Car -1 -1 -4.6262 477.5544 180.6893 504.1320 202.7064 1.5801 1.6649 4.1308 -9.1411 2.2047 55.4179 -4.7893 -5.0795
Car -1 -1 -4.3779 843.0518 172.7524 875.4161 190.1175 1.6466 1.7689 4.0406 24.3749 1.6367 70.5534 -4.0468 -5.1045
Car -1 -1 -4.5672 486.2391 185.3613 508.2938 203.2237 1.5870 1.5435 3.7868 -10.7200 2.8100 68.6688 -4.7219 -5.1637
Car -1 -1 -8.1141 440.9537 182.1459 490.2062 212.8020 1.6358 1.7013 4.6206 -8.5875 2.2135 42.4339 -8.3131 -5.1828
Car -1 -1 -7.9365 623.2577 177.5675 647.6797 198.9798 1.9255 1.9279 4.5892 2.3507 2.3863 68.2520 -7.9027 -5.3359
Car -1 -1 -4.2180 0.0000 202.0072 71.5722 237.3497 1.4926 1.5315 3.9839 -28.8872 3.0326 36.0257 -4.8904 -5.3939
Car -1 -1 -4.5095 342.1779 183.2964 370.9005 203.2011 1.6128 1.6337 3.6856 -21.9151 2.5440 62.4280 -4.8461 -5.4075
Car -1 -1 -4.4209 225.6051 198.2609 260.7956 219.2542 1.5688 1.6125 3.8160 -30.8983 3.7815 60.8282 -4.8894 -5.4294
Car -1 -1 -7.4401 110.0050 199.1014 161.2342 222.8305 1.4600 1.5737 3.9316 -33.5141 3.3916 51.0398 -8.0190 -5.6223
Car -1 -1 -4.8436 509.1191 181.5659 536.6371 201.2788 1.4673 1.6741 3.9794 -7.0302 2.1898 57.7292 -4.9647 -5.6462
Car -1 -1 -4.7502 507.1526 181.7033 536.2238 208.5570 1.6009 1.7015 4.1568 -5.7811 2.1994 46.6434 -4.8734 -5.6946
Car -1 -1 -4.7772 508.6459 182.4663 536.7693 205.5782 1.5016 1.6999 4.0770 -6.2174 2.2073 50.8371 -4.8987 -5.7369
Car -1 -1 -4.4154 283.4187 183.7945 332.9951 210.7935 1.4877 1.5990 4.2164 -18.2372 2.1829 43.6959 -4.8089 -5.8070
Car -1 -1 -4.6583 405.0289 183.3603 427.9490 203.9023 1.6082 1.6511 3.9710 -16.2875 2.5234 60.7625 -4.9195 -5.8093
Car -1 -1 -4.2988 397.3535 181.9248 447.4760 207.5034 1.5070 1.6647 3.9009 -11.9386 2.1113 46.0296 -4.5515 -5.8387
Car -1 -1 -4.4707 0.0000 185.2072 0.0000 214.1433 1.5182 1.6497 4.0091 -41.6091 2.2708 41.8313 -5.2503 -5.8867
Car -1 -1 -4.7729 1141.3397 171.4556 1172.5801 191.5003 1.4638 1.6365 3.9879 41.4722 1.3614 54.8075 -4.1280 -5.8867
Car -1 -1 -4.5053 0.0000 185.9784 0.0000 213.6020 1.5489 1.6568 4.0100 -41.6069 2.3996 44.6408 -5.2527 -5.8867
Car -1 -1 -8.1632 0.0000 0.0000 854.0685 374.0000 1.5615 1.5953 3.8092 0.3103 1.6644 1.0014 -7.9391 -5.8867
Car -1 -1 -4.3997 451.3058 182.3015 481.4273 199.2933 1.5014 1.6539 3.9487 -13.5385 2.4198 68.1023 -4.5955 -5.8867
Car -1 -1 -6.7847 0.0000 0.0000 1241.0000 374.0000 1.5638 1.5938 3.8092 -2.9047 1.7113 1.0023 -7.9389 -5.8867
Car -1 -1 -7.1456 51.3025 0.0000 1241.0000 374.0000 1.5650 1.5952 3.8101 -1.2972 1.6953 1.0020 -7.9390 -5.8867
Car -1 -1 -8.9132 0.0000 0.0000 1241.0000 374.0000 1.5573 1.5932 3.8078 1.9185 1.6350 1.0021 -7.9390 -5.8867
Car -1 -1 -4.6289 1060.4492 180.0211 1087.7552 199.5918 1.6482 1.7324 4.0282 41.4523 2.3092 64.4496 -4.0599 -5.8972
Car -1 -1 -4.8660 362.7607 183.7533 393.2964 205.6317 1.6775 1.7470 4.5475 -19.4020 2.6226 60.1621 -5.1770 -5.9177
Car -1 -1 -5.3604 1142.4817 193.6472 1232.2087 226.2888 1.4483 1.6395 3.6282 28.7920 2.5432 36.1751 -4.6928 -5.9279
Car -1 -1 -4.7161 53.7265 190.0161 95.1588 224.8107 1.5982 1.6531 4.3464 -27.9263 2.5451 37.5852 -5.3519 -5.9640
Car -1 -1 -4.6905 501.7130 182.4918 519.9489 199.4834 1.5086 1.6302 4.1381 -9.4281 2.4539 68.6477 -4.8268 -6.0850
Car -1 -1 -4.4261 383.4571 186.0572 424.8156 208.1747 1.4226 1.7197 4.0852 -14.4975 2.3914 50.9081 -4.7025 -6.2677
Car -1 -1 -6.1925 770.0842 172.4965 834.8667 199.6447 1.9834 1.9512 4.5657 14.4917 1.9569 54.4111 -5.9340 -7.9867
