Car -1 -1 -7.8788 544.0448 181.7030 592.3900 222.4342 1.3204 1.6256 3.6956 -1.6112 1.6640 26.1315 -7.9404 5.5591
Car -1 -1 -7.7709 490.3320 179.3748 528.9050 208.3128 1.3776 1.6670 3.5991 -5.1408 1.7285 37.0212 -7.9084 5.1333
Car -1 -1 -3.9987 864.5310 185.6680 929.9805 210.7664 1.5183 1.7534 4.0504 18.7314 2.3852 47.1156 -3.6230 4.5903
Car -1 -1 -3.6190 755.9934 182.6931 817.2993 207.0012 1.4052 1.5245 3.2770 10.6617 2.0169 43.7548 -3.3820 1.0334
Car -1 -1 -4.5082 541.9120 176.8462 575.4028 197.9826 1.5209 1.6789 4.4878 -3.9029 1.8386 55.1372 -4.5789 -1.7089
Car -1 -1 -3.8840 652.5090 177.7867 707.4390 197.9772 1.4741 1.6658 4.1871 5.3815 1.8668 55.5479 -3.7883 -2.0358
Car -1 -1 -7.0165 133.9287 182.6759 223.6347 214.5313 1.5107 1.6335 3.9299 -22.4345 2.0516 37.6428 -7.5510 -2.2832
Car -1 -1 -4.1293 128.8730 180.9409 219.5088 213.6864 1.4213 1.6975 4.1371 -20.7284 1.8308 34.4613 -4.6676 -2.6298
Car -1 -1 -4.4971 106.8571 185.3663 163.4860 216.6475 1.4618 1.6417 3.9742 -24.6904 2.1506 37.5875 -5.0753 -2.7652
Car -1 -1 -8.9914 851.9166 180.3487 928.1968 210.8833 1.5109 1.5950 3.4271 14.8155 1.9276 38.3619 -8.6260 -3.2564
Car -1 -1 -4.2719 35.5157 194.4777 104.8143 224.7183 1.5184 1.6483 3.9324 -30.8424 2.8187 41.3084 -4.9103 -3.2991
Car -1 -1 -4.7374 1013.9658 191.7417 1063.5288 235.9162 1.5095 1.5476 3.5195 16.6513 2.2978 28.2087 -4.2095 -3.7732
Car -1 -1 -4.4268 253.8756 179.7538 299.3351 204.0691 1.4966 1.6641 3.9951 -22.0061 1.9725 47.6975 -4.8572 -4.0439
Car -1 -1 -4.1424 999.8187 178.8804 1042.9182 197.2825 1.7191 1.7188 4.0841 40.0323 2.3198 70.2401 -3.6266 -4.0599
Car -1 -1 -4.7872 602.6126 179.4136 632.0599 204.1382 1.4600 1.5618 3.9851 0.3912 1.8940 45.7303 -4.7793 -4.0881
Car -1 -1 -5.2232 650.5031 178.3822 697.6627 202.0238 1.5514 1.6003 3.8391 4.3984 1.9532 50.3994 -5.1372 -4.1178
Car -1 -1 -7.9589 612.4439 174.6408 651.3428 206.8679 1.5743 1.6137 3.8008 1.0468 1.6716 37.4224 -7.9317 -4.1439
Car -1 -1 -4.3342 0.0000 192.3089 32.4648 216.2500 1.4524 1.6544 3.5286 -40.9182 2.8215 48.8516 -5.0289 -4.1443
Car -1 -1 -3.0500 786.0710 183.7332 844.4689 210.3476 1.6830 1.7678 3.6179 13.7170 2.4333 48.3057 -2.7755 -4.2080
Car -1 -1 -7.7112 542.0630 177.1304 584.2806 207.2233 1.4470 1.6117 4.1539 -2.4102 1.6813 37.4358 -7.7755 -4.2572
Car -1 -1 -4.5072 763.7230 169.0551 792.1942 187.7686 1.7523 1.7677 4.7605 16.3330 1.3963 70.0969 -4.2795 -4.3209
Car -1 -1 -4.2176 0.0000 199.9100 54.7095 234.3927 1.5694 1.6623 3.6010 -31.0740 3.0581 37.7845 -4.9025 -4.4225
Car -1 -1 -4.9983 521.1803 181.0626 546.4957 197.3771 1.4293 1.4887 3.1815 -7.0864 2.2082 66.7345 -5.1040 -4.6532
Car -1 -1 -4.9206 513.1531 178.1207 548.4177 202.5777 1.4992 1.5078 3.9341 -5.2595 1.8591 47.2400 -5.0312 -4.9897
Car -1 -1 -7.9585 540.1141 175.3499 593.7162 217.6924 1.5998 1.7625 4.1463 -1.8886 1.7098 29.7109 -8.0221 -5.0305
Car -1 -1 -4.7191 451.4066 172.8915 477.7965 198.8722 1.6695 1.6690 4.2953 -9.8483 1.6718 48.6445 -4.9182 -5.0456
Car -1 -1 -7.6525 321.3882 179.1006 397.1963 226.2720 1.5774 1.8595 4.1488 -9.2716 1.8287 26.8809 -7.9820 -5.2122
Car -1 -1 -7.9201 179.7290 180.4163 236.7213 227.4816 1.6026 1.6287 4.1026 -15.3697 1.9125 27.4295 -8.4270 -5.2398
Car -1 -1 -2.3644 0.0000 180.0240 30.6882 359.9209 1.4823 1.7713 4.7365 -8.9694 1.5643 7.1563 -3.2434 -5.5690
Car -1 -1 -4.4983 0.0000 189.8487 0.0000 216.3792 1.5332 1.6642 4.1932 -41.5056 2.6879 46.7993 -5.2212 -5.8604
Car -1 -1 -4.9383 417.6892 181.3732 444.6385 198.6608 1.4515 1.5441 3.7244 -16.0521 2.2374 64.5738 -5.1813 -5.8703
Car -1 -1 -4.7092 1074.9050 172.9775 1098.0718 190.4596 1.4708 1.6389 3.9888 41.4746 1.4817 62.8513 -4.1284 -5.8867
Car -1 -1 -4.5940 30.2592 185.2537 66.6535 208.1373 1.5546 1.6593 4.0117 -41.6044 2.5104 53.4899 -5.2528 -5.8867
Car -1 -1 -4.5394 264.4588 185.0791 292.2325 202.3696 1.4799 1.6670 4.0568 -30.7767 2.6516 67.0017 -4.9688 -6.0591
Car -1 -1 -4.6961 56.6518 186.9423 105.0124 222.6662 1.5362 1.8070 4.5265 -25.8332 2.2708 35.2689 -5.3249 -6.1763
Car -1 -1 -5.1631 807.0771 187.7336 855.7269 212.9222 1.5884 1.7192 3.8011 15.2180 2.6584 49.8893 -4.8693 -6.2717
Car -1 -1 -2.9105 706.5660 170.0015 760.7070 191.2264 1.7861 1.6279 4.3523 10.6499 1.5458 62.3141 -2.7424 -7.6050
