Car -1 -1 -4.2834 132.5134 180.6150 247.9252 235.5260 1.6535 1.8325 4.0614 -14.0904 1.9386 24.4272 -4.8022 7.4659
Car -1 -1 -7.8897 560.9075 183.8820 614.4457 227.1904 1.2570 1.6120 3.5194 -0.8433 1.6463 23.6788 -7.9257 6.3630
Car -1 -1 -7.7442 504.9766 181.9918 548.1277 213.5884 1.3538 1.6271 3.5015 -3.8849 1.8023 33.6847 -7.8586 5.6376
Car -1 -1 -4.5545 309.8318 182.7238 350.0054 209.6894 1.4179 1.5755 3.7337 -16.0470 2.0110 41.3874 -4.9226 1.6747
Car -1 -1 -4.3604 832.2265 181.1467 868.4651 200.4317 1.6000 1.6861 4.2685 21.3058 2.3598 63.9448 -4.0406 -0.3145
Car -1 -1 -7.8660 891.9981 182.4070 923.2250 210.5891 1.4627 1.5612 3.4740 16.6867 2.0256 40.6396 -7.4795 -0.3587
Car -1 -1 -6.8082 0.0000 186.8898 93.8687 245.2055 1.4548 1.6737 3.9562 -17.7876 1.9082 21.1783 -7.5007 -1.0643
Car -1 -1 -4.3381 263.4914 183.1476 318.2839 207.3699 1.3805 1.7146 4.1733 -19.8749 2.0530 45.0423 -4.7518 -1.6154
Car -1 -1 -5.2474 0.0000 199.3467 59.1243 241.8659 1.4491 1.5942 3.7083 -23.2845 2.5150 27.6696 -5.9423 -2.5424
Car -1 -1 -8.0713 859.7938 182.5874 903.5200 210.6024 1.4736 1.5816 3.5778 15.3951 2.0536 41.1402 -7.7161 -2.7268
Car -1 -1 -4.9241 541.3531 178.7819 577.7753 202.4241 1.5370 1.6576 4.3164 -3.5985 1.9694 50.3662 -4.9955 -2.7768
Car -1 -1 -4.8111 751.4946 176.9613 774.4236 194.8001 1.5087 1.6193 3.6822 13.4767 1.8827 63.8255 -4.6043 -2.7909
Car -1 -1 -4.9371 607.3610 175.3393 642.2603 198.3750 1.6035 1.6376 4.2882 1.0110 1.7935 52.9799 -4.9186 -2.9464
Car -1 -1 -4.4246 765.1979 177.8147 794.4064 196.1045 1.5375 1.5928 3.4658 14.9632 1.9875 63.5864 -4.1949 -3.4979
Car -1 -1 -7.3267 26.0775 189.1531 150.4862 238.8375 1.4439 1.6150 3.9466 -17.4736 2.0395 24.3436 -7.9443 -3.6270
Car -1 -1 -5.2942 762.2721 182.9316 813.3494 206.7432 1.4365 1.5903 3.4473 11.5062 2.1194 47.0211 -5.0562 -3.7742
Car -1 -1 -4.3953 769.6257 181.8744 805.3079 202.7337 1.4473 1.6192 3.3238 13.1518 2.1388 53.4931 -4.1560 -3.7789
Car -1 -1 -3.9367 711.7843 177.8140 760.9332 196.8034 1.5024 1.6664 4.0464 10.4840 1.9267 59.9140 -3.7648 -3.8779
Car -1 -1 -4.3684 599.8423 179.1272 631.1846 197.4675 1.5629 1.5967 3.9309 0.5088 2.1467 65.0593 -4.3610 -4.1087
Car -1 -1 -7.0840 69.2649 177.7900 132.1373 201.8462 1.7057 1.6757 3.7890 -38.0591 2.0884 53.9853 -7.6959 -4.2051
Car -1 -1 -1.9254 6.6918 166.9451 70.8791 195.5067 1.7083 1.8009 4.1985 -35.6887 1.3546 45.0186 -2.5929 -4.2336
Car -1 -1 -5.0695 534.4862 181.5244 566.0323 198.2584 1.5356 1.7488 4.1200 -5.9105 2.4125 70.7637 -5.1530 -4.4458
Car -1 -1 -4.2558 692.3391 178.0544 733.2816 198.2082 1.5168 1.6528 3.9710 8.1992 1.9461 57.4985 -4.1153 -4.4745
Car -1 -1 -4.1741 497.8430 178.6532 551.4135 202.8685 1.5849 1.7227 4.4091 -5.9708 2.0112 50.7205 -4.2911 -4.6431
Car -1 -1 -4.5548 541.7053 179.2238 585.5608 210.8216 1.4864 1.6344 3.9466 -2.3475 1.8291 36.8064 -4.6186 -4.6612
Car -1 -1 -7.4765 199.0237 184.8760 266.2341 217.1469 1.4543 1.6006 4.0327 -18.8536 2.0912 36.1575 -7.9544 -4.7330
Car -1 -1 -4.1624 495.9713 179.5652 532.1337 197.7813 1.5583 1.5559 3.6588 -8.6551 2.1826 65.1746 -4.2943 -4.8679
Car -1 -1 -7.8854 574.8593 176.6668 610.7137 207.5723 1.5078 1.7404 3.4903 -0.9745 1.7148 37.4368 -7.9117 -4.8980
Car -1 -1 -4.6504 92.0330 182.0305 121.7486 201.3387 1.4722 1.7475 4.0880 -41.3343 2.2541 59.3076 -5.2572 -4.9387
Car -1 -1 -6.4765 475.2331 175.3028 546.9284 200.2878 1.5020 1.6409 4.2043 -6.2250 1.6598 45.1193 -6.6132 -5.0201
Car -1 -1 -4.6033 415.3471 179.1075 443.1638 198.1657 1.4418 1.6980 4.5859 -14.6448 1.9696 58.5406 -4.8476 -5.1179
Car -1 -1 -4.3214 264.9321 192.8500 298.7295 210.8901 1.5147 1.5186 3.7775 -30.3312 3.4170 66.7401 -4.7468 -5.1418
Car -1 -1 -5.4529 786.2944 176.3496 849.0441 200.7518 1.6674 1.7802 4.5317 14.9871 1.9328 52.4228 -5.1764 -5.2240
Car -1 -1 -4.7577 322.6180 178.3914 353.9699 204.2638 1.5378 1.6884 4.0892 -17.4067 1.9078 46.0453 -5.1175 -5.2350
Car -1 -1 -8.3556 833.3290 178.2476 908.8049 211.5480 1.6720 1.8277 4.6985 14.1374 1.9854 39.4923 -8.0147 -5.5816
Car -1 -1 -4.2696 691.1067 174.8739 726.9697 194.3192 1.5780 1.5011 3.8549 8.3778 1.7542 60.9996 -4.1342 -5.6362
Car -1 -1 -7.8160 557.2463 177.5938 610.6893 222.9573 1.5450 1.8495 4.6034 -0.9475 1.7396 27.3608 -7.8509 -5.6448
Car -1 -1 -4.0210 158.9981 186.3545 256.2681 223.3050 1.5024 1.5993 4.1737 -18.3967 2.1634 33.1441 -4.5246 -5.6526
Car -1 -1 -4.8126 569.7978 177.2808 595.4846 196.1216 1.4579 1.6979 3.9910 -2.2930 1.8319 58.9115 -4.8518 -5.7053
Car -1 -1 -4.3942 84.5473 182.6500 160.5084 223.1189 1.6207 1.6606 3.8268 -21.5271 2.0823 31.9614 -4.9833 -5.8004
Car -1 -1 -4.8443 482.8219 178.0405 514.3019 200.2256 1.4522 1.6571 3.9869 -7.8493 1.8295 50.3820 -4.9984 -5.8667
Car -1 -1 -4.6812 796.8585 177.9809 817.5009 195.6252 1.4742 1.6428 3.8959 17.3834 1.9409 63.6112 -4.4160 -5.8867
Car -1 -1 -4.6758 600.9794 177.3663 622.3729 194.9689 1.3805 1.6278 3.9914 0.1419 1.7659 59.6526 -4.6739 -5.8939
Car -1 -1 -4.9031 423.0611 179.3094 467.2253 206.0827 1.4856 1.8018 4.3373 -10.0281 1.8957 43.5178 -5.1286 -5.9891
Car -1 -1 -4.1269 69.2395 186.7476 173.7101 227.3250 1.4801 1.5727 4.0551 -20.0320 2.0915 29.7388 -4.7157 -6.3140
Car -1 -1 -6.7591 691.4389 178.7953 754.2985 200.2225 1.4588 1.6243 4.1352 7.9954 1.8930 51.3413 -6.6060 -6.4206
Car -1 -1 -2.9382 118.5859 182.2839 197.4418 213.1147 1.5117 1.5119 3.2251 -23.4100 2.0169 37.4187 -3.4943 -6.9154
