Car -1 -1 -7.7788 494.3859 182.3315 534.3741 213.0972 1.3743 1.6693 3.5780 -4.6537 1.8603 35.1927 -7.9099 6.0406
Car -1 -1 -4.2827 119.4185 188.1382 220.6851 235.3182 1.4349 1.6563 3.5374 -15.1560 2.0032 24.9926 -4.8233 5.7025
Car -1 -1 -7.8484 548.1548 185.0840 599.4887 226.2952 1.2431 1.6260 3.5687 -1.2767 1.6917 24.6644 -7.9002 5.1194
Car -1 -1 -3.9520 841.0374 185.1926 895.2333 207.7520 1.6261 1.6458 3.9639 19.8063 2.6015 55.4244 -3.6110 -0.1239
Car -1 -1 -3.4226 731.6488 179.5729 792.1954 202.0501 1.5755 1.6947 3.9669 10.9245 2.0703 52.1671 -3.2178 -2.7002
Car -1 -1 -7.4560 170.3962 185.1947 244.2331 217.4163 1.4398 1.6959 4.2695 -20.1010 2.0956 36.1484 -7.9606 -2.7120
Car -1 -1 -4.9132 528.0363 178.7202 561.9609 201.8945 1.5617 1.6412 4.0948 -4.7494 2.0015 51.9323 -5.0043 -3.1908
Car -1 -1 -4.4016 240.4553 181.6320 294.0939 209.0486 1.5350 1.6962 4.3846 -20.9178 2.0995 44.1426 -4.8421 -3.2244
Car -1 -1 -4.6066 0.0000 184.5100 38.2834 211.4453 1.7239 1.6853 3.9478 -41.0474 2.5674 50.1225 -5.2904 -3.2766
Car -1 -1 -5.0063 761.1477 177.6655 791.3800 195.8367 1.6847 1.7038 4.2314 16.1173 2.1671 70.2146 -4.7820 -3.5127
Car -1 -1 -4.8785 881.3480 180.4529 906.9873 197.5972 1.5942 1.7029 3.9896 27.9475 2.3651 71.1059 -4.5059 -3.6615
Car -1 -1 -4.2666 0.0000 208.9581 55.3196 255.3944 1.6477 1.7933 3.8523 -25.8267 3.2996 30.9331 -4.9582 -3.9418
Car -1 -1 -4.3870 11.1964 203.7225 73.6589 235.9256 1.5547 1.5965 3.9794 -32.2599 3.4036 41.0818 -5.0497 -4.3180
Car -1 -1 -6.2202 939.4836 172.1153 1046.5831 210.2404 1.7024 1.7130 4.3775 18.0241 1.6691 34.0871 -5.7378 -4.3501
Car -1 -1 -7.7575 590.4573 175.4068 625.4285 204.3647 1.6734 1.7462 4.2756 -0.1118 1.8376 44.2943 -7.7605 -4.3825
Car -1 -1 -4.3083 227.9903 191.3798 273.1244 215.7886 1.9600 1.9661 4.4612 -31.6770 3.6534 63.6843 -4.7686 -4.4467
Car -1 -1 -5.1368 759.8480 183.1564 822.4197 215.5502 1.5496 1.6978 3.9512 9.4095 2.1210 37.9464 -4.8961 -4.4640
Car -1 -1 -7.7783 545.8496 177.5372 598.9464 222.8518 1.6084 1.7521 4.3334 -1.4382 1.8057 28.2501 -7.8294 -4.5125
Car -1 -1 -7.7786 496.1167 177.5298 529.2527 205.8854 1.6090 1.7088 3.6110 -5.8474 1.9020 43.4062 -7.9121 -4.5993
Car -1 -1 -1.9595 208.7917 173.1723 257.1483 196.4952 1.6794 1.7145 4.2921 -28.2970 1.7038 54.0505 -2.4399 -4.7379
Car -1 -1 -4.8299 639.2348 181.4129 664.4025 199.6523 1.5747 1.7830 4.6926 3.8186 2.3969 66.9413 -4.7737 -4.7621
Car -1 -1 -3.8296 859.6448 184.1991 963.9655 224.4168 1.6217 1.7659 3.9650 13.0400 2.1363 31.3235 -3.4391 -4.7956
Car -1 -1 -4.9761 92.3938 198.2389 141.8197 225.2622 1.5232 1.6644 3.8583 -31.5508 3.2114 46.1055 -5.5738 -4.8073
Car -1 -1 -7.6833 518.7428 178.0471 562.9929 209.9908 1.5579 1.6305 4.2147 -3.6226 1.8470 38.0555 -7.7780 -5.0538
Car -1 -1 -4.4440 536.5015 182.5417 565.6475 201.8869 1.5698 1.6035 3.6577 -5.0906 2.4341 62.4473 -4.5254 -5.1181
Car -1 -1 -2.5993 0.0000 186.5755 21.6028 215.7952 1.8371 1.7744 3.8330 -41.6456 2.7667 47.6978 -3.3144 -5.1240
Car -1 -1 -4.6081 473.6075 178.9883 501.3768 200.3386 1.5878 1.7131 4.5124 -9.7099 2.0941 57.2898 -4.7756 -5.1722
Car -1 -1 -4.3309 358.1497 183.5278 389.6496 201.5346 1.6616 1.6236 3.8515 -23.1773 2.7393 70.8981 -4.6461 -5.1898
Car -1 -1 -4.3080 285.7505 180.2408 338.4066 204.9220 1.4349 1.6675 3.8081 -18.5513 1.9151 45.0127 -4.6971 -5.2157
Car -1 -1 -4.4188 333.8443 180.5014 375.8820 204.4283 1.4740 1.6070 3.6950 -16.7866 1.9975 47.5345 -4.7569 -5.2685
Car -1 -1 -4.6699 380.1899 180.2006 407.1689 202.7463 1.4470 1.6101 4.2528 -14.9918 1.9792 50.0408 -4.9598 -5.2773
Car -1 -1 -6.1836 447.8324 177.2161 530.9984 209.6627 1.6171 1.6639 4.0816 -6.1979 1.8474 37.1822 -6.3481 -5.3431
Car -1 -1 -4.5275 42.1020 186.1549 82.7053 208.8762 1.4516 1.5838 3.8258 -38.3613 2.4218 50.5819 -5.1740 -5.3904
Car -1 -1 -7.9153 741.1004 183.8932 786.6439 222.3833 1.5170 1.6937 3.9433 6.6517 2.0334 31.6984 -7.7110 -5.4606
Car -1 -1 -4.7032 448.0782 179.0834 467.8910 196.9134 1.4254 1.5949 4.0912 -12.9298 1.9734 61.3543 -4.9103 -5.4777
Car -1 -1 -4.6314 69.2253 189.6711 101.4203 214.7051 1.7925 1.7132 4.1889 -41.3550 3.1706 56.9024 -5.2578 -5.5921
Car -1 -1 -4.9577 543.3207 176.5535 589.6189 204.2023 1.5506 1.7509 4.4265 -2.7176 1.7854 43.4753 -5.0203 -5.5982
Car -1 -1 -4.0596 116.3108 194.8202 187.2566 220.8045 1.4810 1.7258 4.1404 -29.7084 2.9731 46.8817 -4.6221 -5.7178
Car -1 -1 -4.6684 269.9882 187.5281 292.7551 206.6264 1.5682 1.6812 4.0803 -29.5220 2.9316 64.8455 -5.0944 -5.7456
Car -1 -1 -2.2828 0.0000 179.4518 33.4463 295.6591 1.4274 1.6020 4.2987 -10.6828 1.5255 9.8666 -3.0943 -5.8087
Car -1 -1 -8.0196 552.1621 177.8900 583.9888 202.9235 1.6438 1.6673 3.3198 -2.9633 2.0045 49.9099 -8.0791 -5.8269
Car -1 -1 -4.4760 799.8008 179.4539 834.8802 200.1441 1.5099 1.6883 4.2760 16.2096 2.0461 56.3832 -4.1979 -5.8413
Car -1 -1 -4.4116 584.0869 180.0880 614.0790 196.4174 1.4458 1.6674 4.1893 -1.0143 2.1509 68.1166 -4.4269 -5.8687
Car -1 -1 -8.9128 0.0000 0.0000 1241.0000 374.0000 1.5398 1.5882 3.8030 1.9179 1.5724 1.0045 -7.9393 -5.8867
Car -1 -1 -4.4318 394.5906 180.3951 430.0468 200.4286 1.4372 1.5883 3.9344 -15.1123 2.0348 55.2317 -4.6979 -5.8867
Car -1 -1 -4.8620 449.2675 180.1447 473.5189 196.7995 1.4566 1.6202 4.0765 -13.8919 2.1576 67.2143 -5.0654 -5.8867
Car -1 -1 -7.5644 152.1578 0.0000 1241.0000 374.0000 1.5438 1.5892 3.8040 -0.4939 1.6126 1.0042 -7.9392 -5.8867
Car -1 -1 -3.5046 0.0000 194.5082 0.0000 374.0000 1.5058 1.6071 3.9583 -7.0818 1.6412 2.5299 -4.6974 -5.8867
Car -1 -1 -6.7850 0.0000 0.0000 1241.0000 374.0000 1.5454 1.5894 3.8037 -2.9056 1.6465 1.0035 -7.9391 -5.8867
Car -1 -1 -4.3917 361.7795 182.1889 399.7545 203.0138 1.4852 1.6036 3.9528 -17.5233 2.2252 55.2300 -4.6979 -5.8867
Car -1 -1 -4.5993 39.2125 187.2751 75.4915 210.7350 1.6049 1.6985 4.1988 -41.6016 2.7356 54.3507 -5.2504 -6.0258
Car -1 -1 -4.5238 105.5051 182.4410 153.4154 211.0089 1.5039 1.5821 3.8921 -27.6026 2.0829 41.4951 -5.1080 -6.1033
Car -1 -1 -4.7483 378.8307 183.0085 418.6065 214.6223 1.3871 1.7168 4.1013 -10.4229 1.9147 35.2986 -5.0338 -6.1178
Car -1 -1 -7.8858 720.7946 173.7274 740.3499 190.3743 1.5851 1.7559 4.3783 11.8530 1.6738 71.2285 -7.7219 -6.9565
