Car -1 -1 -7.9067 553.1949 182.7421 598.0097 219.4427 1.3351 1.6044 3.6965 -1.4912 1.7614 29.2058 -7.9579 5.3465
Car -1 -1 -7.8248 506.5802 181.3556 537.1159 207.5231 1.3760 1.6192 3.4838 -4.9990 1.8792 40.9263 -7.9460 4.6986
Car -1 -1 -3.8410 897.0380 193.8545 1002.0452 237.8993 1.4695 1.4445 3.3180 12.3062 2.2674 26.2891 -3.4083 4.4184
Car -1 -1 -4.1234 1034.4158 195.5233 1148.0797 242.4836 1.6541 1.7584 4.1432 19.0261 2.6030 28.5933 -3.5418 3.4098
Car -1 -1 -4.3756 256.7362 176.8637 305.8224 203.7920 1.6543 1.6891 3.9605 -21.3685 1.9265 46.9829 -4.8006 -0.5360
Car -1 -1 -4.1904 419.8987 180.5972 470.9194 203.8500 1.4647 1.5991 3.9952 -11.1560 2.0136 49.0242 -4.4133 -1.9133
Car -1 -1 -4.5430 928.1709 174.2835 957.6088 193.9245 1.5358 1.5719 3.7655 27.0824 1.6558 58.7089 -4.1130 -3.0156
Car -1 -1 -4.9304 1085.3173 180.5077 1131.6328 206.7564 1.5878 1.6582 3.9047 32.3707 2.1086 47.0032 -4.3307 -3.0506
Car -1 -1 -6.7487 777.6614 174.5230 828.5087 193.1573 1.6761 1.7138 4.1974 17.7312 1.8323 66.3944 -6.4892 -3.0784
Car -1 -1 -4.7622 824.5516 182.6316 852.3710 206.6385 1.5390 1.6375 3.6366 15.7059 2.2405 49.8229 -4.4591 -3.1894
Car -1 -1 -6.7063 1021.4182 174.6786 1101.5461 201.0402 1.5479 1.6074 3.7725 27.1603 1.6604 43.5558 -6.1522 -3.2178
Car -1 -1 -5.0541 600.3596 180.9189 637.9348 201.8676 1.4789 1.5714 4.0730 0.6225 2.1154 54.7977 -5.0433 -3.3898
Car -1 -1 -4.8130 319.9808 176.7767 349.6630 199.3029 1.6427 1.7208 4.2728 -21.3066 1.9577 55.7114 -5.1770 -3.5514
Car -1 -1 -7.2476 788.4638 185.9784 841.2628 209.2550 1.5874 1.7332 4.1086 15.1590 2.5946 53.4123 -6.9731 -3.7757
Car -1 -1 -5.1359 899.4730 168.3902 941.2601 189.0403 1.6454 1.6216 4.0819 25.5310 1.2894 59.5506 -4.7330 -3.8455
Car -1 -1 -2.9958 72.4045 183.1979 273.6865 283.7467 1.5567 1.4886 2.8143 -7.5380 1.7550 12.6376 -3.5248 -3.9989
Car -1 -1 -4.4817 876.2780 172.2184 907.2657 190.4772 1.5415 1.6365 4.1021 24.6332 1.4876 63.0716 -4.1112 -4.0553
Car -1 -1 -4.2732 327.2706 177.9180 368.8574 198.0795 1.5742 1.6358 4.0948 -21.5743 2.0064 59.5140 -4.6198 -4.0770
Car -1 -1 -4.4184 278.6115 178.2666 321.9407 202.8680 1.6074 1.6221 4.1980 -21.5475 2.0006 50.2761 -4.8217 -4.3105
Car -1 -1 -4.1251 0.0000 194.0552 65.4778 227.5412 1.4599 1.6320 3.8246 -29.2942 2.5740 35.9446 -4.8054 -4.3895
Car -1 -1 -4.6051 181.1463 186.9599 214.8708 209.0388 1.4262 1.6974 3.5580 -29.1601 2.4633 51.0957 -5.1217 -4.5232
Car -1 -1 -4.9924 336.9463 177.9395 374.0170 199.1671 1.5808 1.7006 4.0616 -20.1313 1.9967 56.9083 -5.3313 -4.5529
Car -1 -1 -4.9859 351.0515 178.7153 381.9721 195.3370 1.5444 1.7498 4.4347 -24.0093 2.1398 71.0071 -5.3111 -4.6473
Car -1 -1 -6.0395 1116.5326 186.3248 1241.0000 247.5401 1.4482 1.6107 3.8508 16.5210 1.8588 19.9835 -5.3565 -4.6488
Car -1 -1 -4.7684 730.3538 189.2399 754.9445 211.3170 1.5037 1.5874 3.9262 9.9054 2.7814 54.2277 -4.5893 -4.7742
Car -1 -1 -3.9268 369.3926 178.9680 415.5879 194.2933 1.4243 1.8339 4.3444 -21.4582 2.0479 71.2778 -4.2185 -4.8425
Car -1 -1 -4.7744 560.1039 179.1075 596.7685 209.2569 1.5240 1.7326 4.3994 -1.8277 1.8875 39.6987 -4.8207 -4.9733
Car -1 -1 -4.5873 436.8151 179.4462 466.3871 200.2104 1.6203 1.8859 4.2029 -13.1232 2.1869 59.8653 -4.8025 -4.9945
Car -1 -1 -4.8627 991.4182 179.5200 1027.0591 204.4181 1.6220 1.5776 3.9808 27.7433 2.1061 50.2924 -4.3615 -5.0502
Car -1 -1 -4.1292 54.3411 191.5739 144.9147 221.8215 1.4440 1.7878 4.6594 -27.9807 2.5351 39.7129 -4.7400 -5.1364
Car -1 -1 -4.7552 863.0050 173.5145 884.5238 191.6681 1.5458 1.6040 3.9721 23.2423 1.6058 63.7308 -4.4073 -5.1806
Car -1 -1 -7.5394 1089.5970 170.9236 1135.7362 193.6867 1.7112 1.7693 4.1245 39.1371 1.5658 56.1931 -6.9338 -5.2035
Car -1 -1 -4.8459 129.4366 187.1772 177.6238 219.6559 1.6485 1.7156 4.6482 -26.0245 2.5086 41.0129 -5.4087 -5.2219
Car -1 -1 -2.3356 456.8520 176.7535 506.0005 195.9658 1.6505 1.8216 4.3792 -11.5941 2.0115 64.8320 -2.5122 -5.2367
Car -1 -1 -8.2146 671.3179 177.3556 775.1252 242.3352 1.6068 1.6084 3.7408 2.9881 1.7445 20.1186 -8.0701 -5.2450
Car -1 -1 -7.8698 1094.4618 194.3883 1144.9009 237.6405 1.5993 1.6581 3.5207 21.4473 2.5673 30.5189 -7.2626 -5.5227
Car -1 -1 -4.4205 206.9290 183.2355 250.4279 204.8865 1.3902 1.6016 3.9984 -26.6422 2.1466 50.4737 -4.9042 -5.5389
Car -1 -1 -4.8234 390.4262 177.6334 413.7686 193.4293 1.3877 1.6261 4.2020 -19.3539 1.8461 67.0036 -5.1038 -5.5546
Car -1 -1 -4.6305 358.7042 178.6436 385.9267 198.6207 1.4350 1.6496 4.0776 -18.1925 1.8956 55.2651 -4.9474 -5.5617
Car -1 -1 -8.0725 1183.1956 190.8592 1241.0000 229.6216 1.4364 1.6049 4.0053 25.9925 2.2603 30.8814 -7.3781 -5.6060
Car -1 -1 -4.5400 487.7415 180.1959 513.3083 196.6629 1.4234 1.6167 4.2934 -10.0682 2.1215 66.4647 -4.6901 -5.7491
Car -1 -1 -4.2264 347.8485 179.6578 404.2273 203.8655 1.3679 1.5517 4.0739 -14.2671 1.8038 44.1165 -4.5377 -5.7557
Car -1 -1 -4.9773 552.3595 178.6879 600.5521 204.1448 1.4665 1.8387 4.7052 -2.2031 1.8523 45.2419 -5.0261 -5.8079
Car -1 -1 -4.0991 122.6577 185.4011 186.6882 209.0478 1.5027 1.6738 4.1622 -31.6377 2.4128 50.2280 -4.6591 -5.8438
Car -1 -1 -4.1969 248.2717 179.9579 300.8668 201.3208 1.4535 1.6407 4.1549 -24.4335 1.9926 52.6508 -4.6297 -5.8661
Car -1 -1 -4.5465 0.0000 183.7127 15.0835 208.3690 1.5250 1.6552 4.0146 -41.6091 2.2895 48.6678 -5.2513 -5.8867
Car -1 -1 -4.6084 47.8601 184.9781 81.9210 207.1376 1.5540 1.6602 4.0155 -41.6040 2.5156 55.0988 -5.2530 -5.8867
Car -1 -1 -4.9033 1241.0000 168.4941 1241.0000 194.7129 1.4613 1.6337 3.9865 41.4696 1.2180 42.3305 -4.1318 -5.8867
Car -1 -1 -4.5801 16.3284 184.5256 54.7007 207.5356 1.5297 1.6532 4.0107 -41.6063 2.4099 52.2900 -5.2499 -5.8867
Car -1 -1 -4.6336 80.0249 183.3271 110.0409 203.7977 1.5313 1.6575 4.0156 -41.6066 2.4087 58.3218 -5.2513 -5.8867
Car -1 -1 -4.6599 108.7989 184.1383 135.2260 203.6028 1.5351 1.6535 4.0084 -41.6037 2.5308 61.5369 -5.2526 -5.8867
Car -1 -1 -6.9164 0.0000 0.0000 1241.0000 374.0000 1.5529 1.5930 3.8069 -2.1020 1.6591 1.0028 -7.9392 -5.8867
Car -1 -1 -4.5075 0.0000 186.2232 0.0000 213.7444 1.5565 1.6607 4.0156 -41.6062 2.4307 45.0467 -5.2504 -5.8867
Car -1 -1 -4.5474 389.5843 180.7231 418.7376 199.9093 1.4528 1.6290 4.0319 -16.6579 2.1128 58.4473 -4.8241 -5.8867
Car -1 -1 -8.1631 0.0000 0.0000 853.8406 374.0000 1.5573 1.5946 3.8084 0.3099 1.6480 1.0021 -7.9392 -5.8867
Car -1 -1 -4.6232 176.8113 180.7693 217.6699 207.6548 1.3565 1.5900 4.1345 -22.8098 1.8183 39.9169 -5.1397 -5.9315
Car -1 -1 -3.0499 537.1216 177.3912 595.4955 198.9489 1.4327 1.5394 3.8436 -2.9784 1.7465 49.1291 -3.1105 -6.0306
Car -1 -1 -5.0961 412.4986 184.2076 448.8663 203.0275 1.4289 1.5991 3.7673 -14.7610 2.3913 59.1836 -5.3399 -6.0812
Car -1 -1 -7.6374 0.0000 182.9259 19.1568 264.2093 1.6069 1.8490 4.6014 -15.9148 1.8828 17.3297 -8.3726 -6.1050
Car -1 -1 -5.5924 0.0000 190.7208 0.0000 374.0000 1.5101 1.7627 3.8955 -8.6012 1.7087 6.7940 -6.4753 -6.1533
Car -1 -1 -4.6270 162.5076 188.0896 200.5014 214.5893 1.4242 1.6100 4.2568 -25.8987 2.3934 43.6512 -5.1601 -6.2363
Car -1 -1 -4.7825 520.8501 177.0293 546.2065 198.1576 1.4320 1.5253 4.0710 -5.5626 1.7444 51.8879 -4.8892 -6.2764
Car -1 -1 -7.8265 1126.9598 173.1279 1154.3149 197.1191 1.7760 1.5953 4.3334 40.9336 1.7977 55.6665 -7.1953 -6.4840
Car -1 -1 -7.8203 1046.2462 173.3208 1074.4775 197.9097 1.7285 1.6403 3.7126 32.9452 1.7637 52.7963 -7.2653 -6.6633
