Car -1 -1 -7.8696 568.1315 179.3497 604.5062 210.3679 1.3259 1.5954 3.6213 -1.1729 1.6435 33.4650 -7.9049 4.5429
Car -1 -1 -7.8573 522.2343 178.0941 549.7878 201.2091 1.3412 1.6260 3.5942 -4.6138 1.6783 44.5867 -7.9602 3.0727
Car -1 -1 -7.9997 1008.6778 168.2010 1065.5466 206.2926 1.5711 1.6227 3.5826 18.6590 1.3789 31.7245 -7.4725 0.0120
Car -1 -1 -4.4989 886.4205 182.6821 925.1436 207.4011 1.5502 1.6371 3.9926 20.1018 2.2466 49.0377 -4.1125 -1.1775
Car -1 -1 -5.0780 790.3391 182.1182 822.1932 198.9335 1.5188 1.6145 4.0448 18.8619 2.4386 69.5714 -4.8148 -1.1868
Car -1 -1 -4.8986 1181.3505 171.0946 1241.0000 208.4612 1.7034 1.6539 4.0419 29.1901 1.6229 35.0609 -4.2088 -1.9699
Car -1 -1 -8.8791 1030.7341 169.2120 1144.7927 206.5630 1.5276 1.6418 3.8700 20.7774 1.3783 31.6093 -8.3022 -2.2327
Car -1 -1 -5.5547 930.4897 174.1089 1002.4970 202.7922 1.6379 1.6490 3.7241 21.3443 1.7166 43.4153 -5.1009 -2.8643
Car -1 -1 -8.0253 737.6088 176.3953 761.3672 193.3596 1.5985 1.6348 3.9226 13.6335 1.9553 70.7890 -7.8362 -2.8842
Car -1 -1 -2.5634 0.0000 186.7414 95.3980 218.5235 1.5100 1.6152 3.8347 -28.3088 2.2228 36.0879 -3.2252 -3.0762
Car -1 -1 -5.1772 718.1600 177.6517 751.2226 194.0640 1.5406 1.6349 3.8808 12.2220 2.0266 71.0468 -5.0079 -3.2143
Car -1 -1 -4.7133 1205.2150 183.3117 1241.0000 216.7196 1.5436 1.6666 3.9822 31.3339 2.1049 36.6868 -4.0109 -3.2838
Car -1 -1 -7.7637 755.0491 174.7975 777.9085 193.4265 1.7250 1.7762 4.3784 15.1156 1.9186 69.6565 -7.5513 -3.6038
Car -1 -1 -7.2131 177.6272 179.6385 253.9114 209.3825 1.5271 1.6432 4.0102 -21.8524 1.9237 40.1067 -7.7095 -3.6724
Car -1 -1 -4.7530 607.9384 171.6839 633.8683 199.0365 1.9300 1.7206 4.4298 0.7341 1.8471 53.1494 -4.7397 -3.6836
Car -1 -1 -4.5181 29.9807 185.3185 88.5740 217.8180 1.5636 1.6772 4.3952 -29.5993 2.2750 38.8542 -5.1660 -3.7748
Car -1 -1 -8.3942 961.5317 169.2715 1051.1638 208.9717 1.6353 1.6977 3.8326 17.2393 1.4874 31.6736 -7.9000 -3.9990
Car -1 -1 -7.0278 1000.6094 174.0886 1089.8578 206.7879 1.5720 1.6256 3.6891 21.6199 1.6352 35.9511 -6.4904 -4.0377
Car -1 -1 -5.0987 413.4475 177.6641 453.3235 199.5166 1.6330 1.7199 3.8740 -13.9860 2.0259 56.9058 -5.3390 -4.1719
Car -1 -1 -4.8655 378.5294 174.8034 401.6293 191.2090 1.5157 1.5541 3.8218 -21.1375 1.7080 69.2120 -5.1611 -4.3265
Car -1 -1 -4.9316 795.7305 187.0148 840.5414 213.8393 1.4521 1.6801 4.3292 12.4730 2.3509 43.6007 -4.6554 -4.4141
Car -1 -1 -4.7956 856.7413 175.9936 887.5656 201.1416 1.6744 1.6855 4.1301 18.3806 1.9048 50.8056 -4.4507 -4.4615
Car -1 -1 -4.6358 630.6436 177.8550 660.8669 204.1994 1.5272 1.5803 3.8624 2.2136 1.8500 44.6075 -4.5870 -4.4966
Car -1 -1 -2.7058 371.8731 176.8204 456.9582 206.2403 1.4610 1.5916 3.9371 -10.1117 1.6717 37.2554 -2.9694 -4.5819
Car -1 -1 -5.0156 809.0350 180.8750 846.7011 203.2946 1.6791 1.6957 4.1824 17.3243 2.3429 57.6440 -4.7256 -4.7202
Car -1 -1 -4.5511 562.8209 176.6291 605.8286 205.8286 1.5492 1.7689 4.4079 -1.4403 1.7763 41.1724 -4.5864 -4.7588
Car -1 -1 -4.8386 156.0273 180.8589 195.6113 205.5490 1.5391 1.7733 4.2061 -29.3108 2.1024 48.6055 -5.3790 -4.8160
Car -1 -1 -4.7986 227.5339 178.2240 257.1331 200.8370 1.6921 1.7264 4.4313 -29.3254 2.1367 57.4400 -5.2690 -4.9342
Car -1 -1 -4.0105 0.0000 187.1865 56.7548 226.5836 1.5150 1.6590 4.2627 -26.6122 2.1815 31.4332 -4.7090 -5.1229
Car -1 -1 -4.4358 128.7661 180.1976 181.7308 210.7620 1.6979 1.6124 4.1473 -27.2852 2.1616 43.3648 -4.9949 -5.2050
Car -1 -1 -2.3729 0.0000 171.2344 22.3114 322.5115 1.6408 1.6374 3.9085 -9.8545 1.6229 8.7606 -3.2018 -5.2423
Car -1 -1 -5.1203 770.7560 185.2797 821.4295 211.2305 1.5822 1.6862 4.3678 12.3989 2.4562 48.4759 -4.8720 -5.2464
Car -1 -1 -5.3360 448.0403 173.6084 497.5070 195.3303 1.5086 1.5682 3.8291 -9.9703 1.5648 52.1296 -5.5244 -5.2854
Car -1 -1 -5.4382 719.5276 178.1075 778.8276 201.3368 1.5730 1.6899 4.4356 9.9886 1.9702 52.2541 -5.2508 -5.3209
Car -1 -1 -5.1045 327.3010 176.9904 364.9630 195.5101 1.5293 1.6296 4.0851 -22.9261 1.8994 62.5569 -5.4546 -5.3910
Car -1 -1 -4.6602 31.4283 182.4342 91.1161 219.2305 1.4511 1.8544 4.8788 -24.5164 1.9137 32.3198 -5.3053 -5.5057
Car -1 -1 -4.5509 318.1038 175.6970 357.1609 198.9267 1.3281 1.5670 4.2033 -16.5873 1.5099 44.0073 -4.9096 -5.5566
Car -1 -1 -4.6054 724.5801 178.1595 760.5331 201.8622 1.4338 1.7973 5.1956 8.7712 1.8038 47.6206 -4.4248 -5.6799
Car -1 -1 -3.8955 322.7775 178.9063 365.0192 194.0171 1.4234 1.6750 3.8312 -26.4315 2.0422 71.7257 -4.2476 -5.7753
Car -1 -1 -4.0951 0.0000 185.5996 68.0113 212.6620 1.4854 1.6619 4.2008 -35.2318 2.2962 43.7699 -4.7700 -5.7883
Car -1 -1 -2.1567 0.0000 176.8121 16.4772 349.8748 1.4388 1.6166 4.1024 -8.4894 1.4834 7.1156 -3.0113 -5.7986
Car -1 -1 -4.3683 337.2440 176.2017 385.6090 199.5329 1.3403 1.5596 3.8944 -15.1180 1.5530 43.9689 -4.6979 -5.8867
Car -1 -1 -4.6294 546.9585 175.7453 573.9175 196.1780 1.3560 1.5629 3.9015 -3.4573 1.5656 50.4027 -4.6979 -5.8867
Car -1 -1 -5.0740 1106.6938 169.2300 1182.4130 201.6469 1.4812 1.6202 4.0176 25.8651 1.3153 35.1200 -4.4435 -5.9456
Car -1 -1 -4.7812 316.0792 179.2220 334.3624 194.3420 1.4276 1.4575 3.3750 -28.2572 2.0746 71.5089 -5.1565 -6.0050
Car -1 -1 -4.2602 64.4114 180.3539 152.1498 216.9140 1.4835 1.6049 4.0352 -22.3458 1.8405 32.2600 -4.8623 -6.0872
Car -1 -1 -4.7407 463.7036 175.7659 485.2776 198.1686 1.7281 1.5974 4.0491 -11.0149 1.9720 58.3652 -4.9267 -6.2877
Car -1 -1 -4.2116 0.0000 0.0000 422.7808 374.0000 1.6651 1.6266 4.0997 -1.8978 1.4643 2.5611 -4.8026 -6.2947
Car -1 -1 -4.0956 495.6478 177.6239 552.3596 203.8569 1.4290 1.5861 3.4127 -4.9822 1.7178 41.8644 -4.2137 -6.7037
