Car -1 -1 -7.8225 567.2660 184.5399 620.2528 227.5400 1.2587 1.6221 3.5054 -0.5307 1.6729 23.8368 -7.8452 5.5584
Car -1 -1 -7.7071 507.2490 181.2368 554.2067 213.3366 1.3255 1.6066 3.5073 -3.5579 1.7236 32.5089 -7.8158 5.3314
Car -1 -1 -4.3013 182.1661 187.4181 286.3075 232.3990 1.3145 1.7192 3.7945 -12.5588 1.8439 24.2941 -4.7743 5.1830
Car -1 -1 -4.5525 408.4486 174.8096 437.1791 195.2720 1.6017 1.6658 3.9210 -15.2645 1.7665 58.8942 -4.8054 0.8372
Car -1 -1 -4.8992 630.6706 180.5022 654.7994 195.7334 1.3407 1.5616 3.8519 3.0139 2.0778 67.5551 -4.8552 -1.4145
Car -1 -1 -4.7278 333.6574 178.2680 359.7929 200.8237 1.4784 1.6568 4.2063 -18.5383 1.8751 50.6396 -5.0774 -1.4567
Car -1 -1 -4.6131 128.2364 186.1991 176.6900 221.6558 1.5110 1.5664 3.8076 -21.7520 2.1839 34.3467 -5.1744 -1.4750
Car -1 -1 -4.2962 151.1105 185.9921 225.2131 219.1997 1.4416 1.6097 4.0182 -20.4292 2.1176 35.0568 -4.8208 -2.1453
Car -1 -1 -4.7726 234.8847 175.5444 260.2039 198.2836 1.6831 1.5506 3.3201 -28.0082 1.8971 55.6629 -5.2371 -3.2292
Car -1 -1 -4.7313 390.1152 176.2469 409.9367 194.8474 1.5799 1.6175 3.9946 -18.7340 1.8917 64.2185 -5.0143 -3.7514
Car -1 -1 -4.7306 143.4754 182.8556 192.8262 222.9636 1.4530 1.6113 3.9213 -17.9901 1.8874 29.2678 -5.2779 -3.8877
Car -1 -1 -3.9024 138.8686 180.8979 212.6670 215.2658 1.7496 1.6215 3.2113 -23.6350 2.2074 39.3225 -4.4408 -4.0426
Car -1 -1 -4.7734 409.4084 176.1600 435.3296 197.3746 1.5491 1.7050 3.5683 -14.4233 1.8109 55.2569 -5.0279 -4.0917
Car -1 -1 -4.4426 367.6679 173.4397 404.3178 195.2247 1.6752 1.6828 4.4306 -17.9280 1.7237 57.8435 -4.7421 -4.1705
Car -1 -1 -4.5553 624.1726 177.0539 654.3961 199.9676 1.7166 1.7834 4.0092 2.3228 2.0604 56.9804 -4.5152 -4.1799
Car -1 -1 -4.8114 178.2419 180.7704 232.3930 220.2091 1.4879 1.5963 3.9015 -16.9703 1.8404 30.1030 -5.3212 -4.3367
Car -1 -1 -5.6705 905.7460 172.1825 977.0699 199.1820 1.5854 1.6218 3.7273 20.2922 1.5456 44.3847 -5.2445 -4.3599
Car -1 -1 -7.4953 28.1254 176.7300 94.0935 207.1727 1.5755 1.6526 3.8450 -30.3335 1.8010 39.9498 -8.1417 -4.3759
Car -1 -1 -4.9823 535.8392 182.5006 574.5676 206.2718 1.4725 1.5844 3.9970 -3.7657 2.1505 48.5879 -5.0598 -4.3839
Car -1 -1 -7.3093 0.0000 183.8364 23.6300 230.8294 1.4377 1.4703 3.3529 -21.9822 1.8403 24.6869 -8.0315 -4.5557
Car -1 -1 -4.7877 608.3493 177.5264 633.8549 197.5914 1.5083 1.7162 4.0453 0.8193 1.8923 57.2737 -4.7739 -4.5558
Car -1 -1 -4.9842 659.5092 178.3102 696.4769 201.8787 1.4890 1.5595 3.5546 4.4820 1.8685 48.3462 -4.8928 -4.5592
Car -1 -1 -4.4918 199.0843 179.7404 245.5939 207.6722 1.5135 1.5710 3.9150 -22.6552 1.9362 42.2253 -4.9818 -4.6233
Car -1 -1 -4.3577 199.9440 180.4370 275.8848 219.2658 1.4305 1.5149 3.7657 -15.0530 1.7587 29.3044 -4.8289 -4.7332
Car -1 -1 -6.3582 937.7502 182.9569 1014.9404 214.7700 1.5971 1.6194 3.5564 19.4586 2.1565 38.5509 -5.8944 -4.8154
Car -1 -1 -8.0161 612.8406 169.8885 639.6313 188.0524 1.6863 1.8111 4.8597 1.5023 1.4107 69.5185 -7.9949 -4.8468
Car -1 -1 -4.7478 861.9373 189.7642 889.7370 216.8551 1.5153 1.4734 3.4576 16.3484 2.6033 44.5656 -4.3990 -4.8716
Car -1 -1 -7.8536 510.2998 172.2010 530.6828 189.4519 1.4463 1.6990 4.1526 -7.7962 1.3913 62.6589 -7.9772 -4.9273
Car -1 -1 -4.2324 0.0000 177.5019 44.1310 210.9703 1.5533 1.7412 3.9373 -30.4969 1.7997 36.1831 -4.9292 -4.9330
Car -1 -1 -3.2810 347.5001 180.5706 438.6184 223.5186 1.4970 1.5626 3.0770 -8.1642 1.7998 26.9879 -3.5725 -4.9743
Car -1 -1 -4.6613 565.5160 174.9262 608.0262 212.1349 1.6531 1.8035 4.8208 -1.0893 1.7596 34.7548 -4.6930 -4.9968
Car -1 -1 -2.0310 0.0000 189.7391 26.9143 235.2985 1.5361 1.6309 3.4153 -23.6553 2.1953 26.7757 -2.7498 -5.2210
Car -1 -1 -4.2869 17.2956 182.2861 104.3944 223.5970 1.4596 1.4252 3.3666 -21.3327 1.8503 28.1126 -4.9316 -5.2509
Car -1 -1 -4.6803 735.0980 183.0154 754.6082 200.2824 1.5869 1.7662 3.8453 13.2389 2.6130 70.8142 -4.4967 -5.2922
Car -1 -1 -4.5681 400.2062 176.2781 422.0527 192.8934 1.5058 1.5049 3.4275 -18.7141 1.8363 67.9215 -4.8362 -5.3267
Car -1 -1 -7.3188 514.9993 175.0563 588.3666 210.0084 1.5996 1.6074 4.3663 -2.8383 1.7151 35.6278 -7.3983 -5.4133
Car -1 -1 -4.7085 115.6731 183.4577 165.9559 222.6407 1.5005 1.7175 4.5823 -20.3733 1.9956 31.3192 -5.2815 -5.4660
Car -1 -1 -5.2925 682.3605 177.3598 741.6671 205.4181 1.6482 1.6162 4.2511 6.3168 1.9454 45.3797 -5.1556 -5.5594
Car -1 -1 -4.9198 640.0063 176.5920 672.3202 195.5909 1.3577 1.6074 4.1620 3.4206 1.6515 54.5946 -4.8579 -5.6361
Car -1 -1 -6.0274 120.2934 177.9487 188.9719 207.5160 1.6710 1.5212 3.1278 -26.7283 1.9784 42.3840 -6.5874 -5.6477
Car -1 -1 -4.4040 371.2444 179.9230 416.1214 204.4748 1.3425 1.4706 3.6908 -12.6856 1.7756 42.3824 -4.6934 -5.6725
Car -1 -1 -4.5496 412.5878 177.6169 450.7400 201.6129 1.3383 1.5606 4.1689 -10.6641 1.6375 43.2304 -4.7904 -5.7358
Car -1 -1 -4.4254 382.3132 178.8788 420.7410 199.3066 1.3502 1.5472 3.9355 -14.6647 1.7908 50.8285 -4.7052 -5.7871
Car -1 -1 -4.7288 675.2059 178.3691 697.9567 198.2688 1.4183 1.6375 4.1472 5.7483 1.8528 54.7478 -4.6252 -5.8441
Car -1 -1 -4.4505 584.7664 177.7677 618.8007 197.2871 1.4548 1.6627 4.2210 -0.6348 1.8591 57.1613 -4.4620 -5.8537
Car -1 -1 -6.0420 0.0000 185.0702 117.5213 272.5169 1.7249 1.7715 3.8971 -13.6935 2.0290 16.3347 -6.7317 -5.8574
Car -1 -1 -4.2539 237.4673 178.5826 292.1035 201.5672 1.3707 1.5673 3.9075 -21.9559 1.7510 45.9727 -4.6975 -5.8867
Car -1 -1 -7.8473 0.0000 0.0000 1110.4587 374.0000 1.5436 1.5918 3.8060 -0.1042 1.6018 0.9963 -7.9398 -5.8867
Car -1 -1 -4.4461 404.8409 177.6516 442.1566 198.2958 1.3710 1.5685 3.9079 -13.1110 1.7216 50.7980 -4.6978 -5.8867
Car -1 -1 -5.8532 0.0000 0.0000 1241.0000 374.0000 1.5179 1.6121 3.9648 4.5670 1.5466 1.7170 -4.6976 -5.8867
Car -1 -1 -8.7982 0.0000 0.0000 1144.8153 374.0000 1.5454 1.5928 3.8069 1.5038 1.5899 0.9959 -7.9398 -5.8867
Car -1 -1 -3.5047 0.0000 190.1848 0.0000 374.0000 1.4951 1.6042 3.9545 -7.0821 1.6033 2.5304 -4.6975 -5.8867
Car -1 -1 -4.5436 276.2590 177.2317 313.8425 200.7019 1.4507 1.6114 4.0202 -20.7301 1.7519 47.5439 -4.9530 -5.8867
Car -1 -1 -5.9535 0.0000 0.0000 1241.0000 374.0000 1.5157 1.6096 3.9612 6.1750 1.5299 1.7162 -4.6976 -5.8867
Car -1 -1 -6.9169 0.0000 0.0000 1241.0000 374.0000 1.5443 1.5885 3.8037 -2.1015 1.6340 1.0044 -7.9391 -5.8867
Car -1 -1 -7.2179 634.3436 174.8016 693.8160 202.0267 1.4461 1.5292 3.5280 3.0271 1.5599 40.4255 -7.1442 -5.9189
Car -1 -1 -4.0327 221.1780 180.7080 286.8053 204.9226 1.4965 1.7069 4.1410 -23.7484 2.0453 48.2341 -4.4883 -5.9346
Car -1 -1 -4.6748 204.6636 182.5183 247.0346 215.7782 1.4523 1.6484 4.3189 -18.6859 1.9536 35.1476 -5.1606 -5.9693
Car -1 -1 -4.9416 703.8167 179.6653 740.3140 202.6215 1.5083 1.6291 4.1337 7.8070 2.0075 50.7916 -4.7904 -6.0361
Car -1 -1 -4.8261 564.9247 176.2944 606.0004 207.2202 1.6672 1.8453 4.7400 -1.5253 1.8787 41.9316 -4.8627 -6.1046
Car -1 -1 -6.6446 0.0000 179.2642 144.6001 374.0000 1.5593 1.6578 3.7416 -4.5453 1.6066 3.3198 -7.5460 -6.2892
Car -1 -1 -4.8125 385.0776 175.9793 408.9576 194.0601 1.6178 1.6899 4.7372 -20.1067 1.9227 67.9419 -5.0994 -6.5850
