Car -1 -1 -7.8575 559.4519 183.6022 611.3791 226.9865 1.2697 1.5854 3.5399 -0.8699 1.6509 23.8101 -7.8943 6.5685
Car -1 -1 -4.2553 80.8853 180.0540 215.9204 242.2243 1.6697 1.7942 4.1627 -13.9470 1.9109 22.0410 -4.8142 5.8140
Car -1 -1 -7.7569 503.0587 181.9093 546.0853 212.9735 1.3348 1.6611 3.6683 -4.0038 1.7836 33.9329 -7.8739 5.4227
Car -1 -1 -4.5003 290.9174 182.3040 338.3453 212.2915 1.4875 1.6577 3.4958 -15.8734 2.0202 38.8320 -4.8863 2.5035
Car -1 -1 -4.0137 831.7694 183.8489 879.6306 203.9929 1.6370 1.6988 4.0733 21.2240 2.6142 62.3661 -3.6876 1.1230
Car -1 -1 -7.5069 246.4037 181.2721 301.2448 208.6947 1.4796 1.6555 3.9546 -19.6318 1.9957 42.2243 -7.9400 -0.3516
Car -1 -1 -4.5416 721.7499 178.0256 749.5453 197.1868 1.4806 1.6142 3.8410 10.2702 1.9178 58.9572 -4.3704 -1.5844
Car -1 -1 -4.7929 668.1993 178.6214 687.7532 194.7082 1.5249 1.6412 3.5482 6.6893 2.1100 71.4569 -4.7003 -2.1604
Car -1 -1 -5.7277 0.0000 190.3363 31.5962 249.1268 1.4415 1.6195 3.7721 -18.3285 1.9423 19.5309 -6.4746 -2.2533
Car -1 -1 -4.6311 279.4411 176.7907 305.0919 197.2163 1.6628 1.6733 4.2057 -27.2297 2.0124 61.8715 -5.0444 -2.4783
Car -1 -1 -6.9948 876.6086 184.6673 953.8905 214.0469 1.5182 1.6750 3.7423 16.7756 2.1916 39.7702 -6.5989 -2.9276
Car -1 -1 -7.0064 766.0217 177.4406 824.9623 203.0312 1.8143 1.7641 4.0919 13.7276 2.1649 53.4894 -6.7570 -3.0846
Car -1 -1 -8.3226 610.1467 174.5503 654.2690 199.0826 1.6453 1.6370 3.6056 1.4884 1.7688 50.6461 -8.2939 -3.1987
Car -1 -1 -4.6928 178.4870 185.2330 219.8370 220.1189 1.4584 1.5942 3.9952 -19.2356 2.0750 33.8173 -5.2068 -3.2043
Car -1 -1 -7.8073 473.9488 173.9921 504.8178 203.5726 1.7438 1.7033 4.0399 -7.4796 1.8175 44.8046 -7.9721 -3.2220
Car -1 -1 -2.9300 431.4888 182.6204 497.5734 204.8737 1.4800 1.6004 4.2063 -9.9850 2.1615 49.5433 -3.1283 -3.4602
Car -1 -1 -4.2834 541.8129 181.7083 586.3489 203.7507 1.4091 1.5599 3.9963 -3.1643 2.0486 49.9943 -4.3467 -3.7763
Car -1 -1 -4.5622 681.3017 178.7250 702.8831 194.9307 1.5275 1.6007 3.6338 8.1271 2.1240 71.3920 -4.4498 -4.0972
Car -1 -1 -4.5452 757.1796 177.4227 781.8979 195.4186 1.5015 1.5714 3.3904 13.9317 1.9120 63.0161 -4.3290 -4.1780
Car -1 -1 -4.8124 459.1629 180.8583 480.7009 196.4982 1.4503 1.6784 4.2218 -13.9225 2.2681 71.4873 -5.0044 -4.1838
Car -1 -1 -4.6869 711.1225 184.1271 730.7317 201.1577 1.5276 1.7792 4.4355 10.7940 2.6600 70.1575 -4.5354 -4.2052
Car -1 -1 -4.8944 6.5148 166.2919 55.6839 196.0246 1.7596 1.6917 3.9506 -35.8679 1.3709 44.6342 -5.5686 -4.2442
Car -1 -1 -7.4507 216.3876 180.9602 279.3153 211.6733 1.5317 1.6594 3.8333 -19.5178 1.9914 38.9809 -7.9124 -4.3042
Car -1 -1 -4.7860 41.3972 179.5619 74.6253 205.2038 1.8013 1.6804 4.0701 -41.2528 2.3211 53.8566 -5.4375 -4.3211
Car -1 -1 -5.6996 0.0000 190.6065 94.4706 240.0068 1.4064 1.6807 4.1051 -18.7277 1.9822 22.3584 -6.3911 -4.4208
Car -1 -1 -4.5922 42.7825 164.5822 83.8100 193.5601 1.7473 1.6143 3.7763 -34.4863 1.2482 45.5461 -5.2376 -4.5082
Car -1 -1 -4.6044 488.1968 182.1610 517.3452 204.9132 1.4704 1.5801 4.1289 -7.4845 2.1477 50.4366 -4.7514 -4.6628
Car -1 -1 -7.0822 55.2273 175.9669 122.6480 200.2691 1.6958 1.6964 4.0089 -38.2152 1.9332 52.9970 -7.7047 -4.7859
Car -1 -1 -4.9400 542.2150 182.3024 566.5307 197.7144 1.3940 1.5416 3.7063 -5.4200 2.3328 69.7133 -5.0177 -4.9607
Car -1 -1 -5.2075 789.6900 177.2434 842.3149 200.9995 1.5833 1.6881 4.4153 14.5417 1.9093 51.2929 -4.9332 -4.9963
Car -1 -1 -5.1400 18.3881 181.5388 87.0332 216.9640 1.7506 1.6219 3.3347 -29.3064 2.2244 37.8892 -5.7951 -5.1796
Car -1 -1 -4.5431 475.9928 180.3165 497.8163 195.3407 1.4171 1.5717 3.4656 -12.1923 2.1743 71.5116 -4.7117 -5.2248
Car -1 -1 -4.3276 189.0885 195.3629 238.3064 217.6114 1.4936 1.8417 4.2123 -30.2080 3.2802 55.0835 -4.8275 -5.2484
Car -1 -1 -4.9443 784.0084 184.6706 811.4620 201.0676 1.4793 1.6526 4.2135 18.2259 2.6647 70.2784 -4.6920 -5.3789
Car -1 -1 -4.4391 553.3776 181.4340 583.8353 201.2624 1.5029 1.5239 3.6816 -3.3394 2.2198 58.3479 -4.4964 -5.5068
Car -1 -1 -4.7789 252.7195 191.7020 274.7138 210.7693 1.5549 1.5231 4.1892 -31.4235 3.3199 65.3836 -5.2256 -5.9616
Car -1 -1 -4.6590 750.4370 185.1568 772.3837 206.0176 1.4986 1.4840 3.7024 11.7790 2.4895 56.1491 -4.4538 -6.0002
Car -1 -1 -4.9355 418.2032 178.0506 466.1185 205.2322 1.4697 1.7687 4.5685 -9.9518 1.7923 42.3888 -5.1650 -6.0826
Car -1 -1 -4.7021 315.8515 178.6221 344.8251 204.4716 1.5138 1.6289 3.9522 -17.5797 1.8931 45.3445 -5.0702 -6.1889
Car -1 -1 -7.3967 510.7814 178.1706 575.1514 210.5133 1.5288 1.6241 4.1547 -3.4098 1.8180 37.0692 -7.4882 -6.2130
Car -1 -1 -2.4706 106.5001 184.1092 196.6924 216.1035 1.5669 1.5956 3.7264 -23.5276 2.1597 37.0290 -3.0336 -7.1572
