Car -1 -1 -7.8680 557.6024 179.7108 599.1082 215.3939 1.3412 1.6041 3.7517 -1.3812 1.6422 29.7800 -7.9145 5.5274
Car -1 -1 -7.7732 508.1777 178.9866 541.6219 203.8543 1.3418 1.6361 3.5451 -4.9042 1.7106 41.6233 -7.8902 4.3432
Car -1 -1 -3.9263 945.3152 191.0297 1071.9458 243.4102 1.5000 1.5695 3.3879 12.4986 2.1039 22.7532 -3.4303 4.1797
Car -1 -1 -4.1836 1099.8010 193.0511 1227.2177 245.2049 1.5977 1.7211 4.0044 19.0380 2.3377 24.8813 -3.5369 4.0643
Car -1 -1 -6.2697 801.3872 171.4405 855.2655 192.0613 1.7258 1.7640 4.3622 18.6857 1.6072 61.8824 -5.9781 -1.1525
Car -1 -1 -7.5020 232.8333 176.5503 291.2476 204.3166 1.5624 1.6925 4.5844 -20.9613 1.7975 43.5905 -7.9481 -1.6143
Car -1 -1 -4.4131 42.0555 193.7931 108.9538 228.1104 1.5298 1.6447 3.9568 -27.2846 2.6628 36.9130 -5.0464 -2.0790
Car -1 -1 -6.6726 0.0000 188.7446 64.1916 229.6818 1.3992 1.6641 3.7149 -23.9809 2.0663 28.2705 -7.3715 -2.2872
Car -1 -1 -7.4494 1033.1226 175.6978 1087.8314 199.7907 1.4853 1.6105 3.8923 29.1256 1.6759 46.6771 -6.8947 -2.5260
Car -1 -1 -4.7506 962.9958 162.2214 992.6799 189.6596 1.8720 1.7153 4.0058 26.1312 1.1463 51.4062 -4.2829 -2.8144
Car -1 -1 -5.0024 636.1345 175.6916 665.6703 194.7697 1.6868 1.6152 4.0813 3.7179 1.9570 66.6129 -4.9473 -2.8189
Car -1 -1 -4.8358 486.0867 179.4669 506.7837 194.3399 1.3940 1.5672 3.7925 -11.2918 2.0675 71.4788 -4.9923 -2.8663
Car -1 -1 -8.1810 941.2980 163.1485 981.3222 186.0092 1.6942 1.6447 3.7159 26.8994 0.9746 55.4162 -7.7314 -2.9121
Car -1 -1 -8.8643 1201.0411 193.5378 1241.0000 275.4271 1.5202 1.6010 3.6774 15.8891 2.0461 16.3744 -8.1036 -3.2902
Car -1 -1 -4.9000 888.7054 165.7322 919.3657 187.1237 1.6655 1.6023 3.7681 23.6403 1.1107 58.1811 -4.5160 -3.4335
Car -1 -1 -4.0141 823.4670 180.0255 884.9684 206.4231 1.6361 1.6748 3.9687 16.0305 2.1245 47.4197 -3.6905 -3.4497
Car -1 -1 -5.1451 584.4534 177.4785 618.8068 194.9326 1.4808 1.5723 3.8977 -0.8039 1.9068 64.4230 -5.1579 -3.6334
Car -1 -1 -8.0899 903.4816 179.1699 943.9634 204.4686 1.4744 1.5291 3.4312 19.3843 1.8820 44.7800 -7.6842 -3.6716
Car -1 -1 -4.7010 352.5768 176.2862 372.7737 195.4001 1.6236 1.6513 4.1370 -22.0370 1.9397 64.3097 -5.0302 -3.8604
Car -1 -1 -6.6387 298.5430 172.8300 360.6488 194.1300 1.7258 1.7198 4.5498 -23.5434 1.7235 60.6130 -7.0079 -3.9253
Car -1 -1 -4.4448 1222.2892 182.3873 1241.0000 205.4181 1.3795 1.7336 3.3901 40.9246 2.0121 46.2450 -3.7239 -3.9614
Car -1 -1 -6.3226 0.0000 180.3969 111.2708 258.7251 1.5786 1.6226 3.6476 -13.9212 1.7719 16.7091 -7.0095 -4.0368
Car -1 -1 -5.3552 1201.4111 202.7782 1241.0000 243.7162 1.5027 1.5772 3.6772 27.6861 2.8729 31.1506 -4.6341 -4.1195
Car -1 -1 -4.9088 777.4924 185.6340 816.8145 210.8920 1.5363 1.7180 4.3407 12.4454 2.4314 48.3395 -4.6589 -4.2192
Car -1 -1 -8.0762 1140.7268 192.4549 1241.0000 261.9305 1.5187 1.5901 3.7483 15.2917 2.0885 18.9532 -7.4057 -4.2439
Car -1 -1 -5.2278 1088.5577 176.1630 1155.7466 202.2347 1.5023 1.6096 3.9226 31.1869 1.7136 44.1200 -4.6160 -4.3211
Car -1 -1 -4.5969 712.8488 180.3792 746.0132 206.1471 1.5143 1.6049 4.3651 7.6360 2.0188 46.0774 -4.4342 -4.3763
Car -1 -1 -4.8987 811.5739 185.7366 844.7999 208.7346 1.4517 1.5152 3.6872 14.9225 2.3711 49.5993 -4.6086 -4.4138
Car -1 -1 -7.1190 20.7962 186.6039 125.2733 224.1679 1.4153 1.7161 3.3243 -22.4040 2.0236 30.1988 -7.7533 -4.5070
Car -1 -1 -2.4959 0.0000 194.9131 67.8908 227.4406 1.5401 1.6673 3.9807 -29.9669 2.6781 36.3172 -3.1823 -4.5140
Car -1 -1 -4.6409 779.3710 177.5597 799.0551 196.7151 1.7663 1.5927 3.5973 17.2501 2.2317 69.4505 -4.3989 -4.5497
Car -1 -1 -2.6015 147.2415 180.6613 244.0625 209.7557 1.5076 1.6549 4.2664 -22.2278 1.9358 38.7312 -3.1197 -4.6295
Car -1 -1 -4.3497 364.7527 178.0244 395.0093 194.9860 1.5296 1.5415 3.5948 -21.6784 2.0299 68.0233 -4.6574 -4.6737
Car -1 -1 -4.9339 525.1904 178.1284 561.8946 203.9759 1.5758 1.5453 3.9323 -4.4001 1.9342 46.9590 -5.0272 -4.7309
Car -1 -1 -5.4302 1126.9475 199.7116 1241.0000 243.2722 1.3930 1.5655 3.7985 21.7958 2.4846 27.3991 -4.7642 -4.7362
Car -1 -1 -6.1233 0.0000 180.3288 98.1563 254.8171 1.6256 1.6698 3.9576 -15.1940 1.8279 17.8255 -6.8219 -4.7606
Car -1 -1 -5.3185 1152.5679 202.1470 1241.0000 239.3698 1.4360 1.5080 3.7363 26.6613 2.8440 32.7707 -4.6407 -4.7946
Car -1 -1 -4.1986 1144.4380 167.7285 1202.1761 190.8673 1.6100 1.7734 3.5075 40.3278 1.2531 51.7020 -3.5391 -4.7972
Car -1 -1 -4.7883 737.3694 181.9779 755.3904 195.9023 1.2942 1.4871 3.3560 13.3991 2.2151 71.1045 -4.6032 -5.0348
Car -1 -1 -5.0807 580.2756 176.2078 621.5087 199.2663 1.4613 1.5374 3.6605 -0.6825 1.6946 48.2879 -5.0952 -5.1994
Car -1 -1 -4.9593 387.4872 177.6031 438.0410 206.5385 1.4606 1.6536 4.3337 -10.8785 1.7351 39.4674 -5.2269 -5.3536
Car -1 -1 -4.9680 548.1733 175.0186 600.3000 205.0395 1.5987 1.8074 4.8348 -2.1609 1.7303 41.3737 -5.0203 -5.4939
Car -1 -1 -4.2143 88.3525 187.0055 156.6543 217.6881 1.6961 1.7538 3.9553 -29.5501 2.5956 43.8280 -4.8049 -5.5067
Car -1 -1 -4.7691 541.6688 179.5875 561.4066 196.6502 1.4564 1.5574 3.8327 -5.3279 2.0831 65.1778 -4.8507 -5.6412
Car -1 -1 -4.7424 238.4760 186.5847 262.5180 205.6414 1.4933 1.7272 4.2047 -30.9693 2.7170 62.0597 -5.2038 -5.7183
Car -1 -1 -4.6567 716.1841 176.5139 738.7130 194.9065 1.4054 1.5774 3.9935 9.4580 1.7106 58.0976 -4.4965 -5.7684
Car -1 -1 -4.5919 215.1335 181.6255 249.9708 206.1114 1.5561 1.6402 4.0595 -25.9320 2.1856 49.6123 -5.0716 -5.8320
Car -1 -1 -4.5719 0.0000 193.4749 34.7030 218.3980 1.5346 1.6675 4.1040 -41.4692 3.0324 50.2327 -5.2596 -5.8352
Car -1 -1 -4.7080 96.6790 187.0321 136.4035 222.6655 1.6633 1.6341 4.3833 -25.8357 2.4498 37.7651 -5.3049 -5.8539
Car -1 -1 -4.5200 30.4525 188.9466 86.2448 217.4643 1.4390 1.7230 4.3939 -31.6087 2.4148 41.4136 -5.1690 -5.8735
Car -1 -1 -4.6607 112.0548 185.0108 138.3800 204.8020 1.5675 1.6648 4.0170 -41.6016 2.6470 61.9409 -5.2503 -5.8867
Car -1 -1 -4.5053 0.0000 185.7920 0.0000 213.2767 1.5418 1.6567 4.0090 -41.6074 2.3805 44.6411 -5.2527 -5.8867
Car -1 -1 -4.5956 34.7907 186.0586 70.8781 209.1456 1.5770 1.6698 4.0132 -41.5940 2.6024 53.8966 -5.2506 -5.8867
Car -1 -1 -4.6407 87.3219 186.5496 116.6684 207.9751 1.6098 1.6765 4.0154 -41.6052 2.7725 59.1186 -5.2520 -5.8867
Car -1 -1 -4.4683 0.0000 186.6571 0.0000 216.8104 1.5591 1.6599 4.0141 -41.6070 2.3923 41.4220 -5.2528 -5.8867
Car -1 -1 -4.9524 1241.0000 166.7241 1241.0000 196.7744 1.4907 1.6470 3.9997 41.4680 1.1863 37.9146 -4.1263 -5.8867
Car -1 -1 -4.5295 0.0000 184.4588 0.0000 210.4865 1.5507 1.6641 4.0176 -41.6089 2.3419 47.0581 -5.2508 -5.8867
Car -1 -1 -4.9122 1241.0000 168.1669 1241.0000 195.6044 1.4834 1.6464 3.9973 41.4694 1.2297 41.1311 -4.1264 -5.8867
Car -1 -1 -4.6781 131.4210 184.1691 155.4306 202.8177 1.5405 1.6565 4.0124 -41.6026 2.5831 64.3565 -5.2502 -5.8867
Car -1 -1 -8.6435 0.0000 0.0000 1048.9467 374.0000 1.5462 1.5912 3.8051 1.1137 1.6013 1.0032 -7.9392 -5.8867
Car -1 -1 -5.8848 1241.0000 181.2178 1241.0000 374.0000 1.5335 1.6169 3.9688 6.9794 1.5855 2.5198 -4.6976 -5.8867
Car -1 -1 -4.6097 190.1695 185.7136 223.1321 207.8578 1.4726 1.6791 4.2120 -29.5394 2.4552 52.8813 -5.1172 -5.9187
Car -1 -1 -4.6797 697.4101 179.4450 715.1851 196.0318 1.4274 1.4876 3.6684 8.7483 2.0436 65.5593 -4.5481 -6.0586
Car -1 -1 -4.7664 1125.4412 162.4680 1157.8025 183.3509 1.5560 1.7774 4.2947 41.2145 0.7818 56.0454 -4.1349 -6.1270
Car -1 -1 -4.6281 671.0737 176.8118 692.4771 193.8071 1.4815 1.6157 4.1046 6.5782 1.8554 66.0687 -4.5297 -6.2884
Car -1 -1 -4.5307 113.3492 194.2127 146.6184 216.5594 1.5987 1.5204 3.9746 -38.4358 3.3725 57.8083 -5.1156 -6.6816
Car -1 -1 -5.0815 1120.7881 165.8866 1170.0228 188.8657 1.6003 1.5737 3.8365 38.7138 1.1148 52.3079 -4.4473 -7.1429
