Car -1 -1 -7.8313 568.7606 181.7116 620.0395 222.6995 1.2408 1.6060 3.4946 -0.5367 1.5608 24.3455 -7.8538 5.6406
Car -1 -1 -7.7208 506.4842 178.5270 552.7648 209.7279 1.3024 1.6106 3.6317 -3.6183 1.5730 32.6200 -7.8308 5.5251
Car -1 -1 -4.4294 300.5583 179.5898 362.9743 211.3553 1.3545 1.6637 3.9830 -12.9443 1.6879 33.6905 -4.7939 2.5097
Car -1 -1 -4.6296 432.5324 170.1027 454.6609 189.6764 1.7876 1.6985 4.1170 -15.6827 1.5361 68.0554 -4.8554 1.2177
Car -1 -1 -7.7215 266.2382 179.0024 301.6646 203.7469 1.5858 1.6694 4.2422 -22.4078 2.0279 49.6408 -8.1438 -0.1897
Car -1 -1 -4.7997 326.4505 174.9685 368.1615 207.2616 1.5370 1.6411 4.2137 -13.5169 1.6514 36.8939 -5.1489 -1.2682
Car -1 -1 -4.4016 1049.7157 184.0164 1117.5181 220.5724 1.5268 1.6012 3.5229 21.5950 2.0627 32.9280 -3.8258 -2.2589
Car -1 -1 -5.0252 686.8175 176.8295 730.7202 201.9832 1.5123 1.5951 4.0778 6.2348 1.7785 46.2093 -4.8923 -2.7496
Car -1 -1 -7.0873 736.8325 177.3730 777.7872 196.3802 1.6606 1.5967 3.5983 13.3643 2.0812 65.5174 -6.8874 -2.8307
Car -1 -1 -4.8991 368.3939 172.2254 397.3579 191.0991 1.5563 1.6478 3.9884 -19.4557 1.5041 61.6425 -5.2038 -2.8732
Car -1 -1 -4.4680 775.5844 177.2189 805.5301 195.4487 1.6732 1.7769 4.5145 17.4773 2.1097 69.7897 -4.2240 -3.2684
Car -1 -1 -4.8496 894.8792 182.4215 933.3349 209.9373 1.5143 1.5991 3.7733 18.0955 2.1130 43.1473 -4.4555 -3.3456
Car -1 -1 -4.7172 878.8073 179.1365 908.2531 206.0605 1.5903 1.6725 4.5206 18.0732 2.0128 46.1522 -4.3466 -3.6731
Car -1 -1 -3.8983 218.3265 181.7633 288.5769 208.0762 1.5635 1.6328 4.0400 -22.9461 2.1645 46.5254 -4.3545 -3.7153
Car -1 -1 -7.6764 508.6588 166.2860 543.0679 192.1698 1.7391 1.7053 4.0546 -5.8795 1.2975 50.5559 -7.7918 -3.8507
Car -1 -1 -8.0079 372.9770 174.4013 401.6728 194.5306 1.5207 1.6073 3.7266 -17.5982 1.6467 56.8493 -8.3070 -3.8585
Car -1 -1 -5.1833 592.5941 177.4307 626.2545 193.1263 1.4695 1.7078 3.9295 -0.1072 1.9327 70.9382 -5.1852 -3.9993
Car -1 -1 -6.8015 629.1520 174.6580 689.7674 196.9859 1.6752 1.7160 4.4407 3.8297 1.8197 56.1567 -6.7341 -4.0115
Car -1 -1 -8.3197 823.1715 184.2660 880.5671 212.9773 1.5356 1.6389 3.7879 14.0292 2.2337 42.1682 -8.0012 -4.1034
Car -1 -1 -4.4139 25.5292 191.7567 107.9891 231.7159 1.3697 1.5576 3.7979 -21.5525 2.1756 28.7226 -5.0533 -4.1334
Car -1 -1 -7.7271 803.1394 183.6608 833.0450 206.3752 1.5799 1.6911 3.9191 15.6767 2.4256 54.3522 -7.4483 -4.2909
Car -1 -1 -7.5813 523.2245 166.9541 549.9747 184.3336 1.5802 1.6506 3.3301 -6.8483 1.0435 67.3868 -7.6824 -4.3034
Car -1 -1 -4.4244 616.6042 177.1360 643.5889 192.3643 1.4314 1.6112 3.9348 1.9929 1.8659 71.1353 -4.3969 -4.3927
Car -1 -1 -4.7459 134.3503 184.0727 179.2038 218.8282 1.4733 1.6668 4.1661 -21.5599 2.0388 34.1955 -5.3051 -4.4139
Car -1 -1 -4.9385 160.6232 181.7888 219.2814 217.0407 1.5625 1.6060 4.0101 -20.4624 2.0208 35.0153 -5.4643 -4.4246
Car -1 -1 -4.8160 543.7446 174.4560 578.8153 202.5783 1.5915 1.6689 4.1394 -3.0031 1.6921 43.2647 -4.8854 -4.5818
Car -1 -1 -6.0340 406.8052 174.1660 484.6712 199.0374 1.5739 1.7291 4.6292 -10.6182 1.6602 46.6839 -6.2568 -4.6008
Car -1 -1 -4.5985 546.1735 175.2100 566.6746 191.9418 1.5543 1.5592 3.6986 -5.1496 1.7868 69.4335 -4.6726 -4.6177
Car -1 -1 -4.6021 467.8185 171.8719 500.4847 196.8191 1.5942 1.6766 4.4516 -8.4196 1.5311 48.3809 -4.7738 -4.8749
Car -1 -1 -4.6925 292.6029 178.2808 320.2491 203.4860 1.6492 1.6933 3.9378 -21.1435 2.0432 50.2768 -5.0890 -4.9609
Car -1 -1 -4.9730 724.2401 173.0960 761.3184 198.9955 1.7173 1.5425 3.9571 9.1046 1.7344 49.9142 -4.7940 -5.0539
Car -1 -1 -4.6073 284.7510 178.3045 321.8953 205.5379 1.4529 1.5967 3.3673 -17.4481 1.7768 41.0756 -5.0070 -5.0540
Car -1 -1 -5.2289 602.6025 175.9960 644.0747 196.9222 1.5687 1.6111 3.7539 0.9850 1.8243 56.7334 -5.2120 -5.0656
Car -1 -1 -4.7811 852.6346 186.2326 893.2704 220.9669 1.6651 1.7270 4.3746 14.0105 2.4263 38.7312 -4.4372 -5.0997
Car -1 -1 -4.5025 62.0086 185.7725 144.5662 229.3795 1.4376 1.6630 4.4760 -19.2815 1.9739 27.5859 -5.1082 -5.1574
Car -1 -1 -2.2291 224.1635 178.6435 306.8752 210.3768 1.6432 1.7267 4.5024 -19.0543 1.9766 39.8017 -2.6732 -5.1850
Car -1 -1 -7.8725 594.8210 176.8788 616.7142 198.0963 1.4354 1.4832 3.4964 -0.3577 1.7309 51.2519 -7.8799 -5.3300
Car -1 -1 -4.4167 343.8349 174.1250 388.5382 196.1418 1.5366 1.8634 4.5242 -17.8374 1.6335 52.9092 -4.7406 -5.4536
Car -1 -1 -5.7982 237.6895 181.7629 308.4683 207.4580 1.5657 1.6156 3.7205 -21.2410 2.1382 45.4902 -6.2331 -5.4585
Car -1 -1 -7.9182 570.7122 173.9030 624.3823 217.7916 1.5777 1.8030 4.4362 -0.6132 1.6219 28.3346 -7.9403 -5.4602
Car -1 -1 -4.5839 424.6078 172.9411 453.5613 196.7150 1.6429 1.5514 3.7791 -12.2696 1.6491 51.8347 -4.8155 -5.4838
Car -1 -1 -4.5376 423.6313 176.6326 453.5049 197.5613 1.5263 1.5953 3.7547 -13.1119 1.8253 55.2340 -4.7699 -5.5329
Car -1 -1 -2.1841 0.0000 187.8380 27.9057 374.0000 1.4115 1.5778 4.1226 -6.0118 1.5121 4.0456 -3.1315 -5.6950
Car -1 -1 -7.6022 394.9607 170.7703 423.8015 188.9236 1.6722 1.5930 4.4190 -19.0746 1.4800 68.6902 -7.8723 -5.8152
Car -1 -1 -2.1458 0.0000 189.0467 0.0000 355.4901 1.4315 1.5148 3.8224 -8.8567 1.6206 7.4208 -3.0013 -5.9008
Car -1 -1 -5.3110 0.0000 183.7921 22.1924 321.7249 1.5966 1.8728 4.5156 -10.9026 1.7641 9.8101 -6.1355 -6.4530
