Car -1 -1 -7.7318 508.2357 177.2455 554.1763 209.0764 1.3396 1.6397 3.6162 -3.5547 1.5493 32.6880 -7.8397 5.6706
Car -1 -1 -7.8475 567.5977 180.5807 621.0182 224.3648 1.2793 1.6066 3.4280 -0.5504 1.5482 23.4190 -7.8715 5.3021
Car -1 -1 -4.4353 354.3867 171.7913 400.5942 199.4757 1.6661 1.6921 4.1798 -14.6417 1.6019 45.5407 -4.7450 1.7625
Car -1 -1 -7.1765 759.3149 178.3496 806.2122 198.4415 1.4279 1.6351 3.4083 12.8883 1.8510 53.8952 -6.9435 -0.9893
Car -1 -1 -4.4272 402.8934 175.7249 434.1095 193.7541 1.4770 1.5776 3.7752 -16.3402 1.7295 61.6270 -4.6856 -1.7301
Car -1 -1 -7.8067 587.1967 176.6960 614.2136 201.8000 1.6416 1.6811 4.0441 -0.6367 1.9176 49.8582 -7.8199 -2.2091
Car -1 -1 -8.5437 887.9138 178.7922 967.1219 211.1073 1.5554 1.6601 3.9039 16.4206 1.8819 37.6088 -8.1354 -2.5973
Car -1 -1 -5.0702 643.8918 177.1709 673.2486 191.5612 1.3604 1.6075 3.9863 4.7696 1.8015 71.6351 -5.0043 -2.6276
Car -1 -1 -7.6217 346.5880 175.8533 390.6804 203.9485 1.5220 1.6423 3.4237 -13.7794 1.7005 41.2440 -7.9425 -2.8257
Car -1 -1 -7.4514 54.6165 185.7052 135.8672 223.3802 1.5587 1.6204 3.9782 -23.7578 2.1911 33.4097 -8.0660 -2.8559
Car -1 -1 -4.5889 189.9003 182.3180 230.9359 209.8509 1.5312 1.6794 4.1267 -24.2764 2.1358 43.8872 -5.0918 -2.9979
Car -1 -1 -7.2176 163.2266 168.9862 213.1009 190.2987 1.9297 1.9725 4.1023 -39.4042 1.5792 67.4780 -7.7446 -3.6169
Car -1 -1 -4.2337 0.0000 189.5317 83.1774 230.0580 1.5144 1.6668 4.0278 -24.5680 2.2766 30.8550 -4.9020 -3.7282
Car -1 -1 -5.0807 138.9558 182.0967 194.7652 208.9004 1.5616 1.6424 4.0323 -27.8227 2.1645 45.2098 -5.6299 -3.8858
Car -1 -1 -4.7730 515.3929 174.0077 534.1268 188.5506 1.3886 1.6129 3.6444 -8.4441 1.5051 71.1376 -4.8910 -4.0281
Car -1 -1 -7.9875 501.7218 162.6070 533.3353 186.6108 1.7847 1.8355 4.6051 -7.2624 1.0226 56.1097 -8.1159 -4.0412
Car -1 -1 -4.6166 547.0519 175.0009 581.4927 202.4912 1.5424 1.6538 4.1861 -2.7076 1.6762 42.9339 -4.6796 -4.1696
Car -1 -1 -4.8687 773.1104 176.0462 806.7212 200.3555 1.6028 1.6433 4.0546 12.4400 1.8339 50.2111 -4.6277 -4.2162
Car -1 -1 -6.0571 447.4609 170.5873 509.8141 198.9566 1.6786 1.6587 3.4227 -7.9415 1.5442 43.6027 -6.2365 -4.4805
Car -1 -1 -5.5739 222.1506 180.9041 303.8266 207.4041 1.4882 1.7101 4.2821 -20.5770 1.9802 42.7422 -6.0204 -4.5751
Car -1 -1 -4.0176 613.4175 172.6662 664.5345 194.3622 1.6352 1.7305 4.1750 2.2760 1.6207 56.5088 -3.9779 -4.5851
Car -1 -1 -4.3353 438.4161 177.0123 467.6228 193.4248 1.4890 1.5093 3.5220 -14.8399 1.8929 68.2655 -4.5488 -4.6105
Car -1 -1 -5.1469 461.8099 174.6326 506.0589 196.8936 1.5775 1.6499 4.1345 -9.4398 1.7148 53.6456 -5.3206 -4.7355
Car -1 -1 -4.0747 420.7007 176.4010 475.0474 199.4912 1.6153 1.6545 4.3719 -11.9939 1.8896 53.5257 -4.2944 -4.9080
Car -1 -1 -4.4577 654.7079 173.4797 686.6570 193.6771 1.5667 1.5978 4.0896 4.9134 1.6189 58.2997 -4.3744 -4.9392
Car -1 -1 -7.2683 622.5836 167.2903 665.7038 187.9135 1.7200 1.7277 4.1334 2.9611 1.2557 62.3543 -7.2214 -5.0795
Car -1 -1 -7.1541 0.0000 184.9167 40.2386 273.6194 1.5913 1.7593 4.3144 -14.9858 1.8910 15.7434 -7.9064 -5.2559
Car -1 -1 -7.6130 382.5412 173.1430 410.8216 189.1418 1.5147 1.6089 4.5843 -20.8826 1.5437 70.7243 -7.8994 -5.3174
Car -1 -1 -7.9036 569.9569 168.8509 624.4217 215.9644 1.6625 1.8459 4.7229 -0.6266 1.5209 27.8825 -7.9265 -5.3176
Car -1 -1 -2.1916 0.0000 192.5801 0.0000 365.2927 1.4396 1.6017 4.0920 -8.9067 1.6619 7.1872 -3.0651 -5.4405
Car -1 -1 -4.7066 118.7866 183.0375 164.2996 223.1617 1.7042 1.7094 4.4924 -22.2048 2.2198 34.1949 -5.2792 -5.4434
Car -1 -1 -2.3089 0.0000 182.7296 4.1818 313.4433 1.4653 1.5834 3.6849 -10.1236 1.5992 9.0079 -3.1377 -5.4663
Car -1 -1 -2.0815 0.0000 186.2783 4.9665 296.4026 1.5629 1.7345 4.2154 -12.5887 1.8107 11.9565 -2.8815 -5.5025
Car -1 -1 -4.7462 543.5954 171.2459 577.1606 204.3882 1.6421 1.6104 4.0030 -2.6848 1.5622 37.8256 -4.8170 -5.5097
Car -1 -1 -4.8133 425.7304 177.3090 446.3660 192.8497 1.3982 1.5313 3.6300 -16.4377 1.8300 68.0103 -5.0499 -5.5589
Car -1 -1 -2.1629 0.0000 192.4710 15.7556 374.0000 1.3844 1.5669 4.0187 -6.0461 1.5181 4.0822 -3.1090 -5.6088
Car -1 -1 -5.0972 837.3871 175.9928 876.3990 194.3687 1.4499 1.6428 4.0490 20.3517 1.7184 59.7081 -4.7706 -5.6692
Car -1 -1 -5.2768 669.6378 177.0614 726.8955 199.0237 1.3550 1.6629 4.3844 5.7439 1.6468 47.7488 -5.1582 -5.7266
Car -1 -1 -7.1654 788.1137 177.9044 849.1687 204.0165 1.6760 1.6404 4.2752 14.1392 2.0314 48.9304 -6.8862 -5.8651
Car -1 -1 -7.0091 0.0000 0.0000 1241.0000 374.0000 1.5360 1.5880 3.8033 -1.7125 1.5954 0.9973 -7.9398 -5.8867
Car -1 -1 -8.4289 0.0000 0.0000 948.5656 374.0000 1.5406 1.5904 3.8054 0.6996 1.5829 0.9967 -7.9398 -5.8867
Car -1 -1 -8.9992 0.0000 0.0000 1241.0000 374.0000 1.5372 1.5887 3.8041 2.3075 1.5559 0.9968 -7.9398 -5.8867
