Car -1 -1 -7.8908 552.6218 182.3635 597.8863 219.7146 1.3131 1.6194 3.5876 -1.4554 1.7086 28.1716 -7.9425 5.5599
Car -1 -1 -3.7608 836.0435 189.1642 920.6717 223.5878 1.4333 1.4764 3.3103 11.9491 2.1888 32.2848 -3.4100 4.3469
Car -1 -1 -4.0629 957.6316 191.2561 1051.4220 227.3537 1.5727 1.7542 4.2792 19.0118 2.5037 34.8347 -3.5676 4.1816
Car -1 -1 -7.8058 502.2971 180.7728 534.2398 207.7824 1.3791 1.5759 3.6282 -5.0572 1.8362 39.8066 -7.9318 4.0412
Car -1 -1 -4.4554 756.9121 182.7014 784.6754 199.9048 1.5070 1.6001 3.9473 15.1050 2.4603 67.7548 -4.2375 -1.6787
Car -1 -1 -5.2651 617.9316 174.7075 660.9409 197.9293 1.9689 1.7185 4.4520 2.5391 2.1388 63.9131 -5.2260 -1.9424
Car -1 -1 -5.5532 446.3262 178.6155 512.1061 206.0952 1.5598 1.5615 3.8158 -7.9024 1.9187 43.3175 -5.7330 -2.3917
Car -1 -1 -4.6341 325.0228 178.2729 351.9124 199.1918 1.5596 1.6683 4.2053 -21.5152 2.0059 57.2111 -4.9926 -3.0422
Car -1 -1 -5.1301 867.5618 172.9241 902.4705 190.7025 1.5604 1.5845 3.6753 24.7951 1.5667 65.2252 -4.7687 -3.4183
Car -1 -1 -4.6650 594.0880 182.9099 622.7098 207.6576 1.4057 1.5882 4.0436 -0.0947 2.0572 44.7110 -4.6677 -3.8777
Car -1 -1 -4.3612 161.9336 190.2194 206.0098 212.7553 1.5865 1.6060 4.2311 -33.2894 2.9983 56.4484 -4.8922 -3.8867
Car -1 -1 -4.4122 45.8945 194.1933 105.9340 224.4004 1.5258 1.6917 3.9023 -30.7134 2.8174 41.5626 -5.0457 -4.0674
Car -1 -1 -3.3732 1088.2495 202.8677 1180.0789 235.5925 1.4642 1.6449 3.4445 26.2361 3.0325 36.2942 -2.7520 -4.0699
Car -1 -1 -1.6611 11.2864 198.1787 55.3300 229.0136 1.5236 1.6262 3.5338 -32.4388 3.0097 40.5121 -2.3332 -4.1091
Car -1 -1 -7.9239 554.7878 179.3014 593.4444 210.3277 1.4522 1.6638 4.3664 -1.9341 1.8026 36.9823 -7.9763 -4.1888
Car -1 -1 -7.7488 551.4924 179.5176 587.4933 207.4177 1.4439 1.5983 4.0411 -2.2552 1.8356 40.3823 -7.8048 -4.2619
Car -1 -1 -5.6328 829.4626 174.6848 889.6581 198.8764 1.6307 1.5967 3.8295 17.5542 1.7650 50.9811 -5.3034 -4.3155
Car -1 -1 -7.4644 180.9432 190.5594 226.0008 213.3446 1.7189 1.7604 4.3207 -33.8631 3.2506 60.1825 -7.9753 -4.4451
Car -1 -1 -8.1712 62.2909 173.1342 129.9164 206.1627 1.6155 1.7642 3.7371 -26.5130 1.6303 37.1438 -8.7879 -4.4725
Car -1 -1 -7.7986 552.6049 177.3788 595.7822 216.4070 1.5568 1.6443 4.2841 -1.5386 1.7670 31.4263 -7.8477 -4.5278
Car -1 -1 -7.0958 235.9201 181.2781 377.8312 249.5862 1.5607 1.6051 3.2313 -7.7974 1.8000 18.7249 -7.4859 -4.6549
Car -1 -1 -4.4152 291.4012 180.1459 349.1975 213.4775 1.5821 1.6561 4.0131 -14.9005 1.9788 37.2197 -4.7939 -4.7651
Car -1 -1 -4.8135 431.7409 180.5064 470.2094 207.8153 1.4411 1.7610 3.9715 -9.2151 1.9033 41.4493 -5.0313 -4.8585
Car -1 -1 -2.5209 560.6800 177.8553 638.6772 206.8026 1.5711 1.6625 4.3543 -0.6637 1.8734 41.7450 -2.5372 -4.9121
Car -1 -1 -8.0442 626.7502 182.5981 670.1833 214.6923 1.3932 1.4403 3.2956 1.7308 1.8768 34.1051 -7.9946 -4.9128
Car -1 -1 -4.2231 576.5943 179.7518 623.6237 204.8348 1.6242 1.5824 3.9689 -0.6716 2.1224 50.0184 -4.2370 -5.0549
Car -1 -1 -4.7929 869.5079 173.7394 892.9260 195.1151 1.7655 1.5642 3.8079 23.1758 1.8436 61.8095 -4.4361 -5.0866
Car -1 -1 -4.2540 411.3430 180.3293 453.7266 199.7838 1.4825 1.7174 4.1040 -14.4488 2.1147 58.8561 -4.4941 -5.2179
Car -1 -1 -5.0215 824.6028 172.9773 852.2649 189.3739 1.5148 1.4884 3.5358 21.6190 1.5265 68.4576 -4.7172 -5.3847
Car -1 -1 -4.7844 560.8385 178.3018 584.4749 196.5975 1.4043 1.6190 4.2370 -3.1071 1.8653 58.8961 -4.8373 -5.4376
Car -1 -1 -5.2870 778.5562 183.8614 868.3799 224.1372 1.4080 1.5852 3.7410 8.2449 1.8709 28.3480 -5.0074 -5.5010
Car -1 -1 -2.3637 0.0000 180.4695 23.0375 343.9549 1.4492 1.6184 4.0682 -8.8647 1.5377 7.4478 -3.2179 -5.5219
Car -1 -1 -4.6700 1066.6750 171.9631 1091.6746 191.8671 1.6779 1.6690 4.0686 40.9406 1.6025 62.9671 -4.0959 -5.5473
Car -1 -1 -4.3789 176.4375 186.0105 227.5322 210.6955 1.4163 1.6104 3.9343 -25.7989 2.2871 45.6926 -4.8907 -5.5511
Car -1 -1 -4.7458 372.1143 181.7416 400.7870 204.4693 1.4110 1.7118 4.2555 -15.2100 2.0410 48.8774 -5.0463 -5.5773
Car -1 -1 -5.8380 302.3081 181.1707 425.5128 243.8774 1.4969 1.5354 2.5588 -6.2688 1.7191 18.3832 -6.1628 -5.5787
Car -1 -1 -6.2030 0.0000 181.2431 116.4442 250.3450 1.4757 1.5033 3.6348 -14.1921 1.6973 17.4487 -6.8785 -5.6715
Car -1 -1 -6.1756 0.0000 183.5815 103.1488 224.9177 1.4766 1.4736 3.1798 -21.7017 1.9141 27.9878 -6.8307 -5.6802
Car -1 -1 -4.2926 278.6913 179.9460 335.8492 204.5270 1.3362 1.5580 4.1094 -17.7844 1.7740 42.4937 -4.6870 -5.8224
Car -1 -1 -4.5346 235.5054 186.1562 268.6743 207.9240 1.5785 1.6503 4.1133 -28.3607 2.6738 57.2217 -4.9932 -5.8728
Car -1 -1 -4.6167 1029.6084 168.2303 1055.8074 186.2345 1.6481 1.7192 4.4756 41.0003 1.2246 68.3626 -4.0786 -5.8830
Car -1 -1 -4.5730 6.6030 185.3094 46.4114 209.0329 1.5479 1.6588 4.0136 -41.6052 2.4734 51.4835 -5.2503 -5.8867
Car -1 -1 -4.8417 1213.8895 170.3949 1241.0000 193.5516 1.4713 1.6369 3.9883 41.4717 1.3148 47.9613 -4.1319 -5.8867
Car -1 -1 -4.6684 579.0336 178.4801 598.9165 195.5245 1.4265 1.5856 3.9309 -1.8516 1.9380 63.6683 -4.6977 -5.8867
Car -1 -1 -4.6357 83.8282 184.4189 113.3876 204.8936 1.5367 1.6543 4.0109 -41.6041 2.5121 58.7253 -5.2502 -5.8867
Car -1 -1 -4.4511 0.0000 186.4015 0.0000 217.1743 1.5431 1.6566 4.0127 -41.6081 2.3383 40.2206 -5.2503 -5.8867
Car -1 -1 -4.6605 112.1093 184.3854 138.3295 203.8215 1.5421 1.6570 4.0119 -41.6030 2.5661 61.9429 -5.2501 -5.8867
Car -1 -1 -4.5246 0.0000 184.3134 0.0000 209.9147 1.5113 1.6495 4.0096 -41.6086 2.2861 46.6590 -5.2501 -5.8867
Car -1 -1 -4.4873 0.0000 186.8502 0.0000 216.0323 1.5700 1.6634 4.0157 -41.6061 2.4461 43.0302 -5.2529 -5.8867
Car -1 -1 -4.6152 56.2360 185.4985 89.2741 207.6324 1.5735 1.6642 4.0165 -41.6029 2.5906 55.9025 -5.2528 -5.8867
Car -1 -1 -7.5639 152.3504 0.0000 1241.0000 374.0000 1.5477 1.5911 3.8051 -0.4940 1.6254 1.0031 -7.9392 -5.8867
Car -1 -1 -4.3779 380.2480 179.7164 416.2408 198.3069 1.4170 1.6043 3.9023 -17.1345 1.9916 58.4562 -4.6622 -5.8867
Car -1 -1 -4.6610 359.9098 178.8730 384.4993 198.6263 1.4592 1.6300 4.0423 -18.7042 1.9506 56.7822 -4.9781 -5.9600
Car -1 -1 -4.3176 0.0000 185.3580 0.0000 251.1939 1.3617 1.6715 4.6521 -18.3575 1.7219 18.3317 -5.0964 -6.0778
Car -1 -1 -5.0232 663.6953 181.0418 698.2986 201.0485 1.5730 1.6501 4.3334 5.9207 2.2897 60.8981 -4.9273 -6.2843
Car -1 -1 -4.9138 336.5648 180.6953 376.2101 208.1778 1.6782 1.6522 4.2301 -16.7937 2.2192 47.5759 -5.2517 -6.3047
Car -1 -1 -6.9099 994.1669 188.0213 1055.8021 212.3706 1.5699 1.6543 3.2624 27.9869 2.6157 48.7654 -6.3920 -6.6295
Car -1 -1 -5.6631 753.2106 184.4344 828.5359 212.5926 1.7748 1.8487 4.8878 12.4259 2.6157 49.9563 -5.4213 -7.1907
