Car -1 -1 -3.9772 990.3923 195.3291 1132.0997 253.4040 1.4610 1.5370 3.3624 12.6217 2.1308 20.3027 -3.4284 5.7042
Car -1 -1 -7.8591 559.7706 182.2730 600.0439 215.6460 1.2613 1.5773 3.3772 -1.3058 1.6747 29.9678 -7.9028 5.1439
Car -1 -1 -7.8429 510.8891 180.4580 540.2274 205.1030 1.3306 1.6227 3.5253 -4.9233 1.7915 41.9290 -7.9595 3.9373
Car -1 -1 -4.2690 1160.1532 195.4793 1241.0000 253.7483 1.5851 1.7211 3.8587 19.1615 2.3381 22.4414 -3.5695 3.9223
Car -1 -1 -4.7163 1086.1237 176.5301 1120.2838 203.4541 1.5335 1.6464 3.9996 29.8680 1.7672 43.7950 -4.1213 -1.3582
Car -1 -1 -4.4235 1157.0829 179.0387 1216.6202 207.1651 1.4963 1.6412 3.7828 32.6914 1.8618 40.9162 -3.7533 -1.7165
Car -1 -1 -3.8364 137.6925 190.1461 216.1525 216.5188 1.4944 1.6490 4.2194 -27.6213 2.6536 46.1178 -4.3738 -2.4679
Car -1 -1 -4.3330 261.1654 176.8740 313.1334 203.6815 1.6488 1.6473 4.2238 -21.0588 1.9232 47.1622 -4.7512 -3.1862
Car -1 -1 -5.2001 159.3595 187.2921 222.0242 215.9447 1.5325 1.6084 3.6947 -24.4148 2.4045 41.9275 -5.7249 -3.6672
Car -1 -1 -7.8458 947.5612 160.2751 973.3925 182.4587 1.5846 1.6712 3.8136 26.0191 0.6858 53.6185 -7.3962 -3.7694
Car -1 -1 -4.0548 0.0000 194.5688 96.9777 231.3850 1.5583 1.6667 4.0438 -27.1599 2.6707 34.9483 -4.7119 -3.8640
Car -1 -1 -4.5400 130.9655 190.9676 170.3583 214.7075 1.5977 1.7492 4.6197 -34.8451 3.0350 54.7961 -5.1044 -3.9998
Car -1 -1 -4.5643 824.0748 183.5098 859.1187 209.4946 1.5988 1.6330 4.3658 15.6109 2.3507 48.6158 -4.2560 -4.2494
Car -1 -1 -4.2927 463.3307 175.4096 510.5656 199.3602 1.6189 1.6456 4.4900 -8.7762 1.8100 51.6593 -4.4605 -4.4242
Car -1 -1 -4.7313 132.8230 188.4043 168.2925 218.0254 1.5467 1.6814 4.5076 -27.1208 2.5125 42.4806 -5.2969 -4.4945
Car -1 -1 -4.6597 1165.8796 162.3266 1199.0558 184.8724 1.5770 1.7142 3.5178 41.5273 0.8404 52.3570 -3.9920 -4.5485
Car -1 -1 -7.9001 804.1890 175.1604 826.4867 194.6086 1.6615 1.7156 4.0308 18.2457 1.8737 64.3112 -7.6252 -4.6852
Car -1 -1 -4.8895 167.7982 188.7337 203.1243 211.9062 1.5170 1.5808 3.5583 -30.4463 2.6947 51.6591 -5.4201 -4.6909
Car -1 -1 -4.0287 0.0000 194.8246 75.8245 226.2799 1.5621 1.7562 4.1057 -32.6396 2.8664 40.7783 -4.7006 -4.7311
Car -1 -1 -4.0451 19.8380 193.6402 102.5023 221.3392 1.4789 1.7351 4.2530 -33.2960 2.8046 43.8860 -4.6914 -4.8218
Car -1 -1 -4.5949 1172.8372 165.7245 1215.0110 190.2726 1.6318 1.8488 3.8026 40.4159 1.1576 49.9555 -3.9177 -4.8636
Car -1 -1 -4.9263 527.4889 180.1783 562.4740 203.1124 1.4840 1.5872 4.0968 -4.6039 2.0163 50.2807 -5.0176 -5.0356
Car -1 -1 -4.2243 175.5615 187.8183 235.9840 212.1023 1.5280 1.7254 4.6162 -28.2761 2.6251 50.5902 -4.7320 -5.0742
Car -1 -1 -6.5937 1083.5345 175.5926 1181.2028 204.3596 1.5729 1.7486 4.1794 29.6923 1.7346 41.2020 -5.9730 -5.1359
Car -1 -1 -4.4579 678.5580 179.7613 708.9515 197.7756 1.5583 1.7200 4.4868 7.7537 2.2191 66.6589 -4.3431 -5.1360
Car -1 -1 -6.5248 992.4331 169.9130 1067.4700 196.9345 1.7253 1.7083 3.9657 27.5070 1.5372 47.4405 -6.0023 -5.1947
Car -1 -1 -8.2072 550.3260 176.6389 606.6542 209.0813 1.5700 1.7692 3.6057 -1.7236 1.7763 37.3897 -8.2535 -5.2107
Car -1 -1 -4.0981 354.9772 178.0395 416.8459 205.9767 1.5900 1.6071 3.9663 -13.6275 1.9211 43.9910 -4.3971 -5.3639
Car -1 -1 -4.8654 450.4803 177.3963 479.1422 198.4123 1.4010 1.4606 3.4914 -10.2824 1.7325 50.8081 -5.0644 -5.3946
Car -1 -1 -5.1061 546.2676 176.6506 604.5707 203.8382 1.4996 1.8202 4.6302 -2.1641 1.7385 42.9731 -5.1566 -5.4115
Car -1 -1 -4.1865 1224.4476 169.7293 1241.0000 195.3743 1.5847 1.6742 3.9159 41.4112 1.3913 45.9891 -3.4568 -5.4124
Car -1 -1 -2.2973 0.0000 193.0339 1.8252 307.7520 1.4539 1.5744 3.9986 -11.3524 1.7640 10.2676 -3.1198 -5.4253
Car -1 -1 -4.3594 51.1362 192.1136 124.4958 226.2483 1.4761 1.6187 4.1176 -25.8980 2.4923 35.8839 -4.9812 -5.4658
Car -1 -1 -4.6535 1204.1893 166.2193 1241.0000 192.0031 1.6670 1.7315 4.0922 41.4026 1.2377 48.7290 -3.9524 -5.4860
Car -1 -1 -4.7291 789.1915 186.8567 817.1035 216.4821 1.6957 1.6221 4.5721 12.2312 2.6348 45.9937 -4.4714 -5.5146
Car -1 -1 -7.1440 984.6476 172.2908 1056.8829 201.7149 1.8105 1.7564 4.0971 26.1011 1.7755 45.9197 -6.6303 -5.5378
Car -1 -1 -4.6856 292.2230 182.7487 314.4752 201.3513 1.5028 1.6719 4.1678 -26.7313 2.3962 62.9234 -5.0861 -5.5706
Car -1 -1 -4.2589 310.2810 180.5190 368.7805 206.3605 1.3665 1.5632 3.9561 -15.4834 1.8278 41.4117 -4.6149 -5.6466
Car -1 -1 -4.2068 274.9582 180.6727 338.0356 207.8291 1.4112 1.5721 3.9204 -17.0764 1.8740 40.7015 -4.6020 -5.6988
Car -1 -1 -4.4311 590.1559 177.2524 619.8984 195.0599 1.6487 1.7636 4.3431 -0.4655 2.0911 70.2853 -4.4381 -5.7930
Car -1 -1 -4.7510 560.4531 177.5367 582.6387 195.6695 1.3867 1.6269 4.2085 -3.1738 1.7800 58.4725 -4.8054 -5.8098
Car -1 -1 -5.0931 1181.7074 173.8918 1241.0000 204.0210 1.6373 1.6007 3.7389 34.5420 1.6995 41.3756 -4.4013 -5.8426
Car -1 -1 -4.8486 1099.1882 171.9541 1139.8920 195.4397 1.4760 1.6365 4.0442 33.4630 1.4191 47.5192 -4.2382 -5.8525
Car -1 -1 -4.4883 181.2508 184.5244 227.5222 211.1804 1.5519 1.6789 4.2340 -25.9662 2.3365 46.2597 -4.9976 -5.8674
Car -1 -1 -4.6267 72.3216 183.1997 103.3169 203.9860 1.5335 1.6572 4.0170 -41.6071 2.3887 57.5181 -5.2509 -5.8867
Car -1 -1 -4.3373 0.0000 180.0934 0.0000 254.1916 1.4448 1.6329 4.0372 -17.5025 1.6336 16.6697 -5.1391 -5.8867
Car -1 -1 -4.4257 186.1277 184.6229 224.3399 204.9207 1.5140 1.6237 4.0213 -32.7534 2.5018 58.4401 -4.9349 -5.8867
Car -1 -1 -4.6720 125.1508 184.0020 149.8738 202.8635 1.5388 1.6557 4.0126 -41.6032 2.5536 63.5530 -5.2499 -5.8867
Car -1 -1 -4.5073 0.0000 185.3683 0.0000 212.4622 1.5365 1.6550 4.0130 -41.6076 2.3547 45.0486 -5.2502 -5.8867
Car -1 -1 -4.5415 0.0000 185.1917 10.4102 210.3713 1.5360 1.6545 4.0118 -41.6066 2.3978 48.2664 -5.2503 -5.8867
Car -1 -1 -4.5880 25.6479 185.2850 62.8228 208.3476 1.5542 1.6596 4.0154 -41.6045 2.5057 53.0923 -5.2504 -5.8867
Car -1 -1 -4.9435 1241.0000 170.1130 1241.0000 199.7782 1.5204 1.6552 4.0023 41.4719 1.3796 39.1068 -4.1328 -5.8867
Car -1 -1 -4.6540 101.8715 184.8814 129.2048 205.0109 1.5627 1.6605 4.0129 -41.6023 2.6106 60.7305 -5.2527 -5.8867
Car -1 -1 -4.8796 1241.0000 173.6896 1241.0000 199.8953 1.4981 1.6558 4.0128 41.3852 1.5506 43.5116 -4.1229 -5.8867
Car -1 -1 -4.9139 1241.0000 171.6638 1241.0000 199.8842 1.5406 1.6618 4.0022 41.4687 1.4754 41.5202 -4.1329 -5.8867
Car -1 -1 -4.5655 0.0000 185.7547 37.8634 210.1212 1.5618 1.6632 4.0174 -41.6046 2.5061 50.6778 -5.2505 -5.8867
Car -1 -1 -4.9735 1241.0000 166.9911 1241.0000 197.7926 1.4763 1.6379 3.9894 41.4694 1.1950 36.6990 -4.1313 -5.8867
Car -1 -1 -5.3809 1064.9879 173.2044 1138.1149 197.6411 1.4976 1.7181 4.0704 31.4584 1.5208 46.3729 -4.7881 -5.9613
Car -1 -1 -7.4061 0.0000 184.7832 7.6298 271.2126 1.6274 1.7130 4.1514 -15.8270 1.9359 16.4417 -8.1644 -6.2397
Car -1 -1 -5.1197 712.2443 177.4308 745.3918 194.8225 1.5320 1.5972 3.9167 10.9322 1.9684 66.7550 -4.9585 -6.3139
Car -1 -1 -4.4017 386.0893 178.6658 425.3745 203.1228 1.7493 1.7295 3.9579 -15.4251 2.2047 54.5716 -4.6762 -6.3487
Car -1 -1 -5.5219 800.6365 174.6985 857.8520 202.4461 1.9736 1.4530 4.2441 16.2645 2.1165 53.8168 -5.2304 -6.4580
Car -1 -1 -2.6496 772.3558 161.5999 863.4142 202.2636 2.1818 1.9216 4.6082 11.7196 1.5776 41.0050 -2.3736 -6.5206
Car -1 -1 -7.7925 495.9610 173.6758 515.5020 191.6074 1.6868 1.6183 4.4200 -10.1548 1.7692 70.3511 -7.9356 -6.5626
Car -1 -1 -6.3834 882.1059 161.7910 974.8924 202.3074 2.0230 1.6670 4.2533 16.4071 1.4703 37.4681 -5.9739 -8.3252
