Car -1 -1 -7.7176 506.4676 180.3307 553.8674 213.6422 1.3831 1.6640 3.4860 -3.5834 1.7380 32.5157 -7.8270 6.3937
Car -1 -1 -7.8055 568.2476 184.4439 621.4840 227.0796 1.2403 1.5832 3.4299 -0.4818 1.6481 23.6699 -7.8263 6.0787
Car -1 -1 -4.2736 139.5687 190.4920 256.9352 238.8355 1.2491 1.6192 3.8287 -12.4689 1.8358 22.0452 -4.7834 5.1919
Car -1 -1 -4.4848 399.5426 174.4560 432.3272 195.4087 1.5781 1.6322 3.9629 -15.2215 1.7081 56.6608 -4.7463 0.0009
Car -1 -1 -4.7099 328.7334 178.6259 354.9157 202.0819 1.5115 1.6281 4.0710 -18.5168 1.9268 49.7660 -5.0647 -1.8383
Car -1 -1 -4.8543 626.9182 173.8991 651.9031 192.8717 1.6991 1.7368 4.1871 2.6765 1.7991 67.0301 -4.8149 -2.6856
Car -1 -1 -4.1808 774.7071 183.9508 825.3295 210.1297 1.6187 1.6748 3.5958 12.6468 2.3862 48.0571 -3.9256 -2.7080
Car -1 -1 -8.0872 509.6355 170.7341 538.5883 188.7977 1.4878 1.6379 3.6803 -7.3670 1.3129 61.4386 -8.2064 -2.8132
Car -1 -1 -3.5404 0.0000 160.2369 39.9387 192.9797 1.5340 1.6940 4.1956 -31.4075 0.9426 36.0605 -4.2534 -3.0594
Car -1 -1 -7.3711 80.5849 186.8842 170.8771 225.0769 1.4941 1.6296 3.9806 -21.2602 2.1523 31.8054 -7.9567 -3.3913
Car -1 -1 -4.8495 540.9557 180.0613 573.6979 203.5148 1.4573 1.6471 3.9826 -3.5957 1.9602 48.2561 -4.9239 -3.4009
Car -1 -1 -4.7249 382.5160 176.4054 402.7657 195.3863 1.5819 1.6451 4.1068 -19.0762 1.9034 63.1666 -5.0173 -3.6088
Car -1 -1 -3.1567 81.3784 182.5536 163.3233 212.0104 1.4973 1.5848 3.6553 -26.6760 2.0506 39.4840 -3.7479 -3.7668
Car -1 -1 -4.2363 46.4315 187.9642 128.6186 227.5552 1.5431 1.5377 3.2728 -22.5182 2.2319 31.1742 -4.8579 -3.8709
Car -1 -1 -6.8381 624.1824 179.4200 675.7062 200.8842 1.5829 1.6161 3.6780 3.0658 2.1046 55.7755 -6.7839 -3.9775
Car -1 -1 -4.6068 248.0514 186.2271 280.3963 209.2214 1.4417 1.6042 3.9233 -23.8580 2.4040 49.8178 -5.0517 -4.3399
Car -1 -1 -5.2325 686.0748 177.9734 740.8104 204.9721 1.5619 1.6231 3.8908 6.3092 1.8934 44.6493 -5.0936 -4.4886
Car -1 -1 -4.8273 543.0342 178.9583 579.0613 207.7858 1.5259 1.5659 4.3373 -2.8975 1.8954 41.4326 -4.8972 -4.5171
Car -1 -1 -4.5085 394.7949 177.1120 419.7176 194.0206 1.5018 1.5258 3.5983 -18.7776 1.9070 66.8646 -4.7815 -4.5844
Car -1 -1 -4.9913 746.7546 177.0791 774.2688 194.4730 1.6382 1.6704 3.7395 14.7198 2.0639 70.8207 -4.7876 -4.8608
Car -1 -1 -7.7304 537.3707 175.4713 580.2967 209.7221 1.5831 1.6266 4.1323 -2.5174 1.7203 35.7791 -7.8006 -4.8965
Car -1 -1 -4.8862 592.2272 178.6329 627.6267 201.9147 1.3681 1.5518 4.0293 -0.0843 1.7498 45.5715 -4.8885 -5.2288
Car -1 -1 -5.0896 558.9344 178.0000 624.7474 209.7773 1.4809 1.8347 4.4429 -1.0426 1.7602 36.8065 -5.1182 -5.3442
Car -1 -1 -4.9104 657.9736 181.7769 683.9214 200.0720 1.4450 1.4759 3.6710 5.0760 2.2197 60.7603 -4.8279 -5.4009
Car -1 -1 -4.6309 179.3563 182.1685 229.9461 217.2472 1.4199 1.6424 4.2662 -18.3318 1.8711 32.6987 -5.1386 -5.6967
Car -1 -1 -4.4400 273.3362 181.0111 319.5385 203.7131 1.4007 1.6539 4.6815 -21.1163 1.9784 48.6952 -4.8475 -5.7349
Car -1 -1 -4.5312 0.0000 184.3750 31.7725 282.4727 1.6822 1.9279 4.7096 -14.0624 1.9691 15.4754 -5.2603 -5.8218
Car -1 -1 -1.8272 0.0000 185.9800 0.0000 365.9451 1.5427 1.5810 3.7345 -8.9175 1.7165 7.9929 -2.6505 -5.8502
Car -1 -1 -4.8420 566.2968 176.1615 606.5905 204.9423 1.5598 1.7718 4.4305 -1.4637 1.7626 41.9704 -4.8772 -5.8516
Car -1 -1 -4.3481 92.2621 179.4229 180.6014 221.4199 1.5066 1.6225 3.9221 -18.7042 1.7859 28.6247 -4.9229 -5.8831
Car -1 -1 -7.1460 51.3806 0.0000 1241.0000 374.0000 1.5452 1.5905 3.8045 -1.2981 1.6248 1.0035 -7.9392 -5.8867
Car -1 -1 -4.4256 387.6243 177.6383 427.0753 198.7477 1.3675 1.5673 3.9062 -13.9090 1.7091 49.5987 -4.6979 -5.8867
Car -1 -1 -4.6006 671.4246 177.2525 699.0021 197.5873 1.4556 1.6419 4.0846 5.7142 1.8024 54.7596 -4.4976 -5.8867
Car -1 -1 -8.6433 0.0000 0.0000 1048.7898 374.0000 1.5441 1.5901 3.8045 1.1138 1.5943 1.0039 -7.9393 -5.8867
Car -1 -1 -4.7565 649.9327 176.7520 673.7144 196.7335 1.4083 1.5796 3.9707 3.7901 1.7086 53.6395 -4.6868 -5.8867
Car -1 -1 -4.3411 130.1311 182.7576 207.0289 219.0455 1.4792 1.6090 4.0212 -19.9265 1.9566 32.6872 -4.8852 -5.8867
Car -1 -1 -2.3036 144.1980 182.0695 257.9288 225.0710 1.6664 1.6898 4.2984 -17.0863 2.0694 30.0861 -2.8165 -6.0873
Car -1 -1 -4.3896 178.3803 181.8578 233.5109 207.8457 1.3858 1.6590 3.8246 -23.4317 1.9339 41.9163 -4.8968 -6.1327
Car -1 -1 -7.7720 561.9048 172.8710 621.2710 220.5266 1.6845 1.9174 4.6195 -0.6637 1.6849 27.8672 -7.7962 -6.3540
