Car -1 -1 -7.8355 569.3977 186.4496 603.7266 214.2676 1.2127 1.5796 3.5480 -1.1465 1.9053 34.9864 -7.8687 4.1889
Car -1 -1 -7.8061 523.5533 182.7903 553.4102 207.9612 1.4659 1.6954 3.7833 -4.5023 2.1185 45.4794 -7.9047 3.6630
Car -1 -1 -4.5812 350.6474 181.0205 379.4718 202.1284 1.6552 1.7150 4.5805 -20.6375 2.3711 60.8616 -4.9072 -1.7779
Car -1 -1 -4.7528 1026.9764 178.0260 1068.4556 211.9527 1.6103 1.6358 3.9486 22.3576 1.8906 37.0205 -4.2135 -2.9198
Car -1 -1 -4.4848 932.3610 182.4861 983.2407 213.8356 1.5702 1.6524 4.0550 19.0543 2.1256 39.5301 -4.0391 -2.9751
Car -1 -1 -4.7590 370.3559 185.3506 391.6571 202.2917 1.4457 1.6896 4.5643 -21.5011 2.6582 67.5962 -5.0662 -3.2387
Car -1 -1 -2.9319 424.4179 181.7092 493.6010 209.3942 1.5904 1.6462 3.7579 -8.9562 2.1258 42.8136 -3.1373 -3.2722
Car -1 -1 -3.3722 820.1538 192.9800 884.0656 218.0931 1.5357 1.6602 3.6336 15.5909 2.8654 46.6948 -3.0525 -3.4141
Car -1 -1 -4.6321 844.2424 185.6819 869.0962 206.6739 1.5141 1.5695 3.4800 19.2357 2.5483 56.2831 -4.3049 -3.6696
Car -1 -1 -4.5030 329.4170 183.0612 361.1678 203.6011 1.4896 1.5593 3.8466 -20.6533 2.3148 56.3418 -4.8531 -3.7753
Car -1 -1 -5.5676 719.0704 184.3219 785.7808 209.0641 1.4907 1.7007 4.2462 9.3303 2.2835 47.7042 -5.3762 -3.8389
Car -1 -1 -4.6359 907.3912 178.5686 944.2004 207.6129 1.6142 1.7552 3.4093 18.7122 1.9678 42.7725 -4.2265 -3.9536
Car -1 -1 -5.1369 843.0110 180.2088 892.6917 205.0091 1.6533 1.6778 4.3879 18.3715 2.2030 51.6977 -4.7977 -4.1434
Car -1 -1 -5.2575 1033.4343 177.4162 1112.4890 209.7037 1.5657 1.6269 3.9573 23.9421 1.8154 37.5458 -4.6938 -4.2123
Car -1 -1 -7.9898 1069.2961 160.9551 1117.9750 191.8611 1.6529 1.6990 4.3169 27.3004 1.0162 40.9015 -7.4047 -4.3020
Car -1 -1 -4.5044 759.9309 184.4692 809.9092 216.9259 1.4621 1.6599 3.9841 8.7861 2.0792 36.2014 -4.2688 -4.6348
Car -1 -1 -4.0917 310.8832 186.4343 377.3717 212.1007 1.4173 1.6257 4.3490 -16.3833 2.2999 44.6018 -4.4421 -4.8104
Car -1 -1 -4.7066 645.7542 182.3428 665.6095 201.4686 1.5512 1.6680 4.2474 3.9637 2.4062 62.8561 -4.6444 -4.9452
Car -1 -1 -4.6703 571.8069 182.8977 602.7834 210.0784 1.5088 1.7040 4.2213 -1.3667 2.1468 43.7382 -4.7019 -4.9711
Car -1 -1 -5.1653 516.9377 180.6657 554.3271 199.5673 1.5559 1.6371 4.0900 -6.5874 2.2651 63.3572 -5.2688 -5.0487
Car -1 -1 -4.6468 701.1080 181.5263 729.2444 206.7839 1.6490 1.6939 4.3525 7.4403 2.2893 50.9944 -4.5033 -5.0573
Car -1 -1 -4.8872 440.9599 181.3876 466.9558 201.7609 1.8033 1.6794 4.2543 -14.7710 2.6351 68.0680 -5.1005 -5.1911
Car -1 -1 -4.7549 366.2294 183.2008 397.6905 211.3820 1.6004 1.6871 4.2225 -14.2674 2.2768 44.9164 -5.0611 -5.2156
Car -1 -1 -4.4674 262.1497 190.2506 295.0190 210.5752 1.5952 1.6628 3.9771 -28.6120 3.1488 62.3443 -4.8964 -5.3506
Car -1 -1 -7.4737 241.0810 188.1168 299.6194 213.6626 1.3586 1.6973 4.2667 -20.2613 2.3172 43.1538 -7.9106 -5.3949
Car -1 -1 -5.0349 507.0846 179.7472 548.7659 203.2073 1.5393 1.6517 4.2668 -5.8742 2.0477 50.9666 -5.1495 -5.4713
Car -1 -1 -4.6484 458.5254 181.7417 489.8329 206.1538 1.4406 1.7055 4.3892 -8.7413 2.0414 46.5212 -4.8336 -5.4958
Car -1 -1 -4.6251 323.8026 186.4475 345.2162 202.8589 1.4812 1.6191 4.0058 -27.0297 2.8557 70.8273 -4.9888 -5.5823
Car -1 -1 -7.8733 517.0059 171.5040 535.1289 193.0749 2.0298 1.6606 4.4959 -8.2159 1.9025 70.2354 -7.9897 -5.6043
Car -1 -1 -5.0356 366.5303 182.7150 404.1938 202.4349 1.4459 1.6779 3.9448 -17.8287 2.2543 57.0852 -5.3374 -5.6142
Car -1 -1 -4.6784 575.5194 180.0248 601.9050 202.6156 1.4287 1.6546 4.3803 -1.4442 1.9393 49.2176 -4.7081 -5.6154
Car -1 -1 -4.3013 331.9682 183.7267 366.6028 200.8629 1.4892 1.5887 3.9545 -24.2917 2.5335 67.2976 -4.6468 -5.6635
Car -1 -1 -4.7776 531.5557 180.5579 557.7009 201.1494 1.4195 1.6547 4.2584 -4.9253 2.0158 53.6437 -4.8691 -5.6929
Car -1 -1 -4.7324 426.8254 181.7644 446.2568 200.4658 1.7246 1.7715 4.2411 -17.1076 2.6289 70.9819 -4.9684 -5.7080
Car -1 -1 -2.9664 401.0431 184.3709 459.2414 204.8188 1.5348 1.6272 4.1781 -13.9951 2.4466 56.1870 -3.2099 -5.7391
Car -1 -1 -4.6229 605.2216 182.1678 625.6395 200.1255 1.6633 1.6747 3.8125 0.5401 2.6033 70.8618 -4.6157 -5.7845
Car -1 -1 -4.5347 484.5493 181.0284 515.4443 203.0546 1.4860 1.4947 4.2257 -7.9733 2.1035 52.3948 -4.6854 -5.8260
Car -1 -1 -2.1820 0.0000 184.8904 0.0000 349.7839 1.4480 1.5635 3.8588 -8.8953 1.5884 7.4574 -3.0373 -5.8466
Car -1 -1 -4.9173 611.5652 181.7761 639.6261 201.3719 1.4870 1.5507 3.6771 1.2052 2.2339 58.4785 -4.8973 -5.8531
Car -1 -1 -4.4952 552.3200 182.0675 587.9395 206.3195 1.5829 1.6810 4.0164 -2.7937 2.2586 50.8202 -4.5503 -5.8630
Car -1 -1 -4.4984 437.0841 180.3982 472.0333 201.7976 1.4285 1.6360 3.9602 -11.0877 1.9879 51.5474 -4.7096 -5.8867
Car -1 -1 -4.6502 565.2899 179.2090 585.9075 196.3986 1.4446 1.5901 3.9373 -3.0503 2.0261 64.0802 -4.6979 -5.8867
Car -1 -1 -8.0593 0.0000 0.0000 1083.6559 374.0000 1.5012 1.6006 3.8473 0.3252 1.5602 1.3714 -7.8744 -5.8867
Car -1 -1 -4.4762 0.0000 182.0158 0.0000 210.1809 1.5256 1.6626 4.0286 -41.6134 2.0941 42.6431 -5.2464 -5.8867
Car -1 -1 -3.5477 0.0000 195.6743 0.0000 374.0000 1.5123 1.6086 3.9607 -6.2776 1.6550 2.5301 -4.6974 -5.8867
Car -1 -1 -4.3976 365.0938 182.3779 405.6985 205.0087 1.4912 1.6033 3.9536 -15.9157 2.1931 51.2073 -4.6978 -5.8867
Car -1 -1 -5.8628 1241.0000 178.5103 1241.0000 374.0000 1.5210 1.6090 3.9623 6.5870 1.5561 2.5276 -4.6972 -5.8867
Car -1 -1 -6.7022 0.0000 0.0000 1241.0000 374.0000 1.5627 1.5913 3.8082 -3.7079 1.7210 1.0032 -7.9388 -5.8867
Car -1 -1 -7.2113 156.2827 0.0000 1241.0000 374.0000 1.5064 1.6017 3.8491 -1.2824 1.5956 1.3717 -7.8744 -5.8867
Car -1 -1 -4.4295 0.0000 184.9164 0.0000 216.8170 1.5402 1.6587 4.0204 -41.6108 2.2214 38.6151 -5.2489 -5.8867
Car -1 -1 -4.6252 546.5832 180.0121 568.3828 197.5094 1.4665 1.5958 3.9452 -4.6575 2.1216 64.0800 -4.6979 -5.8867
Car -1 -1 -4.4498 407.9260 180.6403 444.9100 202.4174 1.4548 1.5926 3.9427 -13.1097 2.0328 51.6024 -4.6977 -5.8867
Car -1 -1 -4.4244 389.8046 179.8703 423.8226 198.6067 1.4174 1.5821 3.9274 -16.3246 2.0007 58.0390 -4.6977 -5.8867
Car -1 -1 -8.9130 0.0000 0.0000 1241.0000 374.0000 1.5454 1.5888 3.8038 1.9184 1.5957 1.0035 -7.9391 -5.8867
Car -1 -1 -4.5114 0.0000 183.0300 0.0000 209.5188 1.5290 1.6577 4.0199 -41.6114 2.2001 45.4526 -5.2499 -5.8867
Car -1 -1 -6.8837 1239.8081 150.5536 1241.0000 191.9543 1.5297 1.5555 3.3598 26.5669 0.7055 27.6943 -6.1243 -5.9216
Car -1 -1 -4.0977 0.0000 200.3934 67.5054 233.7467 1.6353 1.6798 3.9181 -32.8626 3.2650 40.6989 -4.7740 -6.2902
Car -1 -1 -4.7911 917.7851 190.4260 950.6592 221.7066 1.4847 1.3159 3.0591 16.8969 2.4448 37.7743 -4.3741 -6.3540
Car -1 -1 -4.6555 252.7327 186.8179 278.6057 210.0414 1.7157 1.6346 4.6175 -27.9930 2.8987 58.6954 -5.0990 -6.4803
