Car -1 -1 -7.8652 544.5114 184.9587 591.6093 224.8917 1.2615 1.5599 3.4702 -1.5618 1.7218 25.6644 -7.9260 5.6339
Car -1 -1 -7.8324 488.9149 180.4295 524.4460 211.0057 1.4261 1.6905 3.5106 -5.2132 1.8274 36.4109 -7.9741 5.4517
Car -1 -1 -3.9603 852.7397 185.1259 917.1326 209.8305 1.5799 1.6989 4.2387 18.8481 2.4508 49.5281 -3.5992 3.3893
Car -1 -1 -3.6727 744.2917 183.3767 805.1111 207.3862 1.4566 1.5491 3.4902 10.4932 2.1480 46.1566 -3.4511 0.5564
Car -1 -1 -7.7026 223.2985 183.1974 263.5522 211.7023 1.5545 1.5935 3.6061 -21.6917 2.1949 42.7329 -8.1701 -1.5062
Car -1 -1 -4.5090 155.2627 192.9098 195.5892 217.6413 1.6142 1.7249 4.1656 -31.8860 3.1496 52.9964 -5.0487 -1.6760
Car -1 -1 -4.1971 586.9890 177.7589 646.7187 206.8718 1.6116 1.6107 4.3860 0.4346 1.9193 43.0182 -4.1877 -3.2764
Car -1 -1 -5.6100 794.4714 184.5160 851.3008 209.9403 1.6152 1.6912 3.4249 14.5241 2.4447 49.4567 -5.3266 -3.3498
Car -1 -1 -4.5217 882.4995 174.6913 911.5503 192.1405 1.6217 1.7697 4.7005 27.8697 1.8060 70.0327 -4.1447 -3.7058
Car -1 -1 -6.0065 838.6668 179.8117 916.4913 210.4773 1.6058 1.6752 3.7714 14.9140 2.0121 40.3797 -5.6556 -3.9593
Car -1 -1 -4.5220 264.7054 176.3899 304.0848 204.3664 1.7908 1.6749 4.1466 -22.0640 2.0413 48.9557 -4.9437 -4.0652
Car -1 -1 -4.9775 767.9934 185.7961 803.1284 208.3075 1.4584 1.5300 3.4377 12.2119 2.3950 50.4883 -4.7421 -4.1355
Car -1 -1 -4.8207 643.1677 182.1277 672.0215 202.9907 1.4226 1.6463 4.5020 3.4564 2.1395 53.5166 -4.7570 -4.2182
Car -1 -1 -4.6158 1002.8346 194.0782 1033.4067 218.0223 1.5050 1.5439 3.5479 28.6178 3.0493 50.6122 -4.1044 -4.3795
Car -1 -1 -4.3328 448.0809 179.4604 488.3248 203.2057 1.5490 1.5870 3.3897 -9.7936 2.0221 49.8890 -4.5260 -4.3861
Car -1 -1 -7.9718 970.6263 181.4606 1025.9926 222.0674 1.5642 1.6250 3.6391 16.3627 1.9529 30.6270 -7.4856 -4.4030
Car -1 -1 -4.8334 138.1204 185.4194 191.8796 218.8880 1.4806 1.7510 4.5411 -22.2792 2.1474 35.9848 -5.3847 -4.4743
Car -1 -1 -2.6126 0.0000 188.9107 25.3164 240.6514 1.3953 1.6387 4.0662 -20.2638 1.9006 21.4757 -3.3628 -4.5357
Car -1 -1 -7.7558 490.2222 178.0782 524.9780 206.9568 1.5934 1.6800 3.4991 -5.9882 1.9119 42.2410 -7.8962 -4.5456
Car -1 -1 -4.7580 578.8688 180.8534 596.6556 197.7713 1.5721 1.5737 3.5748 -2.2172 2.3753 70.6354 -4.7897 -4.5793
Car -1 -1 -7.6469 193.5173 183.4663 241.2970 211.8505 1.5086 1.6504 4.0201 -22.8867 2.1597 42.1274 -8.1421 -4.6391
Car -1 -1 -7.8433 543.2520 176.1209 592.1184 222.4024 1.6933 1.8091 4.3360 -1.7192 1.8340 28.9209 -7.9028 -4.8355
Car -1 -1 -7.9634 402.7068 176.0645 453.3776 216.9561 1.7144 1.7969 4.0374 -8.3699 1.8699 32.8034 -8.2117 -4.9049
Car -1 -1 -4.5126 792.0682 187.6046 822.3210 209.3783 1.6284 1.6325 4.0128 16.1412 2.8793 59.0467 -4.2477 -4.9610
Car -1 -1 -7.9061 659.4226 178.0707 681.8702 199.4843 1.6186 1.5664 4.0428 4.7807 2.0493 57.5779 -7.8242 -4.9672
Car -1 -1 -5.5775 960.0654 192.6258 1022.7643 216.3564 1.4912 1.6401 3.7162 26.7361 2.9373 50.7531 -5.0957 -4.9820
Car -1 -1 -4.6033 474.0276 175.9510 495.8961 195.6484 1.6862 1.5141 3.8327 -11.1438 1.9705 64.3449 -4.7745 -5.0271
Car -1 -1 -4.6944 338.4260 183.6752 365.6730 208.1470 1.5031 1.6494 4.3676 -17.4031 2.2683 48.7124 -5.0361 -5.2031
Car -1 -1 -5.0586 218.7213 185.1766 262.4870 211.2121 1.7084 1.6333 3.5753 -26.1012 2.6082 50.8856 -5.5307 -5.3895
Car -1 -1 -4.6222 378.4604 179.4646 400.3090 194.7684 1.3670 1.6097 4.2511 -20.9727 2.0162 68.6376 -4.9179 -5.4772
Car -1 -1 -4.4432 534.3289 175.7652 587.4085 210.7340 1.6376 1.6634 3.9760 -2.4433 1.7921 36.2562 -4.5105 -5.5066
Car -1 -1 -4.7958 333.2708 179.9200 357.1973 199.6520 1.7251 1.7130 4.6638 -24.7573 2.4085 67.3316 -5.1472 -5.5126
Car -1 -1 -2.5771 0.0000 192.9302 18.1811 374.0000 1.5050 1.6620 4.4245 -8.9660 1.7444 7.1357 -3.4572 -5.6742
Car -1 -1 -5.1494 682.6262 176.5701 735.5251 204.1792 1.5375 1.6297 3.8306 5.7843 1.7684 42.8104 -5.0165 -5.7454
Car -1 -1 -4.1058 247.8959 181.3959 323.9036 211.9084 1.5878 1.7068 4.4763 -18.4472 2.1034 41.2253 -4.5244 -5.7636
Car -1 -1 -4.6187 238.5596 185.7711 265.8925 206.8677 1.6009 1.6495 4.0153 -29.5270 2.7060 59.5792 -5.0773 -5.7745
Car -1 -1 -4.7299 407.6634 179.5292 435.0853 203.2623 1.3756 1.5903 4.2883 -11.9335 1.8162 45.3821 -4.9859 -5.7933
Car -1 -1 -4.4260 603.1801 178.3155 638.3217 198.3845 1.5127 1.6777 4.3022 0.8805 1.9684 57.9412 -4.4113 -5.8152
Car -1 -1 -4.8032 550.4791 176.5895 585.9827 205.3384 1.6344 1.7543 4.4056 -2.6287 1.8735 43.9301 -4.8631 -5.8444
Car -1 -1 -4.7025 1068.8409 172.9509 1091.6923 190.3918 1.4869 1.6444 3.9951 41.4749 1.4954 63.6571 -4.1274 -5.8867
Car -1 -1 -4.6815 1043.8507 172.7772 1065.8872 188.9701 1.4623 1.6366 3.9875 41.4746 1.4550 67.2722 -4.1312 -5.8867
Car -1 -1 -4.6351 83.7839 184.1654 113.4306 204.6836 1.5415 1.6575 4.0146 -41.6046 2.4955 58.7262 -5.2495 -5.8867
Car -1 -1 -8.6435 0.0000 0.0000 1048.9902 374.0000 1.5475 1.5914 3.8054 1.1138 1.6063 1.0032 -7.9392 -5.8867
Car -1 -1 -4.5777 11.5298 183.6133 50.4857 206.6873 1.5266 1.6530 4.0133 -41.6081 2.3320 51.8861 -5.2513 -5.8867
Car -1 -1 -4.6009 39.2370 184.9826 74.3722 207.3965 1.5479 1.6551 4.0092 -41.6048 2.4963 54.2957 -5.2525 -5.8867
Car -1 -1 -4.5325 0.0000 184.9903 0.7544 210.6922 1.5419 1.6573 4.0149 -41.6073 2.3760 47.4630 -5.2495 -5.8867
Car -1 -1 -4.5052 0.0000 185.4238 0.0000 212.7333 1.5338 1.6523 4.0080 -41.6077 2.3486 44.6420 -5.2526 -5.8867
Car -1 -1 -4.4703 0.0000 185.0406 0.0000 214.1139 1.5265 1.6529 4.0135 -41.6093 2.2690 41.8317 -5.2500 -5.8867
Car -1 -1 -6.9166 0.0000 0.0000 1241.0000 374.0000 1.5460 1.5900 3.8043 -2.1018 1.6385 1.0035 -7.9391 -5.8867
Car -1 -1 -4.6534 1029.7917 171.7527 1052.5425 187.6827 1.4813 1.6485 4.0290 41.3661 1.3786 69.2257 -4.1169 -5.8867
Car -1 -1 -7.5638 152.2172 0.0000 1241.0000 374.0000 1.5477 1.5916 3.8054 -0.4942 1.6240 1.0032 -7.9392 -5.8867
Car -1 -1 -5.1367 700.5101 175.8338 752.7120 201.0516 1.4419 1.6108 4.0213 6.9996 1.6318 43.9158 -4.9801 -5.8892
Car -1 -1 -4.1968 0.0000 184.2424 0.0000 264.0148 1.4347 1.6081 4.1446 -16.7459 1.7191 15.8249 -5.0020 -6.0084
Car -1 -1 -5.7243 699.9740 169.7481 763.7915 197.8931 2.4051 2.0525 5.3145 10.7756 2.1394 64.1866 -5.5591 -7.3171
