Car -1 -1 -7.8791 547.7816 185.8160 594.3558 224.5778 1.2613 1.5951 3.4425 -1.5218 1.7682 26.4519 -7.9367 5.3719
Car -1 -1 -7.7924 493.4189 182.4130 530.0933 211.4943 1.3918 1.6802 3.3959 -5.0925 1.9107 37.4402 -7.9272 5.2875
Car -1 -1 -3.9778 879.8608 189.2710 948.9868 216.8241 1.5686 1.6787 4.0278 18.7963 2.6203 44.6220 -3.5821 3.0465
Car -1 -1 -3.6987 769.6012 186.9725 836.4671 214.1438 1.4689 1.5872 3.3977 11.0738 2.3067 41.5746 -3.4408 2.5979
Car -1 -1 -4.9351 694.0701 180.5478 726.6497 201.8914 1.5450 1.6415 3.9956 7.6866 2.1614 55.7766 -4.7994 -1.5470
Car -1 -1 -4.4045 533.1022 182.2627 567.8632 203.3775 1.4883 1.5864 3.6627 -4.4915 2.2252 54.5706 -4.4867 -1.7826
Car -1 -1 -3.8559 786.0697 172.4572 836.7104 190.5519 1.7030 1.8360 4.6514 19.4509 1.6654 69.7372 -3.5853 -1.9707
Car -1 -1 -9.1302 877.4491 181.9766 975.0252 215.2271 1.5038 1.6380 4.1203 15.5418 1.9791 35.6617 -8.7228 -2.6142
Car -1 -1 -5.8701 547.6644 181.2059 607.6793 202.1149 1.4704 1.6192 4.1382 -2.4232 2.1059 53.4364 -5.9157 -3.1691
Car -1 -1 -3.9611 9.8529 198.7846 102.1428 231.8968 1.5487 1.6607 4.0241 -29.9355 3.0284 39.0981 -4.6114 -4.0264
Car -1 -1 -7.9454 517.8933 179.8988 554.0949 209.1574 1.4954 1.6149 4.2483 -4.2088 1.9094 40.1969 -8.0496 -4.0294
Car -1 -1 -7.8738 717.7300 175.5787 735.2997 193.8923 1.7179 1.6064 3.6820 11.2921 1.9900 70.1935 -7.7153 -4.0808
Car -1 -1 -5.3604 658.1021 181.3213 708.7234 202.3209 1.4955 1.6603 4.2019 5.5613 2.1716 55.4064 -5.2614 -4.1160
Car -1 -1 -4.8936 515.6448 183.0679 548.3199 207.2178 1.4104 1.4592 3.3730 -4.9869 2.0801 45.5080 -5.0026 -4.1514
Car -1 -1 -5.1069 609.3385 182.1912 639.1672 197.5271 1.4027 1.5409 3.8792 1.3446 2.3434 70.6246 -5.0884 -4.2779
Car -1 -1 -1.9406 181.9980 193.1277 221.3539 214.1295 1.6812 1.6856 3.9814 -35.9009 3.5152 63.3685 -2.4545 -4.3219
Car -1 -1 -4.2155 399.7871 183.8593 447.6881 206.3758 1.4699 1.5808 4.0015 -13.2209 2.2849 51.3200 -4.4668 -4.3371
Car -1 -1 -4.3400 218.7487 183.5452 277.3401 210.7667 1.4633 1.6651 4.2285 -21.3571 2.1277 42.6786 -4.8018 -4.3737
Car -1 -1 -5.9141 394.9248 179.0953 514.1889 224.5636 1.6044 1.6192 4.0320 -5.7978 1.8464 26.8847 -6.1250 -4.5021
Car -1 -1 -4.3298 298.8921 181.4457 341.8564 202.6131 1.5633 1.7025 4.2128 -22.8887 2.2682 57.1100 -4.7096 -4.7377
Car -1 -1 -4.9596 948.4980 192.0885 1000.0986 223.9882 1.4612 1.4967 3.7456 18.7919 2.5119 37.4383 -4.4982 -4.7428
Car -1 -1 -4.5153 427.0382 181.5889 463.8289 205.0260 1.4087 1.6064 3.8102 -10.6424 1.9974 46.7293 -4.7384 -4.8497
Car -1 -1 -4.8681 602.6442 180.5012 637.9948 206.2470 1.4351 1.4960 4.1927 0.5413 1.9210 43.6964 -4.8564 -4.8597
Car -1 -1 -4.2555 0.0000 198.8618 55.3844 239.1542 1.6861 1.7562 4.5009 -29.6348 3.0579 35.6748 -4.9451 -4.8889
Car -1 -1 -7.9105 824.2673 172.6154 844.8824 190.2512 1.6934 1.7026 4.2571 22.2198 1.6702 71.5535 -7.6109 -4.9055
Car -1 -1 -5.0815 485.5940 178.8585 531.3616 204.5552 1.6335 1.6645 4.2429 -6.9977 2.0613 49.1802 -5.2225 -4.9815
Car -1 -1 -4.9372 912.0936 179.0474 941.7878 196.9223 1.4996 1.5615 3.9425 28.0721 2.0670 64.0581 -4.5263 -5.0078
Car -1 -1 -7.2709 216.9098 180.0567 281.9333 208.7520 1.7947 1.7252 4.4943 -24.2420 2.3032 48.6363 -7.7314 -5.0125
Car -1 -1 -8.0237 821.5138 184.4884 858.9258 211.2414 1.5764 1.6381 3.8887 14.6942 2.3559 46.3251 -7.7190 -5.0532
Car -1 -1 -4.6853 452.5899 179.5597 477.6051 200.4972 1.4315 1.6864 4.1647 -10.6217 1.9435 52.9315 -4.8827 -5.3799
Car -1 -1 -4.6296 533.9946 183.1000 554.3113 200.1281 1.4616 1.5569 3.6268 -6.0142 2.4236 65.9433 -4.7206 -5.4465
Car -1 -1 -4.1777 617.4973 181.6973 658.6940 201.3973 1.5335 1.5082 4.2102 2.3614 2.2989 60.2983 -4.1392 -5.5189
Car -1 -1 -5.0223 610.1195 179.1507 650.0612 200.9686 1.4533 1.6031 4.3413 1.3576 1.9244 51.7030 -4.9967 -5.5952
Car -1 -1 -2.3887 0.0000 192.3480 12.6714 374.0000 1.4595 1.6279 4.4473 -8.9295 1.6802 7.0871 -3.2701 -5.7756
Car -1 -1 -5.1858 685.3633 178.9724 736.6173 202.8984 1.4809 1.6920 4.0773 6.6257 1.9062 47.9899 -5.0499 -5.8412
Car -1 -1 -4.5046 0.0000 184.2540 0.0000 211.2046 1.5196 1.6514 4.0117 -41.6094 2.2586 44.6442 -5.2520 -5.8867
Car -1 -1 -4.7216 1084.2683 172.4838 1108.1062 190.2650 1.4668 1.6374 3.9869 41.4741 1.4360 61.6389 -4.1318 -5.8867
Car -1 -1 -4.3696 489.8468 178.4185 528.1469 198.4892 1.4125 1.6255 3.8914 -7.5416 1.8446 53.9962 -4.5081 -5.8867
Car -1 -1 -4.6488 98.2982 184.8408 126.2242 205.0412 1.5574 1.6641 4.0175 -41.6024 2.5951 60.3318 -5.2506 -5.8867
Car -1 -1 -4.6149 56.1332 186.3139 89.3509 208.7951 1.5944 1.6747 4.0131 -41.6024 2.6771 55.9009 -5.2526 -5.8867
Car -1 -1 -4.7385 1106.2227 171.9159 1132.6720 190.7496 1.4803 1.6427 3.9952 41.4732 1.4063 58.8312 -4.1271 -5.8867
Car -1 -1 -4.9170 547.4614 178.7962 597.1683 210.9658 1.6576 1.8714 4.6538 -2.2264 2.0121 40.5877 -4.9720 -5.9014
Car -1 -1 -4.6949 478.2677 182.4964 495.1873 198.3366 1.4452 1.5602 3.9671 -12.0293 2.4140 70.4406 -4.8638 -6.0200
Car -1 -1 -4.5143 929.9288 192.7188 960.7009 214.9560 1.5592 1.4974 3.5638 25.9407 3.1479 55.8343 -4.0821 -6.4446
Car -1 -1 -1.7787 0.0000 177.1212 62.9426 221.6841 1.9455 1.6351 4.2443 -27.3297 2.1572 33.8586 -2.4541 -7.9393
