Car -1 -1 -7.8348 547.3480 185.2863 597.0333 226.1695 1.2437 1.5867 3.5397 -1.3160 1.7023 24.8379 -7.8879 6.0494
Car -1 -1 -4.2456 69.2880 189.0103 186.8118 241.1906 1.4188 1.6041 3.5938 -15.0288 1.9678 22.6564 -4.8261 5.7567
Car -1 -1 -7.7921 492.4722 182.6254 530.7939 212.0869 1.3222 1.6489 3.4770 -4.8142 1.8251 35.3650 -7.9269 4.6934
Car -1 -1 -3.9049 838.4901 185.4401 896.5091 207.2395 1.5358 1.5778 4.1814 19.3310 2.5090 54.2329 -3.5648 0.5516
Car -1 -1 -4.9210 591.3213 185.3000 625.3492 207.6407 1.4651 1.6225 4.1164 -0.1937 2.3983 51.9335 -4.9252 -0.0980
Car -1 -1 -6.9449 729.9916 184.7746 785.7551 207.4300 1.4902 1.5772 3.6273 10.3362 2.3504 50.5682 -6.7450 -0.5050
Car -1 -1 -7.7008 815.4635 179.6999 850.5787 204.5275 1.4862 1.6059 3.7984 14.3374 1.9456 46.3880 -7.4034 -2.3249
Car -1 -1 -4.5350 766.2531 173.9713 789.9637 192.1039 1.6861 1.5900 3.7464 16.1673 1.7963 69.3774 -4.3073 -2.9771
Car -1 -1 -4.4815 536.3511 179.2817 569.7501 202.1937 1.5599 1.6033 3.7083 -4.1088 2.0418 52.1757 -4.5602 -3.0033
Car -1 -1 -7.1593 799.8097 187.0287 858.2719 211.1841 1.5169 1.6548 3.9813 14.9195 2.5182 49.1976 -6.8671 -3.0502
Car -1 -1 -7.6102 418.9762 176.4043 470.4929 210.1898 1.6218 1.6575 4.0103 -8.4621 1.8139 37.0822 -7.8334 -3.5300
Car -1 -1 -5.0361 874.3170 182.1785 906.8339 203.2142 1.9437 1.7353 4.1172 27.3964 2.8832 70.6239 -4.6680 -3.5404
Car -1 -1 -4.5480 200.6076 180.6560 241.8807 208.0017 1.5700 1.6285 3.9069 -24.0814 2.0764 44.7430 -5.0395 -3.5602
Car -1 -1 -4.3900 0.0000 205.7035 30.7751 240.8322 1.4791 1.6453 3.5087 -30.5516 3.2027 35.9311 -5.0912 -3.5846
Car -1 -1 -4.6663 0.0000 184.0641 21.2654 211.8681 1.7388 1.6939 4.1043 -41.1948 2.5332 49.0003 -5.3628 -3.5876
Car -1 -1 -5.1102 574.6559 177.9260 626.2929 205.3207 1.5500 1.6777 4.0823 -0.6691 1.8735 43.8491 -5.1259 -3.8412
Car -1 -1 -5.0760 777.2100 185.7327 817.7098 208.1325 1.4273 1.4597 3.7973 12.9621 2.3583 50.2077 -4.8253 -3.9158
Car -1 -1 -2.4520 0.0000 191.1003 14.9187 244.9461 1.4305 1.5946 3.6543 -19.6445 1.9767 20.6985 -3.2049 -4.1230
Car -1 -1 -7.6585 719.8464 164.1150 746.8422 185.7675 2.0253 1.7852 4.2634 11.9437 1.2076 69.7994 -7.4900 -4.2553
Car -1 -1 -4.3751 28.1192 205.2038 87.7073 237.0044 1.5437 1.5694 3.6229 -31.3191 3.4693 40.9893 -5.0246 -4.3990
Car -1 -1 -4.6530 610.8513 183.2849 628.2278 198.1892 1.3872 1.5259 3.2997 0.9423 2.4413 71.2368 -4.6403 -4.5806
Car -1 -1 -7.4862 0.0000 201.7240 68.1820 236.7116 1.4965 1.6388 4.0412 -29.3464 3.0484 36.6215 -8.1584 -4.7800
Car -1 -1 -4.7117 535.0928 183.3575 553.0555 200.9410 1.4537 1.5291 3.1463 -5.8016 2.3978 63.2417 -4.8033 -4.8298
Car -1 -1 -7.2218 544.5552 178.9111 598.3243 201.7595 1.5273 1.6867 4.2010 -2.7415 1.9791 51.6287 -7.2750 -4.9993
Car -1 -1 -8.0061 916.2408 178.4664 966.3027 212.2621 1.5206 1.6337 3.8373 16.0573 1.8103 35.2189 -7.5819 -5.0449
Car -1 -1 -4.7036 317.9997 189.0224 342.5788 214.6108 1.5545 1.4807 3.6900 -18.7458 2.6818 48.3326 -5.0721 -5.1869
Car -1 -1 -4.7212 559.1015 177.9944 589.0024 204.0145 1.4499 1.7024 4.3117 -2.2145 1.7737 43.2801 -4.7725 -5.2622
Car -1 -1 -5.3696 756.7582 187.3243 803.9998 208.9479 1.5168 1.5289 3.7816 13.0019 2.6679 55.3762 -5.1408 -5.2705
Car -1 -1 -7.1613 603.8650 176.3789 666.9108 204.5858 1.6127 1.6581 3.9959 1.5471 1.8364 43.8066 -7.1268 -5.2959
Car -1 -1 -5.2849 769.9521 189.4751 810.8940 208.7245 1.5125 1.5063 3.9987 15.5621 3.0015 62.5178 -5.0427 -5.5382
Car -1 -1 -4.1497 575.8017 178.0286 630.2773 200.9146 1.3946 1.5468 4.2265 -0.4359 1.7484 47.1703 -4.1594 -5.6045
Car -1 -1 -4.5158 0.0000 190.3672 0.0000 217.3119 1.5797 1.6834 4.0224 -41.8054 2.7794 47.2751 -5.2372 -5.7299
Car -1 -1 -4.8505 507.6580 182.0190 533.8033 200.4690 1.4825 1.6733 4.2485 -7.7896 2.3048 62.4982 -4.9744 -5.7332
Car -1 -1 -4.8330 381.0081 180.6430 414.8494 202.7059 1.4340 1.7815 4.3021 -15.0200 2.0079 50.8676 -5.1191 -5.7459
Car -1 -1 -4.8568 548.7873 179.9417 574.6333 197.9545 1.4749 1.6720 4.1009 -4.2712 2.1146 62.9761 -4.9246 -6.1173
Car -1 -1 -4.1909 15.3218 189.2368 77.5556 213.9568 1.5109 1.6311 3.7995 -38.0141 2.6625 48.7388 -4.8508 -6.3478
