Car -1 -1 -7.8585 550.4999 183.2699 601.5782 224.9791 1.2615 1.6089 3.4606 -1.2112 1.6401 24.4784 -7.9081 6.5323
Car -1 -1 -4.3209 164.6057 186.9999 248.1641 229.4470 1.4316 1.5583 3.4292 -15.2241 2.0020 27.3200 -4.8254 5.5890
Car -1 -1 -7.7768 496.3523 181.7180 536.7549 212.1945 1.3527 1.6654 3.6526 -4.5186 1.8051 34.9785 -7.9049 5.5608
Car -1 -1 -7.1811 837.6334 184.4190 887.3822 205.4870 1.5414 1.6285 3.8537 19.7194 2.4725 56.3935 -6.8469 -0.0080
Car -1 -1 -4.4569 728.9849 180.3553 763.6641 202.3264 1.5172 1.6326 3.7239 10.0622 2.0915 53.2440 -4.2716 -0.0109
Car -1 -1 -7.9645 927.4386 185.2098 972.6246 219.8582 1.5963 1.6553 3.7367 17.2055 2.2599 36.7291 -7.5301 -0.3233
Car -1 -1 -4.5442 565.2914 177.8004 598.4162 200.3844 1.4665 1.6245 4.1346 -1.9356 1.8235 49.9534 -4.5831 -0.3957
Car -1 -1 -4.7321 231.4586 171.4338 256.2229 192.8250 1.5950 1.6372 3.8329 -28.4062 1.4888 55.8766 -5.2007 -0.7393
Car -1 -1 -4.2271 98.3895 187.1767 196.6159 225.7811 1.4051 1.6639 4.1842 -19.1328 2.0432 30.0090 -4.7909 -1.4688
Car -1 -1 -8.3718 592.6465 175.8264 645.7536 201.4582 1.5414 1.6286 3.9669 0.5034 1.7394 46.0132 -8.3614 -1.8885
Car -1 -1 -4.7241 603.5837 179.2315 625.5878 201.1976 1.5674 1.6050 3.8984 0.2910 2.0667 54.5752 -4.7193 -1.9666
Car -1 -1 -4.5083 151.8207 183.6781 212.3004 219.7758 1.5016 1.6201 4.0136 -19.8031 2.0359 33.4719 -5.0393 -2.1461
Car -1 -1 -4.6703 210.8564 184.0059 247.9496 212.8867 1.4054 1.5938 3.9883 -20.5078 2.0396 38.9104 -5.1528 -2.7121
Car -1 -1 -7.5259 16.9084 183.1363 66.0319 208.6824 1.6938 1.6295 3.7414 -40.5519 2.4566 51.5146 -8.1904 -3.6006
Car -1 -1 -4.5529 806.8844 184.5483 838.5237 208.4737 1.5464 1.5866 3.5646 14.8818 2.3961 50.4943 -4.2684 -3.7163
Car -1 -1 -6.3981 447.9781 175.4201 534.0137 207.1512 1.6224 1.6452 4.3700 -6.4014 1.7640 38.5095 -6.5621 -3.9889
Car -1 -1 -7.5930 420.4672 177.8629 476.6709 209.6250 1.6093 1.8022 4.9711 -8.8642 1.9033 39.8764 -7.8107 -4.0187
Car -1 -1 -5.6179 743.2208 177.9321 810.4455 201.6006 1.5927 1.7705 4.5910 11.9124 1.9741 51.8988 -5.3940 -4.1882
Car -1 -1 -5.1040 375.9044 182.0172 411.4476 202.1877 1.5764 1.5767 3.5984 -18.0379 2.3622 60.0054 -5.3951 -4.3454
Car -1 -1 -4.7246 707.1279 182.9419 724.5678 199.0951 1.4357 1.5878 3.9865 10.0489 2.4265 68.8094 -4.5806 -4.3633
Car -1 -1 -4.0772 767.0706 185.0368 812.3929 205.0416 1.6640 1.7714 4.2337 16.0722 2.7876 64.5290 -3.8347 -4.6570
Car -1 -1 -4.6032 539.4802 181.3370 559.9210 198.2305 1.5737 1.6106 3.7179 -5.9248 2.4300 70.9816 -4.6866 -4.7793
Car -1 -1 -7.7251 514.4318 174.0079 556.0155 208.7812 1.7243 1.6200 4.5378 -3.9350 1.7888 38.2201 -7.8275 -4.8821
Car -1 -1 -4.4678 232.5871 190.6302 271.5970 214.7109 1.9266 2.0120 4.7098 -31.6787 3.5638 63.9544 -4.9264 -4.8845
Car -1 -1 -7.2335 168.6929 185.4431 256.2574 220.6969 1.4620 1.6257 3.8044 -18.2956 2.0779 33.3292 -7.7324 -4.9509
Car -1 -1 -4.6682 0.0000 185.1571 30.1408 211.5168 1.6948 1.5805 3.5142 -41.3220 2.5796 50.0264 -5.3561 -5.0928
Car -1 -1 -7.8545 551.4155 172.8901 604.7969 221.6364 1.7496 1.9177 4.6272 -1.2995 1.7508 28.2566 -7.9007 -5.6128
Car -1 -1 -4.6807 636.9074 183.3723 655.1494 200.4148 1.4893 1.5878 3.7946 3.3688 2.5004 67.4235 -4.6315 -5.6215
Car -1 -1 -4.6809 335.0380 179.8933 363.2774 203.2771 1.4811 1.6801 4.1033 -17.7908 1.9828 49.2434 -5.0262 -5.7550
Car -1 -1 -8.2315 701.4523 182.4344 738.4115 200.7647 1.3059 1.5629 3.6445 8.3710 2.0671 55.3976 -8.0828 -5.8374
Car -1 -1 -4.4880 371.6861 181.5600 409.5525 203.4367 1.3971 1.6226 4.1310 -15.1418 2.0241 49.8792 -4.7816 -5.8601
Car -1 -1 -7.9494 720.6190 177.0740 742.6495 192.3475 1.4402 1.7509 4.1547 11.9769 1.8697 71.3507 -7.7841 -5.8988
Car -1 -1 -4.6109 0.0000 190.5624 8.3836 216.9082 1.5886 1.6614 3.9441 -41.7042 2.8280 48.4167 -5.3194 -5.9032
Car -1 -1 -4.2992 135.5355 201.6410 187.5125 227.7390 1.5339 1.5731 3.8415 -30.3277 3.5631 48.8577 -4.8525 -5.9268
Car -1 -1 -4.9467 101.8852 199.5890 149.8946 227.6013 1.5924 1.6294 4.4065 -31.6720 3.4153 47.1110 -5.5362 -5.9557
Car -1 -1 -4.3743 62.8591 184.0498 109.8568 206.3725 1.4935 1.5681 3.8516 -38.0038 2.3386 52.4176 -4.9994 -6.4456
