Car -1 -1 -7.8511 556.0281 185.7931 597.7134 220.9834 1.2548 1.5593 3.3471 -1.3600 1.7996 28.6901 -7.8987 4.9670
Car -1 -1 -3.8140 880.4578 193.1064 985.6700 235.5984 1.4834 1.5452 3.4577 12.2500 2.2886 27.5103 -3.3999 3.8153
Car -1 -1 -7.8343 505.4461 182.1395 536.1241 208.9762 1.3969 1.6436 3.5992 -5.0365 1.9449 40.7305 -7.9570 3.3861
Car -1 -1 -4.0904 1015.5411 196.9489 1125.5101 240.4592 1.6000 1.7363 4.1968 19.0372 2.6514 29.8972 -3.5287 3.3697
Car -1 -1 -4.3810 280.3112 179.4552 323.1858 203.0608 1.5697 1.6656 3.7047 -21.7414 2.0529 50.9510 -4.7827 -0.5218
Car -1 -1 -4.9650 906.0353 175.5396 939.2669 194.8580 1.5462 1.6110 3.9167 26.0914 1.7783 60.3816 -4.5593 -1.2568
Car -1 -1 -5.2936 1019.8481 181.7654 1081.6875 205.8350 1.5309 1.6185 4.1057 30.1283 2.1678 49.5140 -4.7501 -2.0462
Car -1 -1 -4.7067 337.6311 178.1925 359.4575 198.8164 1.6381 1.6722 4.3001 -22.0418 2.1048 60.8102 -5.0533 -2.7290
Car -1 -1 -6.2811 1090.9047 197.2188 1231.1458 256.4962 1.5435 1.6255 3.2589 16.4580 2.3327 21.7527 -5.6407 -3.0017
Car -1 -1 -5.4871 887.6668 169.0218 943.3666 195.3083 1.9972 1.7227 4.0227 24.0519 1.7058 57.0093 -5.0900 -3.5150
Car -1 -1 -4.4183 96.2963 189.4731 153.2990 219.5797 1.5460 1.6377 3.9532 -27.8800 2.5513 41.5303 -5.0068 -3.6720
Car -1 -1 -4.6117 1076.2986 170.1255 1107.6602 190.0469 1.6142 1.7638 4.5116 40.5937 1.3928 60.7689 -4.0253 -3.7097
Car -1 -1 -4.3772 1152.2186 181.8840 1201.8042 204.0284 1.4925 1.6324 3.8501 40.6639 2.1617 51.7692 -3.7145 -3.7157
Car -1 -1 -4.9312 813.9326 177.9140 849.8604 201.1823 1.6268 1.6402 4.3076 16.4046 2.0180 53.6171 -4.6363 -3.9163
Car -1 -1 -4.5038 310.5609 180.4825 343.5678 200.6479 1.4806 1.6257 3.9493 -22.1868 2.1010 56.6315 -4.8758 -3.9289
Car -1 -1 -7.6990 303.3934 179.2061 329.8417 198.7905 1.6691 1.6328 3.7987 -26.3529 2.2576 64.8479 -8.0839 -4.0086
Car -1 -1 -4.9596 580.2302 183.8929 618.1978 207.7127 1.4488 1.5918 3.9710 -0.7951 2.2151 47.9801 -4.9766 -4.0106
Car -1 -1 -5.9181 58.0089 194.1924 134.7280 219.6235 1.4920 1.6411 3.6074 -32.4705 2.8787 45.6585 -6.5338 -4.0312
Car -1 -1 -4.4689 0.0000 193.6536 50.0013 227.7420 1.5042 1.6720 3.7648 -29.8516 2.6129 36.4116 -5.1522 -4.1072
Car -1 -1 -5.0477 972.4497 182.3223 1015.1346 204.1807 1.5526 1.6451 3.9884 29.2491 2.3036 55.1590 -4.5628 -4.3112
Car -1 -1 -4.3381 597.0754 181.8962 648.9974 211.2034 1.5586 1.6182 4.1474 0.7796 2.1121 41.9706 -4.3203 -4.3724
Car -1 -1 -4.6175 1109.7368 174.8974 1139.2512 193.5941 1.4447 1.5656 4.1718 41.5664 1.6154 58.3003 -4.0008 -4.3724
Car -1 -1 -4.3880 461.5080 179.1076 504.5788 203.8577 1.5634 1.6785 3.9961 -8.5536 2.0038 48.7424 -4.5612 -4.5135
Car -1 -1 -4.8124 962.3259 199.2943 1004.9363 231.0630 1.3913 1.5699 3.2809 18.7721 2.7925 36.4323 -4.3407 -4.5406
Car -1 -1 -4.6819 667.5975 184.4915 690.7915 206.1916 1.4565 1.5727 3.8246 5.0398 2.3362 52.5657 -4.5874 -4.5568
Car -1 -1 -4.3445 478.8958 180.4984 510.0022 199.0435 1.6857 1.7206 3.7338 -11.0737 2.4403 69.2452 -4.5028 -4.5725
Car -1 -1 -4.2658 25.6634 194.6569 95.2676 225.0183 1.5108 1.6099 3.8920 -31.1182 2.8101 40.9403 -4.9128 -4.6591
Car -1 -1 -5.1020 340.2568 178.8180 381.2919 199.9569 1.6044 1.7407 3.9680 -20.0837 2.1005 57.9919 -5.4342 -4.7950
Car -1 -1 -7.6789 546.5154 180.1232 600.5511 220.4087 1.6092 1.7242 3.7957 -1.5700 1.9467 31.5314 -7.7289 -4.9149
Car -1 -1 -6.8278 84.3626 184.9593 277.0339 283.7823 1.5753 1.4498 2.7216 -7.9264 1.8260 13.4210 -7.3530 -4.9695
Car -1 -1 -4.6419 971.4779 184.2371 999.9456 207.8406 1.6007 1.6010 3.7913 27.5544 2.4675 52.9288 -4.1647 -5.0731
Car -1 -1 -3.8984 180.4105 186.7951 240.0548 211.2263 1.6073 1.7465 3.4797 -28.5557 2.6409 51.5884 -4.4020 -5.0947
Car -1 -1 -7.7316 564.2746 179.4391 599.8165 207.7730 1.4943 1.5849 3.5702 -1.5741 1.8828 40.7559 -7.7705 -5.1121
Car -1 -1 -4.6223 292.2513 187.6589 315.2500 204.9707 1.4874 1.6435 3.8344 -28.6896 2.9173 67.6228 -5.0224 -5.2064
Car -1 -1 -7.8123 556.8483 181.2019 590.3990 209.9262 1.3761 1.5909 3.7521 -1.8882 1.8319 37.5435 -7.8627 -5.3731
Car -1 -1 -4.2518 213.4012 181.9984 293.0088 216.4838 1.5310 1.6576 4.5318 -17.4742 2.0095 35.5080 -4.7065 -5.3881
Car -1 -1 -7.1452 179.9871 181.0394 288.6955 220.9275 1.5799 1.7007 4.5666 -16.5454 1.9700 31.9901 -7.6194 -5.4643
Car -1 -1 -4.5119 655.7949 184.5999 685.8993 206.3794 1.5965 1.5914 4.2113 4.8641 2.5696 57.5546 -4.4286 -5.4749
Car -1 -1 -2.0713 0.0000 172.2178 37.0937 342.5639 1.4594 1.8121 4.5762 -8.8008 1.4536 7.5815 -2.9135 -5.5339
Car -1 -1 -4.3042 627.6034 182.4584 682.1938 210.6505 1.5651 1.7798 4.2480 2.7540 2.1800 43.9187 -4.2425 -5.5705
Car -1 -1 -4.5241 639.7209 183.8887 663.9057 201.2431 1.5489 1.6166 3.8985 4.0151 2.6379 69.1388 -4.4668 -5.5759
Car -1 -1 -4.7970 547.8719 180.4088 579.5133 206.4407 1.5844 1.7253 4.0301 -3.1078 2.1013 47.2692 -4.8628 -5.7005
Car -1 -1 -4.7546 791.5682 184.7729 815.4535 209.6413 1.7577 1.5869 3.6900 14.6524 2.6963 54.8626 -4.4955 -5.7387
Car -1 -1 -4.6225 365.1183 179.5042 391.8755 199.1627 1.4504 1.6456 4.0875 -18.2364 1.9943 56.8783 -4.9317 -5.7531
Car -1 -1 -2.1857 0.0000 181.6534 0.0000 302.4524 1.3898 1.6112 4.3476 -10.8457 1.5184 9.5139 -3.0224 -5.8635
Car -1 -1 -4.5678 246.6849 182.3571 279.1313 205.0474 1.5996 1.6624 3.9615 -26.3397 2.3491 54.7955 -5.0143 -5.8666
Car -1 -1 -2.5014 0.0000 0.0000 792.6795 374.0000 1.8577 1.9375 4.7261 -2.1439 1.4048 2.1619 -3.2235 -5.8801
Car -1 -1 -4.8849 1241.0000 169.1196 1241.0000 194.3651 1.4634 1.6347 3.9867 41.4702 1.2466 43.9391 -4.1320 -5.8867
Car -1 -1 -4.4963 0.0000 185.5947 0.0000 213.5208 1.5379 1.6538 4.0102 -41.6077 2.3495 43.8372 -5.2527 -5.8867
Car -1 -1 -4.6539 101.9103 184.3241 129.1637 204.1348 1.5404 1.6550 4.0092 -41.6036 2.5396 60.7319 -5.2527 -5.8867
Car -1 -1 -4.5936 30.3045 184.2470 66.6206 206.7375 1.5327 1.6532 4.0127 -41.6061 2.4109 53.4925 -5.2524 -5.8867
Car -1 -1 -4.5332 0.0000 185.8496 0.7499 211.7955 1.5519 1.6605 4.0145 -41.6059 2.4452 47.4605 -5.2503 -5.8867
Car -1 -1 -4.3160 424.2319 178.4075 464.1906 198.1318 1.4314 1.6139 3.9119 -12.7513 1.8748 55.5885 -4.5407 -5.8867
Car -1 -1 -4.6218 68.4179 183.2666 99.9228 203.9975 1.5175 1.6525 4.0138 -41.6068 2.3724 57.1193 -5.2493 -5.8867
Car -1 -1 -5.8403 1241.0000 181.4557 1241.0000 374.0000 1.5311 1.6162 3.9685 6.1754 1.5846 2.5203 -4.6976 -5.8867
Car -1 -1 -4.9213 351.0529 177.7054 383.5610 200.0157 1.7984 1.7013 4.6670 -20.8021 2.2292 61.6673 -5.2456 -5.9074
Car -1 -1 -4.6224 160.2160 187.0686 202.5031 214.1547 1.4469 1.7691 4.8081 -25.9651 2.3593 43.7736 -5.1554 -5.9527
Car -1 -1 -4.5598 215.4485 186.7665 248.2341 207.8498 1.5229 1.6964 4.0940 -29.9810 2.6691 57.2485 -5.0406 -5.9560
Car -1 -1 -4.2474 0.0000 183.1525 0.0000 246.4841 1.4168 1.6329 4.3833 -19.1934 1.7244 19.2380 -5.0247 -6.4257
