Car -1 -1 -7.7092 505.8058 181.5185 553.4521 214.2420 1.3665 1.6664 3.5159 -3.6456 1.7823 32.8628 -7.8193 6.5778
Car -1 -1 -7.7973 569.3708 185.4215 621.2860 226.5169 1.2553 1.5976 3.4924 -0.4915 1.7195 24.8987 -7.8175 5.7132
Car -1 -1 -4.1088 0.0000 188.5670 129.1255 279.1774 1.4400 1.5904 4.1087 -11.6357 1.7970 14.3021 -4.7828 5.0012
Car -1 -1 -4.4909 355.5410 181.7919 399.6176 208.1547 1.3680 1.5678 3.7968 -13.0978 1.8966 40.7314 -4.8004 2.7139
Car -1 -1 -4.3637 619.6956 180.6901 660.6402 202.5754 1.4279 1.6098 4.0093 2.1361 2.0026 50.7850 -4.3224 -1.7731
Car -1 -1 -4.3450 261.2613 176.6950 325.2012 209.2888 1.5636 1.6761 4.0101 -16.2520 1.7719 37.1347 -4.7552 -1.7871
Car -1 -1 -4.5507 391.0143 176.7093 414.9642 194.2513 1.5287 1.5609 3.3955 -18.7670 1.8876 65.4378 -4.8292 -1.8351
Car -1 -1 -4.1311 733.5117 181.5134 771.5076 199.9755 1.6713 1.6645 3.9850 13.6709 2.5256 69.2057 -3.9374 -1.9570
Car -1 -1 -4.6511 287.3779 179.1860 314.4868 201.2663 1.5163 1.5905 3.7711 -22.5925 1.9969 52.7634 -5.0542 -2.2189
Car -1 -1 -7.6616 510.3668 171.7864 541.9026 193.8210 1.5856 1.6322 3.8669 -6.2548 1.5085 53.9128 -7.7769 -2.3162
Car -1 -1 -4.8822 287.8475 179.7342 314.4596 197.0344 1.4489 1.5651 3.7189 -27.4368 2.0778 63.9958 -5.2859 -2.5595
Car -1 -1 -4.4246 403.7296 176.2573 434.3738 194.8688 1.6271 1.7045 3.7373 -17.3605 1.9454 65.6645 -4.6824 -3.2588
Car -1 -1 -4.8415 217.9975 179.9970 254.3263 205.8806 1.6972 1.7250 4.3982 -26.4248 2.2233 50.8781 -5.3186 -3.2632
Car -1 -1 -4.8128 717.9393 180.2685 756.8433 209.7366 1.4758 1.6514 4.3082 6.8682 1.9036 39.4536 -4.6422 -3.3712
Car -1 -1 -4.6100 847.6960 179.8860 875.3738 201.8755 1.4780 1.5264 3.5402 18.0020 1.9999 51.6567 -4.2769 -3.7204
Car -1 -1 -4.7518 616.8411 181.3667 634.1206 195.4420 1.3040 1.5486 3.6975 1.4818 2.1629 70.9630 -4.7314 -3.7479
Car -1 -1 -7.9292 68.2338 175.0560 115.0247 208.8499 1.6848 1.7114 4.3443 -27.7170 1.8087 38.4760 -8.5503 -3.8336
Car -1 -1 -7.8014 369.1867 179.0053 400.9402 205.7647 1.5174 1.6341 4.1709 -13.7523 1.9125 44.1578 -8.1019 -3.9156
Car -1 -1 -4.8220 540.6106 181.8162 576.5400 207.3568 1.4163 1.7122 4.2470 -3.2072 1.9882 43.8286 -4.8952 -4.1880
Car -1 -1 -2.5302 96.3503 167.6408 182.8324 192.1389 1.5812 1.7537 4.6037 -30.9736 1.2444 47.5311 -3.1053 -4.2465
Car -1 -1 -2.4100 447.4362 176.0570 515.5616 202.7429 1.5492 1.6473 4.0248 -7.9008 1.7523 44.0697 -2.5867 -4.5033
Car -1 -1 -8.1235 522.1559 174.8425 549.0063 190.0850 1.4440 1.6886 3.7358 -7.3618 1.6448 70.9361 -8.2268 -4.5435
Car -1 -1 -4.5878 627.8965 180.9030 651.5379 199.7532 1.4527 1.4915 3.7332 2.4423 2.1352 59.2458 -4.5473 -4.6567
Car -1 -1 -4.3972 528.4248 178.4376 583.6650 210.4985 1.4863 1.6199 3.9738 -2.6888 1.7834 36.3108 -4.4711 -4.8062
Car -1 -1 -4.5489 500.4147 180.5553 524.1559 197.9935 1.4611 1.5573 3.3122 -8.6119 2.1578 63.6178 -4.6833 -4.8353
Car -1 -1 -7.6396 43.0888 175.2959 98.1822 205.8477 1.6271 1.6881 3.9603 -30.5467 1.7726 40.9242 -8.2778 -4.8539
Car -1 -1 -4.5280 401.4268 178.7080 439.3547 205.4081 1.5246 1.5683 3.7739 -11.5441 1.8970 43.9894 -4.7835 -4.8882
Car -1 -1 -5.1787 466.8353 176.7309 513.6835 199.1355 1.5479 1.5465 4.4511 -8.8492 1.8438 52.8817 -5.3441 -4.9293
Car -1 -1 -5.0342 690.8597 181.0349 723.0227 197.8176 1.5255 1.7622 4.5001 9.3771 2.3489 70.2764 -4.9026 -5.0328
Car -1 -1 -4.8765 408.1271 177.7155 436.7818 197.1155 1.4197 1.5434 3.8172 -14.5836 1.8098 55.8901 -5.1308 -5.0743
Car -1 -1 -4.3193 215.9788 175.7974 263.8647 202.1652 1.6386 1.5549 3.4907 -24.1022 1.8376 47.0431 -4.7907 -5.0797
Car -1 -1 -4.6309 543.9388 178.3067 565.1804 194.5549 1.5190 1.7566 4.0715 -5.4340 2.0697 70.8654 -4.7075 -5.1573
Car -1 -1 -4.8655 574.7450 177.5156 614.0832 202.9139 1.3846 1.6646 4.2951 -1.0063 1.6730 42.4246 -4.8896 -5.2562
Car -1 -1 -4.2689 0.0000 187.9150 37.8778 279.9153 1.5654 1.6786 4.0079 -13.9976 1.9264 15.1458 -5.0062 -5.3157
Car -1 -1 -4.7333 319.8702 178.5760 352.7785 209.3698 1.5018 1.5390 3.4337 -14.3941 1.8159 37.7682 -5.0954 -5.3811
Car -1 -1 -4.9994 564.5746 180.0850 618.5450 209.2329 1.4153 1.7279 4.2600 -1.0874 1.8235 38.4655 -5.0280 -5.4068
Car -1 -1 -5.0920 425.6855 177.0504 458.2923 193.1170 1.3975 1.5738 3.8743 -15.3847 1.7922 65.8661 -5.3208 -5.5121
Car -1 -1 -4.1508 640.0499 173.9140 703.7732 205.2708 1.5955 1.5196 4.0219 3.3515 1.6554 38.9163 -4.0661 -5.6584
Car -1 -1 -4.8779 672.4876 182.6710 696.6537 200.8222 1.5014 1.5208 3.7145 6.5241 2.3930 63.6446 -4.7767 -5.6609
Car -1 -1 -4.8120 435.3464 180.4484 469.8712 207.2743 1.4740 1.6243 3.8830 -9.4391 1.9477 42.9327 -5.0275 -5.6681
Car -1 -1 -7.8981 572.3846 177.4392 622.2544 221.8529 1.6140 1.7851 4.3945 -0.6268 1.8118 28.9365 -7.9203 -5.7172
Car -1 -1 -4.2614 375.1142 174.4950 422.1162 202.2135 2.0255 1.7741 4.2536 -16.1476 2.1560 55.2375 -4.5448 -5.7826
Car -1 -1 -4.5176 591.4202 178.4699 621.1484 197.3589 1.4547 1.6541 4.2162 -0.2911 1.9319 59.1184 -4.5230 -5.8745
Car -1 -1 -4.8656 445.4166 177.7101 475.8701 196.9892 1.3836 1.6430 4.2929 -11.4990 1.7705 55.2385 -5.0702 -5.8749
Car -1 -1 -7.8472 0.0000 0.0000 1110.2649 374.0000 1.5512 1.5942 3.8081 -0.1040 1.6278 0.9957 -7.9398 -5.8867
Car -1 -1 -4.4780 432.6754 178.1871 463.4641 196.1177 1.3746 1.5678 3.9092 -13.1025 1.8208 58.4495 -4.6979 -5.8867
Car -1 -1 -4.5003 646.9428 177.1698 674.5183 194.3322 1.4472 1.6321 4.0504 4.5170 1.8433 64.1057 -4.4307 -5.8867
Car -1 -1 -6.7850 0.0000 0.0000 1241.0000 374.0000 1.5493 1.5894 3.8046 -2.9051 1.6623 1.0036 -7.9390 -5.8867
Car -1 -1 -4.6408 554.5078 178.1506 583.2755 201.6821 1.4319 1.5871 3.9331 -2.6595 1.7894 46.7734 -4.6977 -5.8867
Car -1 -1 -9.1541 0.0000 0.0000 1241.0000 374.0000 1.4978 1.5996 3.8455 5.5485 1.4946 1.3678 -7.8743 -5.8867
Car -1 -1 -4.4574 414.1310 178.0036 450.2313 198.4577 1.3792 1.5700 3.9107 -12.7013 1.7613 51.6110 -4.6979 -5.8867
Car -1 -1 -8.9131 0.0000 0.0000 1241.0000 374.0000 1.5567 1.5924 3.8076 1.9186 1.6332 1.0027 -7.9390 -5.8867
Car -1 -1 -3.5047 0.0000 189.9363 0.0000 374.0000 1.4952 1.6040 3.9544 -7.0820 1.6019 2.5305 -4.6974 -5.8867
Car -1 -1 -4.1486 629.9148 174.4777 689.6190 201.3757 1.4890 1.5583 4.0758 2.9304 1.5887 42.3021 -4.0804 -6.0581
Car -1 -1 -4.3641 715.4344 178.8744 747.1058 196.0114 1.4296 1.5251 3.8959 10.7150 1.9782 63.7182 -4.1987 -6.1028
Car -1 -1 -7.7594 709.1332 174.8208 729.8196 194.4062 1.7627 1.5694 3.7261 10.2190 1.9514 67.3375 -7.6098 -6.2671
Car -1 -1 -6.5959 760.5604 172.8129 840.6912 202.9022 1.7890 1.7355 4.3901 11.5203 1.7863 43.8947 -6.3414 -6.3757
