Car -1 -1 -7.7122 505.1310 177.5570 552.7590 210.3043 1.3815 1.6515 3.6624 -3.6704 1.6073 32.8285 -7.8231 5.3285
Car -1 -1 -7.8434 569.3333 181.9479 620.2708 223.1725 1.2643 1.6185 3.5702 -0.5527 1.5981 24.7154 -7.8662 5.3048
Car -1 -1 -4.0824 0.0000 183.8790 50.3064 305.7812 1.5204 1.6594 4.5010 -11.5170 1.7356 11.7634 -4.8459 3.2126
Car -1 -1 -4.4766 340.2648 178.8577 390.2419 206.9639 1.3845 1.6271 4.0080 -13.0242 1.7217 38.4938 -4.8011 2.8475
Car -1 -1 -3.9579 733.2031 176.5968 775.8997 196.9926 1.8497 1.6952 3.9570 13.6060 2.2114 67.9504 -3.7615 -1.4156
Car -1 -1 -7.8171 594.8341 178.7404 618.9215 199.3814 1.3948 1.5941 3.7471 -0.2236 1.8321 51.7386 -7.8219 -1.5846
Car -1 -1 -7.6913 364.7227 174.2837 396.1815 196.0933 1.6102 1.6620 4.1538 -17.7112 1.7247 55.7321 -7.9979 -1.8205
Car -1 -1 -3.8618 193.2166 180.5235 268.0352 207.9345 1.4905 1.5149 3.8518 -22.2830 1.9635 42.4615 -4.3427 -1.8936
Car -1 -1 -5.0151 268.7061 174.5737 311.7833 197.4344 1.5534 1.6474 4.1500 -22.8614 1.6807 51.4496 -5.4315 -1.9612
Car -1 -1 -7.6057 846.1514 174.8447 882.8499 197.5983 1.5181 1.5872 3.6155 17.7826 1.6623 50.4275 -7.2689 -2.1684
Car -1 -1 -4.2928 289.0548 175.4549 347.4986 203.4842 1.5286 1.6980 3.8614 -16.8093 1.6856 41.6746 -4.6742 -2.4199
Car -1 -1 -4.8124 346.5245 173.1823 385.0145 202.5040 1.5959 1.6673 4.4635 -14.1970 1.6157 41.7012 -5.1389 -2.5298
Car -1 -1 -4.9539 377.8549 173.6801 406.7567 192.1665 1.5796 1.6020 3.7302 -19.3099 1.6547 63.8455 -5.2467 -2.7950
Car -1 -1 -4.7583 543.9225 176.7295 581.2151 207.3219 1.3994 1.6364 4.3393 -2.4485 1.6036 35.8244 -4.8266 -3.3384
Car -1 -1 -8.3664 858.4665 171.1609 909.2538 194.2326 1.6429 1.6764 4.1848 20.2366 1.5220 53.5747 -8.0074 -3.4235
Car -1 -1 -4.1425 191.7164 178.5059 264.4132 207.3236 1.4871 1.6386 4.0554 -21.1901 1.8177 40.1459 -4.6257 -3.5402
Car -1 -1 -3.3778 283.0212 178.9045 348.1404 202.1730 1.4610 1.6351 3.7306 -19.5863 1.8776 47.9667 -3.7638 -4.3407
Car -1 -1 -6.0894 0.0000 181.8535 138.3449 260.5288 1.5570 1.5321 3.3085 -12.5989 1.7744 16.0313 -6.7476 -4.4591
Car -1 -1 -6.5286 869.6523 175.6317 935.0128 201.2274 1.6091 1.6337 3.6235 18.8160 1.7924 46.6428 -6.1478 -4.4913
Car -1 -1 -4.6117 625.0226 177.1922 648.7134 196.5840 1.5095 1.5740 3.7158 2.1988 1.8756 58.9864 -4.5750 -4.5286
Car -1 -1 -7.6294 212.0736 181.1024 251.3376 205.2057 1.5245 1.6193 3.4478 -25.5618 2.1034 48.7907 -8.1100 -4.5920
Car -1 -1 -4.6809 853.8319 173.1353 877.2891 194.8975 1.6484 1.6265 4.0583 20.1501 1.6711 56.8950 -4.3425 -4.6279
Car -1 -1 -7.3613 530.1659 163.4409 567.8586 184.2768 1.9520 1.8753 4.2009 -5.8869 1.0698 69.8968 -7.4452 -4.6378
Car -1 -1 -5.1589 629.9648 175.3011 677.5424 198.8117 1.4983 1.6042 4.0363 2.8634 1.6702 48.6060 -5.1008 -4.6776
Car -1 -1 -7.8565 1129.5143 162.5652 1181.3573 201.5509 1.7412 1.8787 4.5306 26.0724 1.2814 34.6042 -7.2151 -4.7663
Car -1 -1 -2.5076 787.5686 186.4099 861.5021 215.1833 1.6849 1.7172 4.4190 13.7805 2.6042 46.6735 -2.2228 -4.8410
Car -1 -1 -4.8641 539.8321 176.0998 575.2056 203.9368 1.6115 1.5807 3.9589 -3.3052 1.8203 44.3687 -4.9385 -5.0909
Car -1 -1 -4.6009 335.6588 177.6428 366.5049 199.5382 1.4297 1.6069 3.6851 -17.9155 1.7740 49.9553 -4.9439 -5.1672
Car -1 -1 -6.0243 221.8640 177.3048 311.4903 205.7750 1.5168 1.6868 4.1976 -19.0096 1.7709 40.0297 -6.4653 -5.1893
Car -1 -1 -4.4797 540.7491 175.2034 565.4758 192.1646 1.5194 1.5003 3.6115 -5.2799 1.7436 67.0614 -4.5583 -5.2781
Car -1 -1 -4.4421 141.0670 175.7468 206.2141 207.8341 1.5062 1.7167 4.3473 -22.0766 1.6620 36.6122 -4.9817 -5.3730
Car -1 -1 -7.8046 579.5681 174.9513 614.2518 203.7618 1.3841 1.5918 3.6831 -0.6637 1.4962 36.8003 -7.8230 -5.5281
Car -1 -1 -5.4580 890.7294 172.7221 951.7399 195.2100 1.4895 1.6267 3.9381 21.4345 1.4805 49.9202 -5.0549 -5.6352
Car -1 -1 -4.1943 19.3012 171.6431 128.8805 210.7597 1.4322 1.6954 4.0113 -21.0587 1.3875 28.5063 -4.8262 -5.7236
Car -1 -1 -4.5457 766.1905 182.7498 790.8916 200.5835 1.6206 1.6684 4.2719 16.4546 2.6173 70.4045 -4.3175 -5.7272
Car -1 -1 -5.0331 259.5338 175.9134 305.3620 202.3009 1.6244 1.6756 3.5320 -21.2640 1.8301 46.7156 -5.4583 -5.7524
Car -1 -1 -4.2705 0.0000 186.5201 0.0000 272.4848 1.3516 1.6108 4.1420 -14.3837 1.6637 14.2717 -5.0505 -5.7723
Car -1 -1 -4.4365 395.5832 175.9483 437.3555 198.4363 1.3548 1.5644 3.8994 -12.3084 1.5601 45.9711 -4.6969 -5.8867
Car -1 -1 -7.5642 152.2023 0.0000 1241.0000 374.0000 1.5430 1.5894 3.8038 -0.4940 1.6093 1.0041 -7.9392 -5.8867
Car -1 -1 -8.6434 0.0000 0.0000 1048.9099 374.0000 1.5447 1.5902 3.8044 1.1138 1.5977 1.0035 -7.9392 -5.8867
Car -1 -1 -2.7376 320.8635 168.2457 378.1369 185.9672 1.5031 1.6039 4.3600 -22.4274 1.1119 62.1268 -3.0828 -5.9188
Car -1 -1 -5.9270 489.7593 171.9252 563.0657 196.8029 1.6483 1.8897 4.6030 -5.7213 1.5864 49.2715 -6.0424 -5.9795
Car -1 -1 -4.3520 758.2762 181.6875 787.3930 197.9099 1.3691 1.4083 3.5074 14.6149 2.1843 64.7637 -4.1315 -6.0203
Car -1 -1 -4.6409 0.0000 186.2083 0.0000 355.9186 1.3595 1.7395 4.3253 -8.7740 1.5539 8.3218 -5.4366 -6.3131
