Car -1 -1 -7.8780 565.6735 186.7913 604.9297 220.5857 1.3349 1.6341 3.6256 -1.1823 1.9865 31.8937 -7.9154 4.7727
Car -1 -1 -7.8325 519.2629 184.9663 548.2264 210.1358 1.3912 1.6646 3.7041 -4.6092 2.1557 43.6406 -7.9376 3.8228
Car -1 -1 -3.0880 996.3696 175.5394 1101.4470 213.2660 1.5751 1.6487 3.9193 19.4845 1.7011 32.1581 -2.5477 -1.7845
Car -1 -1 -7.4477 223.8992 186.3275 285.5706 215.8796 1.5214 1.6570 4.1127 -20.2080 2.3286 41.1487 -7.9020 -2.0698
Car -1 -1 -5.4806 1009.8090 172.5516 1089.0677 200.6783 1.4805 1.5895 3.7367 24.2196 1.4642 39.9776 -4.9395 -2.0966
Car -1 -1 -4.8465 1107.7672 157.1546 1154.0712 185.4711 1.6242 1.6900 4.3084 31.4298 0.7234 43.6855 -4.2261 -2.9117
Car -1 -1 -8.9908 1079.4689 176.5046 1190.7811 213.0819 1.5647 1.6327 3.8254 24.1295 1.7436 33.3459 -8.3690 -2.9463
Car -1 -1 -4.6422 189.7477 191.9125 232.7701 223.9478 1.4313 1.6447 3.8988 -20.3509 2.4607 36.8681 -5.1438 -3.1790
Car -1 -1 -3.9196 32.5390 204.8827 131.8936 238.6758 1.4315 1.6558 4.1049 -26.8443 3.1617 36.8225 -4.5463 -3.4318
Car -1 -1 -3.9491 0.0000 209.0280 68.2827 245.6464 1.4326 1.5599 3.4711 -27.4121 3.2051 33.5664 -4.6302 -3.5502
Car -1 -1 -4.6115 190.3332 179.2254 227.0936 209.1600 1.7983 1.6669 3.9854 -25.7978 2.2270 46.4242 -5.1165 -3.5959
Car -1 -1 -4.4884 632.6008 182.3548 676.8079 211.9147 1.5450 1.6493 4.1742 2.5814 2.1190 41.3837 -4.4272 -3.7334
Car -1 -1 -7.6713 904.2859 192.8094 949.5112 223.3191 1.4116 1.5876 3.3612 16.5148 2.5026 37.6234 -7.2613 -3.9916
Car -1 -1 -4.2326 498.7996 186.0526 536.6851 203.2114 1.5243 1.7397 4.5940 -8.9635 2.8555 70.3335 -4.3593 -4.0673
Car -1 -1 -4.8084 1170.9832 180.4736 1229.1906 216.7793 1.4660 1.6174 3.7561 26.0419 1.8249 31.9945 -4.1302 -4.0719
Car -1 -1 -6.3510 882.2324 176.8964 945.8599 201.0138 1.6357 1.6524 4.0219 21.3309 1.9283 50.8440 -5.9562 -4.3395
Car -1 -1 -8.0259 602.0934 182.4993 628.3726 203.9052 1.6784 1.5818 3.6815 0.3811 2.5098 60.2738 -8.0201 -4.4301
Car -1 -1 -4.4848 766.6813 176.4145 794.4766 195.8764 1.8336 1.7863 4.1190 16.8047 2.1950 71.0439 -4.2539 -4.4670
Car -1 -1 -7.2706 0.0000 197.5033 49.5642 252.0981 1.3846 1.6324 4.0298 -19.5518 2.2181 22.3031 -7.9845 -4.6020
Car -1 -1 -8.0017 847.1373 186.7841 883.8491 213.1365 1.5350 1.6495 3.8676 16.2928 2.4674 46.2558 -7.6657 -4.7006
Car -1 -1 -4.6749 1072.7651 172.8525 1111.0858 203.5233 1.5929 1.6192 3.7709 26.3574 1.5925 39.4770 -4.0900 -4.7446
Car -1 -1 -3.8003 33.8102 204.2006 122.2528 235.6351 1.5127 1.6219 3.8481 -30.1153 3.3808 40.9316 -4.4317 -4.8612
Car -1 -1 -4.8555 684.5354 182.5123 717.5232 203.5199 1.4045 1.7312 4.6548 6.5709 2.1415 52.7399 -4.7328 -4.9927
Car -1 -1 -4.8801 348.8064 181.0723 379.1430 203.3310 1.5950 1.5875 3.7917 -18.8968 2.2473 55.2572 -5.2085 -5.0315
Car -1 -1 -4.4881 62.9746 202.6421 111.5098 232.1201 1.6053 1.6706 3.7984 -32.9731 3.5715 45.5601 -5.1120 -5.0398
Car -1 -1 -5.3142 419.2510 186.3798 470.0682 205.5259 1.4976 1.8132 4.8774 -14.2731 2.7035 62.0300 -5.5399 -5.0661
Car -1 -1 -4.5248 490.1744 179.7592 521.1710 201.7046 1.6014 1.6591 4.0279 -8.0814 2.1566 55.9915 -4.6679 -5.1381
Car -1 -1 -7.6216 198.9520 192.8330 236.5217 215.7037 1.7020 1.8189 4.1923 -32.5349 3.4231 59.9067 -8.1175 -5.2735
Car -1 -1 -3.9488 0.0000 205.2470 78.8233 241.7592 1.4877 1.7607 4.0558 -28.4503 3.1626 35.2173 -4.6248 -5.3802
Car -1 -1 -3.9983 169.9657 195.8732 227.0638 218.9678 1.4731 1.5622 3.6321 -29.5153 3.1876 51.8143 -4.5141 -5.3995
Car -1 -1 -5.1795 520.3261 183.0197 572.1588 207.1238 1.6178 1.8064 4.8374 -4.7777 2.4011 53.0917 -5.2694 -5.5638
Car -1 -1 -4.7717 521.6401 182.1140 551.0698 206.9829 1.4949 1.6608 4.2298 -4.8955 2.1294 47.2470 -4.8749 -5.5912
Car -1 -1 -3.3666 840.3738 180.7305 926.6215 210.2329 1.6101 1.8465 4.2975 15.5142 2.0728 41.2160 -3.0095 -5.6707
Car -1 -1 -4.3930 396.5803 182.6726 441.8763 209.7871 1.6684 1.7030 4.1274 -12.6715 2.3506 48.0401 -4.6499 -5.7449
Car -1 -1 -4.3688 342.6508 182.7841 387.5870 208.5350 1.5605 1.6068 3.7381 -15.9479 2.2338 47.0619 -4.6942 -5.7678
Car -1 -1 -4.2940 406.6596 181.2697 457.0063 206.5262 1.5045 1.6274 4.1005 -11.4710 2.0727 46.5832 -4.5345 -5.7692
Car -1 -1 -5.6547 1128.9806 153.6309 1222.5177 184.2623 1.7455 1.6836 4.2383 33.8666 0.6498 43.3866 -4.9952 -5.8118
Car -1 -1 -5.0379 561.0114 179.2169 605.1043 205.9608 1.6157 1.6666 3.9659 -1.8273 2.0468 46.7638 -5.0772 -5.8184
Car -1 -1 -4.7537 446.3802 183.0739 473.0291 205.2819 1.4313 1.6630 3.9177 -10.5905 2.1767 50.5422 -4.9596 -5.8261
Car -1 -1 -4.8910 526.5472 181.4013 554.8649 201.0403 1.5303 1.6418 4.1480 -5.8583 2.2715 60.3750 -4.9878 -5.8494
Car -1 -1 -4.0847 378.2344 184.0244 443.1923 213.6161 1.5077 1.5923 3.7632 -11.1143 2.1637 40.3460 -4.3523 -5.8610
Car -1 -1 -4.3715 446.8711 180.8707 484.8766 201.9572 1.5277 1.6440 4.0122 -11.1606 2.1728 55.9793 -4.5678 -5.8844
Car -1 -1 -4.5469 0.0000 184.2539 15.0554 209.0505 1.5309 1.6538 4.0119 -41.6081 2.3334 48.6667 -5.2517 -5.8867
Car -1 -1 -7.1459 51.4166 0.0000 1241.0000 374.0000 1.5509 1.5917 3.8060 -1.2978 1.6457 1.0031 -7.9391 -5.8867
Car -1 -1 -4.4460 0.0000 183.1155 0.0000 213.4410 1.5221 1.6553 4.0207 -41.6127 2.1187 39.8209 -5.2501 -5.8867
Car -1 -1 -4.5130 0.0000 184.1027 0.0000 210.5991 1.5233 1.6528 4.0125 -41.6096 2.2650 45.4494 -5.2515 -5.8867
Car -1 -1 -6.7849 0.0000 0.0000 1241.0000 374.0000 1.5585 1.5923 3.8077 -2.9049 1.6926 1.0030 -7.9390 -5.8867
Car -1 -1 -4.4653 421.6771 181.8323 455.5190 202.6792 1.4888 1.6014 3.9507 -13.1017 2.2004 55.2272 -4.6975 -5.8867
Car -1 -1 -4.8614 1102.2814 160.2042 1143.9895 186.9436 1.6503 1.6335 3.7844 33.0392 0.8693 46.5886 -4.2476 -5.9108
Car -1 -1 -4.9992 637.7938 183.6958 677.6314 205.6931 1.4060 1.6498 4.2125 3.2605 2.1991 50.5614 -4.9357 -6.0885
