Car -1 -1 -7.8102 505.7757 183.7088 536.6810 209.4157 1.3266 1.5748 3.3356 -4.9728 1.9602 40.4144 -7.9323 5.0285
Car -1 -1 -7.8592 556.3028 185.3499 599.0287 222.0030 1.2979 1.5863 3.5078 -1.3378 1.8234 28.5660 -7.9062 4.4407
Car -1 -1 -4.0917 1001.7241 195.8277 1100.8417 238.4648 1.6453 1.6130 4.0219 18.9419 2.6821 31.0361 -3.5488 3.0278
Car -1 -1 -3.8414 871.2509 193.4576 966.5925 233.4473 1.4567 1.4518 3.3431 12.2295 2.3099 28.6986 -3.4431 2.8227
Car -1 -1 -4.4955 771.4733 177.3668 796.5529 195.0007 1.6280 1.5761 3.8257 16.8226 2.0768 69.7362 -4.2602 -1.0647
Car -1 -1 -4.5734 907.4565 174.9913 934.1192 193.0540 1.4783 1.5840 3.8269 26.5238 1.6664 61.5830 -4.1688 -1.3563
Car -1 -1 -4.8575 641.8283 178.6579 668.8862 202.5710 1.8974 1.6769 4.0893 3.7335 2.3997 60.3807 -4.7965 -1.7578
Car -1 -1 -4.3843 297.6963 180.3100 338.2717 202.2786 1.5551 1.6567 3.9290 -22.0073 2.1382 54.4455 -4.7670 -2.1071
Car -1 -1 -4.4509 546.4119 181.1598 577.4873 201.5728 1.5148 1.5822 3.5701 -3.7886 2.1925 56.9970 -4.5174 -2.8641
Car -1 -1 -7.2408 878.2778 173.4384 921.0441 190.8295 1.4816 1.6561 3.7038 25.3936 1.5339 63.2898 -6.8611 -2.9280
Car -1 -1 -4.3418 560.6882 179.6468 598.8358 200.5382 1.5481 1.6475 4.0942 -2.3762 2.1061 57.1030 -4.3837 -3.1987
Car -1 -1 -4.5956 814.4561 173.5025 844.4380 197.2963 1.7255 1.7033 4.2337 16.6503 1.7765 54.7309 -4.3022 -3.2322
Car -1 -1 -3.0964 1059.2607 183.0608 1214.3778 236.7859 1.5046 1.6515 3.8360 16.4602 1.8518 22.7368 -2.4765 -3.5467
Car -1 -1 -4.7873 906.0724 172.1455 933.8506 195.1395 1.7794 1.7196 4.3670 24.9222 1.7243 58.1816 -4.3848 -3.6795
Car -1 -1 -3.8823 0.0000 197.2865 73.9967 227.8920 1.4183 1.6271 3.7924 -31.1284 2.7938 38.6289 -4.5574 -3.7174
Car -1 -1 -4.5502 489.5219 181.9323 510.8901 197.6256 1.4794 1.5638 3.4640 -10.9141 2.4040 71.7719 -4.7010 -3.9720
Car -1 -1 -5.4173 1040.3578 184.7648 1104.2003 211.2652 1.6282 1.5833 3.6378 30.6212 2.4512 47.9624 -4.8524 -3.9885
Car -1 -1 -4.0886 1129.2950 187.0273 1194.1478 209.5146 1.5383 1.6916 4.0864 40.1355 2.5977 52.5406 -3.4395 -4.1577
Car -1 -1 -4.2550 592.9171 183.1566 646.8939 211.2601 1.5364 1.6318 4.0046 0.6099 2.1834 43.1803 -4.2416 -4.2116
Car -1 -1 -4.7311 256.5401 183.5782 301.4283 224.4727 1.4857 1.5612 3.6796 -13.4926 1.9500 29.2574 -5.1601 -4.4277
Car -1 -1 -4.3769 268.9498 177.4291 317.6111 204.6148 1.7444 1.7467 4.1984 -21.5487 2.0696 49.1840 -4.7881 -4.4302
Car -1 -1 -5.0784 513.6656 184.3526 558.0334 208.4777 1.4533 1.6194 3.8876 -4.9635 2.2445 47.5674 -5.1823 -4.6219
Car -1 -1 -8.1477 883.0435 171.6092 919.4352 196.1747 1.9161 1.6719 3.8414 23.4410 1.8187 58.2644 -7.7673 -4.6629
Car -1 -1 -4.4775 473.6653 179.9837 507.8167 203.8080 1.6019 1.6005 3.6502 -8.5039 2.1292 51.5168 -4.6407 -4.7039
Car -1 -1 -5.2027 0.0000 173.1864 58.5881 212.3347 1.6796 1.6265 3.9704 -27.0145 1.6950 32.4909 -5.8924 -4.7146
Car -1 -1 -4.1202 0.2762 195.8855 91.9006 228.7863 1.5025 1.7212 4.2702 -29.7551 2.7914 38.2003 -4.7787 -4.7177
Car -1 -1 -4.6493 726.0545 189.5052 748.3276 210.7887 1.5246 1.5005 3.7864 10.0207 2.8829 56.8560 -4.4764 -4.7285
Car -1 -1 -6.8208 120.9952 183.7064 303.6645 276.5826 1.6055 1.4675 2.8535 -7.9091 1.8466 14.4481 -7.3143 -4.7884
Car -1 -1 -5.2657 625.6641 184.0468 685.2640 211.3392 1.4813 1.7572 3.8894 2.6223 2.1816 43.0366 -5.2059 -4.8158
Car -1 -1 -4.4218 158.7289 191.1214 201.9731 214.7589 1.4854 1.6144 3.6275 -29.9367 2.8086 50.3203 -4.9565 -4.8194
Car -1 -1 -4.6245 0.0000 187.7753 66.3790 234.1395 1.5078 1.7251 4.1026 -21.6716 2.1123 27.0604 -5.2951 -4.8596
Car -1 -1 -4.5677 406.8912 178.5428 440.2280 205.3105 1.7586 1.6837 4.0734 -13.0105 2.1725 50.4192 -4.8194 -4.8980
Car -1 -1 -4.7528 694.9146 183.1190 730.2415 216.4639 1.5366 1.5964 3.6859 5.0791 2.0804 36.3371 -4.6157 -4.9043
Car -1 -1 -4.6894 484.6534 181.6725 501.7783 199.6333 1.6272 1.5382 3.5740 -11.1794 2.4941 69.0845 -4.8496 -4.9199
Car -1 -1 -4.0681 318.2311 180.6797 391.3386 212.6066 1.6111 1.6437 4.1192 -13.9953 2.0654 39.7057 -4.4053 -4.9285
Car -1 -1 -4.6607 1103.5228 174.7386 1131.9312 195.0253 1.6024 1.7365 3.6019 41.7269 1.7621 59.3107 -4.0502 -4.9432
Car -1 -1 -5.3354 1034.0697 172.2617 1090.6699 196.8358 1.7646 1.7766 3.6251 33.5571 1.7218 53.6805 -4.7795 -5.0908
Car -1 -1 -2.4601 241.5978 186.3405 293.1194 204.3205 1.6291 1.8386 4.2303 -32.7074 2.9420 68.8626 -2.9023 -5.1039
Car -1 -1 -4.5133 329.1321 178.2424 366.2880 198.0110 1.3651 1.7032 4.6403 -19.4386 1.7829 53.5644 -4.8601 -5.1854
Car -1 -1 -4.6990 588.4896 184.3748 612.8982 206.5723 1.3989 1.6136 4.2935 -0.6485 2.2288 49.8464 -4.7125 -5.2220
Car -1 -1 -4.5661 590.2504 183.3949 613.8183 199.3629 1.4442 1.6945 4.3146 -0.7642 2.5064 70.4809 -4.5773 -5.2345
Car -1 -1 -5.1137 501.1716 177.7282 540.4763 197.4417 1.5250 1.6649 4.2562 -7.3804 1.9398 59.1916 -5.2376 -5.2475
Car -1 -1 -8.1865 656.9119 176.4227 751.5547 233.4789 1.5912 1.6846 3.9934 2.7761 1.7128 22.5179 -8.0662 -5.2747
Car -1 -1 -4.0713 268.6548 183.7172 312.5923 205.1143 1.9023 1.6052 4.2400 -30.3602 2.9697 68.6740 -4.4864 -5.3532
Car -1 -1 -5.1804 493.0491 178.9098 539.3408 203.5641 1.6590 1.6655 3.9880 -6.7910 2.1105 51.7094 -5.3107 -5.3917
Car -1 -1 -4.0248 203.6756 179.3531 306.3369 220.1951 1.6857 1.7522 4.4718 -16.0969 2.0034 32.9168 -4.4767 -5.4224
Car -1 -1 -2.3129 0.0000 176.9405 17.4898 349.8133 1.4687 1.6296 4.1019 -8.6053 1.5135 7.0609 -3.1778 -5.4732
Car -1 -1 -4.3708 371.5037 179.6500 401.4792 196.4574 1.5666 1.6065 3.8670 -21.9137 2.2517 70.8088 -4.6702 -5.4985
Car -1 -1 -4.7792 562.2090 182.4111 598.0328 211.5165 1.5466 1.7863 4.4245 -1.8339 2.1350 42.1467 -4.8230 -5.5023
Car -1 -1 -4.6762 369.7851 181.3139 393.2444 199.4733 1.4086 1.7150 4.4000 -19.1470 2.1452 60.5055 -4.9817 -5.5214
Car -1 -1 -4.6550 559.2197 181.3155 579.6505 197.7293 1.4400 1.6625 4.6274 -3.8110 2.2643 68.0033 -4.7111 -5.6081
Car -1 -1 -4.7482 437.9929 179.4688 464.2174 201.6484 1.4795 1.6831 4.0972 -11.4336 1.9727 51.6345 -4.9654 -5.6447
Car -1 -1 -3.5259 47.7511 192.2416 163.6679 226.5501 1.7160 2.0224 5.1261 -29.1490 2.9124 41.8365 -4.1317 -5.6471
Car -1 -1 -4.6872 250.3268 183.0813 275.7800 205.4275 1.5945 1.6641 4.0228 -26.7505 2.4139 55.6536 -5.1337 -5.7325
Car -1 -1 -4.9747 467.3091 178.9929 497.8809 196.4643 1.4635 1.6787 4.0613 -11.3864 2.0279 64.1770 -5.1499 -5.7457
Car -1 -1 -2.2351 0.0000 181.7372 0.0000 301.4551 1.4042 1.5987 4.1861 -10.9343 1.5329 9.5403 -3.0745 -5.7909
Car -1 -1 -4.7822 542.0478 182.6414 560.7787 199.8421 1.5919 1.5812 3.5955 -5.7917 2.5781 70.8305 -4.8640 -5.8252
Car -1 -1 -4.2532 260.6394 180.4578 308.3304 200.8850 1.4560 1.6499 4.1432 -24.8160 2.0584 55.0933 -4.6749 -5.8503
Car -1 -1 -4.4407 372.2090 180.3751 416.1046 203.7764 1.4342 1.6458 4.4844 -14.3016 1.9570 47.9278 -4.7295 -5.8507
Car -1 -1 -4.7030 486.8749 179.7481 507.5697 200.8087 1.6519 1.6529 4.7269 -9.4831 2.2546 60.6608 -4.8578 -5.8508
Car -1 -1 -4.8185 442.1437 178.2208 468.4478 197.3940 1.3885 1.5565 4.0863 -11.9931 1.8184 55.6597 -5.0301 -5.8761
Car -1 -1 -4.2264 437.9607 178.7271 479.8334 197.6954 1.4627 1.6254 4.1224 -12.3752 1.9624 59.2124 -4.4319 -5.8818
Car -1 -1 -4.4509 0.0000 184.5745 0.0000 214.4783 1.5085 1.6480 4.0103 -41.6106 2.1964 40.2235 -5.2501 -5.8867
Car -1 -1 -4.8753 1241.0000 168.8822 1241.0000 194.1754 1.4804 1.6425 3.9958 41.4698 1.2476 44.3499 -4.1270 -5.8867
Car -1 -1 -4.6719 125.1558 183.8400 149.8664 202.5916 1.5305 1.6546 4.0109 -41.6036 2.5305 63.5532 -5.2498 -5.8867
Car -1 -1 -4.6298 76.2389 184.2563 106.7261 204.9618 1.5326 1.6554 4.0141 -41.6045 2.4815 57.9202 -5.2507 -5.8867
Car -1 -1 -4.5574 0.0000 185.5373 29.0084 210.0694 1.5471 1.6612 4.0133 -41.6053 2.4613 49.8740 -5.2502 -5.8867
Car -1 -1 -4.7513 521.4808 178.7076 542.2605 196.5104 1.4178 1.5859 3.9465 -6.6450 1.9283 60.8926 -4.8599 -5.8867
Car -1 -1 -5.8403 1241.0000 180.3505 1241.0000 374.0000 1.5274 1.6145 3.9667 6.1754 1.5740 2.5204 -4.6976 -5.8867
Car -1 -1 -4.5300 0.0000 187.1063 0.0000 214.2304 1.6027 1.6782 4.0186 -41.6090 2.5744 47.0533 -5.2514 -5.8867
Car -1 -1 -4.6469 98.2932 183.3521 126.2384 203.0990 1.5299 1.6586 4.0162 -41.6056 2.4388 60.3370 -5.2487 -5.8867
Car -1 -1 -4.5378 0.0000 191.2762 0.0000 219.8885 1.5746 1.6808 4.0389 -41.5278 2.7689 44.6341 -5.2843 -5.8867
Car -1 -1 -4.8476 1228.7321 170.4915 1241.0000 195.1292 1.5242 1.6587 4.0027 41.4722 1.3777 46.7622 -4.1255 -5.8867
Car -1 -1 -8.9132 0.0000 0.0000 1241.0000 374.0000 1.5561 1.5915 3.8067 1.9189 1.6348 1.0022 -7.9389 -5.8867
Car -1 -1 -4.4300 132.6778 190.5276 185.3357 218.3891 1.6003 1.6663 4.6713 -29.3546 2.8131 47.0550 -4.9855 -5.9897
Car -1 -1 -4.5261 102.6636 188.3766 148.1931 215.4368 1.5975 1.7156 4.3009 -31.9039 2.6702 47.5650 -5.1146 -6.0411
Car -1 -1 -4.6922 1062.4113 168.9618 1086.1394 186.3804 1.5028 1.7096 4.1985 41.4816 1.1667 64.4701 -4.1228 -6.0466
Car -1 -1 -4.2949 0.0000 183.4118 0.0000 248.5279 1.3652 1.6589 4.6229 -18.3562 1.6698 18.3794 -5.0725 -6.0928
Car -1 -1 -4.4955 547.9073 182.3087 594.4187 211.9107 1.4308 1.6016 4.2605 -2.0491 1.9646 38.5329 -4.5488 -6.1458
Car -1 -1 -5.0569 1140.6403 196.0312 1241.0000 242.2713 1.3518 1.6509 3.8258 20.2250 2.2294 25.2518 -4.3880 -6.1642
Car -1 -1 -5.0305 549.5339 182.1796 593.2053 204.7892 1.3728 1.6742 4.1426 -2.6458 2.0202 47.8857 -5.0858 -6.8928
