Car -1 -1 -7.7218 505.7171 175.9076 552.5142 208.6830 1.3876 1.6467 3.6025 -3.6506 1.5334 32.7051 -7.8325 6.9731
Car -1 -1 -7.8186 568.6739 179.4658 618.2256 221.6100 1.3021 1.5682 3.4693 -0.5518 1.5430 24.5839 -7.8415 6.0187
Car -1 -1 -4.4428 323.1437 177.7977 378.7604 207.6159 1.3819 1.6217 3.9455 -12.9356 1.6430 36.1359 -4.7845 3.2185
Car -1 -1 -7.7221 439.4231 171.8704 461.3839 187.3467 1.4640 1.5988 3.8147 -15.5222 1.3707 70.2242 -7.9390 -1.1198
Car -1 -1 -7.0819 735.2972 176.2471 774.3699 193.5343 1.5378 1.5194 3.4993 13.3242 1.8576 66.4377 -6.8852 -1.2418
Car -1 -1 -4.4150 273.4065 174.7343 330.8906 204.8849 1.5085 1.6617 4.1841 -16.3942 1.6143 38.5363 -4.8150 -1.9056
Car -1 -1 -4.2313 0.0000 183.6286 84.9551 221.8040 1.4564 1.5509 3.6318 -24.1005 1.9409 30.5410 -4.8953 -2.5784
Car -1 -1 -7.5915 395.5887 170.0262 426.6887 189.2678 1.6380 1.6784 3.8965 -17.4484 1.3970 63.3765 -7.8593 -2.6035
Car -1 -1 -7.6342 380.7143 171.7272 409.1077 189.1641 1.4797 1.6186 3.6645 -18.8000 1.3837 63.1116 -7.9228 -2.9155
Car -1 -1 -7.4720 354.8481 173.0894 396.9820 194.2824 1.5178 1.6046 4.0104 -17.4187 1.5357 53.7757 -7.7840 -3.0793
Car -1 -1 -5.2774 524.2916 172.9584 563.1871 190.9399 1.6100 1.6682 4.0538 -6.1799 1.6196 66.7411 -5.3697 -3.2609
Car -1 -1 -6.7425 0.0000 171.5407 39.3465 208.6902 1.7104 1.7170 4.3493 -31.1174 1.6496 35.5577 -7.4578 -3.4877
Car -1 -1 -2.9809 880.1105 184.5812 953.1591 212.7457 1.6162 1.6967 3.9422 18.9185 2.3701 44.6377 -2.5830 -3.5679
Car -1 -1 -3.9000 237.3992 177.5324 317.7722 205.6511 1.4077 1.6464 3.8598 -17.8855 1.6733 38.9179 -4.3284 -3.6541
Car -1 -1 -4.7612 481.7534 177.2199 503.8250 196.2422 1.5050 1.6309 3.6218 -9.7837 1.8790 59.9193 -4.9227 -4.0326
Car -1 -1 -4.5963 545.9750 175.4284 580.8419 203.0829 1.5281 1.5802 4.0884 -2.7220 1.6863 42.3396 -4.6605 -4.6255
Car -1 -1 -4.5087 618.6168 172.7912 644.7263 191.0224 1.6429 1.6694 3.9364 2.0262 1.6369 67.1292 -4.4790 -4.7147
Car -1 -1 -7.6155 851.4194 183.1546 890.3130 207.1186 1.5106 1.6036 4.0579 17.8811 2.2467 49.4529 -7.2710 -4.8494
Car -1 -1 -4.8236 765.4667 178.5617 791.1909 198.8732 1.5700 1.6197 3.8098 13.6727 2.0511 58.8717 -4.5969 -4.9673
Car -1 -1 -4.9196 615.2466 175.2764 645.5847 196.4116 1.5398 1.5936 3.6032 1.4912 1.7304 54.9231 -4.8930 -4.9808
Car -1 -1 -7.6904 337.4725 174.6011 370.2308 196.6134 1.5390 1.6935 3.5544 -18.6770 1.6708 52.6474 -8.0300 -5.0990
Car -1 -1 -7.6357 404.0345 174.4363 432.5276 190.2260 1.4782 1.7802 4.3383 -18.6264 1.6366 70.1920 -7.8944 -5.1716
Car -1 -1 -5.1166 890.3872 175.3793 939.9951 200.9967 1.6270 1.6290 3.9100 20.2773 1.8022 48.1756 -4.7208 -5.1751
Car -1 -1 -4.8478 723.3535 173.7096 755.1857 198.9936 1.6245 1.5643 4.0300 8.6190 1.6842 48.5415 -4.6736 -5.3145
Car -1 -1 -5.1531 733.8724 174.7069 782.9368 198.2534 1.5553 1.7215 4.1654 10.2395 1.6897 50.2375 -4.9536 -5.5778
Car -1 -1 -5.8689 0.0000 191.4379 0.0000 374.0000 1.6371 1.6661 3.8886 -8.6679 1.8509 6.6765 -6.7637 -5.6112
Car -1 -1 -2.1839 0.0000 189.7539 22.6849 374.0000 1.3980 1.5673 4.0954 -6.0273 1.5111 4.0422 -3.1330 -5.7217
Car -1 -1 -4.3978 199.4388 177.3853 245.6707 200.5637 1.4480 1.6685 3.5608 -25.5957 1.7593 47.7186 -4.8880 -5.7892
Car -1 -1 -4.3253 717.0391 175.4280 753.1884 192.5922 1.4003 1.5696 4.2363 10.7156 1.6281 61.7388 -4.1546 -5.8800
Car -1 -1 -4.6475 559.9229 173.9128 588.6003 196.3000 1.3476 1.5622 3.8956 -2.2533 1.4170 45.5772 -4.6970 -5.8867
Car -1 -1 -7.4871 521.6047 170.6322 577.6830 205.4119 1.6423 1.5223 3.8378 -2.9988 1.5371 36.1266 -7.5698 -5.9264
Car -1 -1 -4.6803 763.0067 176.5354 780.6181 192.7070 1.5194 1.5693 3.9090 15.8864 1.8911 70.8308 -4.4610 -5.9434
Car -1 -1 -4.8015 369.8280 175.8576 396.5673 195.1566 1.5021 1.7073 4.4160 -18.6859 1.7584 59.2629 -5.1060 -6.2259
Car -1 -1 -7.9821 592.5349 172.6241 618.0786 194.2793 1.4958 1.4416 3.0164 -0.3900 1.4796 51.4323 -7.9900 -6.3532
Car -1 -1 -5.4912 0.0000 179.1970 135.0472 226.3389 1.5078 1.6395 3.6501 -18.4254 1.7321 24.4564 -6.1318 -6.3630
