Car -1 -1 -7.7097 506.5501 179.9077 554.8497 212.6426 1.3604 1.6797 3.4861 -3.5593 1.6954 32.5219 -7.8184 7.1400
Car -1 -1 -7.8408 568.3418 184.1818 620.2760 226.8522 1.2381 1.5729 3.4217 -0.5414 1.6347 23.5667 -7.8642 6.6798
Car -1 -1 -4.2347 80.3853 189.0380 222.3213 247.6800 1.3424 1.5966 3.9572 -12.3561 1.8290 19.6743 -4.7896 4.7795
Car -1 -1 -4.5222 394.7695 174.4984 427.4626 196.0274 1.5552 1.6466 4.0309 -15.0071 1.6838 54.5105 -4.7899 0.4425
Car -1 -1 -7.5714 426.9371 176.3547 454.2722 191.5987 1.4430 1.6299 3.7938 -16.6824 1.7972 71.1279 -7.8012 -1.2763
Car -1 -1 -4.9007 197.2990 180.0816 244.4001 208.0824 1.5095 1.6576 4.2708 -22.8348 1.9538 42.2027 -5.3942 -1.7556
Car -1 -1 -5.2935 622.6729 180.7880 662.6127 197.2876 1.3903 1.5743 4.1485 2.8840 2.1297 65.0860 -5.2499 -2.4958
Car -1 -1 -4.9037 315.7398 178.3012 352.0606 201.6805 1.4613 1.5699 3.7782 -18.4528 1.8391 48.0592 -5.2687 -3.0289
Car -1 -1 -4.4827 380.9668 177.1599 411.9944 196.4779 1.5791 1.6671 4.0912 -18.3271 1.9613 62.0017 -4.7692 -3.1320
Car -1 -1 -4.7187 571.7232 177.7301 593.7044 199.6311 1.5684 1.5998 3.7066 -2.1005 1.9485 54.4009 -4.7576 -3.3252
Car -1 -1 -8.0229 334.9175 176.3044 366.9781 198.2294 1.5826 1.6304 4.1080 -19.7918 1.8556 54.9604 -8.3673 -3.3270
Car -1 -1 -7.7791 514.8833 171.1268 537.7903 189.4242 1.4847 1.6409 3.5949 -6.9969 1.3442 60.3761 -7.8942 -3.3433
Car -1 -1 -5.3908 121.6051 183.2374 230.2745 220.9716 1.4200 1.6148 4.0552 -17.7353 1.8640 29.4148 -5.9296 -3.6073
Car -1 -1 -4.8332 542.1091 178.5279 575.6351 203.0930 1.5020 1.6943 4.1827 -3.4328 1.8915 47.3557 -4.9056 -3.8832
Car -1 -1 -4.2788 776.6566 185.7536 826.3015 210.1541 1.4388 1.5915 3.9791 12.4067 2.3107 46.7451 -4.0215 -3.8856
Car -1 -1 -4.1677 228.2518 185.0006 284.4562 209.4410 1.5071 1.6353 3.8324 -23.7063 2.3557 48.4467 -4.6209 -4.0554
Car -1 -1 -3.3411 459.7390 178.6281 515.4408 200.5290 1.5748 1.7031 3.8607 -9.2206 2.0198 54.1560 -3.5093 -4.1053
Car -1 -1 -4.8449 377.2133 174.2665 406.1946 196.9928 1.6377 1.6193 3.6216 -16.4613 1.7475 54.2265 -5.1386 -4.1364
Car -1 -1 -5.1251 585.2907 174.3098 631.5324 198.6119 1.6429 1.6873 4.3346 -0.1965 1.7510 51.3802 -5.1293 -4.1526
Car -1 -1 -4.0090 348.0137 178.1977 406.5345 199.6252 1.3532 1.6663 3.8454 -15.6835 1.7291 48.7074 -4.3192 -4.2192
Car -1 -1 -4.9464 658.8930 180.9944 688.3535 199.4785 1.4320 1.5809 3.7932 5.1979 2.1271 59.6475 -4.8604 -4.5041
Car -1 -1 -4.5529 0.0000 189.2666 66.8885 236.3083 1.5402 1.6014 3.7986 -21.7527 2.2030 27.1015 -5.2246 -4.5069
Car -1 -1 -4.5303 106.7155 183.5947 190.7085 233.9294 1.4360 1.5564 4.3197 -15.1666 1.8250 23.8578 -5.0917 -4.5205
Car -1 -1 -4.8352 338.4323 176.2418 371.4579 200.1782 1.5484 1.6341 4.2112 -17.5855 1.7913 49.5599 -5.1748 -4.5629
Car -1 -1 -4.8687 612.8751 176.4787 637.3461 193.5706 1.4668 1.6107 3.8492 1.3038 1.8021 64.7908 -4.8490 -4.7038
Car -1 -1 -5.5297 754.5583 177.5992 797.1487 194.6029 1.5170 1.5986 3.8217 15.4701 1.9743 67.5390 -5.3059 -4.8190
Car -1 -1 -4.0139 620.6266 179.5310 668.6518 200.3871 1.5007 1.5901 3.8061 2.6451 2.0282 55.0960 -3.9666 -4.8310
Car -1 -1 -3.1105 279.4223 181.1823 396.4979 230.3893 1.5193 1.5410 3.5377 -9.0265 1.8112 24.0125 -3.4669 -4.8854
Car -1 -1 -6.4884 1165.6455 136.8129 1241.0000 178.1251 1.5750 1.7052 3.6498 24.8322 0.2007 29.1268 -5.7872 -4.9354
Car -1 -1 -4.6573 547.3566 179.1420 579.3257 207.4247 1.4907 1.5909 4.1344 -2.6442 1.8660 41.0267 -4.7218 -5.0725
Car -1 -1 -4.9028 591.1495 177.4866 627.3905 201.2599 1.3768 1.5165 3.9331 -0.1249 1.6767 44.6723 -4.9061 -5.1229
Car -1 -1 -2.6249 0.0000 154.1301 40.5859 191.2736 1.7879 1.7808 4.8506 -31.7894 0.8863 36.0892 -3.3435 -5.4263
Car -1 -1 -2.6297 0.0000 188.3330 26.1631 268.5584 1.6351 1.8708 4.6968 -16.9095 2.0283 16.8183 -3.4099 -5.8195
Car -1 -1 -4.8135 648.1334 176.6231 675.6462 196.8140 1.4079 1.5996 4.1772 3.7580 1.6966 53.2150 -4.7438 -5.8720
Car -1 -1 -7.1461 51.4098 0.0000 1241.0000 374.0000 1.5453 1.5904 3.8045 -1.2981 1.6250 1.0036 -7.9392 -5.8867
Car -1 -1 -4.4214 383.8459 177.2606 424.1489 198.5614 1.3586 1.5640 3.9025 -13.9093 1.6683 48.7947 -4.6979 -5.8867
Car -1 -1 -8.1632 0.0000 0.0000 853.3453 374.0000 1.5456 1.5910 3.8050 0.3097 1.6075 1.0036 -7.9393 -5.8867
Car -1 -1 -4.7424 675.7687 178.8064 699.4378 199.6722 1.4695 1.6326 3.9427 5.7451 1.9313 53.9969 -4.6375 -5.8867
Car -1 -1 -4.2294 76.6313 178.7501 183.6620 221.1512 1.4318 1.5953 4.1207 -17.9001 1.6702 27.0844 -4.8091 -5.8904
Car -1 -1 -7.8606 0.0000 188.0248 21.3474 367.0668 1.5142 1.9276 4.5707 -8.7395 1.7475 8.8022 -8.6273 -6.7610
