Car -1 -1 -7.8671 566.9532 188.7185 604.4128 220.9624 1.3040 1.6116 3.6534 -1.1788 2.0676 32.8793 -7.9033 6.1073
Car -1 -1 -7.8187 521.6769 185.1069 550.5262 210.2433 1.4117 1.6333 3.7307 -4.5344 2.1962 44.3044 -7.9206 3.3724
Car -1 -1 -4.3728 302.1569 180.8071 346.8103 204.1355 1.5854 1.7676 4.0524 -20.7379 2.1863 52.4920 -4.7476 -0.9713
Car -1 -1 -7.6977 213.7295 186.1588 255.7890 215.2008 1.5453 1.6113 3.7886 -21.9873 2.3633 42.3238 -8.1745 -1.7065
Car -1 -1 -4.4466 910.5432 185.1900 953.6741 211.7111 1.5343 1.5453 3.8318 20.3315 2.3466 45.5534 -4.0297 -2.5057
Car -1 -1 -7.4163 1126.6471 163.8513 1229.9894 206.3807 1.6102 1.6955 4.1194 22.8170 1.2690 29.0085 -6.7550 -3.0007
Car -1 -1 -1.8573 0.0000 195.4293 64.9791 233.4284 1.4817 1.6104 3.6688 -25.7921 2.5321 31.8732 -2.5337 -3.0867
Car -1 -1 -2.7389 7.2169 186.1476 136.4049 226.8343 1.4481 1.5982 3.6348 -20.5679 1.9794 27.6577 -3.3739 -3.1039
Car -1 -1 -5.1469 1174.3091 165.2139 1241.0000 206.2283 1.6833 1.6222 3.3915 26.3589 1.3695 31.4604 -4.4544 -3.3205
Car -1 -1 -7.5935 994.2134 179.9015 1052.7643 212.3826 1.5241 1.6738 3.7902 20.9863 1.9006 36.6364 -7.0772 -3.4211
Car -1 -1 -4.4470 75.2204 192.9431 132.8460 223.8172 1.4670 1.6043 3.7837 -27.3076 2.6097 39.0044 -5.0548 -3.5815
Car -1 -1 -4.6761 349.2219 180.7652 372.3636 201.5123 1.6068 1.6578 4.4232 -20.7228 2.2906 60.0350 -5.0074 -3.8917
Car -1 -1 -4.9764 884.2255 192.0930 929.1040 221.6994 1.5222 1.5341 3.3238 16.8088 2.6643 41.1037 -4.5914 -3.9044
Car -1 -1 -4.9956 163.2832 185.6861 213.5222 216.2359 1.6316 1.5856 3.5706 -24.5167 2.4078 41.8571 -5.5229 -3.9925
Car -1 -1 -7.7515 558.7979 182.5273 598.9094 215.5615 1.5117 1.6256 3.8258 -1.5477 2.0219 36.1231 -7.7946 -4.0916
Car -1 -1 -4.2961 0.0000 198.6739 17.4337 240.4360 1.4463 1.6256 3.6153 -26.0301 2.5681 29.3898 -5.0165 -4.3057
Car -1 -1 -4.6983 620.2679 187.0779 644.3752 211.2256 1.4492 1.5243 3.8524 1.4619 2.4252 47.5663 -4.6684 -4.3246
Car -1 -1 -4.0158 0.0000 188.9756 17.5840 233.6316 1.3678 1.5318 3.3145 -22.6607 1.9637 24.9986 -4.7469 -4.5839
Car -1 -1 -6.3803 827.6742 176.9888 894.7834 203.7392 1.5558 1.6907 3.6755 15.0864 1.8125 43.5973 -6.0497 -4.7550
Car -1 -1 -4.6258 184.1956 188.1456 220.5215 212.3149 1.5125 1.8131 4.8725 -28.7949 2.6486 51.0285 -5.1375 -4.8464
Car -1 -1 -7.6441 1176.9120 166.3439 1236.3679 199.6546 1.5874 1.5903 3.6216 29.8613 1.2768 36.1354 -6.9578 -4.9033
Car -1 -1 -4.8870 282.0216 187.6049 309.1738 205.7975 1.5023 1.5644 4.0773 -28.4445 2.8780 65.1727 -5.2974 -4.9312
Car -1 -1 -8.1188 1128.4331 177.6524 1202.1754 214.3167 1.5764 1.6553 4.2764 25.9425 1.8168 33.9146 -7.4704 -4.9536
Car -1 -1 -4.6236 788.5546 194.9010 821.5072 221.3448 1.5010 1.7184 4.1820 12.7036 3.0052 46.9811 -4.3619 -4.9569
Car -1 -1 -7.8275 1217.4637 168.2704 1241.0000 205.4464 1.7289 1.9104 4.1591 31.4091 1.5155 35.7339 -7.1108 -5.0563
Car -1 -1 -4.4007 809.8660 190.8160 849.8218 213.8151 1.3814 1.5724 3.4591 14.6579 2.6257 48.1267 -4.1074 -5.3270
Car -1 -1 -5.6997 412.7832 186.2537 471.3987 209.3527 1.4607 1.5514 3.5782 -11.3241 2.3869 48.5406 -5.9282 -5.5051
Car -1 -1 -5.1188 516.4992 181.5225 559.6220 203.3932 1.6364 1.7945 4.5953 -5.8930 2.3667 58.3684 -5.2194 -5.5121
Car -1 -1 -4.8436 679.8467 187.4243 709.6967 210.2158 1.4541 1.5555 4.0237 5.8780 2.5175 50.6482 -4.7293 -5.6116
Car -1 -1 -4.7201 172.5225 186.7938 211.9987 219.3682 1.4749 1.6554 4.0790 -21.2972 2.2259 36.7114 -5.2429 -5.6693
Car -1 -1 -4.9242 357.1475 182.0141 391.2790 203.3429 1.4584 1.5997 3.9453 -17.4631 2.1609 53.2543 -5.2399 -5.6953
Car -1 -1 -4.5239 318.1221 182.8406 345.7268 200.2565 1.4654 1.6050 4.0025 -25.1260 2.3973 65.2426 -4.8904 -5.8380
Car -1 -1 -4.8476 246.0648 183.5548 280.6615 205.5361 1.4459 1.6542 4.5617 -25.1034 2.2535 52.1182 -5.2947 -5.8481
Car -1 -1 -4.7129 446.6699 181.1384 470.3223 202.1079 1.4203 1.6297 4.1985 -11.1258 2.0522 52.8472 -4.9198 -5.8698
Car -1 -1 -4.5918 303.0238 181.0847 329.8199 200.3536 1.5191 1.6246 3.9615 -24.7335 2.2369 60.8239 -4.9768 -5.8855
Car -1 -1 -7.8179 0.0000 0.0000 1241.0000 374.0000 1.5083 1.6056 3.8503 -0.0787 1.5831 1.3677 -7.8744 -5.8867
Car -1 -1 -4.7110 214.3837 188.6343 240.1609 209.8458 1.4812 1.7038 3.9482 -29.5703 2.7463 55.7178 -5.1972 -6.0129
Car -1 -1 -2.0816 112.9730 185.5111 185.7274 217.1065 1.4201 1.5090 3.4172 -22.4480 2.0611 35.0861 -2.6475 -6.1873
Car -1 -1 -1.4955 0.0000 185.2315 12.5239 230.8441 1.5353 1.5574 4.1879 -24.0548 2.0452 27.5978 -2.2077 -6.6850
