Car -1 -1 -7.7281 507.4764 177.1163 553.3918 209.4634 1.3667 1.6426 3.4989 -3.5945 1.5701 32.7142 -7.8372 5.5941
Car -1 -1 -7.8518 567.1281 180.7157 620.2104 224.8467 1.2820 1.5900 3.5454 -0.5783 1.5561 23.3896 -7.8769 5.4175
Car -1 -1 -4.4751 341.7229 173.1680 388.3627 202.3491 1.6570 1.6737 4.3124 -14.6435 1.6765 43.2395 -4.8001 3.9521
Car -1 -1 -4.5811 397.6268 176.0995 423.4938 195.0340 1.5005 1.5889 3.7469 -16.5251 1.7782 59.8195 -4.8497 1.1883
Car -1 -1 -4.6678 613.5591 176.3837 632.6060 192.7149 1.5120 1.6648 4.1179 1.2728 1.8635 69.8195 -4.6500 0.1141
Car -1 -1 -7.9399 582.9074 175.6290 611.6804 200.1569 1.6059 1.6525 3.7848 -0.9420 1.8041 49.6546 -7.9593 -0.4133
Car -1 -1 -4.4354 299.4085 177.3877 345.7214 201.8208 1.4968 1.7252 4.1985 -18.7594 1.8066 47.1825 -4.8122 -2.5171
Car -1 -1 -4.0233 98.2188 182.7517 179.7233 212.4124 1.5664 1.7428 4.0700 -27.1133 2.1665 41.6431 -4.5977 -2.6368
Car -1 -1 -4.4519 170.8088 171.4001 203.0682 190.1573 1.6961 1.6579 3.8459 -39.4465 1.5644 67.3197 -4.9804 -2.9583
Car -1 -1 -4.5487 334.6288 170.5338 358.3290 185.2105 1.4132 1.6019 3.8279 -26.1002 1.1895 71.5047 -4.8977 -3.0186
Car -1 -1 -4.2889 360.7999 174.6294 414.0944 200.8413 1.6099 1.6895 4.2884 -14.4104 1.7304 46.8529 -4.5860 -4.0090
Car -1 -1 -4.1883 308.2832 179.4489 375.4182 211.3563 1.4575 1.5391 3.5333 -13.1980 1.7998 35.6059 -4.5412 -4.0343
Car -1 -1 -4.6828 209.0458 181.1814 248.3082 212.6723 1.4810 1.6640 4.3783 -19.7935 1.9404 37.4990 -5.1658 -4.1771
Car -1 -1 -4.5332 546.6610 176.2691 584.7650 202.8841 1.5143 1.6217 3.9623 -2.6650 1.7303 43.6455 -4.5943 -4.2106
Car -1 -1 -4.5243 707.5133 174.9675 730.8040 191.4110 1.5259 1.5643 3.6622 10.5112 1.7348 69.4529 -4.3751 -4.3908
Car -1 -1 -7.8427 565.5059 172.2548 617.3796 220.2399 1.6413 1.7748 4.3347 -0.7157 1.6205 26.8611 -7.8697 -4.4153
Car -1 -1 -5.0599 658.2421 175.4635 700.6181 197.0535 1.5228 1.7574 4.3476 5.0903 1.7254 53.7792 -4.9665 -4.4903
Car -1 -1 -5.9876 500.4693 166.9270 568.0501 188.7373 1.5719 1.7826 4.6495 -5.6062 1.1444 53.3183 -6.0921 -4.6430
Car -1 -1 -3.6488 0.0000 186.8864 109.0923 229.2355 1.5915 1.6757 4.2176 -24.2015 2.2360 30.8875 -4.3094 -4.8067
Car -1 -1 -4.5057 388.0274 173.3587 419.4453 195.6153 1.6866 1.6436 3.7161 -16.1877 1.7273 56.6758 -4.7830 -4.8359
Car -1 -1 -5.2623 624.6703 172.0673 664.8228 193.2581 1.6756 1.5817 3.6901 2.7832 1.6131 59.0499 -5.2158 -4.8777
Car -1 -1 -4.6405 282.6396 178.0678 315.2307 204.9612 1.6344 1.6599 3.8886 -20.1518 1.9873 46.7760 -5.0455 -4.9825
Car -1 -1 -4.5090 369.6964 174.7460 412.5208 202.0323 1.5691 1.7250 3.9342 -13.2660 1.6891 43.8115 -4.8017 -5.0133
Car -1 -1 -5.1972 685.4281 175.6712 719.0823 191.5692 1.4709 1.5781 3.9002 8.8440 1.7506 69.6062 -5.0717 -5.0934
Car -1 -1 -6.1397 448.5499 171.0459 506.3594 200.0626 1.7550 1.6886 3.3031 -8.1818 1.6454 44.5467 -6.3207 -5.1036
Car -1 -1 -4.5413 391.6803 175.2303 430.3129 201.3431 1.6020 1.6913 4.4263 -12.9261 1.7639 46.9670 -4.8088 -5.1454
Car -1 -1 -4.6960 432.9434 174.3542 459.5929 201.4839 1.6851 1.6295 4.1837 -10.7223 1.7877 47.2763 -4.9182 -5.2191
Car -1 -1 -7.3023 0.0000 185.4852 34.6650 275.2801 1.6223 1.7514 4.2901 -15.0246 1.9410 15.9497 -8.0495 -5.2621
Car -1 -1 -4.3368 741.8646 170.9499 787.7781 196.7599 1.7061 1.7261 4.0988 10.7101 1.5799 49.8790 -4.1269 -5.3137
Car -1 -1 -8.1355 506.2667 167.5443 532.4824 182.6978 1.4456 1.5864 3.6974 -8.9423 0.9388 70.8457 -8.2608 -5.3169
Car -1 -1 -4.6532 150.2620 172.6404 175.8502 190.1490 1.5580 1.7648 3.9656 -41.0963 1.5387 66.3720 -5.2060 -5.3739
Car -1 -1 -7.2988 345.6755 169.7911 382.3802 186.6884 1.6173 1.8357 3.5235 -24.1793 1.3238 70.9852 -7.6262 -5.4306
Car -1 -1 -4.6810 698.0578 175.9352 724.9142 199.1090 1.3986 1.5874 3.8088 6.4816 1.6038 46.0937 -4.5426 -5.4710
Car -1 -1 -4.3649 181.9327 178.9765 232.0449 203.2753 1.4206 1.5477 3.7468 -25.1840 1.8201 45.1493 -4.8714 -5.5273
Car -1 -1 -4.1918 0.0000 187.0733 14.1693 293.2092 1.5551 1.5788 4.1936 -13.2034 1.8626 13.3946 -4.9600 -5.5449
Car -1 -1 -5.2974 827.3210 176.0179 872.8690 194.4524 1.4600 1.6502 4.0036 19.8966 1.7324 60.0327 -4.9791 -5.5562
Car -1 -1 -1.8910 0.0000 199.5670 12.5012 240.6180 1.4492 1.5516 3.9141 -26.1127 2.5941 29.2791 -2.6149 -5.6058
Car -1 -1 -4.7105 219.9783 180.9864 256.2269 211.8296 1.5965 1.7394 4.2175 -21.0591 2.0819 40.8205 -5.1844 -5.6325
Car -1 -1 -2.0367 0.0000 182.4779 0.0000 293.7041 1.4549 1.6467 4.4553 -12.5888 1.6206 11.0593 -2.8746 -5.6700
Car -1 -1 -2.1111 0.0000 193.8188 13.5483 374.0000 1.4421 1.5854 4.0349 -6.0565 1.5899 4.1280 -3.0530 -5.6718
Car -1 -1 -8.1369 852.3521 189.5631 905.1292 219.4107 1.5559 1.7942 4.0825 15.5521 2.5782 42.0595 -7.7857 -5.6740
Car -1 -1 -5.0100 611.1318 176.7897 646.7764 198.5959 1.4282 1.4525 3.6427 1.2410 1.7108 49.9110 -4.9857 -5.8628
Car -1 -1 -8.4290 0.0000 0.0000 948.5778 374.0000 1.5397 1.5900 3.8048 0.6996 1.5809 0.9966 -7.9398 -5.8867
Car -1 -1 -7.3171 149.3193 0.0000 1241.0000 374.0000 1.5387 1.5897 3.8042 -0.9084 1.5947 0.9967 -7.9398 -5.8867
Car -1 -1 -4.0954 219.0700 178.0029 278.4250 199.9621 1.3695 1.5931 3.8463 -23.9781 1.7260 47.9723 -4.5569 -5.8867
Car -1 -1 -3.4555 0.0000 187.3200 0.0000 374.0000 1.4863 1.6009 3.9526 -7.0831 1.5686 2.1317 -4.6978 -5.8867
Car -1 -1 -5.0528 862.6677 176.5066 901.8156 196.1784 1.4534 1.5923 3.9890 21.0705 1.7471 56.0626 -4.6954 -5.8867
Car -1 -1 -6.7856 0.0000 0.0000 1241.0000 374.0000 1.5404 1.5857 3.8020 -2.9050 1.6321 1.0055 -7.9391 -5.8867
Car -1 -1 -8.9992 0.0000 0.0000 1241.0000 374.0000 1.5351 1.5877 3.8031 2.3074 1.5501 0.9969 -7.9398 -5.8867
Car -1 -1 -1.9218 144.4379 181.7188 220.2032 219.1124 1.5953 1.6334 4.4272 -20.1058 2.0351 33.7821 -2.4554 -6.0218
Car -1 -1 -5.4813 0.0000 175.4284 3.7890 319.8896 1.6662 1.8446 4.6667 -11.1145 1.7032 9.4031 -6.3358 -6.3468
