Car -1 -1 -7.8631 574.4791 182.8748 608.8611 212.7839 1.3655 1.6290 3.5929 -0.9750 1.8904 35.9897 -7.8906 4.6596
Car -1 -1 -7.7856 527.6803 182.8977 557.7410 205.6863 1.3393 1.6626 3.5400 -4.2656 2.0010 45.7724 -7.8785 3.8849
Car -1 -1 -5.4156 879.4904 188.0172 936.7695 214.7354 1.5366 1.5440 3.3135 18.6593 2.5279 45.3712 -5.0283 0.9575
Car -1 -1 -4.9523 904.6879 188.0942 944.7094 214.8388 1.6104 1.6068 3.5180 20.6073 2.6516 47.4431 -4.5454 -1.1078
Car -1 -1 -3.7526 994.8220 186.9766 1101.8904 224.5424 1.5836 1.6329 3.8306 19.3999 2.2300 32.0850 -3.2135 -1.5800
Car -1 -1 -2.8983 795.6115 178.0452 869.8234 204.6304 1.5631 1.6592 4.1355 13.8038 1.8986 44.8909 -2.6023 -3.0441
Car -1 -1 -4.2783 308.1616 177.7782 353.4379 200.1958 1.5514 1.7031 3.6424 -20.3398 1.9230 52.6292 -4.6456 -3.1143
Car -1 -1 -5.1497 663.9563 183.4252 703.9240 203.6758 1.4827 1.6388 3.9112 5.7861 2.3508 57.1548 -5.0499 -3.1167
Car -1 -1 -4.1928 8.7506 186.8096 97.6822 222.0984 1.5512 1.6893 3.9932 -27.2760 2.2772 35.4615 -4.8450 -3.1500
Car -1 -1 -7.8242 509.0481 168.1436 530.6854 195.8090 2.3403 1.7503 4.7025 -7.9143 1.9415 63.4589 -7.9481 -3.2729
Car -1 -1 -4.3480 393.2983 179.7932 423.5754 195.8291 1.4786 1.5883 3.7940 -19.5890 2.1722 70.1902 -4.6195 -3.3627
Car -1 -1 -4.6835 148.1762 187.3753 170.9162 205.0771 1.4676 1.6307 3.7857 -40.7098 2.8212 65.2249 -5.2399 -3.5668
Car -1 -1 -4.6157 298.4659 179.1737 329.0137 202.5948 1.5160 1.5923 3.7507 -20.4449 1.9698 49.8204 -5.0035 -3.6276
Car -1 -1 -4.4162 270.9346 178.9741 317.5403 204.8633 1.5457 1.6917 3.7582 -20.0890 1.9520 45.9715 -4.8263 -3.9216
Car -1 -1 -4.7772 1086.7794 169.8446 1139.1312 210.0636 1.7659 1.7152 4.3085 23.5546 1.6334 33.9699 -4.1754 -3.9849
Car -1 -1 -5.1750 1124.5376 181.5469 1194.6716 213.9486 1.7897 1.7944 3.8108 32.6056 2.3318 42.9827 -4.5299 -4.0469
Car -1 -1 -4.7348 979.9044 181.1931 1016.9495 212.9222 1.5314 1.6086 3.8752 20.3730 1.9946 38.0168 -4.2465 -4.1409
Car -1 -1 -4.8748 1192.1525 167.1481 1241.0000 199.9358 1.5780 1.5799 3.9385 31.0414 1.3031 36.8232 -4.1785 -4.1757
Car -1 -1 -5.1635 901.6493 190.5279 955.4902 215.6062 1.5494 1.6898 4.2711 21.8780 2.8221 49.8015 -4.7524 -4.4781
Car -1 -1 -4.6662 703.7517 181.9820 729.6869 206.5161 1.5606 1.5890 3.9008 7.3209 2.2126 49.4986 -4.5207 -4.5189
Car -1 -1 -2.6040 759.1272 181.3980 805.7278 201.2535 1.6107 1.6253 3.5575 14.7519 2.3652 61.9208 -2.3717 -4.5845
Car -1 -1 -8.1586 421.2970 180.7508 472.3642 211.8038 1.4662 1.5337 3.6263 -8.4518 1.8924 37.0146 -8.3820 -4.7640
Car -1 -1 -4.9777 343.1837 179.6882 374.5369 198.0941 1.4708 1.6218 3.5831 -21.2894 2.0669 61.0304 -5.3123 -4.8715
Car -1 -1 -5.1259 1208.1638 161.4182 1241.0000 196.7174 1.5541 1.6495 3.8859 29.9788 1.0503 33.8682 -4.4058 -4.9181
Car -1 -1 -4.4917 448.8821 180.7986 473.0575 196.9384 1.4981 1.5404 3.7339 -14.5917 2.2970 70.7048 -4.6948 -5.1077
Car -1 -1 -4.8137 664.1850 182.3831 688.4434 202.9635 1.6220 1.6445 3.7639 5.5046 2.4458 60.5104 -4.7240 -5.1328
Car -1 -1 -4.6277 572.2484 180.4562 609.2026 211.1050 1.6406 1.7906 4.3103 -1.1026 2.1052 41.9199 -4.6544 -5.1725
Car -1 -1 -4.8988 592.8118 183.1048 620.6735 200.6191 1.5529 1.8973 4.2568 -0.3680 2.5637 68.9012 -4.9046 -5.2720
Car -1 -1 -4.5407 7.4558 187.1028 64.6292 219.2640 1.5069 1.6360 4.3192 -30.2742 2.3046 38.1236 -5.2085 -5.3013
Car -1 -1 -4.7422 436.6960 181.7749 453.7160 196.4131 1.3417 1.5096 3.8016 -16.1720 2.2399 70.6394 -4.9668 -5.3084
Car -1 -1 -7.8029 474.4285 174.1741 493.5768 192.7084 1.7276 1.6093 4.2688 -12.1763 1.8590 69.7854 -7.9753 -5.4300
Car -1 -1 -2.3016 0.0000 173.6031 25.2284 305.8417 1.5156 1.6127 4.0330 -10.1038 1.5257 9.1223 -3.1234 -5.4319
Car -1 -1 -4.7879 537.4201 177.8454 561.6658 196.0515 1.3692 1.6113 4.2245 -4.8937 1.7833 57.6907 -4.8725 -5.5129
Car -1 -1 -4.2057 188.0458 183.5095 246.1263 207.4812 1.6533 1.6747 4.8933 -29.5562 2.4927 54.4033 -4.7015 -5.5675
Car -1 -1 -4.7065 431.6752 178.7746 459.1546 202.8746 1.3816 1.5842 4.3308 -10.2314 1.7674 44.7727 -4.9302 -5.6059
Car -1 -1 -4.8060 127.7463 186.5040 156.2183 206.7940 1.6627 1.7591 4.0001 -41.6134 2.9148 64.0882 -5.3802 -5.6096
Car -1 -1 -4.9471 696.2016 180.1332 729.9707 199.5883 1.4392 1.6944 4.2641 8.1010 2.0384 57.2269 -4.8077 -5.6426
Car -1 -1 -2.5367 0.0000 180.1541 57.4673 363.9169 1.4444 1.7171 4.6276 -8.6745 1.5313 7.1981 -3.3965 -5.7003
Car -1 -1 -5.2641 857.3027 189.5589 909.6079 216.0158 1.5209 1.5647 3.3232 17.1596 2.6155 45.5095 -4.9063 -5.7030
Car -1 -1 -4.2904 342.9050 179.3879 397.5683 203.9786 1.3540 1.5470 4.0831 -14.2374 1.7618 42.9599 -4.6089 -5.7435
Car -1 -1 -4.9047 1091.1426 182.0198 1173.7634 226.0180 1.6319 1.8696 4.9718 21.9008 2.0529 30.5159 -4.2874 -5.7519
Car -1 -1 -4.3122 378.1281 180.0915 430.1356 204.1021 1.3626 1.5569 4.2186 -12.6477 1.8302 44.4578 -4.5882 -5.7790
Car -1 -1 -4.5385 243.2618 179.0379 282.4958 202.0168 1.3815 1.5921 4.1472 -22.4793 1.8011 46.7813 -4.9845 -5.7811
Car -1 -1 -4.4416 199.1727 180.8462 248.1880 207.1950 1.4795 1.6059 4.0265 -23.4948 1.9897 43.9515 -4.9303 -5.8057
Car -1 -1 -4.7141 576.2906 179.8525 604.4678 203.6009 1.4490 1.7727 4.5581 -1.3373 1.9336 47.6878 -4.7425 -5.8264
Car -1 -1 -4.5398 578.2761 181.6019 602.4670 198.1663 1.4751 1.6300 4.0584 -1.8554 2.3326 68.6254 -4.5671 -5.8867
Car -1 -1 -4.6382 553.6661 178.9186 580.1411 200.5829 1.4448 1.5908 3.9373 -3.0535 1.8915 51.2072 -4.6979 -5.8867
Car -1 -1 -4.9792 1082.1847 176.6464 1134.8701 203.5866 1.5397 1.6445 3.9245 30.2585 1.7816 43.9576 -4.3798 -5.8867
Car -1 -1 -7.8472 0.0000 0.0000 1110.2076 374.0000 1.5529 1.5947 3.8088 -0.1040 1.6335 0.9957 -7.9398 -5.8867
Car -1 -1 -4.2679 0.0000 179.2556 0.0000 253.5977 1.4544 1.6296 4.0382 -17.4940 1.6213 16.6677 -5.0695 -5.8867
Car -1 -1 -6.9163 0.0000 0.0000 1241.0000 374.0000 1.5528 1.5928 3.8067 -2.1019 1.6598 1.0027 -7.9391 -5.8867
Car -1 -1 -4.8063 713.1428 176.7137 737.3134 194.9043 1.4220 1.5910 3.8961 9.4019 1.7493 59.2446 -4.6501 -5.8867
Car -1 -1 -5.7851 1241.0000 178.5800 1241.0000 374.0000 1.5196 1.6121 3.9642 5.3713 1.5551 2.5209 -4.6976 -5.8867
Car -1 -1 -4.2994 215.9429 180.8510 267.9714 204.0198 1.4047 1.5456 4.0130 -24.0381 1.9503 47.2053 -4.7684 -5.9419
Car -1 -1 -7.1390 147.9309 180.9344 226.2793 209.2435 1.4257 1.4839 3.9401 -23.1479 1.8920 39.5961 -7.6653 -6.8114
