Car -1 -1 -7.8907 555.4889 182.0188 598.4592 217.4438 1.2987 1.5963 3.5423 -1.4329 1.6930 29.2338 -7.9399 5.5651
Car -1 -1 -3.8680 913.8832 191.9781 1023.9102 237.5795 1.4534 1.4595 3.2993 12.4208 2.1489 25.1050 -3.4140 4.6026
Car -1 -1 -7.7921 506.6031 180.7603 538.8568 205.8484 1.3283 1.6147 3.4240 -4.9646 1.7972 41.0648 -7.9121 4.5091
Car -1 -1 -4.1327 1054.2528 194.7861 1170.4054 240.7728 1.5483 1.7241 3.9900 18.9804 2.4261 27.3330 -3.5316 3.8712
Car -1 -1 -5.0793 997.4598 180.3577 1045.7435 205.0354 1.5781 1.5376 3.9703 28.1242 2.1139 49.4795 -4.5654 -0.9441
Car -1 -1 -2.6318 736.8667 175.5370 781.1091 193.7981 1.7150 1.6884 3.8862 14.4634 1.9829 70.2322 -2.4299 -1.0533
Car -1 -1 -4.1674 925.9847 166.0842 976.8267 188.3400 1.7235 1.7402 4.2410 27.3253 1.1989 57.7736 -3.7278 -2.0671
Car -1 -1 -4.4292 297.3461 177.8705 336.8382 199.4164 1.5143 1.6380 4.1289 -21.8287 1.9032 53.8439 -4.8129 -2.9370
Car -1 -1 -4.3893 1170.3466 179.4152 1221.5908 202.1243 1.4686 1.6009 3.8235 40.0595 1.9326 49.3515 -3.7107 -3.0812
Car -1 -1 -4.8890 691.8079 181.3060 721.0919 202.4797 1.5452 1.5913 3.8953 7.4488 2.2267 56.2219 -4.7585 -3.6698
Car -1 -1 -3.3737 937.4572 178.2234 1005.4550 203.1936 1.4419 1.5619 3.3746 21.6003 1.7723 43.2971 -2.9140 -3.7197
Car -1 -1 -4.1801 1.0475 194.5165 86.4808 228.4222 1.4954 1.6507 3.8642 -28.5084 2.6495 36.4291 -4.8407 -3.7471
Car -1 -1 -6.3344 947.2611 181.0789 1016.7650 205.8319 1.4413 1.5900 3.7236 22.8296 1.9651 44.4856 -5.8634 -3.8861
Car -1 -1 -6.4109 786.2166 173.9409 836.9385 192.2570 1.6146 1.6877 4.2075 18.0613 1.7137 64.8728 -6.1408 -4.0228
Car -1 -1 -4.9403 526.0721 179.2011 564.6033 203.6013 1.5834 1.7354 4.3400 -4.5931 2.0467 50.3686 -5.0312 -4.1193
Car -1 -1 -4.5302 755.6912 189.8410 785.0900 210.7572 1.4405 1.5662 3.5716 12.1822 2.7765 54.8091 -4.3133 -4.2163
Car -1 -1 -5.1906 1047.5481 172.9636 1104.3563 196.3862 1.6037 1.6810 4.1341 33.1803 1.6116 51.5582 -4.6217 -4.2713
Car -1 -1 -4.8134 424.7086 181.0185 454.0420 203.9155 1.4211 1.5314 3.8060 -11.4839 1.9904 48.2918 -5.0460 -4.4775
Car -1 -1 -4.2843 365.6279 179.2744 401.6096 195.6398 1.5101 1.7412 4.2670 -22.1047 2.1574 70.5524 -4.5871 -4.5499
Car -1 -1 -4.6157 1097.2855 163.9444 1132.3407 185.7389 1.6828 1.8914 4.5701 40.6253 0.9946 58.0653 -4.0078 -4.5588
Car -1 -1 -4.9499 589.2592 178.8343 614.5776 196.3093 1.5387 1.5959 3.3151 -0.7919 2.1051 66.5703 -4.9622 -4.6155
Car -1 -1 -4.5782 933.7246 168.7794 969.6306 200.0934 1.9317 1.6149 3.7649 22.0280 1.6800 46.5288 -4.1388 -4.6487
Car -1 -1 -4.2606 40.8205 192.7608 119.3001 226.1545 1.5023 1.6283 4.0843 -27.2302 2.5872 37.1809 -4.8895 -4.8068
Car -1 -1 -4.5331 414.8478 180.0147 458.6190 206.3158 1.4153 1.7554 4.2406 -10.0978 1.8551 42.1723 -4.7670 -4.8170
Car -1 -1 -7.8023 155.1558 183.2719 207.8889 227.7903 1.4705 1.4796 3.4707 -15.7703 1.8814 26.5949 -8.3334 -5.0240
Car -1 -1 -3.8753 0.0000 193.0292 67.9621 228.0901 1.5342 1.6055 4.2908 -29.9994 2.6143 36.3959 -4.5612 -5.1556
Car -1 -1 -3.8403 168.5240 188.1033 233.6137 211.2193 1.4630 1.6779 3.7578 -28.5466 2.5719 50.4302 -4.3534 -5.1721
Car -1 -1 -5.1305 1129.5243 201.5300 1201.9539 236.6875 1.4485 1.4487 3.4660 26.5169 2.8970 34.6019 -4.4815 -5.1758
Car -1 -1 -4.6532 345.6010 178.1787 372.5518 198.2840 1.4001 1.6488 4.0813 -18.6266 1.8115 53.5941 -4.9864 -5.2256
Car -1 -1 -4.4674 581.0733 176.6689 608.4789 193.2625 1.5384 1.7172 4.1173 -1.4640 1.9204 70.1033 -4.4886 -5.2293
Car -1 -1 -4.8743 558.7836 178.8096 600.2647 205.1780 1.4482 1.7786 4.3548 -1.9076 1.8218 42.9861 -4.9188 -5.2543
Car -1 -1 -4.6318 174.4091 188.5624 207.7604 211.3059 1.5672 1.8558 4.4922 -32.1936 2.8279 55.4980 -5.1556 -5.2737
Car -1 -1 -5.0118 371.4273 177.0438 401.4935 194.7567 1.5912 1.6798 3.7014 -21.0372 1.9960 67.7657 -5.3120 -5.3092
Car -1 -1 -5.0181 215.9574 184.6521 260.3536 209.8887 1.6438 1.6761 3.9376 -26.2594 2.5074 50.8459 -5.4929 -5.3386
Car -1 -1 -8.0168 554.8691 176.3285 599.0133 209.0450 1.6117 1.7489 3.5781 -1.8229 1.8032 37.8883 -8.0650 -5.3925
Car -1 -1 -2.5062 0.0000 176.5290 11.7823 374.0000 1.4627 1.6499 4.2699 -8.5792 1.5033 6.7017 -3.3943 -5.4213
Car -1 -1 -4.3376 121.0402 185.3285 183.4414 214.9413 1.5195 1.6190 4.0270 -25.9222 2.2639 40.9462 -4.8993 -5.6177
Car -1 -1 -6.2351 0.0000 173.2865 205.7889 305.1910 1.7025 1.4987 3.6678 -8.3649 1.7097 10.9688 -6.8752 -5.6529
Car -1 -1 -4.4839 1132.1692 169.0636 1169.6377 190.9391 1.5921 1.5136 3.4789 40.6279 1.3160 54.2154 -3.8436 -5.6855
Car -1 -1 -2.2490 0.0000 178.9550 17.6176 308.3437 1.4702 1.5438 3.7536 -10.0525 1.5554 9.1995 -3.0642 -5.7093
Car -1 -1 -4.2454 314.8802 179.2822 364.1865 200.3643 1.3263 1.4996 3.9353 -18.2138 1.7778 48.6740 -4.6019 -5.7546
Car -1 -1 -4.2388 310.3451 180.0000 370.0107 205.9667 1.3774 1.5660 3.9769 -15.4703 1.8084 41.4790 -4.5940 -5.7788
Car -1 -1 -4.3013 173.2786 182.5851 236.7316 209.6117 1.4065 1.6143 4.1948 -23.1094 1.9921 41.2755 -4.8092 -5.8194
Car -1 -1 -4.3533 0.0000 182.6703 0.0000 254.8714 1.3790 1.5981 4.1711 -17.0920 1.6351 16.6153 -5.1448 -5.8293
Car -1 -1 -4.4588 155.9814 185.9750 191.6296 206.7473 1.6145 1.6347 3.9339 -36.7744 2.7598 60.8761 -5.0006 -5.8346
Car -1 -1 -4.3575 0.0000 182.7517 0.0000 268.4350 1.3631 1.5874 4.1742 -15.0732 1.5884 14.2172 -5.1627 -5.8410
Car -1 -1 -4.5050 0.0000 185.6362 0.0000 213.2319 1.5491 1.6577 4.0132 -41.6073 2.3777 44.6416 -5.2523 -5.8867
Car -1 -1 -4.5559 0.0000 185.6254 24.3273 210.4994 1.5553 1.6587 4.0119 -41.6054 2.4686 49.4675 -5.2527 -5.8867
Car -1 -1 -4.6072 47.8897 183.7255 81.9062 205.4184 1.5275 1.6534 4.0121 -41.6068 2.3898 55.1030 -5.2518 -5.8867
Car -1 -1 -4.9210 1241.0000 167.0255 1241.0000 195.2403 1.4940 1.6488 4.0030 41.4681 1.1851 40.3298 -4.1255 -5.8867
Car -1 -1 -4.6304 90.4084 190.2283 120.6770 211.9803 1.6207 1.7098 4.0770 -41.5464 3.1048 59.4537 -5.2384 -5.8867
Car -1 -1 -8.6436 0.0000 0.0000 1049.1913 374.0000 1.5522 1.5927 3.8067 1.1139 1.6228 1.0026 -7.9392 -5.8867
Car -1 -1 -4.5746 650.2695 179.3859 673.7048 195.8912 1.4755 1.6547 4.2698 4.9501 2.1163 68.5533 -4.5033 -5.8867
Car -1 -1 -4.5313 0.0000 185.4122 0.0000 211.3829 1.5418 1.6549 4.0102 -41.6067 2.3978 47.0550 -5.2527 -5.8867
Car -1 -1 -5.8402 1241.0000 180.5942 1241.0000 374.0000 1.5292 1.6154 3.9684 6.1754 1.5773 2.5208 -4.6976 -5.8867
Car -1 -1 -7.5635 152.2430 0.0000 1241.0000 374.0000 1.5511 1.5931 3.8065 -0.4943 1.6347 1.0026 -7.9392 -5.8867
Car -1 -1 -4.6647 115.3962 183.5992 141.2313 202.8704 1.5437 1.6616 4.0155 -41.6049 2.5038 62.3433 -5.2514 -5.8867
Car -1 -1 -4.8917 1241.0000 169.2673 1241.0000 196.2919 1.5214 1.6570 3.9915 41.4675 1.3191 42.7395 -4.1250 -5.8867
Car -1 -1 -6.9165 0.0000 0.0000 1241.0000 374.0000 1.5491 1.5913 3.8054 -2.1019 1.6479 1.0031 -7.9391 -5.8867
Car -1 -1 -4.5868 21.0342 185.1191 58.6840 208.3294 1.5526 1.6594 4.0154 -41.6046 2.4844 52.6854 -5.2529 -5.8867
Car -1 -1 -4.6094 533.5944 177.1937 558.4225 195.5082 1.3791 1.5699 3.9115 -5.0697 1.7349 57.2337 -4.6978 -5.8867
Car -1 -1 -4.3716 342.6960 179.1685 386.0525 201.0498 1.3977 1.5759 3.9181 -16.7213 1.8452 49.1973 -4.6979 -5.8867
Car -1 -1 -4.5751 238.4337 182.5343 271.6203 205.5497 1.5796 1.6615 4.0917 -26.3365 2.3276 53.5761 -5.0303 -5.9095
Car -1 -1 -4.4213 681.0283 181.4040 709.6472 199.5851 1.6226 1.6361 3.9640 8.1177 2.4601 68.5567 -4.3044 -5.9283
Car -1 -1 -4.2676 239.2352 181.0084 290.4279 203.6481 1.4901 1.6359 4.1519 -24.3852 2.0904 51.0637 -4.7114 -6.0693
Car -1 -1 -4.3079 0.0000 181.6767 0.0000 244.5501 1.4290 1.5837 4.0630 -19.6195 1.6900 19.1911 -5.0974 -6.2528
Car -1 -1 -5.2215 1018.9591 173.7175 1074.3571 195.5504 1.5136 1.6974 3.9650 31.4756 1.5781 52.1879 -4.6815 -6.3178
Car -1 -1 -4.8592 805.4008 186.9940 837.5241 210.6386 1.5043 1.5966 3.7794 14.6520 2.5276 50.2522 -4.5776 -6.6784
Car -1 -1 -7.7985 0.0000 182.1411 7.0373 268.7274 1.6910 1.9385 4.6095 -15.5811 1.9406 17.0099 -8.5323 -6.7795
