Car -1 -1 -4.3441 196.9965 184.2908 272.4817 223.7320 1.4678 1.6283 3.3982 -15.3754 1.9657 29.6572 -4.8190 6.2196
Car -1 -1 -7.8004 497.8159 179.9743 536.8819 210.1556 1.3378 1.6753 3.4935 -4.4399 1.6971 34.6371 -7.9274 5.6342
Car -1 -1 -7.8393 551.9166 181.3692 602.8052 225.0152 1.3205 1.5899 3.5824 -1.1249 1.6290 24.3532 -7.8857 4.4967
Car -1 -1 -4.8876 180.9100 180.9101 236.5520 215.3958 1.5170 1.6460 4.2166 -19.4951 1.9305 34.9038 -5.3939 -0.2352
Car -1 -1 -8.6131 823.8423 179.7876 875.3925 200.4682 1.5755 1.6687 4.0022 19.3779 2.1590 58.5867 -8.2956 -1.1602
Car -1 -1 -4.3379 739.9401 173.0950 783.0655 195.6124 1.6709 1.7241 4.5817 11.7697 1.6901 55.9816 -4.1321 -1.2924
Car -1 -1 -7.9857 148.2974 181.9937 201.6049 218.1275 1.5460 1.6401 4.0437 -20.5946 2.0032 34.0224 -8.5268 -1.7900
Car -1 -1 -4.8390 724.7106 176.6653 753.3206 198.0483 1.5414 1.6348 3.9922 9.7243 1.8412 54.7703 -4.6646 -2.3925
Car -1 -1 -4.2345 0.0000 203.8115 52.9437 247.2638 1.5448 1.6670 3.6385 -25.4430 2.9324 30.3933 -4.9273 -2.5677
Car -1 -1 -4.7705 0.0000 178.3199 23.3330 205.2289 1.7113 1.7118 4.1743 -41.0455 2.0971 48.8508 -5.4668 -2.5751
Car -1 -1 -4.8587 793.8618 175.9652 826.7814 201.0571 1.6470 1.6619 3.6254 13.7319 1.8693 49.7315 -4.5913 -2.6793
Car -1 -1 -4.8056 793.6119 178.9796 814.3623 196.1888 1.6218 1.6276 3.7964 19.1576 2.2450 71.4333 -4.5451 -2.6805
Car -1 -1 -5.1237 810.6481 180.8309 841.7421 196.8599 1.5024 1.5917 3.7122 21.3675 2.3140 71.5000 -4.8349 -3.0487
Car -1 -1 -4.3459 257.8937 179.9786 309.6990 206.0426 1.5638 1.6994 4.0435 -20.9762 2.0429 46.4870 -4.7679 -3.4511
Car -1 -1 -4.6577 42.5759 205.1758 83.3467 236.9182 1.5192 1.6169 3.9022 -30.9268 3.4402 40.8202 -5.3032 -3.5279
Car -1 -1 -5.3689 765.8402 179.2974 804.1188 196.2704 1.5934 1.6368 3.9016 17.2719 2.2501 71.4564 -5.1331 -3.6038
Car -1 -1 -5.0939 699.2069 181.2986 730.6901 199.7456 1.5803 1.6061 3.5732 9.4711 2.3691 65.4998 -4.9514 -3.8442
Car -1 -1 -7.7495 247.1349 179.4878 276.0401 201.7628 1.6655 1.6597 3.9777 -27.6924 2.2125 57.3821 -8.1975 -4.2320
Car -1 -1 -4.1167 598.0735 179.7129 648.9786 201.8868 1.5728 1.7022 4.3920 1.0461 2.1159 54.8792 -4.0982 -4.2597
Car -1 -1 -4.7527 23.6663 185.2349 55.8418 209.0918 1.5865 1.6722 3.9714 -41.2790 2.5165 52.1651 -5.4198 -4.4294
Car -1 -1 -4.2938 354.7340 177.9006 392.1863 196.3339 1.6896 1.7954 4.4147 -22.8073 2.1927 69.6778 -4.6093 -4.4670
Car -1 -1 -7.8275 550.1472 174.7150 600.6660 221.5280 1.6411 1.7827 4.1680 -1.3120 1.7173 27.5643 -7.8753 -4.4816
Car -1 -1 -7.9454 897.2937 176.4840 940.1843 212.0731 1.7679 1.6964 4.3414 16.4272 1.9737 38.6427 -7.5467 -4.6607
Car -1 -1 -4.4636 529.7170 176.0022 582.3193 208.6127 1.5675 1.6492 4.5884 -2.7713 1.7415 37.5482 -4.5373 -4.6758
Car -1 -1 -4.4402 235.0032 182.0673 286.1557 209.1971 1.4509 1.6879 3.9101 -20.3357 2.0143 42.0688 -4.8883 -4.7413
Car -1 -1 -7.9304 598.6146 172.3151 628.6092 199.3746 1.6899 1.6423 4.0930 0.1616 1.6560 47.1628 -7.9274 -4.8411
Car -1 -1 -4.9118 535.7467 179.6483 559.4742 197.3810 1.5447 1.5414 3.2719 -5.7518 2.1828 66.0097 -4.9987 -4.8601
Car -1 -1 -5.0936 416.5693 180.6938 452.0898 199.3457 1.6358 1.8668 3.9861 -16.4242 2.3899 67.2638 -5.3325 -4.8894
Car -1 -1 -6.1812 449.9759 176.6195 520.1442 205.8038 1.5541 1.6521 3.6469 -6.8519 1.7655 39.6174 -6.3517 -4.9267
Car -1 -1 -4.2504 284.6297 181.6852 341.4341 207.7549 1.4349 1.5837 3.8347 -17.6687 1.9852 43.0194 -4.6382 -4.9510
Car -1 -1 -5.2826 755.6616 184.9621 804.0720 207.3676 1.5152 1.5279 4.0459 12.4617 2.4455 53.2939 -5.0546 -5.0886
Car -1 -1 -4.4788 461.6972 180.8236 487.2500 198.0129 1.5176 1.5461 3.6181 -12.6229 2.2806 67.2586 -4.6640 -5.0913
Car -1 -1 -4.3974 144.8410 192.5436 190.3492 218.2511 1.6196 1.6661 3.6167 -30.8720 3.0479 50.3997 -4.9449 -5.1687
Car -1 -1 -4.0609 332.2961 177.7585 395.1734 204.4320 1.5539 1.5987 4.0169 -15.3167 1.8740 44.9855 -4.3876 -5.2494
Car -1 -1 -2.0101 0.0000 177.0389 14.5208 206.8440 1.8501 1.9656 4.5128 -41.3625 2.1335 47.1028 -2.7280 -5.3985
Car -1 -1 -5.0814 829.9274 179.2051 883.2642 203.4082 1.4506 1.7210 4.5689 15.8719 1.8825 46.7821 -4.7567 -5.4338
Car -1 -1 -7.7195 923.4600 178.7601 971.2766 215.2749 1.7588 1.6944 4.5672 17.7325 2.0882 37.9044 -7.2855 -5.5756
Car -1 -1 -3.8972 26.3110 186.5620 145.9281 230.8569 1.4987 1.4914 3.6631 -19.9151 2.0588 27.5552 -4.5186 -5.7101
Car -1 -1 -4.9381 726.4956 178.5785 755.4180 195.3667 1.4384 1.6777 4.1724 11.8055 1.9738 65.3935 -4.7607 -5.7640
Car -1 -1 -5.1117 763.6587 178.8447 809.7262 204.5782 1.6693 1.6595 3.9912 12.1264 2.1007 49.8879 -4.8752 -5.9420
Car -1 -1 -4.1749 685.4877 173.3465 727.3972 193.2578 1.4966 1.5092 3.8051 7.5260 1.5361 56.2914 -4.0430 -6.3812
