Car -1 -1 -7.9091 553.7599 186.6548 599.2971 222.0373 1.2315 1.5827 3.5491 -1.4154 1.8098 28.4020 -7.9591 5.3888
Car -1 -1 -7.8187 503.9068 183.0545 536.6979 211.6530 1.4691 1.6908 3.6191 -5.0025 2.0648 40.2815 -7.9420 4.7911
Car -1 -1 -3.8014 854.8228 194.8479 949.6490 234.0113 1.4859 1.5576 3.4185 12.0770 2.4365 29.9713 -3.4225 4.2409
Car -1 -1 -4.0739 984.5217 196.5220 1082.8040 237.1771 1.6250 1.7286 4.0578 18.9216 2.7365 32.2964 -3.5487 2.5655
Car -1 -1 -4.7836 897.2239 176.0816 919.9890 193.7794 1.4779 1.5836 3.3693 25.9261 1.7666 62.7745 -4.3939 0.7633
Car -1 -1 -3.7864 215.2801 183.1216 291.9598 210.2538 1.5175 1.6944 3.9878 -21.7683 2.1762 44.1515 -4.2424 -1.6304
Car -1 -1 -7.9696 860.5611 168.7169 891.3074 195.0966 2.1269 1.8768 4.7317 22.2913 1.7931 60.6948 -7.6195 -2.6139
Car -1 -1 -5.0603 0.0000 190.3810 17.8484 241.0540 1.3954 1.5575 3.8844 -20.4719 1.9827 22.5835 -5.7909 -2.7235
Car -1 -1 -6.9444 859.3895 179.8145 924.2313 205.2363 1.6228 1.5857 3.8719 18.7436 2.0992 48.0976 -6.5753 -2.9040
Car -1 -1 -4.9061 636.0833 180.3456 664.7854 201.5161 1.7069 1.6427 4.3823 3.4134 2.3748 62.0741 -4.8519 -3.0541
Car -1 -1 -4.8036 879.7731 171.6784 904.6699 190.5556 1.6002 1.6548 4.1194 24.7250 1.5002 63.3702 -4.4335 -3.1153
Car -1 -1 -6.9457 92.6880 185.3727 181.5214 215.9276 1.3919 1.5467 3.5407 -23.7918 2.0561 36.3737 -7.5218 -3.2577
Car -1 -1 -3.7058 1109.0726 184.9735 1183.9971 206.7836 1.5568 1.6903 4.2188 39.7759 2.4735 53.5999 -3.0705 -3.5058
Car -1 -1 -4.6732 843.1196 174.1339 863.7765 191.9202 1.5531 1.6255 4.1485 22.1197 1.6731 65.5546 -4.3494 -3.5202
Car -1 -1 -5.0886 201.9863 191.0009 244.4232 213.6493 1.5638 1.6033 3.6332 -29.2445 2.9783 54.4686 -5.5796 -3.5332
Car -1 -1 -7.4106 173.1421 185.1653 245.2410 215.5092 1.4120 1.6582 4.0934 -20.6909 2.0849 37.3652 -7.9135 -3.5945
Car -1 -1 -8.6737 1030.5239 188.1742 1168.8962 238.7309 1.4903 1.7650 3.6368 16.3904 2.0509 24.4400 -8.0892 -3.6043
Car -1 -1 -4.3773 21.4853 195.7886 86.3776 227.4338 1.4946 1.6289 3.7560 -30.0580 2.8010 39.0716 -5.0300 -3.6602
Car -1 -1 -2.1786 16.9092 181.4373 103.6251 214.9693 1.5259 1.6331 3.4934 -26.5610 1.9556 34.8268 -2.8266 -3.8338
Car -1 -1 -4.5298 135.5726 194.9700 172.2126 220.3185 1.7184 1.6786 3.7842 -34.4854 3.4548 54.5915 -5.0913 -3.8842
Car -1 -1 -4.7463 590.8694 182.5128 608.6688 198.5088 1.4422 1.5759 3.8291 -1.0264 2.3965 69.3605 -4.7615 -4.1387
Car -1 -1 -4.7255 498.9745 183.7516 519.4259 203.7717 1.4215 1.4962 3.4912 -7.7452 2.2808 55.0733 -4.8649 -4.5031
Car -1 -1 -4.4021 423.9700 182.5560 455.7271 201.0140 1.5989 1.6669 4.1884 -15.7579 2.5274 66.9208 -4.6328 -4.6831
Car -1 -1 -2.9097 207.2278 187.1344 345.7968 262.4530 1.5474 1.6226 2.5214 -7.4655 1.8893 16.2550 -3.3346 -4.7630
Car -1 -1 -7.8999 316.4220 181.6254 336.8833 199.5225 1.5649 1.6046 3.6304 -26.3591 2.4035 67.0206 -8.2735 -4.7945
Car -1 -1 -4.7738 698.6223 186.6869 725.3632 210.8766 1.5025 1.5611 3.5714 6.8261 2.4723 48.7607 -4.6362 -5.0096
Car -1 -1 -4.8408 548.4644 180.6568 590.2041 214.9050 1.7123 1.6977 4.5962 -2.3301 2.1663 39.5916 -4.8998 -5.5382
Car -1 -1 -4.2624 299.6687 180.7772 344.6656 204.2494 1.6970 1.6935 3.8802 -22.1139 2.3282 55.5107 -4.6402 -5.5399
Car -1 -1 -4.9401 339.2471 179.7895 373.8504 201.5818 1.4895 1.5758 3.7399 -18.5320 2.0140 52.5932 -5.2776 -5.5757
Car -1 -1 -5.0207 479.3961 180.1178 510.4506 200.1441 1.6151 1.5736 3.6817 -9.8831 2.2555 61.6401 -5.1794 -5.6203
Car -1 -1 -4.8615 182.3572 191.8797 218.6434 217.0038 1.6703 1.7428 4.1467 -30.3770 3.1359 53.4236 -5.3767 -5.6294
Car -1 -1 -4.6351 465.5410 181.8687 486.6030 198.4780 1.4696 1.6522 4.0269 -12.6487 2.3474 68.1988 -4.8182 -5.6931
Car -1 -1 -4.8544 581.9753 184.5645 609.1216 206.8579 1.4859 1.4631 3.5047 -1.0999 2.3577 51.8825 -4.8760 -5.7312
Car -1 -1 -4.6306 247.9793 185.0269 276.5469 206.6473 1.5230 1.6453 4.1169 -26.7518 2.4972 55.5411 -5.0779 -5.7379
Car -1 -1 -5.0303 506.5613 179.4598 538.9249 196.2654 1.3923 1.6256 4.1247 -7.7642 1.9957 63.7292 -5.1514 -5.8108
Car -1 -1 -4.5068 389.7649 181.4876 416.8048 199.0945 1.5327 1.6328 3.9594 -19.1319 2.3565 66.8381 -4.7848 -5.8450
Car -1 -1 -4.6224 438.7658 182.0815 465.2160 201.7871 1.4327 1.6695 4.0108 -12.3650 2.1819 56.5128 -4.8372 -5.8702
Car -1 -1 -4.6420 514.3165 178.6492 540.7222 200.7403 1.4861 1.6008 4.0148 -5.8976 1.9171 51.6507 -4.7555 -5.8709
Car -1 -1 -4.5266 0.0000 188.9508 0.0000 216.4436 1.5986 1.6843 4.0364 -41.6170 2.6873 46.6522 -5.2523 -5.8867
Car -1 -1 -4.5791 11.5419 185.0293 50.4538 208.4582 1.5426 1.6561 4.0101 -41.6055 2.4539 51.8819 -5.2527 -5.8867
Car -1 -1 -4.6814 134.4796 182.5354 158.1060 200.7135 1.5198 1.6553 4.0154 -41.6063 2.4172 64.7598 -5.2508 -5.8867
Car -1 -1 -4.6605 112.1549 183.4030 138.2758 202.4274 1.5140 1.6501 4.0104 -41.6049 2.4507 61.9450 -5.2501 -5.8867
Car -1 -1 -4.4801 0.0000 185.2765 0.0000 213.6954 1.5209 1.6517 4.0096 -41.6087 2.2916 42.6353 -5.2503 -5.8867
Car -1 -1 -4.4016 384.5968 184.2023 422.2337 205.3709 1.5109 1.6580 3.9581 -15.9124 2.4175 55.6563 -4.6791 -5.8867
Car -1 -1 -4.6351 80.0377 185.1129 110.0319 206.1663 1.5659 1.6620 4.0147 -41.6027 2.5929 58.3165 -5.2528 -5.8867
Car -1 -1 -4.8759 1241.0000 169.9390 1241.0000 194.9863 1.4797 1.6392 3.9902 41.4717 1.3072 44.7427 -4.1319 -5.8867
Car -1 -1 -4.8503 1223.6626 172.5644 1241.0000 197.0321 1.5270 1.6538 3.9928 41.4741 1.5086 47.1531 -4.1322 -5.8867
Car -1 -1 -4.3899 502.0079 179.2313 536.3091 197.7095 1.4520 1.6183 4.1486 -7.5856 2.0050 60.4045 -4.5146 -5.8867
Car -1 -1 -8.1633 0.0000 0.0000 854.1760 374.0000 1.5641 1.5953 3.8097 0.3106 1.6752 1.0013 -7.9390 -5.8867
Car -1 -1 -5.7851 1241.0000 180.7382 1241.0000 374.0000 1.5268 1.6158 3.9677 5.3714 1.5758 2.5205 -4.6976 -5.8867
Car -1 -1 -4.6956 162.8203 181.9413 184.0630 199.0692 1.5263 1.6601 4.0531 -41.5951 2.4194 68.7673 -5.2381 -5.8867
Car -1 -1 -4.5547 0.0000 184.6220 24.3815 209.2566 1.5456 1.6590 4.0136 -41.6076 2.3872 49.4710 -5.2514 -5.8867
Car -1 -1 -7.1454 51.1795 0.0000 1241.0000 374.0000 1.5634 1.5950 3.8095 -1.2973 1.6902 1.0016 -7.9390 -5.8867
Car -1 -1 -4.1806 188.8132 180.5731 229.4924 196.8541 1.5143 1.6560 4.0945 -39.4836 2.2972 71.1407 -4.6859 -5.8867
Car -1 -1 -8.0937 1150.2986 189.6349 1241.0000 235.1866 1.3587 1.7162 3.7680 20.2999 1.9907 25.1175 -7.4203 -5.9088
Car -1 -1 -4.5129 542.8372 184.4202 570.7424 204.6300 1.5783 1.6291 3.7388 -4.4563 2.5799 60.5465 -4.5866 -5.9550
Car -1 -1 -5.2169 601.3963 181.6781 644.9826 200.9753 1.4606 1.6867 4.3034 1.0071 2.2100 59.0080 -5.2004 -5.9914
Car -1 -1 -4.5289 757.5774 188.0975 793.5491 212.4862 1.4414 1.5311 4.6061 11.0459 2.5081 48.0851 -4.3050 -6.0022
Car -1 -1 -4.9494 1163.6808 192.9965 1234.5458 231.0723 1.4662 1.5987 3.5800 25.8403 2.4089 31.8190 -4.2725 -6.0428
Car -1 -1 -6.8380 903.1611 196.4165 1008.8336 233.3152 1.4568 1.7145 3.7437 14.7342 2.5009 30.9141 -6.3977 -6.1561
Car -1 -1 -4.4893 15.6226 201.5593 62.3247 226.9626 1.4294 1.5733 3.9156 -37.5278 3.4011 47.4636 -5.1558 -6.2087
