Car -1 -1 -7.7046 508.0702 178.5298 556.0699 211.8215 1.3903 1.6305 3.6643 -3.5072 1.6614 32.6343 -7.8113 6.4000
Car -1 -1 -7.8470 567.8197 182.6391 620.4636 226.9237 1.2871 1.5880 3.5314 -0.5572 1.6301 23.5356 -7.8712 6.1137
Car -1 -1 -4.1841 4.5224 191.2758 182.9868 257.7627 1.2999 1.5845 4.1604 -12.2554 1.7991 17.4261 -4.7900 5.7406
Car -1 -1 -4.6355 383.8282 172.5465 413.5829 196.4807 1.6608 1.7532 4.1406 -15.2923 1.6391 52.2730 -4.9191 1.3861
Car -1 -1 -4.6454 195.1928 183.6089 232.1377 212.6513 1.5219 1.5980 3.8329 -22.7362 2.1699 41.4213 -5.1450 -2.0129
Car -1 -1 -7.5776 309.0010 178.1194 351.6353 202.7721 1.4999 1.5943 3.7909 -18.0758 1.8546 46.6954 -7.9453 -2.3666
Car -1 -1 -4.6048 424.1302 173.7477 445.9207 190.3571 1.5378 1.6279 3.7842 -16.7226 1.6254 68.9994 -4.8420 -2.5903
Car -1 -1 -4.7780 549.1201 177.0255 578.7834 202.7253 1.5538 1.6136 4.5338 -3.0606 1.8373 46.7398 -4.8435 -3.3860
Car -1 -1 -7.3010 755.1141 182.1204 794.5284 205.4773 1.7476 1.5602 3.2655 13.0231 2.5020 57.0568 -7.0782 -3.4795
Car -1 -1 -7.5621 786.7955 182.1410 828.9739 206.6896 1.4640 1.6242 3.7471 12.7744 2.0892 46.5779 -7.2965 -3.7124
Car -1 -1 -4.6625 339.4103 176.2738 366.8603 199.8416 1.5552 1.6125 3.7377 -17.8721 1.8026 50.2227 -5.0030 -3.8732
Car -1 -1 -3.3888 865.5772 190.9835 943.0750 218.8667 1.4507 1.5701 3.6917 16.1826 2.4786 39.8993 -3.0067 -3.8898
Car -1 -1 -4.3246 613.8811 176.9875 647.5910 196.0105 1.5787 1.5866 3.8909 1.8178 1.9507 62.8931 -4.2963 -3.8977
Car -1 -1 -4.4536 753.4254 181.3071 780.4883 198.3589 1.4913 1.5909 3.6116 14.5821 2.2993 67.0246 -4.2408 -3.9338
Car -1 -1 -3.5244 30.6627 170.8375 140.8965 204.7212 1.6056 1.7259 4.1579 -26.3930 1.5097 36.4086 -4.1483 -4.0115
Car -1 -1 -4.6205 514.3573 171.4374 539.8683 191.6029 1.5993 1.7271 3.9351 -6.7926 1.4866 59.2090 -4.7345 -4.0438
Car -1 -1 -4.6463 376.4418 175.9165 399.4554 195.1872 1.5552 1.6103 3.7461 -18.7278 1.8218 60.8772 -4.9438 -4.1902
Car -1 -1 -4.6969 6.2214 183.9527 80.8504 242.7029 1.4814 1.5808 3.7976 -16.4115 1.8338 20.9401 -5.3556 -4.3761
Car -1 -1 -7.5087 193.4977 178.2566 243.4862 202.0928 1.6269 1.8462 4.3006 -28.4578 2.0369 52.5360 -8.0033 -4.6223
Car -1 -1 -4.1756 364.8528 177.6389 423.1489 205.0630 1.5041 1.5592 3.7765 -12.6335 1.7978 42.3015 -4.4644 -4.7922
Car -1 -1 -4.6396 226.1123 183.6272 261.0422 209.2473 1.5414 1.7464 4.2099 -24.1535 2.2859 47.6051 -5.1072 -4.8104
Car -1 -1 -4.4646 673.5575 179.7365 703.9877 199.6927 1.5087 1.5434 3.8418 6.3428 2.0819 58.0472 -4.3568 -4.8399
Car -1 -1 -4.3853 148.3732 184.0084 208.3549 213.5220 1.4408 1.6647 3.6514 -23.0859 2.0685 38.6628 -4.9207 -4.8467
Car -1 -1 -7.8542 566.8367 173.8988 619.2874 221.1824 1.6339 1.8208 4.3998 -0.6914 1.6762 27.2533 -7.8800 -4.8547
Car -1 -1 -6.5453 302.7498 180.4398 408.2838 229.5815 1.4984 1.4886 3.0181 -8.4662 1.7649 23.9185 -6.8824 -4.8664
Car -1 -1 -4.4117 369.4626 174.2540 415.5113 198.7468 1.5591 1.7051 4.4781 -14.5624 1.6572 48.4345 -4.7026 -4.8842
Car -1 -1 -4.5434 495.1340 174.2655 526.7627 196.2364 1.5993 1.6691 4.4340 -7.5385 1.7111 55.0552 -4.6792 -5.0944
Car -1 -1 -4.4162 0.0000 183.0547 96.2531 234.1978 1.4459 1.6047 4.0260 -18.3096 1.8074 23.4296 -5.0741 -5.2403
Car -1 -1 -7.0987 623.9092 177.2485 681.0355 200.6240 1.6474 1.6502 4.4516 3.1732 1.9876 53.7801 -7.0405 -5.3621
Car -1 -1 -4.1563 187.7112 183.5250 257.5535 214.4684 1.5636 1.5419 3.9480 -21.3523 2.1829 39.8748 -4.6454 -5.4242
Car -1 -1 -4.1902 341.0417 174.8972 385.9176 196.5551 1.5472 1.5491 3.6594 -18.3791 1.7049 53.8578 -4.5178 -5.4371
Car -1 -1 -4.5064 203.5587 182.7842 248.9704 214.3761 1.4110 1.3575 2.9340 -18.5126 1.9119 34.8268 -4.9921 -5.5538
Car -1 -1 -4.7981 819.5189 172.5737 859.1882 204.9555 1.9913 2.0307 4.8328 14.8193 1.9738 46.9493 -4.4946 -5.6067
Car -1 -1 -4.5524 263.2271 180.4092 302.9298 204.5343 1.4319 1.6360 4.5116 -21.1330 1.9457 46.7129 -4.9754 -5.8396
Car -1 -1 -4.8665 644.2280 175.1471 675.1697 194.6369 1.3149 1.5550 4.2332 3.4637 1.4848 51.3694 -4.8000 -5.8766
Car -1 -1 -8.6433 0.0000 0.0000 1048.7639 374.0000 1.5442 1.5901 3.8045 1.1138 1.5945 1.0040 -7.9393 -5.8867
Car -1 -1 -7.1460 51.3479 0.0000 1241.0000 374.0000 1.5447 1.5905 3.8044 -1.2982 1.6225 1.0036 -7.9392 -5.8867
Car -1 -1 -4.7844 676.9906 178.2998 703.6973 199.4689 1.4472 1.6336 3.9748 5.7651 1.8574 52.3801 -4.6759 -5.8867
Car -1 -1 -3.5048 0.0000 188.9881 0.0000 374.0000 1.4921 1.6032 3.9535 -7.0821 1.5928 2.5307 -4.6975 -5.8867
Car -1 -1 -4.4162 0.0000 184.4471 0.0000 299.2932 1.4294 1.6443 4.4134 -13.0661 1.6554 11.7682 -5.2424 -6.0190
Car -1 -1 -5.4066 0.0000 198.8096 0.0000 330.4002 1.5292 1.7083 3.8776 -10.8812 1.9121 9.7043 -6.2353 -6.5041
