Car -1 -1 -7.8234 570.9877 187.1953 620.3792 229.3445 1.3146 1.6238 3.5169 -0.5003 1.8557 25.4731 -7.8436 6.3293
Car -1 -1 -7.7086 507.5229 183.5672 554.7385 216.4099 1.3707 1.6486 3.6267 -3.6081 1.8901 33.1585 -7.8167 6.1513
Car -1 -1 -4.2475 91.0075 188.1633 235.0823 250.9658 1.4017 1.5681 4.0778 -11.7465 1.8536 19.2189 -4.7902 5.8262
Car -1 -1 -4.5102 381.2021 183.2120 421.6981 208.3746 1.4671 1.7316 3.7922 -13.1708 2.1501 45.6394 -4.7900 2.0816
Car -1 -1 -7.1360 966.9999 193.8033 1043.7808 224.9060 1.5472 1.6750 3.6594 21.4524 2.7272 39.2319 -6.6395 -1.6396
Car -1 -1 -4.9727 723.6608 183.8291 750.1584 200.6956 1.5646 1.6511 3.8112 12.5185 2.6814 71.4693 -4.8005 -2.2196
Car -1 -1 -5.4364 108.5640 178.2864 187.0214 207.5300 1.5767 1.6317 3.7865 -26.0915 1.8926 40.6947 -6.0037 -2.5621
Car -1 -1 -7.5480 171.9080 186.8706 251.0741 225.9755 1.3424 1.6360 3.7678 -15.5168 1.9291 28.2126 -8.0472 -2.6542
Car -1 -1 -2.0738 226.9647 178.9078 281.0885 201.8102 1.5932 1.6954 4.3412 -26.2749 2.0551 53.1558 -2.5311 -2.9851
Car -1 -1 -4.3662 311.6909 178.9787 361.9940 206.8334 1.5734 1.6354 3.8135 -16.4434 1.9588 43.5173 -4.7257 -3.0922
Car -1 -1 -4.8133 619.6147 183.0646 645.2883 203.7400 1.5012 1.6126 3.8831 1.6923 2.3266 56.3532 -4.7839 -3.1010
Car -1 -1 -7.1815 0.0000 191.1912 78.9698 227.4293 1.4674 1.5964 3.7322 -26.4795 2.3526 32.9734 -7.8543 -3.3865
Car -1 -1 -4.4729 331.0724 180.3532 377.3452 206.0050 1.5388 1.7506 4.8363 -16.6983 2.0553 47.2343 -4.8112 -3.7765
Car -1 -1 -2.7067 165.8131 184.5506 279.5369 220.3786 1.4734 1.6541 4.0133 -16.7259 1.9942 31.2150 -3.1953 -3.8510
Car -1 -1 -4.6062 408.4798 181.5435 440.7293 206.0691 1.4572 1.6150 3.6970 -11.8602 2.0367 46.1954 -4.8565 -3.9275
Car -1 -1 -4.8551 544.8820 182.5019 575.1070 206.9411 1.4960 1.5008 3.4591 -3.3557 2.1553 47.4778 -4.9257 -4.2151
Car -1 -1 -4.7940 371.5701 179.7469 402.9387 205.1183 1.5794 1.6864 3.9318 -14.9510 2.0602 48.2183 -5.0934 -4.2399
Car -1 -1 -7.3122 538.6871 180.6884 585.1715 202.6136 1.5411 1.5783 4.1761 -3.6128 2.1568 54.5176 -7.3785 -4.4193
Car -1 -1 -4.5673 692.9131 184.2458 730.9665 210.4027 1.4376 1.7213 4.0768 6.1936 2.1631 43.7692 -4.4282 -4.4311
Car -1 -1 -4.4111 67.1570 187.5449 177.9612 240.7592 1.3871 1.6158 4.2793 -14.9698 1.8882 22.3465 -4.9960 -4.6728
Car -1 -1 -4.6957 818.8738 193.7327 848.3471 220.4045 1.4387 1.6742 4.4710 13.9493 2.8107 45.0391 -4.3980 -4.8920
Car -1 -1 -4.6551 305.0182 178.5794 325.6330 196.1329 1.5389 1.5534 3.5819 -27.1403 2.0815 66.4709 -5.0416 -4.9624
Car -1 -1 -4.9089 297.5469 178.9735 331.6243 200.5927 1.5465 1.5844 4.3936 -22.6484 2.0333 55.1679 -5.2970 -5.0471
Car -1 -1 -4.4761 548.9755 183.7485 577.5352 202.1330 1.6140 1.8212 3.9000 -4.3836 2.6701 67.8844 -4.5408 -5.2250
Car -1 -1 -4.7873 832.1838 180.8613 854.8415 200.7227 1.5683 1.5247 3.6895 19.5346 2.2616 60.5341 -4.4770 -5.4019
Car -1 -1 -5.1258 601.0018 182.6085 635.9386 199.8866 1.5876 1.8828 4.2834 0.7793 2.5825 71.2774 -5.1154 -5.4139
Car -1 -1 -5.0011 505.1243 177.6620 545.0370 200.4927 1.4434 1.5880 4.0260 -5.8053 1.7819 48.6898 -5.1196 -5.4309
Car -1 -1 -4.3011 619.9410 183.2708 662.0691 204.7918 1.3659 1.5466 3.7221 2.1452 2.1130 49.7554 -4.2588 -5.4950
Car -1 -1 -4.9278 430.7902 179.9803 459.7352 197.5758 1.4571 1.6582 4.0677 -14.6014 2.1078 63.7205 -5.1525 -5.5222
Car -1 -1 -4.9117 466.8553 184.4211 498.2046 205.5442 1.4634 1.5747 3.9448 -9.6796 2.3698 54.4371 -5.0873 -5.5717
Car -1 -1 -5.0431 574.1113 180.7208 619.3279 203.9319 1.3863 1.6239 4.2981 -0.9521 1.9229 46.9477 -5.0637 -5.6057
Car -1 -1 -4.6195 426.3275 178.3383 457.0759 201.8697 1.5034 1.6605 4.2257 -11.4916 1.8948 49.3316 -4.8475 -5.6177
Car -1 -1 -5.0848 573.1156 181.0548 631.3417 209.1915 1.5131 1.8631 4.6831 -0.5703 2.0278 42.7911 -5.0986 -5.6623
Car -1 -1 -4.5261 448.5980 179.6901 484.8273 202.4188 1.4133 1.6271 4.1812 -9.5568 1.8897 48.2246 -4.7210 -5.7220
Car -1 -1 -4.7047 398.0811 179.4503 424.0042 202.0498 1.4704 1.6780 4.0791 -13.9106 1.9509 50.4093 -4.9729 -5.8259
Car -1 -1 -4.7451 585.3101 180.5551 609.4969 201.6515 1.5354 1.7388 4.2796 -1.0455 2.1592 56.2882 -4.7640 -5.8353
Car -1 -1 -2.5050 0.0000 192.4384 10.9912 266.2532 1.4633 1.7197 4.2115 -16.3210 1.9310 16.0803 -3.2895 -5.8365
Car -1 -1 -3.8649 402.1909 181.6631 471.6697 209.2565 1.4513 1.5699 3.7609 -9.8696 1.9785 41.2107 -4.0989 -5.8835
Car -1 -1 -8.2795 0.0000 0.0000 947.6087 374.0000 1.5050 1.6045 3.8500 0.7256 1.5614 1.3686 -7.8744 -5.8867
Car -1 -1 -7.1453 50.8563 0.0000 1241.0000 374.0000 1.5569 1.5946 3.8080 -1.2980 1.6645 1.0018 -7.9391 -5.8867
Car -1 -1 -5.7152 1224.9340 182.5464 1241.0000 374.0000 1.5268 1.6145 3.9671 4.5674 1.5871 2.5209 -4.6976 -5.8867
Car -1 -1 -4.4570 414.3902 179.0560 449.5884 199.3570 1.4077 1.5787 3.9234 -13.1100 1.8818 53.2118 -4.6977 -5.8867
Car -1 -1 -4.3941 438.1167 180.0487 475.8271 200.8026 1.4657 1.6321 3.9348 -11.5217 2.0284 54.4189 -4.6022 -5.8867
Car -1 -1 -8.8977 0.0000 0.0000 1241.0000 374.0000 1.5073 1.6035 3.8496 2.7370 1.5542 1.3699 -7.8744 -5.8867
Car -1 -1 -4.3682 517.9530 181.9156 549.5466 199.2810 1.5200 1.6630 4.0907 -7.1274 2.3963 67.6183 -4.4733 -5.8867
Car -1 -1 -6.7849 0.0000 0.0000 1241.0000 374.0000 1.5542 1.5916 3.8065 -2.9052 1.6771 1.0030 -7.9390 -5.8867
Car -1 -1 -3.5047 0.0000 191.1442 0.0000 374.0000 1.4971 1.6044 3.9551 -7.0820 1.6114 2.5304 -4.6975 -5.8867
Car -1 -1 -7.5258 527.7957 175.8108 563.8078 200.6144 1.8598 1.6838 3.7935 -5.0252 2.0999 56.6297 -7.6143 -5.9487
Car -1 -1 -4.8253 515.2744 178.7488 553.7543 207.2291 1.5509 1.7554 4.5164 -4.5546 1.9188 42.6777 -4.9314 -5.9822
Car -1 -1 -7.8056 703.6566 175.7832 723.7915 197.2449 1.9928 1.7253 4.4825 10.0726 2.2863 70.0058 -7.6637 -6.1427
Car -1 -1 -4.6028 93.2197 186.8598 154.3059 229.7705 1.3701 1.4666 3.1929 -17.4515 1.9073 25.9381 -5.1905 -6.2146
