Car -1 -1 -7.7133 506.2296 179.7531 553.5888 212.9921 1.3826 1.6430 3.5406 -3.5985 1.7108 32.5535 -7.8231 6.4494
Car -1 -1 -7.8438 568.6686 184.3008 621.1272 226.7085 1.2419 1.6062 3.5239 -0.5330 1.6482 23.8583 -7.8666 6.0106
Car -1 -1 -4.3374 219.5103 184.5347 309.7761 225.6241 1.3403 1.7134 3.8012 -12.6552 1.8022 26.5992 -4.7779 4.0760
Car -1 -1 -4.4337 411.5641 174.7796 443.8773 193.5967 1.5339 1.6278 3.9733 -15.4523 1.7025 61.2424 -4.6801 1.2201
Car -1 -1 -4.0498 452.0707 179.7559 499.8796 200.8741 1.5023 1.6538 3.6680 -10.1386 2.0440 54.6495 -4.2327 -0.4024
Car -1 -1 -4.3866 221.6290 181.0772 269.8773 207.3605 1.5508 1.6108 3.7505 -23.0764 2.0947 45.7747 -4.8514 -1.3678
Car -1 -1 -4.7623 194.4494 184.5369 228.6871 212.8330 1.5388 1.5993 3.8425 -23.8037 2.2678 42.9899 -5.2656 -1.5218
Car -1 -1 -5.4000 0.0000 180.3567 26.3097 218.3025 1.4667 1.6157 3.9281 -26.3164 1.7840 29.4337 -6.1252 -2.4206
Car -1 -1 -4.0133 136.5837 187.4700 218.2705 218.5833 1.5403 1.6501 4.0404 -23.8217 2.3903 39.8475 -4.5494 -2.9876
Car -1 -1 -8.4363 689.6006 178.8900 725.0112 195.3403 1.5367 1.6548 3.7526 9.5178 2.1472 70.9577 -8.3039 -3.0875
Car -1 -1 -7.0784 743.3719 181.4643 788.0183 201.7861 1.6587 1.6395 3.6914 13.3723 2.4189 62.0357 -6.8676 -3.1292
Car -1 -1 -2.5597 201.2700 175.0742 263.6480 195.6076 1.5591 1.6959 4.0271 -29.3347 1.7346 56.0625 -3.0400 -3.1437
Car -1 -1 -3.9817 37.9847 185.4152 161.3110 226.4939 1.4853 1.7053 4.2854 -20.8665 2.0406 29.6833 -4.5904 -3.5926
Car -1 -1 -4.5766 123.3681 187.0866 178.3612 222.6606 1.4403 1.5855 4.0128 -21.0167 2.1352 33.0912 -5.1391 -3.5996
Car -1 -1 -7.9316 512.8907 167.3280 536.2762 187.1548 1.6980 1.7327 4.2410 -7.6356 1.2245 64.0439 -8.0501 -3.6446
Car -1 -1 -4.4481 735.1320 181.6263 773.0988 203.5749 1.5299 1.7044 4.5172 10.9233 2.2228 54.6169 -4.2523 -3.6764
Car -1 -1 -4.7150 547.6142 181.6101 572.9141 206.3528 1.5061 1.5853 3.6783 -3.2902 2.1009 47.1507 -4.7848 -3.8079
Car -1 -1 -4.2700 184.2875 184.3442 265.9794 221.5117 1.3969 1.5598 3.7236 -16.0353 1.9073 30.1815 -4.7550 -3.8331
Car -1 -1 -4.4352 358.6857 175.3079 391.9778 195.3115 1.5562 1.6083 3.7166 -19.0027 1.7612 58.4802 -4.7483 -4.0845
Car -1 -1 -4.2978 402.3271 177.8295 433.1061 194.0815 1.4907 1.5358 3.5944 -18.4352 1.9809 69.2355 -4.5574 -4.2183
Car -1 -1 -5.2279 0.0000 185.8570 57.9217 226.9907 1.4526 1.5797 3.6822 -23.3456 1.9774 27.7470 -5.9228 -4.2309
Car -1 -1 -4.7231 623.6204 171.9789 640.6219 189.6155 1.6754 1.6127 3.5582 2.1160 1.5919 70.3351 -4.6935 -4.2390
Car -1 -1 -4.5454 265.9950 181.4039 312.6677 210.3499 1.3889 1.5963 3.9992 -16.8650 1.8643 38.0156 -4.9607 -4.3200
Car -1 -1 -7.9143 587.3582 176.0074 611.1287 196.8048 1.5149 1.5822 3.7833 -0.8799 1.7639 55.0944 -7.9306 -4.4772
Car -1 -1 -4.6168 396.2376 173.8663 420.8651 194.5927 1.6862 1.6429 3.8389 -17.0019 1.7742 60.9316 -4.8881 -4.5418
Car -1 -1 -4.3538 624.7462 180.6948 659.9988 200.8710 1.4633 1.5234 3.7193 2.5145 2.0923 55.9006 -4.3095 -4.5843
Car -1 -1 -4.7211 164.8595 185.9378 207.5331 222.5924 1.5246 1.6299 3.9962 -19.8206 2.1735 33.6679 -5.2499 -4.6446
Car -1 -1 -8.4156 795.6448 182.6930 864.9575 212.8916 1.6458 1.9112 4.3920 13.0767 2.2674 43.2391 -8.1244 -5.0212
Car -1 -1 -4.3802 210.0274 185.5712 260.0443 213.3612 1.5185 1.5981 3.4446 -22.2730 2.3066 42.9116 -4.8567 -5.0832
Car -1 -1 -4.3286 365.0068 177.6909 408.8420 199.6402 1.3769 1.5050 3.7087 -14.8242 1.7113 48.0177 -4.6267 -5.2020
Car -1 -1 -4.9656 590.3171 177.1205 630.2432 202.8969 1.4945 1.5395 3.8578 -0.0639 1.7700 44.5768 -4.9675 -5.2459
Car -1 -1 -4.9096 765.5052 178.6144 799.8856 203.8605 1.8045 1.7450 4.1121 12.9919 2.2568 54.6093 -4.6777 -5.3223
Car -1 -1 -4.6643 566.0392 175.2825 607.0873 211.8237 1.6088 1.7357 4.6958 -1.0935 1.7323 34.4419 -4.6964 -5.4489
Car -1 -1 -7.9115 570.2005 174.0744 625.1328 221.9531 1.6921 1.8503 4.3374 -0.6007 1.7427 27.8489 -7.9335 -5.7599
Car -1 -1 -4.7010 403.3938 175.7515 426.9648 197.3139 1.5430 1.6534 3.9971 -14.6764 1.7696 54.3507 -4.9638 -5.8459
Car -1 -1 -4.8371 410.7916 175.1915 438.8832 196.4256 1.6278 1.7519 3.5026 -14.8581 1.8208 57.6945 -5.0884 -5.8646
Car -1 -1 -4.4462 404.1503 177.3949 442.6613 198.6512 1.3667 1.5678 3.9055 -12.7028 1.6884 49.1962 -4.6979 -5.8867
Car -1 -1 -8.1632 0.0000 0.0000 853.3526 374.0000 1.5443 1.5904 3.8043 0.3098 1.6044 1.0034 -7.9392 -5.8867
Car -1 -1 -4.3045 0.0000 182.5194 39.1347 284.4976 1.6789 1.9840 4.9943 -14.2054 1.9164 15.0725 -5.0515 -6.1087
Car -1 -1 -5.3130 0.0000 195.0344 4.3899 324.1346 1.5342 1.7923 4.2251 -11.3053 1.8835 10.1777 -6.1376 -6.4315
Car -1 -1 -4.3989 16.7277 189.0557 94.2666 229.2789 1.4366 1.4964 3.3809 -22.3073 2.1311 29.0980 -5.0486 -6.4790
Car -1 -1 -5.1967 679.8979 183.0294 721.9882 203.3545 1.4301 1.6048 3.7502 6.8415 2.2321 54.8477 -5.0738 -6.4879
Car -1 -1 -7.0199 247.9712 176.9972 366.1643 219.7395 1.5916 1.6010 4.6048 -12.3969 1.7761 29.7619 -7.4117 -7.3761
