Car -1 -1 -7.8667 572.3934 182.3937 606.0914 212.8289 1.3705 1.5722 3.5953 -1.0882 1.8634 35.4696 -7.8978 4.7556
Car -1 -1 -7.7943 525.8050 181.6438 555.1719 205.3999 1.3965 1.6360 3.6491 -4.3935 1.9748 45.6408 -7.8902 4.4388
Car -1 -1 -4.7528 869.8429 181.1464 896.8022 208.1596 1.7463 1.5813 3.5696 18.7889 2.3404 49.7801 -4.3944 -0.4494
Car -1 -1 -3.4559 951.8259 184.0227 1032.5703 217.1536 1.5730 1.6502 3.2090 19.0038 2.1477 36.0663 -2.9749 -0.4625
Car -1 -1 -4.4102 352.5474 180.8641 387.4860 200.6621 1.6028 1.6529 4.3141 -20.7062 2.3187 62.3413 -4.7299 -2.4099
Car -1 -1 -8.0846 572.4241 182.2319 615.7142 211.0917 1.4489 1.5641 3.6496 -0.9564 1.9870 39.4626 -8.1092 -2.5078
Car -1 -1 -7.9750 594.2701 181.1835 631.0336 209.7074 1.5162 1.6449 3.9343 0.0689 2.0198 41.6027 -7.9739 -2.7287
Car -1 -1 -7.1506 800.4205 188.0828 849.0928 211.2094 1.5743 1.6642 3.3260 15.7057 2.7233 52.8438 -6.8638 -3.2464
Car -1 -1 -5.0964 1058.7732 182.0668 1132.5280 215.7895 1.5315 1.6158 4.1134 24.1705 2.0204 36.1353 -4.5111 -3.3460
Car -1 -1 -4.4133 299.7411 180.3155 342.3753 203.9524 1.5587 1.6933 3.9736 -20.3624 2.1062 50.9221 -4.7922 -3.8369
Car -1 -1 -3.6142 325.4077 180.1120 393.8635 202.3563 1.5406 1.7397 4.5125 -18.5991 2.1025 53.6569 -3.9467 -4.0814
Car -1 -1 -3.3112 1119.3610 162.7076 1221.8804 200.9222 1.8314 1.7167 3.8210 27.9916 1.3449 36.2284 -2.6576 -4.3504
Car -1 -1 -5.9320 4.1430 191.0055 131.6644 230.9881 1.4355 1.5765 3.6879 -21.2274 2.1804 28.3446 -6.5705 -4.4061
Car -1 -1 -4.4644 174.2991 187.0919 218.4070 210.7615 1.4871 1.6706 4.2484 -28.8173 2.5248 50.3331 -4.9824 -4.5791
Car -1 -1 -4.1541 0.0000 195.6465 77.4255 228.0882 1.5350 1.5921 3.6412 -30.5967 2.8170 38.6991 -4.8199 -4.6196
Car -1 -1 -4.3849 754.6011 181.9411 803.0749 210.4317 1.5654 1.6369 3.9748 10.0959 2.1349 43.1181 -4.1570 -4.6389
Car -1 -1 -5.0215 686.2413 179.6436 729.8836 205.1839 1.5977 1.6621 4.3292 6.5161 2.0764 48.6253 -4.8896 -4.6991
Car -1 -1 -2.2649 0.0000 190.3634 15.6232 239.3541 1.3676 1.7108 3.8177 -20.6848 1.9281 22.0165 -3.0131 -4.7080
Car -1 -1 -7.3353 290.2322 188.6705 397.1570 241.3236 1.4196 1.5066 3.6557 -8.2442 1.9557 22.5418 -7.6827 -4.7349
Car -1 -1 -7.7754 511.2655 168.8394 534.7104 195.2191 2.3813 1.8042 4.8837 -8.1340 2.0186 67.6109 -7.8950 -4.7673
Car -1 -1 -8.1054 1098.7867 158.0325 1149.9172 185.4645 1.7382 1.7393 4.2915 34.1257 0.7987 48.0329 -7.4907 -4.8119
Car -1 -1 -4.3671 663.2034 179.5422 703.0339 202.4298 1.5329 1.6370 3.8402 5.2395 2.0305 51.6298 -4.2671 -4.8325
Car -1 -1 -6.4951 1146.1771 146.0407 1241.0000 181.0192 1.7492 1.8700 4.2970 30.9517 0.4080 37.8879 -5.8139 -4.9622
Car -1 -1 -4.8097 208.4132 185.4498 241.2418 209.1311 1.5514 1.7074 3.8272 -27.5665 2.4868 51.5347 -5.2990 -4.9674
Car -1 -1 -5.5275 821.3011 181.9046 885.9924 209.7059 1.7887 1.6288 4.3110 16.8498 2.4466 50.1932 -5.2060 -5.0236
Car -1 -1 -8.8791 880.9225 182.3397 975.1251 213.5952 1.6683 1.6798 4.9130 18.6039 2.2597 42.5162 -8.4697 -5.1060
Car -1 -1 -4.9850 412.7708 180.8083 459.9963 209.9504 1.4434 1.5035 3.7913 -9.4317 1.8938 38.8626 -5.2220 -5.2148
Car -1 -1 -3.0558 0.0000 188.8092 34.7608 235.1276 1.5525 1.5427 3.4885 -23.8203 2.1853 26.9767 -3.7743 -5.2481
Car -1 -1 -7.7890 356.0909 177.5759 376.0602 193.8796 1.5410 1.6425 3.4890 -24.0611 2.0191 71.1960 -8.1140 -5.4004
Car -1 -1 -4.5449 243.5036 182.9365 278.9364 204.5628 1.3937 1.5795 4.0694 -24.4848 2.1322 50.6988 -4.9930 -5.4610
Car -1 -1 -5.0801 526.4836 178.1309 566.0740 197.9985 1.4108 1.6029 4.1262 -4.8931 1.8261 54.6144 -5.1695 -5.7141
Car -1 -1 -5.0630 665.9150 180.4571 700.9423 199.3106 1.5201 1.6993 4.0614 6.2540 2.1972 62.1108 -4.9636 -5.7294
Car -1 -1 -4.3419 424.0186 178.5119 472.4988 202.3057 1.4213 1.6462 4.1395 -10.3488 1.8011 46.3034 -4.5609 -5.8029
Car -1 -1 -4.5130 589.1456 180.1976 616.6849 197.8340 1.5492 1.7317 4.4950 -0.6468 2.2623 67.7240 -4.5229 -5.8107
Car -1 -1 -5.1251 725.8509 176.5693 766.4089 196.8435 1.5141 1.6228 4.0989 10.6500 1.8178 56.8640 -4.9413 -5.8861
Car -1 -1 -4.6896 577.2642 178.0712 601.2346 199.8462 1.4331 1.5881 3.9298 -1.4481 1.8114 50.3997 -4.7187 -5.8867
Car -1 -1 -6.9161 0.0000 0.0000 1241.0000 374.0000 1.5525 1.5934 3.8066 -2.1021 1.6579 1.0022 -7.9391 -5.8867
Car -1 -1 -4.6964 536.3986 178.2705 560.3302 200.0192 1.4163 1.5884 3.9809 -4.2747 1.8070 50.0436 -4.7815 -5.8867
Car -1 -1 -4.4627 268.5564 180.8923 308.5289 203.2729 1.4496 1.6148 3.9511 -22.3895 2.0331 50.3140 -4.8797 -5.8867
Car -1 -1 -8.1633 0.0000 0.0000 853.6258 374.0000 1.5525 1.5920 3.8066 0.3103 1.6340 1.0031 -7.9391 -5.8867
Car -1 -1 -5.8403 1241.0000 179.0170 1241.0000 374.0000 1.5247 1.6142 3.9662 6.1753 1.5629 2.5205 -4.6976 -5.8867
Car -1 -1 -4.3858 226.3316 182.4934 275.5436 208.0509 1.5475 1.6567 4.1230 -23.5806 2.2101 47.4662 -4.8449 -5.8964
Car -1 -1 -4.6579 273.1910 185.5522 294.9478 203.4007 1.3961 1.4893 3.3776 -27.5093 2.5001 60.9057 -5.0808 -5.8965
Car -1 -1 -4.3121 0.0000 183.6155 0.0000 250.2900 1.4543 1.6194 4.0951 -19.1263 1.7650 18.6500 -5.1030 -5.9561
Car -1 -1 -4.5339 403.6912 181.9620 435.7734 203.2727 1.4091 1.5704 3.6965 -13.5010 2.0797 51.2422 -4.7906 -6.1943
Car -1 -1 -7.7851 399.0746 179.3401 431.9503 207.4286 1.6960 1.7597 4.5238 -12.6633 2.1402 47.0579 -8.0470 -6.2653
Car -1 -1 -4.8697 711.7978 179.4240 737.8969 197.5257 1.4502 1.5720 3.9907 9.6885 2.0258 61.2511 -4.7140 -6.3135
Car -1 -1 -4.9543 542.4868 178.2390 574.0599 197.9820 1.4417 1.5475 3.8918 -4.0721 1.8744 55.9199 -5.0270 -6.3243
Car -1 -1 -4.4749 385.7894 181.6785 410.9425 197.3962 1.4419 1.5246 3.6756 -20.5670 2.3227 70.1659 -4.7593 -6.3491
