Car -1 -1 -7.8660 547.8646 186.4200 594.3363 225.6844 1.2823 1.6017 3.6104 -1.5116 1.8189 26.7024 -7.9227 5.4439
Car -1 -1 -7.7986 494.2654 184.9895 529.9947 213.3312 1.3519 1.6610 3.6777 -5.1386 2.0217 37.9430 -7.9328 4.4198
Car -1 -1 -7.1220 890.1230 191.1952 962.1143 219.9776 1.5848 1.6924 4.0621 18.9835 2.7288 43.4022 -6.7129 3.1266
Car -1 -1 -3.7512 774.4853 189.0195 845.3166 217.4686 1.4806 1.6098 3.5456 11.1598 2.4168 40.4449 -3.4845 2.0508
Car -1 -1 -4.3349 825.7714 176.8915 855.8438 192.7335 1.4772 1.5812 3.5797 22.4314 1.8798 70.1265 -4.0269 -2.2896
Car -1 -1 -5.4919 834.1674 189.9581 904.6044 217.8733 1.4638 1.6653 3.8567 15.1766 2.5208 42.5066 -5.1518 -2.8314
Car -1 -1 -7.5336 263.6722 184.1333 309.7949 208.7369 1.5466 1.7004 3.9970 -22.0670 2.3499 49.3303 -7.9525 -2.8801
Car -1 -1 -5.4573 986.4924 177.8652 1033.6838 196.2615 1.7110 1.7050 4.0877 39.0096 2.2155 70.4912 -4.9540 -2.9436
Car -1 -1 -4.8016 611.0678 184.9313 644.0912 211.3931 1.4118 1.5710 4.1422 0.9544 2.1592 42.5493 -4.7799 -3.6342
Car -1 -1 -7.9726 785.3600 175.8235 807.4626 191.6230 1.4723 1.5981 4.0895 18.0770 1.7696 70.1712 -7.7218 -3.7430
Car -1 -1 -4.7766 557.1433 182.3015 583.6501 204.9914 1.4933 1.6138 4.1954 -2.8929 2.1956 51.4820 -4.8330 -3.7630
Car -1 -1 -5.1104 161.5201 189.6565 228.8157 220.1190 1.4391 1.6383 4.0497 -21.9370 2.3685 38.0414 -5.6307 -3.9456
Car -1 -1 -4.5581 1020.5446 178.0379 1047.1233 194.9489 1.5594 1.6481 3.8899 41.0036 2.0752 69.8071 -4.0292 -4.0879
Car -1 -1 -2.3803 0.0000 192.8316 13.2045 243.5312 1.4112 1.6092 3.8402 -20.4524 2.0303 21.5505 -3.1335 -4.1199
Car -1 -1 -4.3772 590.0197 183.7350 633.2694 206.9565 1.4672 1.6615 4.3708 0.1362 2.2579 50.1158 -4.3751 -4.2687
Car -1 -1 -4.7738 524.7415 182.8498 555.3652 211.5983 1.5443 1.5511 3.4797 -4.1303 2.1496 41.8795 -4.8721 -4.2944
Car -1 -1 -8.5414 682.9510 183.0256 733.6083 206.9505 1.6771 1.6723 3.9252 7.3486 2.4745 54.4794 -8.4086 -4.3551
Car -1 -1 -7.9113 409.2831 185.7906 437.5204 210.4570 1.5601 1.6711 3.8146 -12.9620 2.4913 49.8807 -8.1647 -4.4701
Car -1 -1 -7.7522 541.5638 181.9534 592.1778 223.8282 1.5626 1.6754 4.3074 -1.7666 1.9690 30.0632 -7.8111 -4.4949
Car -1 -1 -4.3086 623.1161 184.3186 656.5552 201.5445 1.5559 1.7171 4.3061 2.9353 2.7136 70.5644 -4.2677 -4.5149
Car -1 -1 -4.9957 612.3248 182.6414 636.9364 199.3248 1.5553 1.4946 3.5611 1.4037 2.5498 71.4230 -4.9766 -4.5690
Car -1 -1 -7.7161 494.9754 182.3458 531.7939 211.1526 1.5708 1.6689 3.5346 -5.6531 2.1500 42.2829 -7.8487 -4.5929
Car -1 -1 -7.2242 65.4787 201.2715 137.0385 229.8717 1.5670 1.6930 3.9204 -31.9730 3.4339 45.4346 -7.8349 -4.6405
Car -1 -1 -4.5486 317.3152 184.2955 345.3383 203.1291 1.4518 1.5826 3.7511 -23.1763 2.4352 60.0421 -4.9158 -4.6501
Car -1 -1 -4.0174 0.0000 190.6793 110.3416 228.1579 1.4110 1.7418 3.9534 -23.8723 2.2286 31.0936 -4.6682 -4.6550
Car -1 -1 -4.8435 310.7725 181.7529 343.7634 206.2796 1.6112 1.6607 4.0682 -20.1112 2.2688 51.1648 -5.2165 -4.7423
Car -1 -1 -5.8782 882.1221 185.8316 981.2808 224.4914 1.6808 1.7673 3.9966 15.4241 2.3439 34.8179 -5.4650 -4.8926
Car -1 -1 -7.0857 186.3871 195.6921 239.6309 216.7348 1.6805 1.7109 4.2610 -35.6380 3.8052 64.8543 -7.5867 -5.1055
Car -1 -1 -4.9523 491.7485 180.4198 524.4971 203.4942 1.6389 1.6233 3.6660 -7.7648 2.2317 54.5646 -5.0934 -5.1794
Car -1 -1 -4.2447 435.5367 180.3077 480.5097 201.5104 1.4429 1.6016 3.9575 -11.0791 2.0090 52.7099 -4.4512 -5.2095
Car -1 -1 -4.7495 547.7164 181.2509 586.3022 213.1092 1.4899 1.8112 4.3217 -2.3090 1.9482 37.1655 -4.8117 -5.2408
Car -1 -1 -4.1150 463.5925 180.6009 506.8041 202.0860 1.5348 1.4988 3.5533 -9.4789 2.1443 54.8624 -4.2857 -5.3147
Car -1 -1 -7.9517 778.7331 173.8413 801.2397 193.5441 1.7441 1.6222 3.8490 16.4335 1.8370 66.0932 -7.7094 -5.3203
Car -1 -1 -3.8697 4.4835 199.4701 91.7705 233.1769 1.5706 1.5371 3.5454 -29.9060 3.0592 38.4789 -4.5272 -5.3489
Car -1 -1 -5.9259 391.3988 182.1616 518.3145 224.8011 1.4357 1.6318 4.1436 -5.5687 1.7837 25.8893 -6.1363 -5.3825
Car -1 -1 -4.0589 112.1655 189.5365 214.1998 225.1333 1.4380 1.7245 4.3581 -20.6525 2.2649 33.5203 -4.6077 -5.4093
Car -1 -1 -4.2224 308.7505 185.4026 367.0790 211.9140 1.5150 1.6554 4.1983 -17.1107 2.3440 45.4956 -4.5806 -5.4537
Car -1 -1 -4.4882 237.4068 185.9417 289.0798 211.8965 1.4384 1.8906 4.7444 -21.5955 2.3010 45.0522 -4.9332 -5.4818
Car -1 -1 -4.3413 268.8487 181.8083 324.2402 209.7027 1.5208 1.6559 4.0141 -18.4993 2.0754 42.6799 -4.7484 -5.5137
Car -1 -1 -4.2972 320.8376 182.9964 376.1023 209.9365 1.4944 1.6030 4.1626 -15.8199 2.1392 43.7613 -4.6425 -5.7733
Car -1 -1 -4.2119 422.2972 180.7579 469.8814 201.5253 1.4586 1.6639 4.2869 -12.3970 2.0827 54.7111 -4.4340 -5.7949
Car -1 -1 -4.7862 355.6271 183.2971 380.8441 203.2364 1.4727 1.6242 3.9305 -19.3690 2.3376 57.6476 -5.1092 -5.8214
Car -1 -1 -5.2063 876.2336 192.5705 951.5028 229.5683 1.4219 1.5906 3.3660 13.0798 2.3264 31.3574 -4.8153 -5.8238
Car -1 -1 -4.3647 394.9994 182.4790 443.1122 208.1664 1.4757 1.6277 4.0303 -11.9031 2.1047 45.0921 -4.6217 -5.8293
Car -1 -1 -4.7405 1102.9407 172.3305 1129.1919 190.8806 1.4682 1.6375 3.9874 41.4739 1.4265 59.2245 -4.1322 -5.8867
Car -1 -1 -4.3758 548.8478 180.1562 579.3339 196.6390 1.4721 1.6291 4.1065 -4.3471 2.1882 68.5867 -4.4393 -5.8867
Car -1 -1 -4.6347 83.7697 183.3665 113.4390 203.7341 1.5344 1.6571 4.0193 -41.6061 2.4211 58.7281 -5.2491 -5.8867
Car -1 -1 -4.6939 516.7668 180.0067 538.8414 200.4898 1.4579 1.5957 3.9643 -6.2443 2.0216 54.8372 -4.8072 -5.8867
Car -1 -1 -7.5634 152.3208 0.0000 1241.0000 374.0000 1.5541 1.5937 3.8072 -0.4941 1.6462 1.0021 -7.9391 -5.8867
Car -1 -1 -4.7853 508.0537 180.4286 528.4748 197.0653 1.4671 1.6095 3.9829 -8.6489 2.1993 67.6635 -4.9123 -5.8867
Car -1 -1 -4.7597 1123.1660 172.0782 1152.0997 191.5115 1.4731 1.6365 3.9876 41.4741 1.4140 56.8114 -4.1318 -5.8867
Car -1 -1 -4.6683 121.8256 182.1671 147.0900 201.0196 1.5382 1.6651 4.0234 -41.6080 2.3808 63.1531 -5.2491 -5.8867
Car -1 -1 -4.6990 154.9295 183.3162 176.4137 200.8318 1.5261 1.6552 4.0119 -41.6034 2.5368 67.5770 -5.2493 -5.8867
Car -1 -1 -8.6435 0.0000 0.0000 1049.1160 374.0000 1.5503 1.5921 3.8061 1.1139 1.6164 1.0028 -7.9392 -5.8867
Car -1 -1 -6.9161 0.0000 0.0000 1241.0000 374.0000 1.5576 1.5934 3.8077 -2.1015 1.6788 1.0022 -7.9390 -5.8867
Car -1 -1 -4.3741 345.8954 181.6975 387.1783 203.5520 1.4667 1.5978 3.9457 -17.5245 2.1282 52.0124 -4.6979 -5.8867
Car -1 -1 -8.8870 908.3536 173.9098 960.0861 197.9161 2.1804 1.8049 4.0922 30.4578 2.2827 67.9206 -8.4675 -5.9732
Car -1 -1 -4.3541 204.7232 189.0139 268.7888 215.3307 1.3089 1.7836 4.4327 -21.1542 2.2789 41.0204 -4.8279 -5.9895
