Car -1 -1 -7.8595 566.7835 191.5137 604.6721 225.0371 1.3330 1.6171 3.6836 -1.1550 2.2256 32.6506 -7.8953 5.0692
Car -1 -1 -7.7957 522.1671 188.6518 552.0477 214.5761 1.4370 1.6096 3.6613 -4.4547 2.4437 44.1286 -7.8963 3.9109
Car -1 -1 -4.4241 0.0000 202.0623 63.3496 240.6321 1.4864 1.6297 4.3560 -27.2252 2.9423 33.6505 -5.1006 -1.0483
Car -1 -1 -3.1229 1052.7230 187.3132 1175.8547 230.0834 1.5017 1.5963 3.8675 19.6517 2.1042 28.3057 -2.5216 -1.0826
Car -1 -1 -7.3048 78.1013 190.0170 186.4773 228.7219 1.3839 1.7183 4.3448 -19.7030 2.1480 29.9424 -7.8830 -1.1569
Car -1 -1 -5.1099 1056.9647 172.2014 1133.9381 207.9503 1.6491 1.6721 4.0557 23.6839 1.6187 35.4325 -4.5249 -1.2041
Car -1 -1 -4.3451 1115.0488 176.3053 1183.4397 210.5191 1.7339 1.6651 3.8858 28.8729 1.9269 38.6636 -3.7078 -1.6968
Car -1 -1 -7.8462 897.8031 170.3551 928.1349 199.7864 1.7921 1.7155 3.8412 19.2980 1.6396 46.0372 -7.4519 -1.9173
Car -1 -1 -5.2918 1094.9489 179.3916 1188.0636 212.1929 1.4830 1.6424 4.2087 26.0585 1.8249 35.6177 -4.6646 -2.0225
Car -1 -1 -4.5232 75.6424 198.2705 130.1182 230.9962 1.4879 1.6433 3.9115 -26.8216 2.9087 38.2209 -5.1320 -3.0812
Car -1 -1 -4.3289 299.0825 185.9503 344.6398 208.1630 1.4641 1.6623 4.0094 -20.7084 2.4430 51.9383 -4.7069 -3.0939
Car -1 -1 -4.7758 498.8735 183.9800 518.6004 201.5079 1.6187 1.6792 4.0357 -10.0781 2.7540 71.5026 -4.9158 -3.0950
Car -1 -1 -4.5237 44.8131 200.1128 97.7860 234.3406 1.5201 1.5095 3.7141 -27.7624 3.0019 37.2307 -5.1612 -3.3122
Car -1 -1 -4.4595 328.6118 186.4326 365.0723 208.0121 1.5621 1.6777 4.3699 -20.8775 2.6831 57.3245 -4.8076 -3.3498
Car -1 -1 -7.0161 0.0000 190.1783 94.8850 240.6356 1.4223 1.7062 4.2537 -19.8327 2.0544 24.1058 -7.6993 -3.3818
Car -1 -1 -4.2739 885.6149 190.8023 938.9371 221.0161 1.5830 1.5263 3.4419 17.4022 2.6597 41.5746 -3.8807 -3.4185
Car -1 -1 -4.0662 224.9516 184.1513 288.9280 214.3307 1.6860 1.5925 3.6654 -21.3567 2.4008 43.7226 -4.5185 -3.4587
Car -1 -1 -5.2890 1016.0181 177.0116 1101.8729 211.6100 1.5768 1.6548 3.9747 21.8541 1.7920 35.3766 -4.7398 -3.5181
Car -1 -1 -6.2172 178.6334 182.3192 257.5045 211.3612 1.6703 1.6828 4.1391 -23.9454 2.2709 44.1817 -6.7116 -3.9832
Car -1 -1 -5.5735 1133.4803 170.6564 1228.7701 204.1838 1.8582 1.7578 4.2427 33.2740 1.7361 42.2421 -4.9100 -4.0266
Car -1 -1 -5.0508 1187.2640 173.2725 1241.0000 202.4472 1.6073 1.5820 3.8522 35.2143 1.6325 41.8929 -4.3556 -4.2561
Car -1 -1 -7.4357 1150.4069 173.6455 1223.4799 205.7623 1.6140 1.6779 3.6417 30.2925 1.6570 37.9267 -6.7659 -4.3217
Car -1 -1 -7.3649 170.2184 190.0872 244.9259 221.7350 1.3969 1.6025 3.8852 -19.9788 2.3014 35.9305 -7.8695 -4.3771
Car -1 -1 -7.6847 489.9908 183.6518 522.7266 209.6632 1.8899 1.7812 4.7164 -8.1310 2.7750 56.7841 -7.8268 -4.3830
Car -1 -1 -4.8529 359.5786 186.0104 388.4925 206.6645 1.5172 1.6532 4.0751 -19.0210 2.6143 57.9914 -5.1688 -4.6737
Car -1 -1 -4.6827 654.4515 190.6893 673.0751 208.2534 1.4881 1.6224 3.9543 5.0212 3.2031 67.3444 -4.6092 -4.7966
Car -1 -1 -4.5704 290.0637 190.4187 315.6988 208.0842 1.4733 1.6461 3.7763 -28.1897 3.1356 66.2622 -4.9715 -4.8634
Car -1 -1 -7.1208 1129.5051 176.8469 1230.8480 212.4297 1.5272 1.5203 3.6416 25.4305 1.7114 32.2734 -6.4583 -5.0494
Car -1 -1 -3.9891 1.2098 198.9139 89.9296 229.6379 1.4660 1.5877 4.0460 -31.2135 2.9854 40.0081 -4.6486 -5.1139
Car -1 -1 -4.7449 599.0406 192.6508 618.2763 210.7947 1.5074 1.6319 3.8227 -0.1698 3.3742 66.1145 -4.7481 -5.3980
Car -1 -1 -4.7264 410.6266 185.3647 433.7067 206.5202 1.4520 1.6173 3.9296 -14.1458 2.4268 54.1261 -4.9812 -5.5523
Car -1 -1 -4.3258 769.0490 191.0363 829.6898 218.8835 1.3395 1.7840 4.2325 10.4695 2.3996 39.8488 -4.0714 -5.5551
Car -1 -1 -7.7884 1134.7198 173.1053 1181.6844 204.6635 1.6929 1.8484 4.6421 31.2303 1.7077 41.1043 -7.1425 -5.5750
Car -1 -1 -4.1583 306.6569 181.5198 364.3909 206.6155 1.5004 1.6556 3.9531 -17.7223 2.0860 46.6869 -4.5195 -5.6471
Car -1 -1 -4.9474 430.5507 191.9091 469.4143 215.4990 1.4238 1.6565 4.2355 -11.0465 2.7901 49.4787 -5.1664 -5.7662
Car -1 -1 -4.6966 780.7859 192.5191 807.5256 218.7088 1.5481 1.6598 4.1853 12.3047 2.9237 48.2461 -4.4491 -5.8047
Car -1 -1 -4.2347 346.7397 182.0444 398.5464 206.8096 1.5030 1.6579 3.8080 -15.5291 2.1307 47.2960 -4.5507 -5.8195
Car -1 -1 -4.9326 1241.0000 168.6238 1241.0000 196.8467 1.4785 1.6396 3.9893 41.4704 1.2566 39.9156 -4.1320 -5.8867
Car -1 -1 -5.6967 1144.3060 183.3020 1241.0000 374.0000 1.5260 1.6146 3.9670 3.7699 1.5854 2.1257 -4.6976 -5.8867
Car -1 -1 -4.8850 1241.0000 169.5080 1241.0000 195.3558 1.4840 1.6444 3.9937 41.4698 1.2916 43.5435 -4.1276 -5.8867
Car -1 -1 -4.0939 234.3089 184.7930 293.7238 209.3226 1.5079 1.6403 3.8885 -23.1742 2.3427 48.4134 -4.5385 -5.8867
Car -1 -1 -7.0759 66.5315 0.0000 1241.0000 374.0000 1.5089 1.6059 3.8509 -1.6863 1.6010 1.3683 -7.8744 -5.8867
Car -1 -1 -8.7320 0.0000 0.0000 1210.5525 374.0000 1.5096 1.6044 3.8504 1.9331 1.5700 1.3698 -7.8744 -5.8867
Car -1 -1 -7.8181 0.0000 0.0000 1241.0000 374.0000 1.5097 1.6067 3.8515 -0.0785 1.5855 1.3677 -7.8744 -5.8867
Car -1 -1 -4.7915 352.1913 185.1218 381.3453 207.2808 1.4269 1.6264 4.3390 -17.3717 2.3389 51.3408 -5.1165 -5.9209
Car -1 -1 -4.1162 87.7938 185.8790 177.5351 221.0882 1.4889 1.6072 3.8791 -22.3548 2.1360 33.9097 -4.6957 -5.9484
Car -1 -1 -7.9197 576.8356 178.0757 601.3759 205.9853 2.0651 1.6546 3.7794 -1.6825 2.4848 56.0812 -7.9501 -6.1542
Car -1 -1 -2.2704 146.8176 181.7167 214.5843 211.5576 1.6628 1.7595 3.2265 -25.2369 2.1998 42.3790 -2.8050 -6.3959
