Car -1 -1 -7.8673 551.8577 182.7496 596.1412 220.6909 1.3090 1.5884 3.5934 -1.4559 1.7139 27.7008 -7.9200 5.5391
Car -1 -1 -7.7995 499.5573 179.9865 534.2808 207.5917 1.3934 1.6776 3.6987 -5.0636 1.8006 39.3115 -7.9272 5.3959
Car -1 -1 -4.0245 933.8408 188.8314 1019.7683 224.3732 1.6851 1.7422 4.1346 18.9320 2.5473 37.3135 -3.5589 4.1161
Car -1 -1 -3.7633 814.6945 188.1383 894.8101 218.5535 1.3578 1.5125 3.4047 11.7063 2.1178 34.6674 -3.4409 3.3037
Car -1 -1 -4.8917 753.2120 179.3462 778.5115 199.5629 1.8660 1.7094 3.9423 15.0402 2.5125 69.8786 -4.6810 -2.3613
Car -1 -1 -5.1061 967.0845 169.7140 1006.4835 191.3662 1.8021 1.6437 3.8403 32.3169 1.5405 62.0368 -4.6281 -2.4222
Car -1 -1 -8.2281 871.6666 188.9800 931.8163 219.7716 1.4555 1.6503 3.7745 15.2378 2.3462 37.9777 -7.8499 -2.4894
Car -1 -1 -4.4142 532.0677 180.4500 569.6410 203.9052 1.5794 1.6271 3.8996 -4.2490 2.1486 52.0129 -4.4958 -2.5594
Car -1 -1 -4.7092 620.0017 182.8941 636.9185 198.4013 1.4171 1.6084 4.0749 1.7922 2.4287 70.6623 -4.6844 -3.1048
Car -1 -1 -4.7239 296.3248 180.6280 322.3698 203.2506 1.4922 1.6505 4.3636 -21.5213 2.0722 51.5254 -5.1180 -3.2748
Car -1 -1 -4.2186 0.0000 198.7307 54.4128 234.9577 1.5241 1.6335 4.2239 -29.6920 2.8867 35.7722 -4.9079 -3.6314
Car -1 -1 -5.3095 829.6306 184.1669 900.2945 217.1193 1.6320 1.7055 3.9196 13.7674 2.2811 39.3009 -4.9755 -3.6380
Car -1 -1 -3.8517 1118.6718 200.7107 1239.8749 236.6763 1.5323 1.6572 4.3496 26.0304 2.8469 33.1227 -3.1907 -3.6808
Car -1 -1 -6.4797 852.4164 169.5098 915.0634 192.4428 1.7166 1.7098 4.2238 20.8597 1.4659 55.1936 -6.1205 -3.9601
Car -1 -1 -4.3535 101.1231 194.5921 153.5079 219.8819 1.4775 1.6741 3.6894 -31.7730 2.9697 47.5539 -4.9402 -4.0806
Car -1 -1 -5.1684 312.2811 179.8910 360.3555 201.2707 1.4632 1.6256 4.1438 -20.0514 1.9966 52.7125 -5.5305 -4.0919
Car -1 -1 -5.3373 791.9384 173.8986 828.4444 189.3128 1.4702 1.6291 3.6558 19.6683 1.5757 71.0872 -5.0687 -4.1785
Car -1 -1 -4.8274 1069.6666 197.4228 1112.0117 227.4175 1.4665 1.5454 3.6771 26.9110 2.9139 40.5258 -4.2453 -4.2625
Car -1 -1 -5.4330 1151.7980 198.9934 1231.0902 229.0055 1.4613 1.4678 3.5004 32.1204 2.9756 40.0231 -4.7610 -4.2657
Car -1 -1 -4.8432 814.7991 170.5380 837.1353 185.7976 1.4614 1.6075 3.8826 21.2449 1.2393 71.1464 -4.5544 -4.2845
Car -1 -1 -4.3589 73.3501 195.9996 129.2072 223.4912 1.4584 1.6381 3.4588 -30.5085 2.9081 43.3239 -4.9697 -4.5106
Car -1 -1 -4.3455 576.1347 180.8083 616.2505 202.7684 1.4817 1.5874 3.9939 -0.9880 2.0826 52.3867 -4.3648 -4.5176
Car -1 -1 -7.9511 325.4904 183.7720 391.2509 241.5856 1.5496 1.5619 3.3456 -7.7345 1.9083 21.8828 -8.2875 -4.5190
Car -1 -1 -5.3334 1026.4917 195.8252 1105.3448 225.7340 1.4578 1.6320 4.1213 25.4540 2.8145 40.5162 -4.7765 -4.5950
Car -1 -1 -4.7564 448.3163 181.6144 467.1468 196.7304 1.3891 1.6314 4.1408 -15.0415 2.2786 71.0752 -4.9646 -4.6511
Car -1 -1 -4.5889 982.6687 173.5414 1009.2289 191.3715 1.5352 1.6127 4.0590 34.4528 1.5982 64.4116 -4.0999 -4.6911
Car -1 -1 -7.9764 555.6334 179.5089 583.4627 203.9778 1.6664 1.6170 3.1281 -2.9580 2.1588 51.7371 -8.0337 -4.7309
Car -1 -1 -6.0181 955.4168 183.1056 1075.9604 225.9508 1.5290 1.6542 3.8735 15.9840 1.9629 28.6198 -5.5137 -4.7908
Car -1 -1 -4.3501 316.2593 179.2660 355.4375 199.6614 1.6026 1.7034 4.0956 -22.7794 2.1540 60.0320 -4.7116 -4.8054
Car -1 -1 -4.6560 0.0000 187.7300 57.2718 232.1926 1.4127 1.6426 3.4025 -21.0947 1.9876 26.0336 -5.3322 -4.8415
Car -1 -1 -4.1739 603.0150 178.8380 662.1368 205.9563 1.5768 1.6072 4.5553 1.4450 1.9720 45.3423 -4.1428 -4.8885
Car -1 -1 -4.5175 170.4925 190.8796 213.5811 216.2019 1.4944 1.6740 4.3440 -27.8945 2.7568 48.2182 -5.0398 -5.0264
Car -1 -1 -4.4429 459.0026 180.7352 483.4024 195.7023 1.4120 1.5505 3.3184 -13.7630 2.2124 71.5910 -4.6325 -5.0531
Car -1 -1 -4.6714 650.6718 180.6818 669.9242 198.7488 1.5243 1.5731 3.5370 4.4829 2.2417 64.3163 -4.6026 -5.0626
Car -1 -1 -4.8938 702.2488 183.4137 726.1968 200.1839 1.5058 1.6220 3.6765 9.9179 2.5427 69.0080 -4.7522 -5.1722
Car -1 -1 -7.8420 552.3948 179.2645 588.2186 209.8897 1.4194 1.7047 4.2480 -2.0243 1.7627 36.5054 -7.8976 -5.2603
Car -1 -1 -4.7587 600.2027 180.2984 621.1614 198.7054 1.5091 1.6365 3.9054 0.0077 2.1767 62.7522 -4.7590 -5.3139
Car -1 -1 -7.9475 597.5057 177.8335 629.8290 202.5638 1.5656 1.7621 4.5848 0.1674 1.9197 48.9917 -7.9446 -5.3625
Car -1 -1 -4.9488 476.7845 175.9422 512.5862 199.7522 1.6817 1.6426 4.4428 -8.6933 1.9224 53.9432 -5.1082 -5.4023
Car -1 -1 -4.8032 358.4663 179.4890 385.0415 198.2863 1.3947 1.6376 4.1064 -18.9777 1.9417 57.3056 -5.1219 -5.4800
Car -1 -1 -4.3424 380.7029 182.4012 422.7194 204.7045 1.4278 1.5860 3.5856 -14.3115 2.1089 49.6392 -4.6220 -5.5499
Car -1 -1 -4.1718 268.7596 180.5469 327.5794 207.4164 1.4851 1.5879 3.5747 -18.4794 1.9615 42.8326 -4.5771 -5.5539
Car -1 -1 -4.9285 728.1642 181.0718 774.1786 208.4402 1.4149 1.7014 4.0012 7.8314 1.8994 40.5404 -4.7396 -5.5776
Car -1 -1 -4.4493 492.7324 180.7389 540.5919 207.5317 1.5018 1.7191 4.8514 -5.7088 2.0148 44.4471 -4.5768 -5.6795
Car -1 -1 -4.6784 672.0140 179.0527 697.0054 202.0197 1.5427 1.6529 3.9064 5.3312 2.0034 51.6172 -4.5766 -5.7160
Car -1 -1 -4.5636 266.4938 184.4503 296.0928 204.9065 1.5586 1.6391 4.0499 -27.1370 2.5512 59.6092 -4.9894 -5.8664
Car -1 -1 -4.4689 198.6671 182.6182 241.3451 207.5107 1.5529 1.6311 3.9354 -26.3334 2.2412 48.7756 -4.9619 -5.8856
Car -1 -1 -4.6281 72.4013 183.9417 103.2387 204.7581 1.5315 1.6530 4.0125 -41.6052 2.4480 57.5152 -5.2524 -5.8867
Car -1 -1 -4.8100 1177.4186 170.6068 1214.3086 192.0440 1.4578 1.6335 3.9856 41.4715 1.3047 51.1801 -4.1320 -5.8867
Car -1 -1 -4.6829 134.5232 183.9558 158.0742 202.4835 1.5417 1.6558 4.0103 -41.6029 2.5707 64.7551 -5.2523 -5.8867
Car -1 -1 -4.5723 6.6114 184.3562 46.4053 207.6766 1.5262 1.6559 4.0118 -41.6068 2.3809 51.4856 -5.2496 -5.8867
Car -1 -1 -4.5391 0.0000 187.1750 5.6850 213.8036 1.6012 1.6782 4.0152 -41.6046 2.5935 47.8561 -5.2521 -5.8867
Car -1 -1 -4.6471 94.8304 183.5288 122.9408 203.3666 1.5252 1.6534 4.0115 -41.6055 2.4433 59.9297 -5.2520 -5.8867
Car -1 -1 -6.9165 0.0000 0.0000 1241.0000 374.0000 1.5478 1.5906 3.8048 -2.1018 1.6443 1.0033 -7.9391 -5.8867
Car -1 -1 -5.0490 1162.9001 185.8622 1241.0000 224.0129 1.6475 1.6852 3.9504 28.3707 2.3126 34.7638 -4.3692 -5.9836
Car -1 -1 -5.1383 409.9375 181.5234 454.5250 204.8722 1.5139 1.6000 3.7616 -12.4349 2.1407 50.2207 -5.3802 -6.1293
Car -1 -1 -4.7910 402.4786 183.6243 422.9531 199.1013 1.3941 1.6259 3.6580 -19.1160 2.4650 69.7672 -5.0578 -6.1627
Car -1 -1 -7.1954 116.4722 183.8633 293.9403 267.3931 1.6270 1.4492 3.9127 -9.1649 1.9118 16.6412 -7.6925 -6.2220
Car -1 -1 -5.4990 264.0271 183.8904 310.5092 200.5823 1.4146 1.5234 3.8310 -28.8222 2.4206 64.3894 -5.9186 -6.6250
