Car -1 -1 -7.8694 570.5114 182.5612 605.7620 213.4494 1.3801 1.6325 3.5751 -1.1396 1.8781 35.2107 -7.9021 4.7865
Car -1 -1 -7.7881 525.1862 182.5067 554.2068 205.9408 1.3711 1.5937 3.5287 -4.4297 2.0032 45.4787 -7.8852 3.1546
Car -1 -1 -4.7623 859.3507 180.9953 886.4099 206.6434 1.7019 1.6052 3.6847 18.5641 2.3011 51.1412 -4.4164 -0.0807
Car -1 -1 -4.6119 948.6479 184.5176 990.2307 214.9358 1.4588 1.6027 3.9660 19.0898 2.1121 38.3259 -4.1534 -1.2740
Car -1 -1 -4.3247 301.7949 180.6556 348.0253 204.5423 1.6106 1.6531 4.1529 -20.5510 2.1963 52.1034 -4.6989 -1.8333
Car -1 -1 -4.0560 866.3569 186.2753 920.2257 208.8103 1.5515 1.6698 3.9308 20.9739 2.5779 53.4668 -3.6846 -1.9244
Car -1 -1 -8.4312 879.2038 176.9135 944.3705 206.9160 1.7197 1.6496 4.1812 18.3495 1.9802 44.1609 -8.0402 -2.3750
Car -1 -1 -4.7122 456.2644 180.4495 484.9529 207.4089 1.4699 1.5875 3.9230 -8.2613 1.9398 42.5874 -4.9031 -2.3916
Car -1 -1 -4.6381 330.6449 178.6943 358.5571 203.0662 1.7547 1.6890 4.3509 -20.3559 2.2216 55.3865 -4.9891 -3.0208
Car -1 -1 -4.0351 823.5558 180.1656 882.0811 204.5895 1.5604 1.6297 3.9836 16.4457 2.0737 48.9172 -3.7131 -3.2349
Car -1 -1 -4.2200 1070.6638 193.5838 1152.7274 230.4458 1.5174 1.6287 3.4994 22.8687 2.5074 32.9437 -3.6181 -3.4746
Car -1 -1 -4.8418 355.7379 182.9904 379.7138 200.4742 1.4219 1.5017 3.8701 -21.2505 2.3378 63.1478 -5.1655 -4.0429
Car -1 -1 -5.1457 353.8244 180.8239 399.4742 200.8622 1.4682 1.7042 4.4646 -18.4464 2.1203 56.8489 -5.4584 -4.1061
Car -1 -1 -3.9821 658.1335 181.4023 708.6436 202.4643 1.4418 1.6638 3.6519 5.3557 2.0882 52.7376 -3.8820 -4.2802
Car -1 -1 -7.6192 1011.9594 183.9321 1070.9885 220.0300 1.6198 1.6600 3.8561 21.2477 2.1954 35.5442 -7.0847 -4.5150
Car -1 -1 -4.5710 505.6988 174.9270 531.0516 194.4313 1.7822 1.7568 4.6793 -8.7138 1.9863 68.7836 -4.6969 -4.6819
Car -1 -1 -4.5805 345.0154 179.8703 373.7752 201.2669 1.6480 1.6662 4.4398 -20.6284 2.2486 59.4529 -4.9134 -4.7617
Car -1 -1 -5.4940 1099.7186 157.0799 1181.8020 183.7625 1.6252 1.7266 4.2520 33.8242 0.6641 46.1806 -4.8649 -4.8539
Car -1 -1 -4.3085 63.4535 196.3598 126.7669 225.3658 1.4972 1.6093 3.9902 -30.4839 2.9602 42.7982 -4.9246 -4.8940
Car -1 -1 -4.4005 19.8785 196.7909 88.8830 231.5619 1.4383 1.5969 3.5088 -26.4477 2.6433 34.4113 -5.0522 -4.9336
Car -1 -1 -4.6233 674.8468 181.1801 700.7390 199.6936 1.4375 1.7738 4.4774 6.5363 2.1629 60.5221 -4.5167 -5.0369
Car -1 -1 -4.8125 239.5757 185.5231 271.1736 210.0497 1.5875 1.6234 3.8826 -25.0867 2.5178 50.9251 -5.2685 -5.1039
Car -1 -1 -4.6611 353.3075 181.3868 380.6095 205.0213 1.6433 1.7166 4.4466 -18.2590 2.3127 54.2542 -4.9846 -5.1380
Car -1 -1 -4.4862 561.1761 180.7427 610.5281 211.8940 1.5787 1.7905 4.4506 -1.3114 2.0427 40.1146 -4.5192 -5.1394
Car -1 -1 -4.6426 693.0699 180.4666 722.5916 202.7986 1.4029 1.7013 4.3894 6.6833 1.9465 49.2298 -4.5090 -5.2096
Car -1 -1 -8.0507 1079.7769 157.7837 1125.8668 184.4123 1.7428 1.7830 4.3325 33.7468 0.7562 49.5647 -7.4558 -5.2311
Car -1 -1 -4.3858 106.0208 192.8964 161.6046 219.9612 1.5003 1.6241 4.3363 -30.1122 2.8336 45.7096 -4.9658 -5.4010
Car -1 -1 -4.9462 395.1555 179.8309 432.4987 202.4881 1.5544 1.7111 4.2701 -14.5293 2.0905 53.1913 -5.2119 -5.5141
Car -1 -1 -4.7733 384.4911 182.9218 405.2916 198.9549 1.4591 1.7002 4.2282 -21.1508 2.4785 70.8006 -5.0629 -5.6270
Car -1 -1 -4.6725 507.3914 179.4674 527.3213 198.8225 1.5564 1.5241 4.2193 -7.9131 2.1413 61.6723 -4.7999 -5.6636
Car -1 -1 -4.9702 829.7798 190.7158 879.3801 219.7740 1.4260 1.5534 4.3120 13.5522 2.4781 40.3144 -4.6488 -5.6819
Car -1 -1 -4.8216 532.8513 179.2379 561.5193 200.1357 1.4055 1.6079 4.1821 -4.6023 1.8856 52.0847 -4.9098 -5.6922
Car -1 -1 -4.7656 754.3215 179.2792 784.0173 204.1162 1.5181 1.6759 3.9656 10.3524 1.9574 47.2748 -4.5518 -5.6996
Car -1 -1 -4.8446 567.0970 178.7171 601.2864 205.3297 1.6779 1.7477 4.2947 -1.8229 2.0921 48.7531 -4.8822 -5.7493
Car -1 -1 -4.9937 660.6030 180.0877 690.9171 199.4382 1.6292 1.6501 3.9706 5.8118 2.2960 64.4317 -4.9046 -5.7639
Car -1 -1 -4.4961 322.3277 183.1805 352.8509 199.9594 1.3782 1.6568 4.2993 -24.2424 2.3299 64.2762 -4.8557 -5.7706
Car -1 -1 -7.4630 362.4213 179.9636 396.5082 195.6133 1.4508 1.7109 4.2359 -22.6728 2.1721 71.0543 -7.7711 -5.7843
Car -1 -1 -4.4492 332.9084 180.3759 364.7450 197.7074 1.4169 1.6231 3.9846 -22.7176 2.0929 62.8209 -4.7951 -5.8158
Car -1 -1 -5.3640 769.7093 177.7462 832.1630 205.0240 1.5944 1.6609 4.0321 11.8432 1.9149 45.1370 -5.1095 -5.8372
Car -1 -1 -4.3099 431.0257 179.3772 478.4963 202.5892 1.4447 1.6360 4.0801 -10.3597 1.9005 48.2814 -4.5205 -5.8466
Car -1 -1 -3.6929 147.0775 184.1993 437.7807 330.9485 1.4587 1.3974 3.0627 -3.8843 1.6271 9.0781 -4.0875 -5.8578
Car -1 -1 -4.1790 279.9609 183.6940 319.9941 200.9459 1.5147 1.6613 4.0081 -29.2190 2.5686 68.0770 -4.5833 -5.8837
Car -1 -1 -4.3207 260.3008 181.7141 305.4296 203.3614 1.4528 1.5920 3.8951 -23.5492 2.1154 52.0097 -4.7442 -5.8867
Car -1 -1 -8.1633 0.0000 0.0000 853.7784 374.0000 1.5543 1.5928 3.8070 0.3102 1.6404 1.0023 -7.9391 -5.8867
Car -1 -1 -4.6172 536.7422 178.9730 560.5178 197.2783 1.4289 1.5872 4.0184 -5.0695 1.9519 59.6886 -4.7020 -5.8867
Car -1 -1 -7.1457 51.3963 0.0000 1241.0000 374.0000 1.5617 1.5941 3.8090 -1.2972 1.6843 1.0023 -7.9390 -5.8867
Car -1 -1 -4.6376 553.2162 178.9774 579.9400 200.8701 1.4478 1.5911 3.9379 -3.0523 1.8954 50.8038 -4.6978 -5.8867
Car -1 -1 -3.5045 0.0000 197.5724 0.0000 374.0000 1.5137 1.6096 3.9610 -7.0817 1.6683 2.5293 -4.6974 -5.8867
Car -1 -1 -4.4258 390.2993 180.7561 425.1215 200.3431 1.4459 1.5914 3.9377 -15.9159 2.0898 56.8401 -4.6979 -5.8867
Car -1 -1 -6.7846 0.0000 0.0000 1241.0000 374.0000 1.5624 1.5938 3.8089 -2.9049 1.7058 1.0022 -7.9389 -5.8867
Car -1 -1 -4.7382 539.4819 178.5642 561.7884 198.8439 1.4858 1.6198 3.9531 -4.6703 1.9455 56.0724 -4.8213 -5.9045
Car -1 -1 -3.1119 1115.0127 172.8223 1210.2125 211.7716 1.6956 1.5390 3.4017 25.2422 1.6939 33.0758 -2.4647 -5.9317
Car -1 -1 -4.2239 621.1693 180.0650 659.7489 197.8415 1.4702 1.5978 4.2543 2.7053 2.1291 63.7288 -4.1821 -5.9745
Car -1 -1 -5.0283 333.6366 182.6978 366.1871 199.0257 1.4376 1.6436 4.3143 -24.7023 2.4006 68.3976 -5.3739 -6.0479
Car -1 -1 -4.2807 0.0000 188.3697 0.0000 257.8157 1.4157 1.6758 4.6067 -18.3316 1.8607 18.2557 -5.0609 -6.0993
Car -1 -1 -4.5731 692.3642 181.6855 717.1171 200.5594 1.4618 1.5439 3.6526 7.8385 2.2162 59.6904 -4.4437 -6.2379
Car -1 -1 -4.7964 370.3106 184.3488 400.9577 208.2924 1.6011 1.8031 3.9316 -16.3813 2.4713 52.4825 -5.0979 -6.2919
Car -1 -1 -4.2782 351.1112 181.2619 389.6562 196.8623 1.3554 1.6324 4.6287 -22.4321 2.1715 67.6626 -4.5975 -6.5959
Car -1 -1 -4.4713 297.7360 182.9506 330.0704 202.7084 1.6629 1.7043 4.4080 -26.8038 2.6098 65.3880 -4.8591 -6.8336
Car -1 -1 -5.1874 413.0683 183.5507 459.4474 204.9558 1.4591 1.6447 4.0869 -12.9088 2.2806 53.3514 -5.4241 -6.9165
