Car -1 -1 -7.7555 513.2075 179.0943 555.9348 210.3719 1.3527 1.6387 3.6342 -3.5163 1.6601 33.7542 -7.8590 6.3480
Car -1 -1 -7.8559 575.3284 181.2610 622.0822 222.0596 1.3521 1.5992 3.6267 -0.4696 1.6819 26.4959 -7.8742 5.7686
Car -1 -1 -4.3560 274.5677 179.4808 350.7821 218.3209 1.4289 1.6138 3.7816 -11.9397 1.7136 29.1124 -4.7423 5.1978
Car -1 -1 -7.7449 421.1478 175.6750 448.7666 196.5096 1.5242 1.6487 3.8471 -13.4159 1.7481 55.3429 -7.9820 0.2350
Car -1 -1 -1.8638 106.3558 182.1868 163.8744 212.3241 1.5350 1.6397 3.7379 -26.1973 2.0720 39.7118 -2.4441 -1.3483
Car -1 -1 -3.2145 94.8860 183.7629 222.4084 227.6482 1.4530 1.6205 3.8806 -16.6283 1.8816 26.5771 -3.7693 -2.5507
Car -1 -1 -4.3410 28.2305 189.2193 116.9828 230.0206 1.4147 1.5870 3.6489 -21.1986 2.1070 28.5650 -4.9752 -2.8845
Car -1 -1 -4.6734 57.5578 180.9312 103.2213 213.4073 1.5436 1.7489 3.7935 -27.4131 1.9848 37.3828 -5.3029 -3.0950
Car -1 -1 -7.9763 484.7185 176.1300 519.9281 202.9123 1.5224 1.6234 4.0227 -6.5987 1.7303 43.6988 -8.1257 -3.4390
Car -1 -1 -4.6688 153.9662 185.1569 185.4450 211.1315 1.3921 1.4211 3.2899 -25.7155 2.1409 42.1457 -5.2141 -3.7366
Car -1 -1 -4.8252 396.3615 175.4437 422.0153 194.7912 1.5303 1.6143 3.9207 -16.6837 1.7521 59.7573 -5.0966 -3.8505
Car -1 -1 -4.2992 433.9579 175.4135 475.4893 196.8705 1.5753 1.7042 3.8959 -11.9327 1.7795 55.5499 -4.5102 -4.1946
Car -1 -1 -8.6300 1104.7073 193.3323 1218.8557 235.4539 1.5427 1.5960 3.7947 23.0208 2.4600 30.3439 -7.9863 -4.2308
Car -1 -1 -4.6683 703.5661 179.2027 730.8090 205.4895 1.6631 1.6567 3.9045 7.2392 2.1098 48.7251 -4.5222 -4.4499
Car -1 -1 -2.4587 491.3789 172.4484 546.0815 193.2511 1.6968 1.7518 4.4660 -7.7293 1.6634 60.7756 -2.5850 -4.4945
Car -1 -1 -4.5735 13.7552 180.5141 70.8209 213.7007 1.5353 1.7054 4.1397 -28.7676 1.9474 36.6233 -5.2359 -4.4988
Car -1 -1 -4.7883 549.5628 179.5371 576.6926 203.3517 1.4850 1.5173 3.7190 -3.1858 1.9476 48.0341 -4.8546 -4.6162
Car -1 -1 -4.8277 624.1737 179.8080 645.0478 196.8027 1.4962 1.5223 3.6166 2.2359 2.1588 66.9140 -4.7948 -4.7035
Car -1 -1 -7.8062 572.5734 177.2850 618.3639 218.3789 1.5595 1.7064 3.9867 -0.5823 1.7548 29.8328 -7.8262 -4.7443
Car -1 -1 -4.8984 490.5122 176.3000 523.7314 199.3338 1.4414 1.4986 3.7859 -6.8833 1.6791 47.7950 -5.0411 -4.7837
Car -1 -1 -5.9680 36.2264 179.8354 131.9480 213.3148 1.5601 1.5529 3.4880 -25.7775 1.9149 35.4262 -6.5936 -4.8026
Car -1 -1 -4.9107 496.5613 177.2809 526.0408 197.2947 1.4705 1.5576 3.7166 -7.7074 1.8256 55.9162 -5.0474 -4.9296
Car -1 -1 -5.1154 279.8323 163.0282 317.2057 183.1699 1.6897 1.7055 3.5676 -26.9677 0.8651 62.3774 -5.5220 -4.9993
Car -1 -1 -5.3182 73.8613 182.3169 199.4320 225.2206 1.5380 1.7390 4.7398 -18.6290 1.9314 28.3160 -5.8960 -5.0973
Car -1 -1 -5.0164 617.9459 179.6722 650.9605 199.1490 1.4496 1.5409 3.7960 1.8728 2.0086 57.1606 -4.9842 -5.1740
Car -1 -1 -7.6772 534.1710 174.1409 562.5214 195.2298 1.7282 1.6906 4.2565 -5.2475 1.8417 61.5937 -7.7622 -5.3630
Car -1 -1 -4.9498 582.0450 177.2401 623.0277 199.5208 1.3464 1.6576 4.4213 -0.5734 1.6453 46.8724 -4.9624 -5.4478
Car -1 -1 -4.2030 470.7734 173.6863 520.3323 199.4372 1.8066 1.7298 4.2859 -8.3905 1.8702 53.0812 -4.3594 -5.4911
Car -1 -1 -4.7376 977.3156 174.3410 1014.5256 207.0575 1.5627 1.5569 3.0948 19.3596 1.6409 36.3539 -4.2520 -5.5211
Car -1 -1 -2.1919 0.0000 184.7166 17.9580 374.0000 1.3882 1.5631 4.0674 -6.0390 1.4670 4.0255 -3.1436 -5.6166
Car -1 -1 -4.6219 579.3939 177.0946 615.7637 205.2089 1.5537 1.7563 4.6383 -0.7190 1.8199 42.9697 -4.6391 -5.7435
Car -1 -1 -4.4599 414.2539 177.0905 453.5205 199.2585 1.3663 1.5662 3.9057 -11.4975 1.6546 47.1853 -4.6979 -5.8867
Car -1 -1 -5.9100 0.0000 0.0000 1241.0000 374.0000 1.5147 1.6105 3.9619 5.3710 1.5314 1.7163 -4.6976 -5.8867
Car -1 -1 -8.1633 0.0000 0.0000 853.0924 374.0000 1.5398 1.5881 3.8029 0.3100 1.5897 1.0047 -7.9392 -5.8867
Car -1 -1 -4.0023 641.0911 174.9860 700.6910 202.0671 1.5202 1.4908 3.6492 3.5899 1.6511 42.6006 -3.9193 -6.4547
Car -1 -1 -2.5354 256.7154 173.9451 327.5756 208.1172 1.6160 1.4581 2.8371 -15.5129 1.6703 35.1717 -2.9483 -7.3352
Car -1 -1 -3.5272 919.0211 170.0779 1000.1035 209.7852 1.9164 1.6114 3.2423 17.2163 1.7821 35.7242 -3.0818 -8.1059
