Car -1 -1 -4.3486 211.0101 180.1166 300.1490 226.1906 1.6796 1.8426 4.2022 -14.2341 1.9947 29.1612 -4.7995 6.5734
Car -1 -1 -7.7475 507.1317 182.1132 550.5382 212.9375 1.3043 1.6240 3.6023 -3.7468 1.7560 33.4195 -7.8588 6.0581
Car -1 -1 -7.8648 562.7968 183.9616 615.7143 227.6798 1.2587 1.5921 3.5049 -0.7474 1.6471 23.4661 -7.8970 5.1340
Car -1 -1 -4.4742 337.6836 181.4504 378.4272 207.0286 1.5191 1.6220 3.7145 -16.0674 2.0907 46.0733 -4.8083 1.7685
Car -1 -1 -3.9301 829.2147 181.1635 878.5670 199.3635 1.5815 1.7102 4.3542 22.3036 2.3616 66.0272 -3.6061 1.4589
Car -1 -1 -4.6579 611.1641 178.1826 632.2824 197.0703 1.5728 1.6390 4.0629 1.0345 2.0557 63.3423 -4.6421 -1.6779
Car -1 -1 -4.8814 856.7013 182.4654 894.9144 208.0616 1.4885 1.6017 3.9901 16.7259 2.1243 45.6469 -4.5328 -1.8305
Car -1 -1 -5.2662 691.3814 179.9160 731.7798 197.2929 1.4223 1.6018 4.0365 8.8020 2.0598 62.9923 -5.1284 -2.5929
Car -1 -1 -4.7730 546.7817 180.5311 573.8229 203.5737 1.4702 1.5868 4.5264 -3.5120 2.0263 49.9477 -4.8433 -2.9442
Car -1 -1 -4.3359 38.7038 169.9070 97.1199 196.6058 1.6574 1.6722 4.0130 -35.2178 1.4742 46.9477 -4.9769 -3.0502
Car -1 -1 -4.5031 878.1641 182.3661 920.7501 208.8017 1.5121 1.6484 4.1695 18.0719 2.1345 45.0409 -4.1243 -3.0750
Car -1 -1 -4.4188 274.7803 180.9622 321.5670 207.5788 1.5311 1.6181 3.8241 -19.2917 2.0555 44.7079 -4.8243 -3.3771
Car -1 -1 -4.4691 303.4719 179.7374 343.3566 204.4432 1.6147 1.7143 3.7961 -19.9406 2.1129 50.2640 -4.8453 -3.4244
Car -1 -1 -4.5375 157.2275 190.7084 186.5773 209.9446 1.6288 1.6810 3.8764 -40.7352 3.3418 67.1258 -5.0814 -3.5980
Car -1 -1 -4.7918 329.4858 181.1166 356.8225 203.3447 1.5247 1.5836 3.9127 -19.7205 2.1574 53.1690 -5.1457 -3.9113
Car -1 -1 -7.7683 538.1142 176.2373 578.7374 210.3696 1.6056 1.6828 4.4409 -2.5949 1.7874 36.6164 -7.8391 -3.9229
Car -1 -1 -4.8721 76.1615 182.6444 111.3829 203.9267 1.5835 1.6841 3.9293 -41.1885 2.3904 57.5044 -5.4916 -4.2208
Car -1 -1 -5.3357 375.1559 183.3151 442.6117 212.5325 1.4543 1.5709 3.8333 -10.9424 2.0460 39.0221 -5.6077 -4.2343
Car -1 -1 -4.6254 755.0205 178.0824 775.6885 195.8089 1.5531 1.5647 3.4725 14.2572 2.0464 66.2228 -4.4146 -4.3272
Car -1 -1 -4.5364 542.3329 182.2036 577.7005 207.5688 1.3881 1.4471 3.8718 -2.9669 1.9705 42.9640 -4.6054 -4.3313
Car -1 -1 -4.8210 536.7289 179.9494 562.8056 201.3196 1.4891 1.5410 3.5718 -4.5197 2.0331 53.4416 -4.9054 -4.3688
Car -1 -1 -7.9674 474.2326 174.6628 507.4521 200.9191 1.6576 1.7106 4.2537 -8.0254 1.7837 48.1459 -8.1320 -4.4849
Car -1 -1 -6.3792 718.3821 176.5628 766.7996 196.5143 1.6593 1.6966 3.9030 11.2229 1.9797 61.3913 -6.1996 -4.5482
Car -1 -1 -4.3202 813.1711 182.3066 866.5388 210.7390 1.5110 1.5344 4.0072 13.2924 2.0838 41.7204 -4.0144 -4.5521
Car -1 -1 -4.4677 461.8785 179.9598 486.9437 195.2281 1.4398 1.6468 3.4823 -13.4237 2.1612 71.4918 -4.6530 -4.8161
Car -1 -1 -7.3855 163.0807 201.1133 216.9250 227.5448 1.6881 1.8358 3.8230 -30.3609 3.8102 52.2325 -7.9101 -4.8814
Car -1 -1 -4.9740 418.9341 178.7777 453.1459 197.8219 1.4734 1.6663 4.3857 -14.4301 1.9815 59.5948 -5.2109 -5.0665
Car -1 -1 -7.8694 579.1260 175.7891 602.9387 200.3654 1.6126 1.5724 3.0101 -1.3510 1.8189 49.2490 -7.8972 -5.1072
Car -1 -1 -7.9252 614.9336 176.0793 650.7921 207.6947 1.4564 1.4924 3.6536 1.0390 1.6230 35.4753 -7.8967 -5.2608
Car -1 -1 -4.7110 556.7006 179.8591 573.7130 196.0631 1.4539 1.5626 3.6416 -4.2543 2.1340 68.2172 -4.7734 -5.3023
Car -1 -1 -4.6123 138.1817 192.8100 167.5206 213.3750 1.6737 1.8298 4.2459 -41.4819 3.5492 65.5117 -5.1751 -5.4369
Car -1 -1 -4.3934 386.8852 180.9215 430.0937 204.0898 1.3901 1.5213 3.9776 -13.0247 1.9349 46.7253 -4.6641 -5.5939
Car -1 -1 -4.8591 445.1721 182.7157 469.2459 200.3102 1.3748 1.5176 3.1232 -12.7606 2.2188 60.0454 -5.0680 -5.6073
Car -1 -1 -3.7723 195.6666 181.1797 285.5172 211.3469 1.4653 1.5813 4.1197 -19.6331 1.9340 38.4519 -4.2418 -5.6932
Car -1 -1 -4.0056 229.0474 183.1599 311.6564 212.5303 1.4103 1.5928 4.2675 -18.0598 1.9924 38.5078 -4.4417 -5.8130
Car -1 -1 -4.4410 147.4123 183.6556 210.2434 216.7650 1.4646 1.6213 4.0195 -21.1446 2.0276 35.4731 -4.9754 -5.8867
Car -1 -1 -4.5759 795.7226 178.9587 820.2103 196.4736 1.5521 1.6776 4.1309 18.5871 2.1437 67.7240 -4.3096 -5.8867
Car -1 -1 -7.9383 787.2188 174.0956 812.5255 196.1827 1.6840 1.6055 3.9400 15.0207 1.7859 57.3223 -7.6837 -6.0057
Car -1 -1 -7.8400 559.4644 170.9171 613.9081 219.9117 1.7112 1.9020 4.7089 -0.9061 1.6432 27.5723 -7.8732 -6.0749
Car -1 -1 -4.2914 701.9254 171.3366 741.8025 196.6576 1.7445 1.5292 3.4903 7.9967 1.6396 51.5901 -4.1388 -6.1150
Car -1 -1 -4.2260 639.6738 174.0807 699.2344 205.0686 1.4429 1.4850 3.4662 2.9373 1.5063 35.6060 -4.1448 -6.2353
Car -1 -1 -4.9850 438.9044 180.6400 479.5433 205.4420 1.4473 1.6110 3.4853 -9.5181 1.9557 45.2252 -5.1917 -6.3070
Car -1 -1 -4.6570 571.9884 176.4639 607.0588 204.7088 1.5486 1.8108 4.7373 -1.1872 1.7733 42.5653 -4.6852 -6.4266
Car -1 -1 -4.5946 107.7752 189.1857 164.5504 225.2049 1.3387 1.5814 3.6465 -20.0611 2.0759 30.6008 -5.1711 -6.6167
