Car -1 -1 -3.9976 873.3304 185.3549 939.5586 211.9081 1.5693 1.5912 4.1135 18.8047 2.3915 45.8286 -3.6110 4.5175
Car -1 -1 -7.8467 545.7810 182.0661 593.1700 222.5395 1.3252 1.6066 3.5828 -1.5118 1.6839 26.2879 -7.9042 4.4564
Car -1 -1 -7.7801 491.3554 179.8402 528.5324 208.7093 1.3827 1.6423 3.5952 -5.1640 1.7614 37.2982 -7.9171 3.9781
Car -1 -1 -3.6845 761.7579 183.8563 823.7784 209.3288 1.4270 1.5515 3.2188 10.7646 2.0961 42.6851 -3.4396 2.8350
Car -1 -1 -4.6298 168.5440 184.6916 213.1744 216.6212 1.4434 1.5971 4.2749 -21.2180 2.0806 36.5787 -5.1525 0.8567
Car -1 -1 -4.8713 549.2260 179.7827 581.1431 202.5928 1.5032 1.6251 4.0405 -3.2386 2.0133 51.0048 -4.9348 -0.1940
Car -1 -1 -4.4280 271.5953 179.1758 314.3969 202.1186 1.5110 1.6447 4.2109 -22.3375 1.9760 50.9201 -4.8398 -1.9777
Car -1 -1 -4.3935 242.5584 178.8932 292.2365 205.6232 1.5824 1.6268 4.1448 -21.7274 1.9838 45.8433 -4.8341 -2.2289
Car -1 -1 -4.4578 0.0000 191.5333 34.5355 216.1525 1.5059 1.6317 3.6139 -40.7689 2.8287 49.1249 -5.1480 -2.6271
Car -1 -1 -5.1074 671.1231 179.2853 712.0781 200.2450 1.5421 1.6893 4.2402 6.3399 2.0679 56.7534 -4.9972 -2.6296
Car -1 -1 -4.1033 945.0037 193.9964 1016.8170 225.3190 1.5275 1.6393 3.6895 19.9810 2.7146 38.9298 -3.6329 -2.7778
Car -1 -1 -3.5723 111.8943 193.3494 181.7531 219.0163 1.6152 1.6705 3.7803 -32.5269 3.1132 50.7076 -4.1405 -3.1691
Car -1 -1 -5.2095 39.9654 196.4899 107.3655 224.5931 1.4746 1.6206 3.6075 -31.1642 2.8950 41.8746 -5.8464 -3.3307
Car -1 -1 -5.0599 800.9371 183.6286 845.6323 208.4363 1.5160 1.6131 3.8368 14.0294 2.2584 47.7678 -4.7764 -3.5599
Car -1 -1 -4.4733 349.4207 179.4091 376.7816 196.2263 1.4972 1.5858 3.7418 -23.1428 2.1293 67.6789 -4.8019 -3.6624
Car -1 -1 -4.2094 587.9547 180.3533 638.0648 202.9052 1.4536 1.6244 4.2973 0.2299 1.9996 50.2909 -4.2053 -3.6847
Car -1 -1 -4.6888 158.2790 185.1583 189.1019 212.6213 1.6044 1.5860 3.7356 -27.7909 2.4224 45.9734 -5.2302 -3.6861
Car -1 -1 -4.1153 0.0000 197.2623 68.5919 231.7002 1.5356 1.6211 3.8757 -29.9527 2.8545 37.0003 -4.7924 -3.6976
Car -1 -1 -7.3670 97.1250 182.7894 187.1442 218.6899 1.4091 1.6528 3.8835 -20.3002 1.8692 31.4332 -7.9368 -3.8297
Car -1 -1 -4.1770 0.0000 192.1281 43.4462 217.6986 1.5157 1.6169 3.3456 -39.0519 2.8243 47.2242 -4.8654 -3.9903
Car -1 -1 -7.8125 542.7845 178.5592 587.2245 218.8928 1.5080 1.6540 3.8304 -1.8216 1.7559 29.4560 -7.8743 -4.2446
Car -1 -1 -7.9316 1037.4475 172.3180 1094.3013 215.1631 1.5262 1.5527 3.3299 17.2810 1.5068 27.5379 -7.3763 -4.3144
Car -1 -1 -6.7929 816.1069 191.8638 878.8046 215.2250 1.6345 1.7507 4.1085 17.6515 3.0844 53.7860 -6.4782 -4.3233
Car -1 -1 -5.8351 0.0000 186.7112 0.0000 243.1343 1.5148 1.5628 3.8682 -21.0117 1.9513 21.3899 -6.6054 -4.5604
Car -1 -1 -7.6782 527.9645 182.3981 562.3352 205.5859 1.4629 1.6459 4.1489 -4.4262 2.1446 49.4199 -7.7676 -4.5775
Car -1 -1 -4.8911 610.2674 179.9805 633.0604 194.6588 1.3685 1.5620 4.0054 1.1067 2.0943 71.4166 -4.8761 -4.5820
Car -1 -1 -4.8872 514.7466 180.8298 555.4554 208.2611 1.4754 1.6558 4.2524 -4.4890 1.9689 42.4019 -4.9925 -4.8128
Car -1 -1 -4.9449 523.4357 182.9127 551.5573 201.5618 1.4255 1.4968 3.6266 -6.0059 2.2782 59.2258 -5.0459 -4.9148
Car -1 -1 -4.7217 0.0000 191.9816 2.3924 219.5408 1.6124 1.8884 4.3625 -41.4280 2.9342 47.6130 -5.4351 -4.9345
Car -1 -1 -7.8582 495.6604 176.6851 526.8030 206.2279 1.5928 1.6896 3.5573 -5.6933 1.8216 41.2683 -7.9949 -4.9722
Car -1 -1 -5.2611 359.3439 177.6213 409.5800 200.6615 1.6970 1.7570 4.2681 -17.5790 2.0808 56.0661 -5.5639 -5.1284
Car -1 -1 -4.9854 281.0819 177.0269 326.4046 203.6655 1.6280 1.7106 3.9338 -19.9357 1.9104 46.8150 -5.3862 -5.1804
Car -1 -1 -5.1671 640.2523 177.8918 681.7680 195.3510 1.3661 1.6485 4.4772 4.1811 1.8029 60.2182 -5.0985 -5.2408
Car -1 -1 -6.3982 614.2785 178.4370 668.2425 201.0115 1.5057 1.6144 3.5355 2.0885 1.8959 49.5248 -6.3568 -5.2844
Car -1 -1 -7.6680 907.5688 174.4467 937.2283 192.7128 1.6097 1.7258 4.4002 28.7094 1.7609 66.2955 -7.2612 -5.2987
Car -1 -1 -4.0823 352.4724 178.9286 413.2396 205.7134 1.5455 1.6317 3.8477 -14.0293 1.9388 44.6629 -4.3853 -5.3822
Car -1 -1 -5.9232 401.9777 181.4673 497.5850 220.5878 1.4513 1.4667 3.3397 -6.2644 1.7986 28.1548 -6.1407 -5.3948
Car -1 -1 -1.8291 0.0000 185.6165 12.5896 234.0329 1.3834 1.5329 3.8856 -20.9676 1.8243 23.2294 -2.5577 -5.4067
Car -1 -1 -6.9156 591.2693 176.0735 659.7876 203.0923 1.6371 1.8500 4.0728 0.9778 1.8512 46.1062 -6.8950 -5.4207
Car -1 -1 -4.7978 452.1743 178.2360 478.3746 196.9676 1.3774 1.6461 4.4119 -11.4454 1.8179 56.7538 -4.9962 -5.4411
Car -1 -1 -2.3398 0.0000 181.3970 9.6982 356.1966 1.4622 1.6319 4.1045 -8.7375 1.5571 7.0845 -3.2106 -5.4485
Car -1 -1 -4.8614 662.5930 178.7601 685.7655 195.9340 1.5654 1.6498 3.8461 6.0956 2.1467 69.0917 -4.7742 -5.7205
Car -1 -1 -4.3602 291.0975 179.7916 336.1639 202.5861 1.5036 1.5987 4.1777 -20.9122 2.0140 50.9980 -4.7478 -5.8394
Car -1 -1 -4.6945 380.9136 178.4567 399.8644 195.6005 1.5322 1.6371 3.9922 -20.6987 2.0768 68.0308 -4.9890 -5.8592
Car -1 -1 -4.8988 545.7321 177.3441 596.2084 208.7696 1.5084 1.7740 4.7913 -2.1628 1.7597 37.8971 -4.9559 -5.8806
Car -1 -1 -4.7151 1081.0698 172.5946 1104.5966 190.1940 1.4619 1.6359 3.9875 41.4741 1.4400 62.0475 -4.1284 -5.8867
Car -1 -1 -4.7460 1109.5131 172.1037 1136.5851 191.0142 1.4757 1.6381 3.9894 41.4743 1.4168 58.4214 -4.1312 -5.8867
Car -1 -1 -4.5933 30.2738 184.5499 66.6499 207.2020 1.5424 1.6560 4.0114 -41.6058 2.4440 53.4922 -5.2521 -5.8867
Car -1 -1 -4.6955 1062.9110 172.6031 1085.5769 189.7717 1.4835 1.6466 3.9939 41.4728 1.4615 64.4638 -4.1262 -5.8867
Car -1 -1 -4.4597 605.2063 178.0031 637.5519 197.3223 1.4346 1.6259 3.8974 0.9054 1.8545 56.7907 -4.4442 -5.8867
Car -1 -1 -4.4462 313.9638 179.2823 354.1814 200.8757 1.3976 1.5886 4.0611 -19.1115 1.8618 50.0459 -4.8095 -5.8867
Car -1 -1 -4.7564 674.2823 177.7452 695.7501 195.9753 1.4396 1.5972 3.9024 6.1875 1.8599 60.0444 -4.6547 -5.8867
Car -1 -1 -4.0633 948.5366 189.9924 1001.9177 212.3058 1.7104 1.7439 4.2271 30.1747 3.1677 59.6528 -3.5976 -5.9377
Car -1 -1 -4.3115 0.0000 183.2338 0.0000 261.1530 1.4157 1.6015 4.0510 -16.7187 1.6750 15.8667 -5.1147 -5.9468
Car -1 -1 -4.5468 0.0000 188.9589 0.0000 216.7349 1.5666 1.6696 4.2172 -41.5031 2.6315 45.5005 -5.2835 -5.9527
Car -1 -1 -4.4595 717.1931 180.6888 748.7852 203.2478 1.7423 1.6204 3.9965 10.1281 2.4102 59.3783 -4.2918 -5.9558
Car -1 -1 -4.2035 13.4391 187.0034 79.2575 212.9976 1.5966 1.7220 4.1026 -38.0745 2.5961 48.8243 -4.8633 -6.2010
Car -1 -1 -4.8770 657.9559 176.6145 685.5521 197.6929 1.5391 1.5042 3.7485 4.6702 1.8371 55.3026 -4.7937 -6.2525
Car -1 -1 -4.9342 201.3692 183.6281 240.7381 208.7513 1.5450 1.5781 3.4387 -25.7913 2.2847 47.7449 -5.4274 -7.2164
