Car -1 -1 -7.8996 564.0294 183.2901 604.6067 215.8314 1.2913 1.6058 3.4653 -1.2135 1.7737 31.5781 -7.9383 5.2019
Car -1 -1 -7.8211 518.3850 181.8784 548.4192 207.0861 1.4038 1.6789 3.5179 -4.5943 1.9677 43.2967 -7.9266 2.6890
Car -1 -1 -3.0334 1032.5055 165.1474 1147.5219 209.2019 1.6994 1.6769 3.7891 19.6598 1.4018 29.6847 -2.4533 0.4576
Car -1 -1 -4.3533 271.3643 183.4203 321.2917 208.0414 1.4925 1.7048 4.0300 -20.6360 2.2187 47.5562 -4.7609 -1.1239
Car -1 -1 -3.9064 103.4305 197.6833 180.0663 225.8240 1.4571 1.6296 3.7289 -27.7884 3.0019 42.8972 -4.4786 -1.5693
Car -1 -1 -4.5511 1027.9321 168.5958 1070.3530 196.3593 1.5656 1.5770 3.7152 25.9263 1.3252 42.6142 -4.0079 -2.4308
Car -1 -1 -4.5117 839.7440 180.8297 869.7788 201.5367 1.5498 1.5694 3.7038 19.5152 2.2075 57.5350 -4.1867 -2.7465
Car -1 -1 -4.2729 201.0054 187.2795 267.8886 215.8613 1.3865 1.6806 3.9492 -20.2601 2.2066 39.0299 -4.7492 -2.8485
Car -1 -1 -7.8386 1198.4595 179.9738 1241.0000 213.3876 1.5059 1.5821 3.8552 29.8696 1.8738 35.3371 -7.1414 -3.5825
Car -1 -1 -4.5279 346.6768 180.4957 378.0023 202.7790 1.7951 1.7331 4.6166 -21.3166 2.4789 62.1860 -4.8572 -3.9070
Car -1 -1 -4.2657 156.4983 197.8428 208.4166 221.3745 1.4323 1.6471 3.6999 -29.5282 3.2263 49.8956 -4.7980 -3.9390
Car -1 -1 -5.0223 495.8755 180.9864 522.6057 197.7493 1.5134 1.5428 3.4594 -9.6606 2.3107 68.8735 -5.1615 -4.2690
Car -1 -1 -7.7728 561.1066 178.4140 602.6741 214.5234 1.6115 1.6791 4.2398 -1.3450 1.8977 35.0183 -7.8115 -4.3061
Car -1 -1 -4.2980 52.4208 199.7962 117.6199 230.0283 1.5452 1.6638 3.9516 -31.0363 3.2193 42.7379 -4.9233 -4.4444
Car -1 -1 -4.9560 349.8857 181.7420 383.0333 201.9535 1.5017 1.6229 3.8385 -19.4525 2.2347 57.4713 -5.2813 -4.4455
Car -1 -1 -4.5782 411.9323 182.4421 446.0726 204.9264 1.5257 1.8662 4.4140 -13.3244 2.2631 53.2153 -4.8228 -4.5329
Car -1 -1 -4.6443 237.6015 194.4858 265.9199 217.6512 1.5426 1.6330 4.0412 -26.9445 3.2355 54.2971 -5.1034 -4.5402
Car -1 -1 -5.0187 431.8704 182.2424 471.0161 205.6102 1.5369 1.6145 3.8847 -11.3203 2.2301 51.2164 -5.2355 -4.7664
Car -1 -1 -4.9045 384.0257 180.7422 416.5145 204.0417 1.5853 1.5556 3.9051 -15.3513 2.1830 52.6030 -5.1874 -4.7969
Car -1 -1 -4.7557 682.1921 178.4211 707.9827 199.0875 1.4441 1.7073 4.5926 6.3013 1.8789 54.0386 -4.6407 -4.8069
Car -1 -1 -4.3257 178.7027 196.7137 221.5823 218.8889 1.5510 1.5438 4.0136 -32.3709 3.5062 57.0489 -4.8402 -4.8863
Car -1 -1 -7.7930 1143.4081 175.9059 1192.1696 208.1432 1.4768 1.6744 4.0483 27.4547 1.6355 35.5240 -7.1394 -4.9315
Car -1 -1 -4.5871 298.9503 181.1399 338.9401 211.2522 1.7410 1.7627 4.6904 -18.3514 2.2927 45.5799 -4.9681 -4.9454
Car -1 -1 -5.2812 590.5219 179.7502 643.4225 202.3743 1.4195 1.6210 4.0865 0.3911 1.9058 48.7511 -5.2737 -4.9481
Car -1 -1 -5.0383 664.8217 182.1826 695.7584 199.5282 1.4618 1.5995 3.9270 6.2878 2.3310 65.1555 -4.9430 -4.9708
Car -1 -1 -4.6902 268.6284 186.0346 303.0977 212.1096 1.3157 1.6858 4.3139 -18.4281 2.1077 41.0620 -5.1099 -5.1009
Car -1 -1 -8.3899 815.8294 187.5088 897.6341 223.5936 1.6149 1.7657 4.7101 12.4244 2.4126 36.8004 -8.0675 -5.1099
Car -1 -1 -4.7865 561.0734 181.0165 596.5503 210.0297 1.4883 1.6598 4.3913 -1.8424 1.9728 40.5748 -4.8321 -5.1828
Car -1 -1 -4.9330 373.3140 183.9830 397.8333 200.2152 1.4604 1.4865 3.6877 -21.6845 2.5638 69.5860 -5.2343 -5.2400
Car -1 -1 -4.8151 289.1136 192.5048 313.2016 211.3229 1.5397 1.6072 4.1015 -28.2002 3.3902 65.7770 -5.2190 -5.2484
Car -1 -1 -4.4718 472.6150 178.8106 512.3797 204.6362 1.6789 1.8066 4.0384 -8.1132 2.1082 49.9542 -4.6324 -5.2679
Car -1 -1 -4.8319 526.8168 177.7891 553.2214 195.9247 1.3741 1.6235 4.1755 -5.6945 1.7862 58.0862 -4.9295 -5.2867
Car -1 -1 -4.7655 848.0615 179.8647 878.6893 207.6928 1.7048 1.6695 4.0966 16.6036 2.1874 47.5093 -4.4317 -5.3064
Car -1 -1 -4.3807 302.6219 184.8820 333.3271 201.3370 1.4718 1.6154 3.6831 -27.9739 2.6559 69.1676 -4.7640 -5.4355
Car -1 -1 -4.7640 640.6663 181.2697 658.5872 196.4909 1.4197 1.5719 3.6328 3.8650 2.2702 71.1273 -4.7104 -5.4803
Car -1 -1 -5.0928 692.5612 176.7037 727.8336 193.5075 1.4078 1.6317 4.2032 8.7787 1.7593 63.7088 -4.9569 -5.4845
Car -1 -1 -4.9423 560.4236 179.7076 605.0839 207.5505 1.6144 1.7945 4.6356 -1.8153 2.0701 45.5279 -4.9824 -5.4913
Car -1 -1 -5.0499 678.3260 176.9122 713.9495 194.9910 1.4272 1.5972 4.3431 7.1236 1.7789 60.2851 -4.9333 -5.5039
Car -1 -1 -7.7715 602.0367 175.4733 623.6878 198.7321 1.9220 1.5774 3.4826 0.2459 2.1527 61.8342 -7.7680 -5.5073
Car -1 -1 -6.1831 1030.1205 170.0400 1121.5365 202.7902 1.5935 1.6382 3.7917 23.7650 1.4563 36.9240 -5.6152 -5.5143
Car -1 -1 -4.8754 523.4564 179.1801 555.8852 200.0750 1.3492 1.5935 4.0703 -4.9522 1.8070 50.0768 -4.9739 -5.5383
Car -1 -1 -4.7081 433.7172 180.6802 453.8458 198.9360 1.5485 1.7201 4.0923 -15.0450 2.2798 65.2610 -4.9341 -5.5656
Car -1 -1 -5.0121 745.3936 182.2576 785.5043 204.1207 1.4947 1.6631 4.4290 11.4528 2.2223 53.5711 -4.8032 -5.6252
Car -1 -1 -4.5923 617.7125 180.5103 654.5152 206.4963 1.5001 1.8085 4.3011 1.6538 2.0040 45.2525 -4.5565 -5.6508
Car -1 -1 -8.4566 484.9359 178.8422 525.0995 199.5278 1.6674 1.5850 3.6319 -8.9387 2.1898 61.1131 -8.6016 -5.6636
Car -1 -1 -4.4547 297.5982 180.7980 333.6657 200.5038 1.4226 1.6169 3.9933 -22.7620 2.0601 55.8518 -4.8403 -5.7049
Car -1 -1 -4.7429 452.4859 180.1487 477.5708 201.1030 1.4302 1.6767 4.0200 -10.6876 1.9864 52.8916 -4.9417 -5.7054
Car -1 -1 -4.3561 692.6837 178.9457 731.3323 199.4967 1.5290 1.6860 4.1895 8.1058 2.0310 57.2546 -4.2166 -5.7311
Car -1 -1 -4.4368 16.8230 205.2267 66.4899 231.4076 1.4758 1.6290 3.6841 -37.5085 3.7044 47.6648 -5.1010 -5.7496
Car -1 -1 -4.9849 630.3707 178.7379 668.0429 200.4446 1.4829 1.6581 4.2492 2.7881 1.9313 52.7699 -4.9329 -5.8207
Car -1 -1 -4.8788 527.4495 177.7883 555.0791 196.3664 1.4900 1.6713 4.1086 -5.8924 1.9235 61.2386 -4.9747 -5.8450
Car -1 -1 -4.5540 262.4962 185.2073 295.4506 209.0231 1.6654 1.6630 3.9889 -25.1311 2.6404 54.8224 -4.9823 -5.8583
Car -1 -1 -4.5651 0.0000 185.2386 37.8248 209.2401 1.5407 1.6576 4.0114 -41.6056 2.4471 50.6793 -5.2501 -5.8867
Car -1 -1 -4.4618 419.5110 180.3568 451.9345 199.5866 1.4423 1.5904 3.9359 -13.9057 2.0620 57.6422 -4.6978 -5.8867
Car -1 -1 -4.5279 0.0000 187.5184 1.0638 214.5682 1.6103 1.6862 4.0250 -41.6134 2.6185 47.4594 -5.2451 -5.8867
Car -1 -1 -4.5877 25.6961 184.8059 62.7866 207.5539 1.5352 1.6542 4.0103 -41.6055 2.4499 53.0938 -5.2501 -5.8867
Car -1 -1 -4.6274 545.0469 178.4292 573.1818 200.8019 1.4332 1.5871 3.9337 -3.4629 1.8283 49.1872 -4.6977 -5.8867
Car -1 -1 -6.7851 0.0000 0.0000 1241.0000 374.0000 1.5437 1.5892 3.8036 -2.9058 1.6387 1.0040 -7.9391 -5.8867
Car -1 -1 -3.5046 0.0000 195.0575 0.0000 374.0000 1.5071 1.6074 3.9587 -7.0818 1.6459 2.5299 -4.6974 -5.8867
Car -1 -1 -5.0201 569.3171 177.8692 610.9138 200.5682 1.4348 1.6304 4.1264 -1.4257 1.7891 48.8044 -5.0496 -5.9197
Car -1 -1 -5.2055 614.2587 175.8566 678.4369 207.9399 1.6806 1.6088 4.6097 1.9348 1.8597 40.6769 -5.1589 -6.0638
Car -1 -1 -5.0835 718.6546 178.8649 750.0645 195.9478 1.4841 1.5883 3.7105 11.3265 2.0505 66.0526 -4.9148 -6.4269
Car -1 -1 -7.1246 1200.7531 110.8092 1241.0000 374.0000 1.6345 1.7177 4.0947 5.4972 1.4479 3.3170 -6.1356 -6.5224
