Car -1 -1 -7.8453 569.4062 179.7977 604.5141 209.8647 1.3145 1.5744 3.4623 -1.1179 1.6592 34.1032 -7.8784 4.4248
Car -1 -1 -7.8196 523.3140 178.5386 551.3370 202.8477 1.4250 1.6176 3.7211 -4.5401 1.7951 45.0997 -7.9198 4.0892
Car -1 -1 -2.3229 284.5609 178.9085 339.5056 201.2683 1.5428 1.6309 3.6254 -21.5416 1.9921 52.0892 -2.7135 -2.6081
Car -1 -1 -8.7743 970.6090 179.6707 1062.9535 213.0931 1.5179 1.6523 3.7258 19.9639 1.8736 35.6390 -8.2677 -2.6144
Car -1 -1 -4.8745 589.7163 178.5383 622.8172 201.3009 1.4249 1.6189 3.7258 -0.3208 1.8192 48.1237 -4.8816 -2.8065
Car -1 -1 -4.4853 811.7713 180.5583 842.4846 201.7038 1.6755 1.6965 3.6708 18.2524 2.3444 60.6549 -4.1948 -3.0492
Car -1 -1 -4.4392 825.4274 177.0972 856.6068 194.7145 1.5129 1.6358 4.1313 20.8765 1.9088 65.1875 -4.1309 -3.2182
Car -1 -1 -4.6588 943.7148 175.4283 979.9330 207.0682 1.7637 1.7157 4.5328 20.9753 1.9254 43.0100 -4.2082 -3.2189
Car -1 -1 -8.1322 1040.8737 172.1615 1115.3577 212.4955 1.7231 1.7062 4.3667 21.3511 1.6932 33.1604 -7.5646 -3.5334
Car -1 -1 -2.9144 537.7497 178.1509 605.3489 201.3931 1.5039 1.6322 4.2705 -2.5912 1.8675 48.3957 -2.9680 -3.5335
Car -1 -1 -5.1663 797.3457 177.4306 835.9801 196.3203 1.6437 1.6740 4.3111 18.8736 2.0774 66.1553 -4.8899 -3.5553
Car -1 -1 -4.5118 321.8571 178.1534 355.6349 200.3034 1.5446 1.5971 3.8527 -20.0244 1.9507 53.3125 -4.8697 -3.6129
Car -1 -1 -7.1644 0.0000 192.0432 35.9065 242.5049 1.3151 1.5631 3.7215 -19.8688 1.9534 22.1272 -7.8902 -3.9806
Car -1 -1 -5.1765 123.2996 182.6457 192.1721 215.8134 1.6138 1.6068 3.6118 -23.6795 2.1472 37.6961 -5.7344 -4.1071
Car -1 -1 -4.6141 970.3199 173.4052 1011.2053 204.4168 1.7168 1.7028 4.5401 22.3758 1.7507 42.3936 -4.1318 -4.1225
Car -1 -1 -6.0691 401.2388 179.8459 455.3903 201.2283 1.6121 1.7333 3.7893 -14.0774 2.1628 55.9330 -6.3149 -4.3238
Car -1 -1 -8.5153 832.7843 171.4899 891.4677 196.4820 1.7515 1.7635 4.3295 18.3832 1.6556 52.9001 -8.1829 -4.3562
Car -1 -1 -3.2843 775.5463 182.3684 832.4184 204.6707 1.5489 1.6270 3.7613 13.9128 2.2480 52.0136 -3.0249 -4.4341
Car -1 -1 -4.6201 381.2837 178.4734 404.2532 195.2367 1.5289 1.7233 4.4261 -20.9720 2.0898 69.7174 -4.9116 -4.4398
Car -1 -1 -3.8780 0.0000 198.5228 68.6608 236.2988 1.5694 1.6381 4.1508 -28.9420 2.8952 35.1031 -4.5639 -4.4557
Car -1 -1 -4.5076 827.1953 178.2039 860.8382 199.7827 1.6285 1.7101 4.4567 18.8147 2.0757 57.9844 -4.1958 -4.5441
Car -1 -1 -6.6676 772.0974 180.3442 845.9596 208.0157 1.5949 1.7290 3.9052 11.8673 2.0551 43.2682 -6.4022 -4.5443
Car -1 -1 -2.2692 6.3159 194.2568 99.7918 226.0867 1.6797 1.8264 4.4195 -31.8783 2.9446 41.2860 -2.9238 -4.6764
Car -1 -1 -4.5410 559.9758 175.9046 597.1855 201.4881 1.4681 1.5819 4.1959 -1.9048 1.6635 44.1062 -4.5844 -4.7519
Car -1 -1 -5.0972 247.5685 185.8402 287.1050 205.4508 1.4902 1.5786 3.9211 -28.1922 2.5909 59.2659 -5.5398 -4.8840
Car -1 -1 -4.5717 723.8526 177.1825 760.3237 204.4002 1.4771 1.5172 4.2944 7.7267 1.7433 42.1581 -4.3921 -4.9692
Car -1 -1 -4.8271 731.7689 173.3069 764.1635 200.7204 1.7874 1.6826 4.2559 9.3456 1.8194 49.2994 -4.6413 -5.0298
Car -1 -1 -4.2932 304.0336 182.0707 340.7724 199.6568 1.5663 1.6442 4.2905 -27.3595 2.4717 68.7248 -4.6710 -5.0738
Car -1 -1 -5.9035 424.5670 177.2873 474.5322 197.4874 1.7463 1.6091 4.0152 -14.2348 2.1460 63.9830 -6.1219 -5.1279
Car -1 -1 -4.7346 212.4646 187.2127 238.7154 211.2339 1.6440 1.6515 4.0576 -28.9049 2.7646 54.1533 -5.2231 -5.1522
Car -1 -1 -4.8143 848.0228 184.9545 892.6049 220.5917 1.5559 1.6186 3.9480 12.5368 2.1786 35.0431 -4.4740 -5.1787
Car -1 -1 -4.6309 291.8020 181.5719 317.9718 200.1636 1.4068 1.6284 4.2180 -24.9231 2.1463 58.9736 -5.0294 -5.4357
Car -1 -1 -4.8030 762.4069 175.7843 792.1935 197.2923 1.3684 1.5817 4.0148 11.1867 1.5739 48.5730 -4.5784 -5.4519
Car -1 -1 -7.1573 222.2665 181.2028 282.7408 210.4028 1.8346 1.6090 3.7480 -23.9912 2.4186 48.4938 -7.6148 -5.4890
Car -1 -1 -4.5068 881.6379 173.8673 929.9047 206.2401 1.8388 1.8152 4.5534 17.8543 1.9030 43.5298 -4.1204 -5.4990
Car -1 -1 -4.4090 328.8573 182.9998 356.0927 198.6460 1.4551 1.5485 3.4837 -26.3802 2.4809 71.1898 -4.7630 -5.5643
Car -1 -1 -4.2966 371.6483 179.6204 424.2834 205.6696 1.4545 1.5529 4.0041 -12.7383 1.8814 43.4599 -4.5804 -5.6587
Car -1 -1 -4.8024 252.3216 186.2051 284.7263 212.7390 1.5205 1.5187 3.6291 -21.4799 2.3937 45.2581 -5.2436 -5.7535
Car -1 -1 -6.9281 767.8201 173.9685 817.4942 195.1010 1.8689 1.7387 4.1725 16.5831 1.9724 65.5932 -6.6819 -5.7629
Car -1 -1 -4.3297 299.9403 180.1675 339.6957 199.1014 1.4221 1.6013 3.9072 -23.1617 2.0260 57.6582 -4.7104 -5.8867
Car -1 -1 -4.2550 165.4140 184.7882 220.4073 212.4053 1.8866 1.7462 4.4350 -30.8810 2.8091 53.5207 -4.7764 -5.9028
Car -1 -1 -7.9667 574.7600 172.1873 599.3558 197.8031 1.9677 1.5842 3.2700 -1.8702 1.9162 57.1573 -7.9996 -7.2862
