Car -1 -1 -7.7952 489.0906 182.7140 526.7939 212.0697 1.3465 1.6655 3.5371 -5.1064 1.8653 36.1560 -7.9350 5.6347
Car -1 -1 -7.8253 543.4981 186.1651 593.4316 226.2809 1.2474 1.6355 3.5730 -1.4604 1.7500 25.4471 -7.8828 5.2885
Car -1 -1 -3.9667 849.7145 187.0746 910.0924 210.3745 1.5177 1.6557 4.0708 18.9363 2.5491 50.6855 -3.6117 2.9954
Car -1 -1 -4.0981 0.0000 193.3801 33.5148 274.0059 1.4109 1.5967 3.6900 -14.5667 1.9077 15.5434 -4.8426 2.1791
Car -1 -1 -4.0488 729.5775 185.2261 785.4745 209.4864 1.4874 1.6182 3.8537 9.8076 2.3423 48.0082 -3.8490 -1.5684
Car -1 -1 -4.4475 270.9388 179.9332 310.5341 204.3457 1.6012 1.6278 3.6362 -22.2603 2.1138 50.3565 -4.8621 -2.4739
Car -1 -1 -7.7939 36.4046 184.4477 97.6303 229.3905 1.5211 1.6197 3.8653 -20.6860 1.9965 27.5444 -8.4335 -2.7475
Car -1 -1 -5.2555 870.2112 179.0687 907.5342 195.4361 1.5123 1.6065 3.8837 27.0978 2.1350 70.2794 -4.8893 -3.2187
Car -1 -1 -5.3866 0.0000 191.5474 51.3972 238.9140 1.3533 1.5525 3.8516 -19.9014 1.9672 22.5990 -6.1028 -3.2957
Car -1 -1 -4.9557 745.8592 181.5006 787.6234 207.4203 1.5119 1.6425 3.9918 9.7839 2.0806 45.4594 -4.7456 -3.4229
Car -1 -1 -4.5303 196.5100 177.4908 234.0428 202.4483 1.6633 1.6443 3.8815 -27.8592 2.0041 50.9686 -5.0285 -3.4707
Car -1 -1 -4.3352 164.1619 194.9943 210.9606 218.4565 1.5576 1.6935 3.8914 -31.4740 3.2718 53.8220 -4.8625 -3.6238
Car -1 -1 -7.9648 620.8770 177.4767 657.0435 208.0242 1.5854 1.6295 3.1979 1.5130 1.8494 39.6015 -7.9275 -3.6629
Car -1 -1 -5.1985 63.5801 198.3243 128.0675 226.2677 1.5467 1.6492 3.8135 -31.7109 3.1716 44.4427 -5.8156 -3.8282
Car -1 -1 -4.3221 40.6253 196.2413 106.6421 225.3825 1.4645 1.6189 4.1475 -31.1676 2.8976 42.0145 -4.9576 -4.1507
Car -1 -1 -6.0771 831.3896 180.0645 915.6653 210.0450 1.6100 1.6850 4.2999 15.0894 2.0427 41.4811 -5.7310 -4.2807
Car -1 -1 -3.7433 690.8140 178.5040 760.0817 204.3886 1.5554 1.7315 4.0731 7.2888 1.9262 45.7394 -3.5868 -4.3159
Car -1 -1 -8.1221 388.7752 180.0036 446.0924 216.9540 1.5872 1.6414 3.8149 -9.1248 1.9427 33.8516 -8.3839 -4.3394
Car -1 -1 -8.2354 538.9324 178.6098 580.2309 203.5665 1.6428 1.6454 3.6124 -3.5889 2.0603 50.3942 -8.3066 -4.3983
Car -1 -1 -4.1932 0.0000 197.6127 80.8472 229.7829 1.4635 1.7729 4.0789 -30.2617 2.8503 38.2762 -4.8590 -4.4083
Car -1 -1 -5.4279 512.4449 178.4406 599.4802 213.0995 1.5936 1.7505 4.6004 -2.8061 1.8904 36.1351 -5.5054 -4.4234
Car -1 -1 -3.7451 143.8307 195.2284 204.6177 217.4975 1.5003 1.7111 3.6038 -32.9580 3.2553 54.6124 -4.2862 -4.4240
Car -1 -1 -3.9310 580.3726 180.2226 637.3928 205.9051 1.4772 1.5350 3.4222 -0.0769 1.9469 44.2652 -3.9333 -4.6024
Car -1 -1 -4.4688 531.9423 182.8069 558.4243 200.8766 1.5118 1.5756 3.3888 -5.7562 2.4210 64.1393 -4.5584 -4.6437
Car -1 -1 -5.0849 299.2974 179.8799 350.9893 203.6028 1.5478 1.8005 4.6904 -20.1216 2.0647 50.7885 -5.4606 -4.8235
Car -1 -1 -4.7076 492.5689 180.7115 522.8707 207.1418 1.4828 1.7437 4.2872 -6.2691 1.9867 44.0550 -4.8486 -5.0259
Car -1 -1 -6.3416 422.8456 178.8700 513.7048 214.7589 1.5504 1.7026 3.9754 -6.5319 1.8358 32.9361 -6.5363 -5.0303
Car -1 -1 -5.0076 335.3388 179.8609 372.7850 201.5604 1.6910 1.7600 4.2844 -21.3124 2.2944 59.9239 -5.3483 -5.2001
Car -1 -1 -4.7510 622.8002 181.5915 645.4631 200.3402 1.4353 1.6882 4.5033 1.9322 2.1840 59.5982 -4.7192 -5.2563
Car -1 -1 -7.6061 957.9327 173.9371 1023.6304 213.8898 1.6403 1.6853 3.8128 16.7327 1.6905 31.7135 -7.1249 -5.3060
Car -1 -1 -4.9402 512.9498 182.0510 544.9158 201.1341 1.5548 1.8416 4.4027 -7.1930 2.3938 63.4649 -5.0530 -5.3680
Car -1 -1 -4.4326 550.8882 179.8445 605.4565 210.0182 1.4965 1.8137 4.4249 -1.6960 1.8994 39.2449 -4.4760 -5.3961
Car -1 -1 -4.0631 184.0587 191.9524 233.6069 213.5478 1.5607 1.5957 3.5902 -31.8739 3.1293 57.3821 -4.5684 -5.5578
Car -1 -1 -5.0782 458.6261 175.5768 500.4743 201.1313 1.8542 1.7574 4.1891 -10.0254 2.0703 55.0802 -5.2578 -5.5582
Car -1 -1 -4.8889 454.5088 178.9010 482.9707 196.8626 1.4528 1.6907 4.2031 -12.2245 1.9924 62.1511 -5.0826 -5.6316
Car -1 -1 -4.8410 396.0704 183.1752 422.1556 202.7666 1.5482 1.6643 3.7438 -17.0963 2.4530 61.2259 -5.1125 -5.6318
Car -1 -1 -4.6908 408.5291 180.3624 435.2497 203.1366 1.3647 1.5904 4.3819 -12.2643 1.8784 47.0787 -4.9446 -5.7562
Car -1 -1 -7.2994 0.0000 184.4433 13.5874 249.7814 1.4169 1.6395 3.7485 -17.3128 1.7434 18.3526 -8.0485 -5.8464
Car -1 -1 -4.3291 265.2417 181.3043 323.3111 210.1424 1.5509 1.5933 4.3666 -18.4564 2.0718 42.2988 -4.7385 -5.8563
Car -1 -1 -4.6770 1038.6727 173.4814 1060.6023 189.6025 1.4700 1.6370 3.9850 41.4762 1.5308 68.0746 -4.1320 -5.8867
Car -1 -1 -8.1632 0.0000 0.0000 853.6601 374.0000 1.5525 1.5927 3.8068 0.3100 1.6329 1.0027 -7.9392 -5.8867
Car -1 -1 -4.6931 1054.7247 173.6426 1076.9271 190.6028 1.4890 1.6420 3.9901 41.4768 1.5627 65.6599 -4.1320 -5.8867
Car -1 -1 -4.5876 25.7299 183.9464 62.7519 206.3667 1.5172 1.6499 4.0106 -41.6070 2.3662 53.0955 -5.2500 -5.8867
Car -1 -1 -4.3239 556.0663 180.3593 588.5496 197.1757 1.4906 1.6497 4.0568 -3.5408 2.2214 68.0960 -4.3761 -5.8867
Car -1 -1 -4.6091 52.1336 184.3422 85.6606 205.9068 1.5266 1.6519 4.0097 -41.6054 2.4442 55.5079 -5.2502 -5.8867
Car -1 -1 -7.1456 51.0763 0.0000 1241.0000 374.0000 1.5492 1.5922 3.8057 -1.2982 1.6381 1.0027 -7.9392 -5.8867
Car -1 -1 -4.5463 497.1240 182.2256 523.6438 200.4594 1.4861 1.6553 3.9830 -8.6707 2.3289 62.8934 -4.6832 -5.8867
Car -1 -1 -7.3765 1008.8054 170.1170 1047.8112 186.2722 1.5335 1.6508 3.9736 40.7223 1.2734 70.2573 -6.8533 -5.8867
Car -1 -1 -4.9741 694.0540 180.4866 740.1733 209.0848 1.5639 1.6810 4.1066 6.2463 2.0383 42.7370 -4.8305 -5.9106
Car -1 -1 -4.5800 545.9857 178.9251 585.0697 204.6822 1.4614 1.8172 4.5274 -2.7097 1.8539 44.3574 -4.6411 -5.9179
Car -1 -1 -5.1235 218.0173 177.8909 262.8310 206.9874 1.9960 1.5542 3.6130 -26.6052 2.3699 51.8497 -5.5958 -5.9779
Car -1 -1 -4.0019 894.7783 186.1420 945.0281 203.5405 1.4294 1.6962 4.2758 27.2945 2.6316 63.5885 -3.5987 -6.0523
Car -1 -1 -4.7082 471.7438 178.7937 489.8479 195.4944 1.5545 1.6982 3.8190 -12.6575 2.1523 70.6309 -4.8852 -6.1147
