Car -1 -1 -7.7187 505.4519 178.6873 552.4782 210.6025 1.3309 1.6328 3.6605 -3.6461 1.6092 32.6143 -7.8297 5.9454
Car -1 -1 -7.8230 568.8056 181.2735 619.5293 224.8036 1.3169 1.5842 3.5742 -0.5272 1.6213 24.3164 -7.8451 5.2964
Car -1 -1 -4.3991 278.2574 181.1384 349.0055 215.9700 1.3699 1.6591 4.1064 -12.8731 1.7553 31.4878 -4.7846 3.8637
Car -1 -1 -4.8309 622.8909 178.1655 643.4649 193.2674 1.4290 1.6030 3.7363 2.2549 1.9698 71.5657 -4.7999 -1.5662
Car -1 -1 -4.3537 428.1269 174.0576 460.4904 190.9991 1.4887 1.6053 3.9021 -15.0759 1.6014 65.7337 -4.5785 -1.6336
Car -1 -1 -4.8149 251.7729 175.7968 286.4408 199.8932 1.5129 1.6754 4.1236 -22.7605 1.7175 48.0379 -5.2555 -1.7279
Car -1 -1 -4.1791 134.7897 185.5118 201.6043 215.6182 1.5239 1.6336 3.3821 -24.2399 2.2491 39.6544 -4.7250 -2.2930
Car -1 -1 -7.0764 736.9219 178.2931 779.7523 198.9374 1.7639 1.6359 3.6669 13.1955 2.2607 64.2471 -6.8752 -2.5063
Car -1 -1 -7.8618 568.7787 175.8147 617.0389 220.6371 1.5635 1.7014 3.6484 -0.7109 1.6827 27.2656 -7.8883 -2.6325
Car -1 -1 -4.7257 617.7690 177.3646 640.4368 199.1165 1.4862 1.5732 3.7431 1.3157 1.8224 51.9587 -4.7010 -3.2562
Car -1 -1 -7.9175 249.4829 173.2763 275.6626 194.5773 1.6816 1.6838 4.0598 -28.5702 1.7172 59.2296 -8.3654 -3.4486
Car -1 -1 -8.4740 798.2499 170.1784 869.0893 200.7643 1.6618 1.7009 4.2909 12.7433 1.5161 41.5064 -8.1785 -3.4585
Car -1 -1 -2.1131 0.0000 185.6227 64.5338 219.3455 1.4532 1.5763 3.5580 -27.3784 2.0687 33.4560 -2.7952 -3.4702
Car -1 -1 -4.9774 796.6595 178.3604 835.8946 205.6234 1.8752 1.7045 4.1528 14.9384 2.2919 52.5565 -4.7025 -3.5133
Car -1 -1 -4.4433 409.9950 175.7373 435.5724 191.0794 1.4521 1.4965 3.7181 -18.3733 1.7424 70.8645 -4.6963 -3.8688
Car -1 -1 -4.3703 622.8015 178.5882 653.9998 198.0978 1.5628 1.5706 3.4283 2.3957 2.0605 60.7868 -4.3316 -3.8797
Car -1 -1 -4.3564 172.4960 180.8199 235.3707 212.7987 1.5783 1.6316 4.0346 -21.7731 2.0296 38.7841 -4.8652 -3.9632
Car -1 -1 -5.3578 677.7175 176.3703 735.2368 201.2012 1.5916 1.6622 4.2323 6.4809 1.8417 49.1368 -5.2279 -4.0507
Car -1 -1 -7.2695 388.7055 178.4512 467.6272 215.6452 1.4734 1.6017 3.5521 -7.8058 1.7295 31.1085 -7.5138 -4.0530
Car -1 -1 -7.5855 525.0710 165.6073 552.5392 182.3483 1.4911 1.6964 3.2663 -6.5082 0.8453 66.0204 -7.6835 -4.1137
Car -1 -1 -4.6889 610.5853 178.8773 630.1838 197.6276 1.5009 1.5703 3.3694 0.8690 2.0205 60.5701 -4.6751 -4.1866
Car -1 -1 -5.0775 15.6104 184.6617 88.1808 218.2064 1.5124 1.5744 3.7789 -27.4045 2.1178 35.3565 -5.7334 -4.3712
Car -1 -1 -5.8115 30.3011 160.2246 126.0197 189.6857 1.6843 1.7800 4.1850 -31.2554 0.9620 42.4635 -6.4431 -4.4846
Car -1 -1 -4.2540 197.3706 181.5429 263.1204 213.4682 1.5904 1.6655 3.6825 -20.3831 2.0799 38.8160 -4.7350 -4.5816
Car -1 -1 -4.5662 315.5460 176.7119 353.6544 201.8069 1.4894 1.6643 4.1384 -17.4187 1.7452 45.6987 -4.9287 -4.8374
Car -1 -1 -2.0426 205.6259 175.6873 265.0309 202.7248 1.6211 1.6760 4.0380 -23.6853 1.8068 45.5075 -2.5203 -4.8763
Car -1 -1 -4.6316 246.8042 174.4472 276.0596 197.1032 1.6844 1.7538 3.5843 -26.9983 1.8120 55.9121 -5.0798 -4.9489
Car -1 -1 -4.4649 149.4249 180.0060 205.5314 214.3429 1.5625 1.5532 3.4836 -21.2547 1.9330 35.5124 -5.0011 -4.9721
Car -1 -1 -7.2640 506.6007 175.2935 554.6218 200.1708 1.6086 1.5774 3.4638 -5.3769 1.7802 48.9295 -7.3733 -5.0085
Car -1 -1 -2.4836 464.8434 174.1994 526.6091 198.3443 1.5775 1.6356 3.9708 -7.8023 1.6717 48.9972 -2.6410 -5.0731
Car -1 -1 -7.7696 593.1763 177.1171 618.8598 200.7783 1.6019 1.5602 3.1661 -0.2859 1.9131 51.0805 -7.7756 -5.1040
Car -1 -1 -4.8881 362.4176 174.9667 397.8840 200.1291 1.6091 1.6051 3.9811 -15.5593 1.7574 48.6344 -5.1965 -5.1384
Car -1 -1 -4.8644 554.6295 175.6369 597.1918 209.1848 1.5586 1.5501 3.7552 -1.7835 1.7042 35.8468 -4.9143 -5.1688
Car -1 -1 -7.8769 582.5491 174.3936 615.7195 204.5312 1.4489 1.5938 3.7280 -0.6356 1.5311 36.7776 -7.8945 -5.3155
Car -1 -1 -4.4122 393.7255 175.0836 439.5284 202.9414 1.8110 1.8616 4.2170 -13.2040 1.9700 49.3940 -4.6724 -5.3779
Car -1 -1 -2.2079 0.0000 183.7268 0.0000 320.8784 1.4257 1.5777 3.8656 -10.0050 1.5696 8.6098 -3.0526 -5.3917
Car -1 -1 -2.7649 298.5977 169.1566 362.0279 188.5565 1.5574 1.6435 4.5310 -22.7697 1.2603 58.7647 -3.1332 -5.4005
Car -1 -1 -2.1220 0.0000 188.0327 0.0000 361.0749 1.4072 1.6034 4.0815 -8.6989 1.5811 7.1729 -2.9848 -5.5189
Car -1 -1 -7.5441 325.9913 176.9217 385.5113 209.8429 1.4797 1.5422 4.0863 -12.2900 1.6884 35.0037 -7.8797 -5.6097
Car -1 -1 -4.8323 196.4479 177.4442 244.6996 210.1915 1.5275 1.7249 3.4778 -19.5611 1.7691 36.1117 -5.3258 -5.6823
Car -1 -1 -2.2003 0.0000 191.2345 23.3062 374.0000 1.3971 1.5628 4.0632 -6.0171 1.5200 4.0397 -3.1488 -5.6966
Car -1 -1 -5.0742 801.0366 178.5049 833.9427 195.0885 1.4857 1.6460 4.0629 19.5358 2.0356 68.1616 -4.7966 -5.7281
Car -1 -1 -4.6725 204.5684 180.8471 237.6531 208.3654 1.4851 1.5475 3.5866 -22.6415 1.9719 42.0239 -5.1643 -5.7482
Car -1 -1 -5.6413 369.2633 173.2631 423.8483 191.1893 1.6325 1.7837 4.7766 -19.9736 1.6714 67.4498 -5.9284 -5.7491
Car -1 -1 -8.6433 0.0000 0.0000 1048.6550 374.0000 1.5404 1.5886 3.8032 1.1138 1.5827 1.0044 -7.9393 -5.8867
Car -1 -1 -7.1469 52.1088 0.0000 1241.0000 374.0000 1.5371 1.5866 3.8019 -1.2978 1.5989 1.0054 -7.9392 -5.8867
Car -1 -1 -5.9535 0.0000 0.0000 1241.0000 374.0000 1.5065 1.6068 3.9586 6.1749 1.4970 1.7168 -4.6976 -5.8867
Car -1 -1 -7.0976 0.0000 178.6972 0.0000 267.9374 1.5080 1.7224 4.3031 -15.3557 1.6442 14.6657 -7.8969 -5.9653
Car -1 -1 -5.2167 0.0000 179.4308 0.0000 291.0393 1.5212 1.7675 4.3916 -12.3700 1.6376 11.4034 -6.0310 -6.3954
Car -1 -1 -4.8572 229.4385 172.2022 274.8199 205.9679 1.9067 1.8691 3.9488 -21.3476 1.8696 42.8991 -5.3167 -6.8978
