Car -1 -1 -7.8495 567.0085 176.5961 603.1212 206.3879 1.2923 1.5901 3.6675 -1.1981 1.4760 33.6219 -7.8853 5.3704
Car -1 -1 -7.7771 522.2652 174.8098 552.7808 198.0755 1.3717 1.6072 3.6316 -4.4845 1.4975 44.6837 -7.8769 3.3331
Car -1 -1 -4.8807 1033.4672 166.1827 1096.9967 206.4157 1.5380 1.5460 3.9127 18.5931 1.2827 29.6864 -4.3259 -0.6718
Car -1 -1 -4.6467 754.3477 176.8378 784.2864 202.5986 1.5516 1.6230 4.0385 10.2232 1.8188 46.2926 -4.4312 -2.6004
Car -1 -1 -4.5712 804.3595 176.8343 828.9958 193.6689 1.4930 1.6504 4.1308 19.2722 1.8760 67.2626 -4.2937 -2.6276
Car -1 -1 -6.4602 912.1695 178.8764 976.9636 203.0521 1.6196 1.6744 3.8559 23.2230 2.0498 50.2766 -6.0302 -2.7656
Car -1 -1 -4.3868 0.0000 190.1980 64.1352 227.9654 1.5363 1.5785 3.4298 -26.5558 2.3736 32.9610 -5.0612 -3.0841
Car -1 -1 -4.4958 882.9288 176.2264 921.9772 201.6334 1.5900 1.6057 3.8993 19.3590 1.8226 47.7664 -4.1133 -3.1536
Car -1 -1 -5.4955 7.0993 189.1048 99.3527 219.0964 1.5328 1.6607 3.9554 -30.2049 2.4385 39.1401 -6.1496 -3.4548
Car -1 -1 -5.8694 891.0125 185.3482 973.0814 218.8533 1.5649 1.5027 3.5192 16.3627 2.2339 36.8496 -5.4551 -3.5033
Car -1 -1 -7.9641 377.9985 170.5133 401.0851 187.9781 1.5945 1.6836 3.6720 -20.7863 1.3805 67.8928 -8.2604 -3.6471
Car -1 -1 -4.7160 132.4559 181.9884 165.6665 208.8576 1.5304 1.6619 3.4307 -28.3139 2.1146 44.2764 -5.2824 -3.6979
Car -1 -1 -7.6893 155.9526 183.9002 201.8158 212.3980 1.4008 1.5554 3.5336 -23.2146 2.0255 38.8915 -8.2246 -3.8689
Car -1 -1 -4.6663 223.7112 178.5106 250.2601 199.9282 1.5686 1.6417 4.2388 -29.0979 2.0276 56.3124 -5.1416 -3.8793
Car -1 -1 -4.5007 15.5859 188.6900 82.4235 223.3078 1.5031 1.6915 4.5698 -27.8990 2.3456 35.9758 -5.1569 -3.9407
Car -1 -1 -5.3491 775.3664 179.6823 830.4689 205.5072 1.5553 1.6488 3.5158 12.3265 2.0127 46.4190 -5.0917 -3.9485
Car -1 -1 -4.5442 507.9765 174.1758 531.1829 189.9766 1.5103 1.6447 3.9107 -8.9213 1.6442 71.2876 -4.6685 -4.0271
Car -1 -1 -4.2733 652.4593 174.5675 685.8242 191.1815 1.5626 1.7146 3.9964 5.7873 1.7348 70.4707 -4.1921 -4.0366
Car -1 -1 -7.6923 922.8760 173.0400 963.1050 200.7708 1.6365 1.6531 4.0070 20.6429 1.6483 44.7328 -7.2628 -4.0999
Car -1 -1 -4.7108 600.8383 173.8844 619.0564 191.5167 1.5681 1.6256 3.7002 -0.0260 1.6650 66.2342 -4.7116 -4.1915
Car -1 -1 -5.8768 505.9086 172.2680 570.2836 197.9485 1.6697 1.7976 3.9009 -4.8399 1.6313 48.3599 -5.9764 -4.2139
Car -1 -1 -2.2123 300.1065 176.4593 353.5434 197.5260 1.6087 1.7473 4.3005 -22.6546 1.9057 57.6186 -2.5856 -4.2658
Car -1 -1 -7.7322 561.1786 172.3928 601.3907 205.1089 1.5780 1.6249 3.5290 -1.4503 1.5554 36.6269 -7.7719 -4.4097
Car -1 -1 -4.9996 307.7467 178.5991 338.6643 195.6813 1.5694 1.7031 4.0531 -27.8009 2.1420 69.8367 -5.3774 -4.4230
Car -1 -1 -3.9268 0.0000 189.4603 81.1384 219.5474 1.4725 1.7093 4.5858 -32.2894 2.4546 40.3100 -4.5991 -4.4628
Car -1 -1 -4.6176 599.9045 175.1115 619.2966 190.9130 1.4960 1.5744 3.5401 -0.0354 1.7225 70.6713 -4.6184 -4.4795
Car -1 -1 -4.8816 491.8351 174.7509 514.7553 190.2080 1.4705 1.6150 3.8183 -10.5752 1.6629 71.2156 -5.0287 -4.5013
Car -1 -1 -6.3458 317.0995 174.2818 380.8385 200.4464 1.5170 1.5470 3.5163 -15.7361 1.6054 43.3975 -6.6920 -4.5817
Car -1 -1 -8.0035 573.0267 167.2542 600.9602 190.1952 1.7319 1.6510 3.6529 -1.8585 1.3088 56.4169 -8.0366 -4.8360
Car -1 -1 -5.0606 1061.8947 168.3560 1165.2397 209.9478 1.5339 1.9018 4.6605 20.0887 1.3677 29.1036 -4.4615 -4.9290
Car -1 -1 -4.7145 508.1980 173.7180 528.5853 192.8988 1.5820 1.6763 3.7745 -7.8582 1.6579 61.6685 -4.8411 -4.9868
Car -1 -1 -3.1695 395.6239 172.5219 464.9368 196.7668 1.4743 1.5115 4.1439 -11.2780 1.4538 45.1595 -3.4132 -5.0978
Car -1 -1 -4.5147 115.3647 181.3663 171.0168 216.9525 1.4970 1.4739 3.5236 -21.4321 1.9107 33.1762 -5.0848 -5.2621
Car -1 -1 -4.9167 803.2591 181.2711 843.9452 209.1353 1.5395 1.5309 4.0299 12.6900 2.0671 43.1843 -4.6332 -5.2916
Car -1 -1 -6.1238 759.7386 176.6119 823.2269 199.8289 1.6993 1.7869 4.4739 13.8180 1.9946 55.0607 -5.8796 -5.4079
Car -1 -1 -4.3617 298.8152 175.1855 344.7941 201.2263 1.5246 1.5468 3.3849 -17.6603 1.6729 44.2638 -4.7395 -5.4836
Car -1 -1 -4.2724 667.2509 171.5066 709.1268 194.4766 1.8015 1.6479 4.4925 6.4035 1.6955 58.9353 -4.1651 -5.5358
Car -1 -1 -2.3811 0.0000 180.0778 0.0000 328.7679 1.3877 1.6046 4.2715 -9.8065 1.4768 7.8809 -3.2582 -5.6779
Car -1 -1 -7.2548 0.0000 175.1313 1.4474 244.1373 1.4421 1.6895 3.9799 -16.9334 1.5031 17.3200 -8.0212 -5.8107
Car -1 -1 -5.8847 1241.0000 176.5077 1241.0000 374.0000 1.5212 1.6126 3.9648 6.9792 1.5438 2.5207 -4.6976 -5.8867
Car -1 -1 -4.8043 566.3906 174.0385 600.5930 202.4848 1.6175 1.6344 4.6527 -1.6909 1.6928 43.6407 -4.8433 -5.8943
Car -1 -1 -2.6686 743.6960 170.5459 796.8307 195.7936 2.0223 1.6683 3.9657 13.2118 1.8372 59.7003 -2.4523 -5.9103
Car -1 -1 -4.8855 560.6047 171.8722 589.0830 195.6359 1.6772 1.4926 3.5135 -2.6332 1.6076 52.8019 -4.9355 -5.9233
Car -1 -1 -5.6443 292.1900 176.8698 350.7030 196.1335 1.6594 1.6754 4.7767 -25.6777 2.0242 64.1704 -6.0237 -5.9687
Car -1 -1 -4.0452 189.4032 179.4530 258.7175 205.5221 1.7167 1.7588 4.7800 -27.3620 2.2085 51.2943 -4.5334 -6.1357
Car -1 -1 -5.6992 0.0000 194.4889 0.0000 374.0000 1.5425 1.7467 3.7333 -8.0266 1.7675 6.1045 -6.5984 -6.2363
Car -1 -1 -5.3576 0.0000 182.6896 23.2046 295.6072 1.6263 1.8548 4.4967 -12.5166 1.8030 11.7936 -6.1613 -6.5448
Car -1 -1 -5.4660 466.2990 167.8232 519.5273 190.3448 1.7648 1.7523 4.3625 -9.5535 1.3703 58.5654 -5.6273 -7.0232
