Car -1 -1 -7.8718 577.6700 183.0198 610.7165 209.5457 1.2170 1.5819 3.5953 -0.8728 1.7544 36.3351 -7.8962 5.4131
Car -1 -1 -7.7817 530.7026 180.4921 560.2800 202.9779 1.3355 1.6205 3.5949 -4.1004 1.8403 45.8964 -7.8708 4.4894
Car -1 -1 -4.7354 922.7888 184.2027 956.7117 216.3004 1.7256 1.7057 4.3906 19.4729 2.4356 42.8092 -4.3117 -1.9814
Car -1 -1 -3.3646 978.1008 193.7905 1077.7657 229.5146 1.5396 1.6447 3.7868 19.5597 2.5646 33.9995 -2.8471 -1.9860
Car -1 -1 -3.5643 843.4824 187.0759 942.0850 218.8306 1.5487 1.7887 4.3727 14.4512 2.2998 37.1086 -3.1963 -2.0752
Car -1 -1 -7.8778 507.4641 168.6208 529.8776 196.7262 2.2749 1.7592 4.5666 -7.7530 1.9320 60.7931 -8.0045 -2.1003
Car -1 -1 -4.7159 54.1193 188.2323 92.9952 219.0695 1.4783 1.6072 4.0263 -28.8561 2.3491 38.7739 -5.3526 -2.7163
Car -1 -1 -4.4580 417.6676 177.8130 444.5669 193.9829 1.4695 1.6319 3.5678 -16.9611 1.9521 68.4653 -4.7003 -2.8539
Car -1 -1 -2.1659 0.0000 190.5289 67.0804 222.0395 1.4790 1.6203 3.7389 -29.8274 2.4093 36.6682 -2.8453 -3.0209
Car -1 -1 -4.7146 886.2310 187.8910 914.9869 215.9795 1.5787 1.5929 3.8877 18.0309 2.5580 44.9036 -4.3357 -3.1032
Car -1 -1 -4.8720 551.6930 181.5049 581.2114 203.4170 1.4791 1.5515 3.7538 -3.2198 2.1296 52.2853 -4.9336 -3.2654
Car -1 -1 -2.9934 897.3284 189.8003 963.5883 216.6748 1.5668 1.6213 3.6498 20.3013 2.6815 45.8167 -2.5794 -3.3019
Car -1 -1 -4.8479 423.9149 178.0411 455.7052 201.3048 1.6198 1.7608 4.0110 -12.6598 2.0191 53.4020 -5.0800 -3.5539
Car -1 -1 -4.7945 948.8440 181.3132 989.0195 212.6881 1.6303 1.6740 4.3090 20.3190 2.1383 41.0499 -4.3382 -3.6649
Car -1 -1 -4.1337 353.0716 175.9380 399.2242 196.7633 1.6006 1.6348 3.9715 -18.8409 1.8582 58.2183 -4.4456 -3.8817
Car -1 -1 -5.0662 439.5285 176.8968 479.4331 199.5172 1.5978 1.6627 3.8980 -11.2874 1.9107 53.8069 -5.2723 -3.9811
Car -1 -1 -4.6676 123.8015 186.4538 153.0584 207.2683 1.6395 1.9151 4.3311 -40.6660 2.8570 62.2581 -5.2445 -4.1544
Car -1 -1 -4.4404 0.0000 189.7064 32.3689 224.8510 1.4665 1.6656 3.9225 -29.1315 2.3167 34.2814 -5.1410 -4.3028
Car -1 -1 -4.1299 266.9102 180.7483 310.5454 197.2561 1.5046 1.7627 4.3779 -31.2483 2.2984 70.2735 -4.5472 -4.5263
Car -1 -1 -5.0611 736.1357 180.5484 785.0783 207.3587 1.5644 1.6967 4.1335 9.4009 2.0726 45.5151 -4.8593 -4.6814
Car -1 -1 -4.8144 359.2577 175.5559 388.4737 196.8644 1.5488 1.7092 4.1795 -18.1490 1.7639 55.2730 -5.1305 -4.6847
Car -1 -1 -4.4156 288.6810 179.4806 333.8673 202.2977 1.4331 1.6795 4.1230 -20.1225 1.8995 48.6865 -4.8059 -4.7319
Car -1 -1 -2.2727 405.2025 177.7081 472.0310 203.6434 1.4097 1.5431 3.9926 -9.9674 1.7020 41.6992 -2.5063 -4.7836
Car -1 -1 -4.5444 142.7500 186.6325 173.8303 206.2583 1.5826 1.6874 3.8260 -39.5489 2.8292 63.2076 -5.1019 -4.8234
Car -1 -1 -4.8174 569.9326 178.7485 603.1176 205.9404 1.6050 1.6450 4.4019 -1.5742 1.9982 45.8761 -4.8521 -4.9809
Car -1 -1 -4.7962 282.1568 180.4020 310.0892 201.1487 1.5028 1.6691 3.8316 -24.3536 2.1086 55.8618 -5.2059 -5.2338
Car -1 -1 -4.2064 319.2578 177.5652 373.1630 200.6890 1.4266 1.5644 4.0451 -17.3288 1.7503 47.4999 -4.5547 -5.2764
Car -1 -1 -2.5345 0.0000 181.0396 16.5737 374.0000 1.4555 1.7050 4.5002 -8.7339 1.5484 6.7650 -3.4269 -5.4625
Car -1 -1 -5.1490 921.1343 182.5649 969.1907 205.5741 1.5163 1.5778 3.8911 23.6617 2.2306 51.1445 -4.7183 -5.5344
Car -1 -1 -3.0930 595.8484 180.7626 704.1809 226.9025 1.6196 1.7318 3.8847 1.4625 1.9241 26.7486 -3.0398 -5.5617
Car -1 -1 -4.1723 280.7794 179.9197 346.8741 206.6695 1.3569 1.5511 3.9558 -16.2785 1.7664 39.7702 -4.5588 -5.5785
Car -1 -1 -5.0811 669.3348 179.6761 704.0861 198.9631 1.5795 1.6596 4.0234 6.6087 2.1932 62.7760 -4.9772 -5.6984
Car -1 -1 -4.8219 582.4493 178.5418 611.7845 199.1770 1.4038 1.6822 4.1146 -1.0054 1.8336 52.4178 -4.8414 -5.8226
Car -1 -1 -4.8531 700.7495 177.8969 728.0575 197.5723 1.4812 1.6040 3.8958 8.2219 1.8947 57.2648 -4.7116 -5.8867
Car -1 -1 -8.1631 0.0000 0.0000 853.8150 374.0000 1.5555 1.5944 3.8078 0.3098 1.6417 1.0019 -7.9392 -5.8867
Car -1 -1 -6.9164 0.0000 0.0000 1241.0000 374.0000 1.5512 1.5922 3.8061 -2.1019 1.6543 1.0029 -7.9391 -5.8867
Car -1 -1 -4.6829 137.5267 182.8866 160.8518 200.9570 1.5185 1.6529 4.0155 -41.6050 2.4541 65.1644 -5.2495 -5.8867
Car -1 -1 -4.6615 96.6332 186.1406 124.4450 207.3334 1.6135 1.6838 4.1432 -41.4500 2.7569 59.9045 -5.2649 -5.8867
Car -1 -1 -4.5146 211.7644 180.2937 249.2357 201.0588 1.3866 1.6145 4.0552 -27.2776 1.9440 51.9119 -4.9965 -5.9582
Car -1 -1 -4.1356 0.0000 182.0662 13.0362 254.5431 1.4733 1.8026 5.0579 -17.5438 1.7366 17.9947 -4.9009 -6.0271
Car -1 -1 -5.2350 0.0000 180.9749 3.8676 295.4323 1.5571 1.8062 4.4434 -12.3139 1.7009 11.4128 -6.0466 -6.4216
Car -1 -1 -5.3998 0.0000 189.3305 10.8480 320.2802 1.5582 1.7827 4.2490 -11.0429 1.8056 9.8437 -6.2290 -6.5060
Car -1 -1 -4.8485 621.6521 182.1457 646.5251 201.9725 1.5918 1.5766 4.1983 2.0155 2.4195 62.1315 -4.8168 -6.8329
