Car -1 -1 -7.7157 508.6767 181.7594 554.3344 213.9772 1.3600 1.6219 3.5040 -3.6008 1.7916 33.2160 -7.8234 6.9263
Car -1 -1 -4.2856 153.3046 184.0183 274.5491 238.2704 1.4129 1.6180 4.1247 -11.8223 1.7821 21.7712 -4.7782 6.4961
Car -1 -1 -7.8586 572.6379 185.8714 621.9340 225.6204 1.2456 1.6266 3.5637 -0.5112 1.7396 25.5928 -7.8791 5.9785
Car -1 -1 -4.5415 391.9373 181.0633 425.8120 204.2270 1.4292 1.5579 3.6627 -13.3030 1.9940 47.7662 -4.8121 1.3599
Car -1 -1 -7.5500 522.5810 176.2797 558.4601 199.0396 1.7329 1.7013 4.1382 -5.5465 2.0174 57.7981 -7.6457 -1.3511
Car -1 -1 -7.9535 820.7056 175.5112 850.4354 199.3595 1.7440 1.7242 4.6259 17.3498 1.9580 55.7477 -7.6537 -2.9639
Car -1 -1 -4.6385 373.4010 180.2115 402.1510 205.0152 1.5356 1.5568 3.5420 -14.6850 2.0410 47.6964 -4.9360 -3.1788
Car -1 -1 -7.6583 112.7859 182.3672 194.2341 230.8210 1.4523 1.5797 3.9943 -15.5003 1.8049 24.6172 -8.2156 -3.3933
Car -1 -1 -2.5081 170.1670 180.0524 280.9499 217.6548 1.5395 1.6435 4.0220 -16.5593 1.8603 31.0728 -2.9944 -3.4359
Car -1 -1 -4.4705 302.7314 178.9164 338.8596 199.5582 1.5245 1.6619 4.2736 -22.7494 2.0204 56.8284 -4.8500 -3.4497
Car -1 -1 -2.7034 0.0000 189.5472 136.3874 241.3546 1.4364 1.6306 3.3176 -16.6099 1.9685 21.8743 -3.3471 -3.4775
Car -1 -1 -4.2393 0.0000 186.4255 79.3581 222.6313 1.4768 1.6579 3.9968 -26.3988 2.1397 33.1418 -4.9081 -3.5918
Car -1 -1 -7.7202 172.8644 168.1746 210.4759 192.5956 1.6921 1.7731 4.4836 -30.3510 1.3676 52.4059 -8.2431 -3.9983
Car -1 -1 -5.1385 837.2807 178.1489 880.6818 199.9259 1.6196 1.7119 4.0057 19.4969 2.0509 56.7476 -4.8096 -4.1289
Car -1 -1 -4.5484 414.4930 179.0512 447.4800 200.9543 1.4211 1.6278 3.6868 -12.3417 1.8648 49.7921 -4.7905 -4.2310
Car -1 -1 -4.3867 677.9769 181.4510 715.7753 202.6807 1.4519 1.6071 3.8971 6.4074 2.1100 53.1546 -4.2679 -4.2699
Car -1 -1 -7.8158 754.2363 180.9242 799.4998 224.8111 1.6107 1.6582 3.7771 6.7755 1.9606 29.2705 -7.5913 -4.4932
Car -1 -1 -2.3902 484.1946 176.2366 540.4979 199.0011 1.7219 1.6941 4.4620 -7.7849 1.9988 57.1470 -2.5254 -4.5774
Car -1 -1 -4.3948 366.9199 179.9308 410.3885 205.2424 1.4286 1.4910 3.4696 -13.3137 1.8716 43.4523 -4.6908 -4.5941
Car -1 -1 -4.8616 422.4034 181.6946 443.6866 197.9457 1.4162 1.4513 3.1510 -16.3471 2.2519 66.4965 -5.1021 -4.6147
Car -1 -1 -4.6728 668.2573 182.2059 687.2878 199.9424 1.4939 1.5607 3.6914 6.0813 2.3578 64.7427 -4.5801 -4.6219
Car -1 -1 -4.1945 329.1509 178.8523 398.2841 211.5999 1.5618 1.5945 4.0248 -12.6896 1.8894 37.3175 -4.5205 -4.7020
Car -1 -1 -4.6752 372.3501 179.6690 397.2157 199.9860 1.4884 1.7071 4.0417 -17.6229 2.0422 56.4905 -4.9766 -4.7330
Car -1 -1 -5.2670 552.1974 178.8037 605.3294 204.3875 1.6097 1.7032 4.0193 -2.1770 2.0273 48.5336 -5.3121 -4.7801
Car -1 -1 -4.6730 390.0533 175.8884 412.8216 197.3290 1.6878 1.6564 3.5809 -17.1310 1.9449 59.2820 -4.9535 -4.8083
Car -1 -1 -7.1524 151.1724 182.1693 259.0934 229.0533 1.4882 1.5688 3.2547 -14.1613 1.8377 25.3468 -7.6577 -4.8852
Car -1 -1 -7.7434 373.0531 170.6552 396.8662 187.0804 1.5014 1.7218 3.9023 -21.2056 1.3001 68.0347 -8.0446 -4.9042
Car -1 -1 -5.0688 694.5379 180.3470 743.4905 205.5417 1.4573 1.6520 4.2337 6.7471 1.9509 45.3119 -4.9224 -4.9199
Car -1 -1 -8.0739 1036.8893 185.3708 1099.3279 219.0153 1.4544 1.7100 3.9190 22.0308 2.0966 34.9089 -7.5153 -5.0302
Car -1 -1 -7.5815 0.0000 180.7435 10.5445 225.3503 1.4907 1.4377 3.4598 -23.6343 1.8022 26.6458 -8.3022 -5.0777
Car -1 -1 -4.4273 283.1624 178.4712 318.4174 200.2050 1.7227 1.6822 3.8711 -25.7992 2.2073 60.2582 -4.8305 -5.1481
Car -1 -1 -4.6613 629.1544 181.4413 648.8436 198.9490 1.4344 1.5308 3.7864 2.5326 2.2070 62.9887 -4.6218 -5.1792
Car -1 -1 -4.5938 627.1081 180.5411 658.0438 203.1136 1.5427 1.7782 4.3655 2.4141 2.1334 53.1755 -4.5492 -5.2017
Car -1 -1 -4.5182 543.2288 180.2649 567.2847 197.3942 1.5188 1.5817 3.5917 -5.1122 2.2308 67.4755 -4.5939 -5.2476
Car -1 -1 -4.5578 195.8641 179.0743 267.9751 221.4905 1.4842 1.7985 4.6952 -14.8506 1.7512 28.4954 -5.0347 -5.2512
Car -1 -1 -1.9479 0.0000 180.9799 0.0000 290.1198 1.5253 1.7163 4.1892 -12.4910 1.6773 11.9222 -2.7454 -5.2611
Car -1 -1 -5.0263 637.9458 178.5524 673.8665 196.6833 1.4166 1.6552 4.5743 3.7624 1.9118 60.3198 -4.9648 -5.3893
Car -1 -1 -4.9203 573.6887 179.1033 614.3777 203.2101 1.3625 1.6556 4.1562 -1.0637 1.7637 44.1422 -4.9447 -5.4265
Car -1 -1 -4.6006 398.4785 181.6947 431.3269 206.5209 1.3857 1.5053 3.7642 -11.7943 1.9445 43.6542 -4.8633 -5.4275
Car -1 -1 -4.1909 550.2053 180.1304 595.3742 202.3603 1.4840 1.6155 3.6499 -2.6453 2.0228 51.4647 -4.2425 -5.4647
Car -1 -1 -4.2913 656.8038 179.8850 695.6476 201.5925 1.5138 1.5061 3.6719 4.9199 2.0546 53.5624 -4.2007 -5.4861
Car -1 -1 -5.6441 0.0000 189.2959 25.3656 267.9912 1.5450 1.7951 4.4830 -15.9814 1.9338 15.8728 -6.4245 -5.5509
Car -1 -1 -4.7562 461.9495 177.4719 486.9994 197.7933 1.3967 1.6206 3.9728 -9.9542 1.7471 52.6750 -4.9424 -5.5726
Car -1 -1 -3.4700 0.0000 182.7813 186.2808 261.0677 1.4464 1.4161 3.0840 -11.0732 1.6811 15.4169 -4.0849 -5.5831
Car -1 -1 -5.0932 569.8286 180.0709 634.1876 212.5184 1.6357 1.9462 4.7116 -0.5616 2.0615 40.0558 -5.1077 -5.6381
Car -1 -1 -7.4764 47.8057 184.4078 154.3515 233.2697 1.4267 1.5604 3.9027 -16.9123 1.8460 24.1281 -8.0827 -5.6548
Car -1 -1 -7.9179 571.8174 177.6915 624.5297 222.3430 1.6632 1.8696 4.2545 -0.6030 1.8758 29.5516 -7.9388 -5.6614
Car -1 -1 -2.2348 0.0000 188.0675 33.3928 374.0000 1.4059 1.5676 4.1180 -5.9945 1.5088 4.0251 -3.1831 -5.7070
Car -1 -1 -4.3736 423.8522 179.4616 471.0728 204.1650 1.3948 1.5757 3.9530 -9.8620 1.8153 43.8941 -4.5937 -5.7497
Car -1 -1 -5.0210 595.9164 180.7950 630.2067 198.5240 1.4107 1.6774 4.3903 0.1944 2.1170 61.8595 -5.0183 -5.7648
Car -1 -1 -4.9327 818.2587 192.9668 862.9265 222.1355 1.5750 1.6898 4.2899 14.0264 2.8687 44.2133 -4.6281 -5.8453
Car -1 -1 -4.2719 618.1485 177.7880 667.1230 199.7726 1.3850 1.6008 4.3707 2.2277 1.7341 48.7967 -4.2270 -5.8744
Car -1 -1 -4.7535 567.3345 178.4555 589.4282 197.0386 1.4420 1.6435 4.0269 -2.6550 1.9183 59.3183 -4.7985 -5.8831
Car -1 -1 -7.3169 149.0341 0.0000 1241.0000 374.0000 1.5458 1.5927 3.8065 -0.9081 1.6180 0.9960 -7.9398 -5.8867
Car -1 -1 -4.4929 626.1898 177.7877 657.6404 197.6951 1.4686 1.6339 3.9763 2.5049 1.8686 56.4169 -4.4492 -5.8867
Car -1 -1 -8.7318 0.0000 0.0000 1210.1434 374.0000 1.4998 1.6003 3.8471 1.9332 1.5377 1.3714 -7.8744 -5.8867
Car -1 -1 -9.1080 0.0000 0.0000 1241.0000 374.0000 1.5016 1.6016 3.8474 4.7452 1.5132 1.3681 -7.8743 -5.8867
Car -1 -1 -4.4565 644.0022 178.4934 671.7672 194.8572 1.4525 1.6444 3.9976 4.5027 1.9981 67.6873 -4.3907 -5.8867
Car -1 -1 -5.8402 1241.0000 179.3062 1241.0000 374.0000 1.5236 1.6124 3.9647 6.1753 1.5637 2.5206 -4.6976 -5.8867
Car -1 -1 -6.7852 0.0000 0.0000 1241.0000 374.0000 1.5469 1.5886 3.8041 -2.9051 1.6536 1.0042 -7.9390 -5.8867
Car -1 -1 -5.5328 0.0000 180.8985 0.0000 324.0623 1.6105 1.7865 4.4853 -11.2340 1.7274 9.3795 -6.3938 -6.3630
Car -1 -1 -4.7448 919.2175 186.3701 950.5035 215.1325 1.6370 1.6399 4.1728 20.3638 2.5294 45.4137 -4.3263 -6.4329
Car -1 -1 -5.3405 688.7690 170.2965 734.4308 198.6549 2.2462 1.7538 3.8965 8.2804 2.0433 59.2832 -5.2029 -7.3671
Car -1 -1 -8.0578 694.2150 176.5367 719.8896 196.6756 1.9076 1.7476 3.8894 9.5087 2.2803 71.0806 -7.9257 -7.4230
