Car -1 -1 -7.8734 582.0685 183.0858 614.5088 209.4218 1.2232 1.5712 3.5780 -0.6756 1.7698 36.7436 -7.8922 5.5662
Car -1 -1 -7.7955 533.7909 180.8298 562.7446 203.8342 1.3721 1.6383 3.6054 -3.9437 1.9018 46.1246 -7.8808 3.8856
Car -1 -1 -4.4153 393.7143 179.2003 428.0725 198.3464 1.4914 1.6433 3.9626 -16.4085 2.0324 59.5377 -4.6834 0.7673
Car -1 -1 -7.8606 974.8952 182.0126 1007.6129 212.5408 1.6742 1.6542 4.0968 22.6965 2.2488 43.0897 -7.3792 -0.4415
Car -1 -1 -4.7984 1000.8811 184.8755 1040.4740 214.2803 1.5696 1.6652 3.9914 24.0625 2.3125 42.4443 -4.2862 -0.7960
Car -1 -1 -3.9786 343.4085 179.4706 391.2254 202.1248 1.7968 1.6365 3.8633 -20.3429 2.3710 60.5502 -4.3017 -2.5291
Car -1 -1 -4.8605 963.6642 191.5243 1007.7334 222.7899 1.4861 1.5231 3.9116 20.1501 2.5465 38.8955 -4.3862 -2.8100
Car -1 -1 -7.6546 503.8238 170.2833 538.2318 199.9169 2.2351 1.7898 4.7274 -6.9828 2.0409 56.8477 -7.7767 -2.9855
Car -1 -1 -1.7783 87.2563 190.6182 137.4104 219.2967 1.5196 1.6558 4.0134 -29.4959 2.6187 42.6725 -2.3804 -3.5655
Car -1 -1 -3.0234 160.2728 186.0774 246.1514 217.0172 1.4948 1.6339 3.7266 -21.1380 2.2100 37.5785 -3.5330 -3.6965
Car -1 -1 -4.7270 823.9270 172.9864 847.2100 196.8989 1.7538 1.6249 3.8034 17.1307 1.7639 54.9942 -4.4269 -3.8768
Car -1 -1 -6.0038 946.8430 190.5603 1042.5359 225.4434 1.4502 1.6220 3.6423 17.8886 2.3225 33.7140 -5.5202 -3.9078
Car -1 -1 -2.4874 0.0000 190.2526 28.6625 240.5103 1.4302 1.6198 4.0199 -20.6596 1.9890 22.2015 -3.2310 -3.9777
Car -1 -1 -4.4517 95.1242 186.7916 155.9012 221.0299 1.3967 1.4716 3.3202 -21.9331 2.0633 32.7151 -5.0388 -4.0481
Car -1 -1 -5.7397 913.5764 191.5336 997.5032 223.3745 1.5005 1.6221 3.7140 18.2573 2.5443 38.3382 -5.2990 -4.1162
Car -1 -1 -4.5682 0.0000 196.7956 43.5575 228.1251 1.4177 1.6007 3.5672 -30.8188 2.7281 37.5599 -5.2520 -4.1816
Car -1 -1 -5.0123 507.2973 179.2604 538.4942 196.8833 1.4896 1.6401 4.0953 -7.8778 2.0841 64.7947 -5.1332 -4.1984
Car -1 -1 -8.1211 403.6352 180.4943 441.3919 205.0367 1.5645 1.6396 3.4155 -12.8082 2.1037 49.0602 -8.3755 -4.3960
Car -1 -1 -4.7529 1087.6666 177.4943 1138.2805 217.2166 1.5449 1.5804 3.5882 21.1182 1.7529 30.4551 -4.1516 -4.5722
Car -1 -1 -4.6571 213.4043 185.7357 243.8091 210.1318 1.5599 1.6698 3.5815 -26.5241 2.4911 50.1987 -5.1413 -4.7385
Car -1 -1 -4.7325 668.8867 181.2871 686.1670 196.6631 1.4396 1.6242 3.5229 6.6383 2.2946 71.3625 -4.6405 -4.8082
Car -1 -1 -4.5021 562.2372 182.4005 593.4578 204.1693 1.4851 1.5320 3.8073 -2.3530 2.2123 52.9855 -4.5468 -5.0351
Car -1 -1 -5.0138 472.5462 181.1886 503.4412 198.8271 1.6221 1.8181 4.2096 -12.0230 2.4661 70.8058 -5.1818 -5.0676
Car -1 -1 -6.7607 867.9975 175.6127 938.5713 204.4840 1.7721 1.8317 3.7022 18.4582 1.9503 45.5838 -6.3787 -5.1494
Car -1 -1 -4.7280 135.9800 187.6963 163.1456 208.5083 1.6612 1.9435 4.2590 -40.3796 3.0086 63.2041 -5.2948 -5.2011
Car -1 -1 -4.5482 367.4155 179.7233 396.2214 198.6093 1.4652 1.6855 3.6210 -18.7344 2.0474 59.2789 -4.8533 -5.2062
Car -1 -1 -4.4566 344.3763 178.6183 382.1712 199.5616 1.3923 1.5773 3.9700 -17.4600 1.8168 51.1265 -4.7844 -5.2114
Car -1 -1 -4.6152 173.6719 185.1555 202.5188 204.9450 1.6125 1.7870 4.4294 -37.4829 2.7465 64.1451 -5.1424 -5.3998
Car -1 -1 -5.0598 427.7948 178.4504 464.8987 197.5445 1.4693 1.6495 4.1244 -13.4369 1.9434 58.9809 -5.2832 -5.5185
Car -1 -1 -4.9484 574.0170 177.7900 618.5208 203.9035 1.5457 1.7674 4.7804 -0.9776 1.8788 46.2045 -4.9699 -5.5847
Car -1 -1 -5.2686 697.4171 178.6393 743.6609 198.7795 1.4908 1.6779 4.1135 8.6408 1.9646 56.9072 -5.1191 -5.6045
Car -1 -1 -4.9238 293.6046 182.9175 329.1849 205.8613 1.5157 1.5852 3.7851 -21.3441 2.2608 51.4347 -5.3157 -5.6366
Car -1 -1 -4.8900 585.2244 178.4068 618.9246 199.6363 1.4269 1.6746 4.3619 -0.6479 1.8445 52.0015 -4.9028 -5.6796
Car -1 -1 -6.2339 16.7198 186.1290 116.9514 224.2592 1.4969 1.5417 3.3630 -23.2710 2.0960 31.0011 -6.8739 -5.7213
Car -1 -1 -4.5331 352.5547 180.7224 377.8264 196.6802 1.4153 1.5764 3.9622 -23.0947 2.1804 68.1145 -4.8591 -5.7599
Car -1 -1 -4.2894 158.0590 185.3775 214.0878 208.3250 1.4160 1.6611 4.3162 -28.8484 2.3083 49.1938 -4.8177 -5.7669
Car -1 -1 -4.2223 286.7585 179.3652 335.6214 200.1509 1.4641 1.6466 4.1226 -22.4459 1.9729 54.2912 -4.6129 -5.7695
Car -1 -1 -4.7393 874.2191 181.0688 901.4622 206.3063 1.5758 1.5880 3.9112 18.6162 2.1521 48.5331 -4.3756 -5.7836
Car -1 -1 -4.7782 251.9040 181.4666 287.3593 210.8394 1.6055 1.6384 4.2241 -20.3561 2.1453 43.0008 -5.2182 -5.8602
Car -1 -1 -4.4852 261.5709 180.7185 293.5410 197.2139 1.3649 1.6366 4.3759 -29.5580 2.0897 64.2139 -4.9153 -5.8826
Car -1 -1 -4.7003 154.9666 183.5423 176.3678 201.0379 1.5229 1.6538 4.0119 -41.6027 2.5554 67.5750 -5.2506 -5.8867
Car -1 -1 -4.7061 111.6630 188.3113 136.3188 209.0094 1.6058 1.6943 4.2036 -41.4325 2.9709 61.5158 -5.2970 -5.8867
Car -1 -1 -4.5841 267.2926 180.1690 299.7138 202.7847 1.5384 1.6322 4.1955 -23.8616 2.0959 52.7779 -5.0071 -5.9158
Car -1 -1 -4.2905 0.0000 183.2888 0.0000 261.7107 1.4220 1.6045 4.0730 -16.7215 1.6826 15.8546 -5.0941 -5.9504
Car -1 -1 -5.0349 552.8105 175.9477 587.6299 195.4705 1.4424 1.5451 3.8795 -3.1551 1.6914 56.0574 -5.0913 -6.2617
Car -1 -1 -4.3463 318.5697 180.4445 351.5493 199.9991 1.7493 1.6287 3.8574 -25.8796 2.4845 67.9782 -4.7090 -6.3519
Car -1 -1 -4.6765 988.5330 186.8441 1021.6075 218.4312 1.5760 1.4807 3.8343 21.7968 2.3872 39.8243 -4.1794 -6.5838
Car -1 -1 -7.7952 403.5034 181.2195 421.2693 193.8065 1.1801 1.5189 3.1181 -19.5975 2.0290 71.5637 -8.0619 -7.7218
