Car -1 -1 -7.8338 583.4675 183.8288 616.0323 212.4884 1.3508 1.5980 3.6295 -0.5340 1.9442 37.2190 -7.8487 4.9615
Car -1 -1 -4.4127 356.4763 183.3149 395.7448 207.4708 1.5689 1.6707 3.3574 -16.1979 2.3182 50.0139 -4.7248 3.6950
Car -1 -1 -7.8133 535.2555 183.7258 563.2145 206.7638 1.3570 1.6360 3.5520 -3.8744 2.0773 46.0171 -7.8973 3.2431
Car -1 -1 -3.8035 1012.3952 190.0204 1120.9519 227.3293 1.6239 1.7019 4.0718 21.0736 2.4443 33.4374 -3.2458 -1.5242
Car -1 -1 -5.1088 842.8865 192.7524 892.1920 221.0468 1.5717 1.5826 3.6009 15.7942 2.8499 44.5157 -4.7707 -1.9519
Car -1 -1 -4.5935 1050.3306 183.8508 1097.0999 215.2178 1.5221 1.6466 4.1038 24.8046 2.1423 38.6021 -4.0263 -2.2521
Car -1 -1 -7.7104 498.0632 177.8419 530.2698 203.4073 1.7423 1.6855 4.5267 -6.9307 2.1195 52.3328 -7.8419 -2.4771
Car -1 -1 -4.3499 458.7377 182.0220 503.7804 207.3788 1.4899 1.6270 3.6341 -8.1429 2.0952 45.7316 -4.5256 -2.5870
Car -1 -1 -5.0409 1207.3817 172.9283 1241.0000 242.9348 1.4930 1.5998 3.8319 16.1063 1.4947 17.4687 -4.3048 -3.0405
Car -1 -1 -3.8790 898.0810 193.2143 978.4191 225.2246 1.5277 1.6054 3.6796 16.9942 2.6222 37.4654 -3.4569 -3.0826
Car -1 -1 -5.2197 990.5196 190.9375 1065.3804 224.0204 1.4995 1.5614 3.9599 21.2118 2.4730 36.8661 -4.7018 -3.6866
Car -1 -1 -4.8813 1054.0461 193.9525 1113.4574 235.2405 1.4769 1.4887 3.1223 19.1255 2.3840 29.3045 -4.3084 -3.7470
Car -1 -1 -5.1343 978.4614 193.2772 1052.2096 232.3464 1.6303 1.6663 3.6201 18.9284 2.6436 33.9386 -4.6300 -3.8472
Car -1 -1 -7.1520 0.0000 187.6909 74.8676 241.3472 1.5011 1.5663 3.6427 -19.2722 2.0119 23.0271 -7.8433 -3.9526
Car -1 -1 -5.9372 381.4361 182.2745 444.1031 204.3355 1.4604 1.5710 3.8425 -13.5352 2.1186 49.4996 -6.2031 -4.1741
Car -1 -1 -4.4781 159.4695 189.1257 188.1729 205.6733 1.4279 1.5658 3.3565 -40.9167 2.9960 67.7114 -5.0202 -4.1998
Car -1 -1 -4.9030 637.0905 182.9136 677.3835 211.9756 1.5086 1.5755 3.7621 2.5834 2.1043 40.7827 -4.8408 -4.4079
Car -1 -1 -4.1572 103.6698 183.8545 281.7035 269.5223 1.5212 1.6521 3.3475 -8.5041 1.7750 14.9606 -4.6669 -4.5554
Car -1 -1 -4.0468 433.0532 183.0199 494.8758 208.6337 1.5136 1.7375 4.1288 -9.4124 2.2020 46.6458 -4.2452 -4.7003
Car -1 -1 -3.8885 315.9815 182.2223 382.4264 207.1302 1.4916 1.6549 4.0126 -16.9560 2.1296 46.9972 -4.2333 -4.7411
Car -1 -1 -5.0276 519.0557 180.7861 555.0699 202.2200 1.5995 1.6470 4.1818 -5.9042 2.2588 57.7518 -5.1294 -4.8810
Car -1 -1 -4.5411 392.6688 179.4713 426.7668 201.8543 1.5442 1.7183 4.2930 -14.7752 2.0532 53.3116 -4.8105 -4.9537
Car -1 -1 -4.3084 286.5485 184.0605 339.0996 208.6891 1.4961 1.6831 4.2588 -19.6936 2.2734 47.9228 -4.6966 -5.0324
Car -1 -1 -4.8365 678.5610 188.5905 705.3695 210.2433 1.6055 1.6608 4.0398 6.5798 2.9250 58.4835 -4.7256 -5.1198
Car -1 -1 -6.3083 0.0000 187.2127 54.2229 239.6286 1.7123 1.6992 3.9376 -23.0895 2.2800 26.5907 -7.0185 -5.1204
Car -1 -1 -4.6457 67.9756 196.3686 108.8524 226.4597 1.5456 1.6900 3.5456 -30.3881 2.9798 42.0635 -5.2685 -5.1651
Car -1 -1 -8.0394 923.4343 193.0649 992.1027 239.4518 1.6089 1.7805 3.7471 13.7584 2.4735 28.8391 -7.5991 -5.1952
Car -1 -1 -2.8601 484.4042 179.9300 535.4392 199.5172 1.6271 1.5741 4.0510 -8.5760 2.2431 61.7788 -2.9978 -5.1981
Car -1 -1 -4.0664 213.5394 185.5319 277.9813 209.1725 1.5181 1.6140 4.6551 -25.8726 2.4634 51.3809 -4.5311 -5.2393
Car -1 -1 -4.4416 247.2467 185.9818 277.0441 203.6784 1.5099 1.5422 3.6665 -31.9840 2.7526 66.3811 -4.8893 -5.3144
Car -1 -1 -4.6889 1163.9868 173.1422 1241.0000 239.8336 1.4987 1.5358 3.8214 14.9972 1.5064 18.1839 -4.0076 -5.4632
Car -1 -1 -4.1822 305.1185 184.5832 349.6715 204.2027 1.6522 1.6549 4.6902 -25.8571 2.7667 66.1342 -4.5538 -5.5920
Car -1 -1 -2.4959 0.0000 182.4176 25.0532 367.7252 1.4636 1.7075 4.2464 -8.7811 1.5752 7.1375 -3.3656 -5.5985
Car -1 -1 -4.7413 339.3424 184.8962 358.8856 202.8909 1.5231 1.5690 3.6709 -23.8107 2.6533 65.7396 -5.0878 -5.6265
Car -1 -1 -4.5980 39.1061 193.3764 76.0558 217.3162 1.5912 1.7188 4.2404 -41.3895 3.1939 54.0981 -5.2488 -5.6902
Car -1 -1 -4.6700 262.7093 184.4358 291.8863 208.2765 1.4707 1.6194 3.8099 -22.3961 2.2836 48.5912 -5.1001 -5.7745
Car -1 -1 -4.6667 361.5191 182.2898 383.2015 200.4796 1.5316 1.6706 4.3226 -21.5452 2.4175 65.4548 -4.9838 -5.7902
Car -1 -1 -4.7753 546.6675 179.6223 568.4600 197.0684 1.4194 1.6207 4.1427 -4.5986 2.0261 62.5440 -4.8488 -5.8135
Car -1 -1 -4.3197 259.0241 182.1879 296.4192 199.0733 1.3984 1.5620 4.1113 -29.5069 2.2548 64.1411 -4.7496 -5.8265
Car -1 -1 -4.6452 140.6088 187.2983 166.2209 205.8670 1.5410 1.6832 4.2591 -41.5510 2.9013 65.6916 -5.2076 -5.8490
Car -1 -1 -7.6097 806.4020 186.0304 846.9259 212.0408 1.5547 1.6639 3.8943 14.2219 2.4576 47.3556 -7.3202 -5.8603
Car -1 -1 -4.7445 589.4431 182.3357 616.2950 205.9045 1.4900 1.6965 4.3104 -0.5611 2.1698 49.5673 -4.7563 -5.8731
Car -1 -1 -4.4722 198.4971 183.5637 240.2820 206.4522 1.4630 1.6258 4.1188 -27.2375 2.2430 50.3728 -4.9660 -5.8770
Car -1 -1 -4.6544 105.3743 182.9273 132.2716 202.0652 1.5049 1.6486 4.0122 -41.6061 2.3881 61.1415 -5.2501 -5.8867
Car -1 -1 -4.5822 12.6670 191.2662 52.2699 216.9505 1.6555 1.6949 4.1062 -41.4725 3.0343 51.8507 -5.2545 -5.8867
Car -1 -1 -4.1805 188.6047 182.5694 229.6865 199.8555 1.5983 1.6783 4.1240 -39.4824 2.5839 71.1391 -4.6858 -5.8867
Car -1 -1 -7.1458 51.1576 0.0000 1241.0000 374.0000 1.5498 1.5923 3.8061 -1.2982 1.6396 1.0030 -7.9392 -5.8867
Car -1 -1 -4.4583 429.2088 180.1473 467.0932 202.8575 1.4584 1.6082 3.9080 -11.1046 1.9794 49.5884 -4.6778 -5.8867
Car -1 -1 -4.5464 412.3127 180.7304 444.2986 202.4474 1.4594 1.5972 3.9940 -13.0873 2.0495 52.0318 -4.7920 -5.8867
Car -1 -1 -4.7394 553.3017 179.3193 576.0915 199.8526 1.4431 1.5900 3.9595 -3.4522 1.9453 54.0394 -4.8033 -5.8867
Car -1 -1 -4.2350 210.6926 182.1470 251.9934 199.1059 1.4432 1.6469 4.0521 -34.4203 2.3147 65.6571 -4.7164 -5.8867
Car -1 -1 -4.6298 76.2580 183.9627 106.7042 204.5009 1.5215 1.6530 4.0124 -41.6050 2.4460 57.9206 -5.2507 -5.8867
Car -1 -1 -4.4449 168.1519 188.1025 214.9861 214.4754 1.5735 1.6703 4.0081 -27.6169 2.6264 47.6856 -4.9676 -5.9201
Car -1 -1 -4.4757 61.3934 190.9899 104.8432 216.1937 1.7300 1.8240 3.7330 -39.8253 3.1538 54.5847 -5.1039 -6.0478
Car -1 -1 -7.9601 974.7994 194.8063 1034.3917 241.8724 1.5915 1.6453 3.5203 15.2690 2.5067 28.1490 -7.4683 -6.1460
Car -1 -1 -4.6264 150.0991 187.3708 194.4518 219.2241 1.4919 1.6226 4.4815 -23.2153 2.3103 38.3238 -5.1682 -6.3678
Car -1 -1 -4.3812 0.0000 186.5461 0.0000 251.9818 1.4440 1.6948 4.5717 -19.2109 1.8573 19.3675 -5.1556 -6.4178
Car -1 -1 -4.6067 175.6071 188.6141 204.9404 211.2032 1.7235 1.7157 3.7792 -34.9001 3.0797 60.0243 -5.1317 -6.6268
