Car -1 -1 -7.8733 564.2689 183.0560 603.0995 216.6989 1.3292 1.5953 3.5372 -1.2280 1.7988 31.4193 -7.9126 6.2661
Car -1 -1 -7.8000 516.4348 181.6335 547.9243 207.1439 1.4174 1.6845 3.5693 -4.6523 1.9646 43.1730 -7.9072 3.4683
Car -1 -1 -4.6161 850.8928 182.4528 879.3829 207.0848 1.5254 1.4761 3.4003 16.9571 2.1880 47.9794 -4.2789 0.1801
Car -1 -1 -4.3050 233.4600 187.7112 289.0918 214.6563 1.4261 1.5734 3.7279 -20.3449 2.3331 42.1709 -4.7524 -2.4838
Car -1 -1 -7.7975 1009.4527 154.5097 1045.5911 182.8317 1.7288 1.7843 4.2268 26.7899 0.6087 46.2999 -7.2757 -2.9242
Car -1 -1 -4.4494 315.1570 183.8011 353.5718 205.8416 1.5539 1.6613 4.4146 -21.1361 2.4289 55.4132 -4.8125 -2.9279
Car -1 -1 -4.7133 906.2988 171.9790 939.2502 201.2727 1.5033 1.5641 3.6623 16.8573 1.4581 39.0192 -4.3086 -2.9691
Car -1 -1 -5.0571 815.0555 177.8083 851.1686 200.3465 1.7573 1.5765 3.9436 18.2151 2.1769 59.1478 -4.7602 -2.9748
Car -1 -1 -8.7764 1203.7257 199.1517 1241.0000 310.7997 1.4298 1.6269 3.6129 12.2877 1.9375 12.0381 -7.9937 -3.0020
Car -1 -1 -7.2567 0.0000 197.0801 45.7794 251.1489 1.3610 1.6476 4.0329 -19.5822 2.1748 22.1456 -7.9749 -3.1023
Car -1 -1 -5.3550 1027.3102 153.5106 1107.0265 188.5472 1.9171 1.7268 4.1492 26.2238 0.8584 41.6204 -4.7961 -3.1845
Car -1 -1 -8.2955 1036.8158 155.0544 1097.5803 182.4502 1.6548 1.7106 3.9421 28.7999 0.5794 45.6422 -7.7355 -3.5016
Car -1 -1 -4.3807 294.8954 181.6892 338.3313 205.0509 1.5596 1.6746 3.9864 -21.0090 2.2179 51.7438 -4.7649 -3.6573
Car -1 -1 -5.0864 755.7165 177.3820 785.8515 194.6995 1.6144 1.5856 3.7815 15.6086 2.0677 70.2952 -4.8692 -3.8320
Car -1 -1 -4.2602 272.9279 190.1293 327.1073 216.5087 1.3651 1.4765 3.4961 -17.7825 2.4000 41.4554 -4.6634 -3.8827
Car -1 -1 -8.1886 868.8928 177.1575 925.9706 206.7572 1.5027 1.6357 4.0196 15.5227 1.7488 39.2650 -7.8151 -4.0531
Car -1 -1 -7.7569 555.3444 177.7132 598.4573 213.6827 1.5967 1.6744 4.2266 -1.5740 1.8450 34.7652 -7.8024 -4.0656
Car -1 -1 -4.0521 0.0000 204.7479 59.6354 244.2051 1.5247 1.6055 3.9808 -27.6058 3.0789 33.1517 -4.7427 -4.2645
Car -1 -1 -4.2879 36.2061 205.1321 91.0204 230.6429 1.4825 1.5764 3.6865 -36.9799 3.7575 48.8905 -4.9330 -4.4345
Car -1 -1 -4.4503 759.3284 185.1228 799.0049 209.8482 1.5267 1.6552 3.9414 11.4443 2.3923 48.7929 -4.2218 -4.6044
Car -1 -1 -4.8452 737.0727 180.4189 758.5991 196.3075 1.4765 1.5692 3.8777 13.4979 2.2404 70.9117 -4.6583 -4.6351
Car -1 -1 -2.7074 381.3756 184.1721 444.9998 206.8999 1.6223 1.6867 4.2710 -14.7048 2.4858 53.8788 -2.9730 -4.6631
Car -1 -1 -1.8987 181.1259 198.4707 219.2102 220.6378 1.6021 1.6521 3.4084 -32.9515 3.7210 57.9422 -2.4141 -4.6785
Car -1 -1 -4.2886 236.1295 194.9560 282.5022 217.5293 1.5626 1.6687 4.1922 -27.2803 3.3491 56.2123 -4.7389 -4.7028
Car -1 -1 -5.8410 314.1022 181.9796 379.6594 204.0710 1.4974 1.6661 4.0067 -18.5142 2.1520 50.7650 -6.1894 -4.9419
Car -1 -1 -4.8457 358.6138 180.2762 388.4506 201.5944 1.5897 1.6977 4.4198 -19.0057 2.2083 57.8080 -5.1623 -5.0185
Car -1 -1 -4.8145 561.3311 177.8644 600.2686 207.2593 1.5345 1.7132 4.8444 -1.7595 1.8367 41.0458 -4.8576 -5.0719
Car -1 -1 -4.9109 784.2492 187.5059 834.7531 219.8788 1.4128 1.6066 4.0049 9.6744 2.1729 35.3957 -4.6469 -5.1807
Car -1 -1 -7.3607 1152.8157 175.1097 1232.1332 207.9717 1.5628 1.5664 3.6038 28.9694 1.6793 35.9364 -6.6866 -5.2089
Car -1 -1 -5.2135 511.8671 177.9200 557.3048 197.4370 1.4945 1.7036 4.5492 -6.2185 1.9238 58.8292 -5.3187 -5.2174
Car -1 -1 -3.0027 835.4205 183.7527 891.4210 208.0074 1.4505 1.4117 3.1864 16.0207 2.1613 45.7224 -2.6682 -5.2972
Car -1 -1 -4.8222 815.5164 187.1603 860.2964 220.8299 1.4442 1.6046 4.0825 10.9279 2.1794 34.9381 -4.5221 -5.4256
Car -1 -1 -4.9466 513.6371 178.0900 552.4832 199.4504 1.3530 1.6562 4.3718 -5.3251 1.7266 49.1872 -5.0542 -5.4495
Car -1 -1 -4.3641 672.2327 179.0656 713.4321 200.1473 1.5053 1.7320 4.4320 6.3639 2.0013 55.2850 -4.2505 -5.4503
Car -1 -1 -4.7410 690.5718 176.6629 711.8283 194.5117 1.4281 1.6465 4.3001 7.6395 1.7610 60.8965 -4.6172 -5.4571
Car -1 -1 -4.7260 1118.6210 166.9408 1164.9449 207.9930 1.8036 1.6630 4.3777 24.9223 1.5435 33.9684 -4.0974 -5.4891
Car -1 -1 -4.8248 571.3486 179.2632 608.6363 207.2542 1.6523 1.8702 4.5318 -1.3656 2.0822 46.0554 -4.8548 -5.5395
Car -1 -1 -4.2183 579.9195 176.6118 633.1077 200.2905 1.5142 1.6512 4.6054 -0.2098 1.7834 49.3285 -4.2230 -5.5471
Car -1 -1 -4.5905 427.4299 180.4794 459.6061 203.6287 1.4545 1.6498 3.9282 -11.2274 1.9906 48.7164 -4.8162 -5.5878
Car -1 -1 -4.5494 519.1310 182.0072 565.5710 218.9787 1.4948 1.5324 3.1742 -2.9582 1.9164 31.6194 -4.6426 -5.5894
Car -1 -1 -4.8386 400.8362 181.0997 425.2994 198.7265 1.5454 1.6903 4.2520 -18.5225 2.3447 67.6860 -5.1050 -5.6344
Car -1 -1 -5.0352 442.6510 180.0659 479.5714 200.2188 1.4263 1.5813 3.8936 -11.3355 1.9929 54.6347 -5.2392 -5.6762
Car -1 -1 -5.0102 565.7598 178.7502 598.5944 196.8428 1.4147 1.5588 4.2160 -2.3834 1.9241 60.1287 -5.0501 -5.6994
Car -1 -1 -4.5837 452.6819 178.7159 479.7742 197.6650 1.4326 1.6249 4.0583 -11.5276 1.9197 57.9143 -4.7796 -5.7012
Car -1 -1 -7.0610 137.1655 198.3093 213.3573 228.4849 1.6186 1.7064 3.9542 -26.7105 3.2606 44.4223 -7.6000 -5.7755
Car -1 -1 -4.6431 721.4465 179.1769 751.2582 204.7511 1.5040 1.5752 4.4245 8.0487 1.9267 45.9259 -4.4712 -5.7835
Car -1 -1 -5.2251 687.0516 177.2346 726.1757 194.0428 1.4412 1.6565 4.1964 8.6771 1.8511 65.3010 -5.0939 -5.7977
Car -1 -1 -4.5379 269.4157 184.6474 301.7913 207.5949 1.6709 1.6615 3.9495 -25.5319 2.6342 56.8338 -4.9586 -5.8593
Car -1 -1 -4.4675 0.0000 185.2199 0.0000 214.7265 1.5328 1.6534 4.0112 -41.6093 2.2792 41.4252 -5.2520 -5.8867
Car -1 -1 -4.4328 396.4872 181.5487 430.1121 200.9834 1.4730 1.5992 3.9482 -15.9147 2.2009 58.4489 -4.6979 -5.8867
Car -1 -1 -4.5877 25.6142 185.4584 62.8531 208.5455 1.5549 1.6624 4.0141 -41.6042 2.5196 53.0919 -5.2501 -5.8867
Car -1 -1 -4.6190 538.4083 178.7575 567.2860 201.4292 1.4386 1.5888 3.9350 -3.8582 1.8537 48.7941 -4.6980 -5.8867
Car -1 -1 -4.5038 0.0000 184.7192 0.0000 212.1188 1.5431 1.6576 4.0141 -41.6090 2.3123 44.6444 -5.2512 -5.8867
Car -1 -1 -6.7850 0.0000 0.0000 1241.0000 374.0000 1.5560 1.5920 3.8072 -2.9051 1.6829 1.0033 -7.9390 -5.8867
Car -1 -1 -4.4662 423.4492 180.1904 454.9603 198.9460 1.4379 1.5887 3.9356 -13.9122 2.0560 58.8428 -4.6977 -5.8867
Car -1 -1 -4.5376 0.0000 186.4004 5.7992 213.1235 1.6116 1.6820 4.0225 -41.6059 2.5503 47.8589 -5.2506 -5.8867
Car -1 -1 -4.6907 564.5984 177.8620 589.2309 200.1202 1.4283 1.5952 3.9288 -2.2532 1.7831 49.1765 -4.7367 -5.8867
Car -1 -1 -4.6253 545.8329 178.7185 569.4375 197.2621 1.4293 1.5863 3.9321 -4.2646 1.9233 58.8415 -4.6977 -5.8867
Car -1 -1 -6.8876 244.8949 174.7798 309.5043 204.3458 1.9937 1.7059 3.8638 -23.5109 2.1352 51.0251 -7.3177 -5.9193
Car -1 -1 -4.6986 322.0357 185.3168 349.6736 211.5371 1.5575 1.6167 3.8934 -17.8421 2.4048 46.9666 -5.0601 -6.4308
Car -1 -1 -4.7126 273.2476 191.5798 292.3611 210.0712 1.5365 1.5650 4.2541 -30.3058 3.3284 66.7945 -5.1374 -6.7644
Car -1 -1 -4.1570 180.5146 187.0368 248.2096 213.9740 1.4305 1.6440 3.9662 -23.2379 2.3050 42.4790 -4.6552 -6.7855
Car -1 -1 -4.9158 585.3618 182.4266 609.3003 199.4483 1.4115 1.4320 3.5063 -1.1692 2.2824 63.7992 -4.9345 -6.9377
Car -1 -1 -7.5317 600.7182 175.6448 633.2975 195.2422 1.6442 1.7102 3.9058 0.6263 1.8968 63.2662 -7.5222 -7.3100
