Car -1 -1 -4.1517 0.0000 190.2125 92.4264 257.7133 1.4226 1.5810 3.4410 -14.7873 1.8972 17.9380 -4.8339 6.4395
Car -1 -1 -7.8620 544.3354 186.1049 594.6601 227.0632 1.2552 1.6281 3.6452 -1.4799 1.7520 25.1962 -7.9208 4.8559
Car -1 -1 -7.7877 490.1831 183.4688 528.1381 211.7147 1.2805 1.6411 3.4740 -5.0033 1.8340 35.8488 -7.9259 4.5985
Car -1 -1 -3.9393 844.0208 186.5679 905.8851 211.0460 1.6389 1.6226 4.3203 19.0163 2.6557 51.8456 -3.5902 2.4345
Car -1 -1 -3.6758 736.4861 185.1412 790.7438 207.8567 1.4384 1.5846 3.1923 10.2458 2.2825 48.3203 -3.4687 0.9588
Car -1 -1 -4.4654 608.7054 177.8392 653.5295 206.0796 1.5236 1.6476 4.1247 1.2449 1.8282 41.9165 -4.4364 -2.5381
Car -1 -1 -4.5820 530.4559 181.5907 558.6429 203.1145 1.4963 1.6131 3.7576 -4.8574 2.1684 53.6213 -4.6723 -2.6458
Car -1 -1 -4.4128 823.6042 183.3255 874.5591 211.0061 1.5431 1.7167 4.5518 14.7099 2.2206 44.3549 -4.0951 -2.8024
Car -1 -1 -4.1360 86.7824 196.0282 155.5489 224.9976 1.6049 1.6688 3.9584 -30.5298 3.1188 45.1521 -4.7281 -2.8219
Car -1 -1 -4.6871 601.8115 181.4101 626.3482 204.5299 1.5038 1.6188 3.8787 0.2858 2.1238 50.3479 -4.6819 -3.0150
Car -1 -1 -7.9500 947.0417 174.3243 997.7198 213.5223 1.6680 1.6920 3.6844 16.3997 1.7389 32.8788 -7.4914 -3.3702
Car -1 -1 -7.8204 431.0646 181.6800 457.6718 205.3055 1.5101 1.6555 4.2661 -11.4797 2.1496 50.0521 -8.0451 -3.7765
Car -1 -1 -4.7131 174.7346 196.6304 199.7637 219.9228 1.5659 1.5866 3.7144 -32.0119 3.4308 54.6010 -5.2415 -4.1131
Car -1 -1 -4.3071 586.2566 182.1483 631.2877 206.5997 1.3879 1.4466 3.6665 -0.0669 1.9851 44.4222 -4.3091 -4.2029
Car -1 -1 -4.6592 537.0822 182.6160 557.3947 201.2992 1.5887 1.6430 3.4309 -5.6446 2.4902 64.9164 -4.7461 -4.3697
Car -1 -1 -5.0056 466.3278 180.8431 493.9136 197.9880 1.5916 1.6409 3.7942 -12.8179 2.3998 70.9650 -5.1841 -4.3716
Car -1 -1 -4.7734 737.5443 178.2852 765.0920 204.3336 1.7141 1.6374 3.9385 9.7998 2.1086 50.3965 -4.5829 -4.5847
Car -1 -1 -8.3367 795.7909 189.4208 838.3481 209.8847 1.5431 1.6237 4.2385 17.2166 2.9782 60.2759 -8.0603 -4.6078
Car -1 -1 -8.2695 770.4694 184.9838 842.2657 223.2870 1.4886 1.6683 3.5771 8.3502 2.0437 31.1400 -8.0106 -4.6241
Car -1 -1 -4.6230 275.8335 184.7359 315.8148 215.1471 1.4743 1.5887 4.4889 -17.0494 2.1590 39.2194 -5.0309 -4.6308
Car -1 -1 -5.8093 303.4321 180.0067 366.9109 201.8255 1.5536 1.6535 4.0605 -20.2328 2.0902 53.1102 -6.1719 -4.7316
Car -1 -1 -5.7663 425.2148 180.3623 516.3726 215.7643 1.5293 1.6705 3.7822 -6.4275 1.8885 33.1585 -5.9568 -4.8217
Car -1 -1 -4.6686 621.9020 180.3314 640.6703 196.3103 1.5013 1.7051 3.5351 2.1077 2.2591 71.3254 -4.6396 -4.8905
Car -1 -1 -7.5296 34.4191 187.8908 128.5402 231.5472 1.3981 1.5994 4.0090 -19.4930 1.9999 26.7409 -8.1550 -5.0598
Car -1 -1 -7.8415 543.0344 179.4191 590.4890 223.5771 1.6027 1.7649 4.2956 -1.7586 1.8864 29.0258 -7.9022 -5.1615
Car -1 -1 -7.8306 0.0000 183.0639 41.5642 251.9388 1.6594 1.8328 4.6597 -17.3755 1.9829 20.4863 -8.5277 -5.1754
Car -1 -1 -4.3959 484.5891 179.8024 511.7021 195.1262 1.4374 1.5829 3.6872 -11.0545 2.1433 71.3940 -4.5493 -5.2799
Car -1 -1 -8.1781 398.2816 180.9239 436.0475 201.8396 1.6820 1.9098 4.1588 -16.6340 2.4008 62.0309 -8.4394 -5.2919
Car -1 -1 -4.7234 825.0663 176.9467 841.5594 196.1711 1.8223 1.5046 3.5087 21.9645 2.2361 71.0993 -4.4253 -5.3863
Car -1 -1 -4.4423 221.0927 183.2932 274.3231 210.3065 1.4318 1.7219 4.1651 -21.1234 2.0734 42.1588 -4.9045 -5.4819
Car -1 -1 -6.4201 252.1406 183.3546 395.0609 240.6818 1.5961 1.6052 3.9380 -8.8986 1.9454 22.3626 -6.7952 -5.5344
Car -1 -1 -4.7233 412.6708 180.2949 440.1558 202.8419 1.3791 1.6973 4.6087 -12.3185 1.9011 48.1937 -4.9726 -5.5628
Car -1 -1 -2.5905 0.0000 181.4854 54.6206 374.0000 1.5009 1.8283 4.8927 -8.8712 1.6060 7.1710 -3.4630 -5.5729
Car -1 -1 -4.9096 457.2879 179.1851 485.8765 196.5201 1.4287 1.6747 4.1844 -12.2118 2.0042 63.3673 -5.0996 -5.5986
Car -1 -1 -7.7298 409.6872 177.1118 451.6950 213.5502 1.6529 1.5687 3.3181 -8.6574 1.8687 34.8766 -7.9717 -5.7127
Car -1 -1 -4.7932 312.2412 179.7007 344.4250 203.1659 1.4665 1.6748 4.4627 -19.1388 1.9522 48.8507 -5.1650 -5.7154
Car -1 -1 -4.3879 212.5458 189.8873 255.9642 212.4057 1.7287 1.9315 4.5156 -31.9107 3.2332 61.3677 -4.8660 -5.7760
Car -1 -1 -4.5465 506.1208 178.3080 536.8160 199.5510 1.5085 1.6348 4.1622 -6.6652 1.9357 54.4400 -4.6682 -5.8066
Car -1 -1 -8.6436 0.0000 0.0000 1049.2499 374.0000 1.5526 1.5930 3.8068 1.1139 1.6243 1.0023 -7.9392 -5.8867
Car -1 -1 -4.5215 498.1435 182.0260 525.3625 199.6623 1.4558 1.6597 3.9659 -8.6597 2.2910 63.6947 -4.6565 -5.8867
Car -1 -1 -7.1455 51.0287 0.0000 1241.0000 374.0000 1.5533 1.5933 3.8070 -1.2981 1.6522 1.0024 -7.9391 -5.8867
Car -1 -1 -4.3940 553.4635 180.5554 583.6655 197.2008 1.4826 1.6408 4.1816 -3.9199 2.2380 68.5645 -4.4513 -5.8867
Car -1 -1 -3.8603 883.0485 191.4942 933.0596 210.9870 1.6135 1.6279 4.0162 26.3522 3.2996 63.8602 -3.4712 -6.2507
