Car -1 -1 -7.8378 566.2444 190.6295 604.0377 223.6452 1.3017 1.5893 3.4864 -1.1226 2.1355 32.0994 -7.8732 4.8414
Car -1 -1 -7.8255 520.6851 188.3188 549.5850 213.8287 1.4031 1.6433 3.5119 -4.5330 2.3782 43.6966 -7.9288 3.2624
Car -1 -1 -4.5408 91.2371 203.0372 137.7039 232.9922 1.4466 1.5712 3.5285 -27.9049 3.2283 40.6684 -5.1394 -0.1642
Car -1 -1 -7.8573 577.0758 178.2206 599.8575 204.1201 1.9005 1.6971 3.7965 -1.6985 2.3285 55.6697 -7.8881 -0.6363
Car -1 -1 -4.7866 949.2357 188.7682 990.0793 221.5529 1.5081 1.5978 3.4560 18.3183 2.3644 36.9373 -4.3301 -1.0606
Car -1 -1 -4.3087 202.8001 188.2054 263.8548 219.1545 1.4882 1.5769 3.6257 -20.0132 2.3449 38.4134 -4.7865 -1.5539
Car -1 -1 -4.3376 6.1914 207.1915 82.0390 242.1055 1.4118 1.6046 3.8794 -27.6700 3.1940 35.3691 -4.9980 -1.8787
Car -1 -1 -4.2406 870.1248 191.9267 922.0854 219.2106 1.5155 1.5204 3.5607 17.5424 2.7318 44.2739 -3.8663 -2.1213
Car -1 -1 -4.3469 597.3273 191.5360 641.3840 217.6380 1.4724 1.5622 3.7179 0.6010 2.7051 45.6047 -4.3345 -2.4249
Car -1 -1 -7.9074 1099.8624 168.0642 1144.0278 200.4063 1.6217 1.6742 4.0761 27.1064 1.3813 38.3522 -7.2961 -2.5863
Car -1 -1 -4.8703 1140.6216 167.9958 1189.3092 197.1271 1.5864 1.6251 3.7190 31.6720 1.3215 41.3151 -4.2200 -2.7543
Car -1 -1 -5.3929 1130.1766 171.7028 1224.5024 205.9355 1.5988 1.6402 3.7638 27.8281 1.5447 35.5979 -4.7337 -3.0007
Car -1 -1 -4.2790 232.2222 192.0445 291.3707 217.8707 1.3381 1.6466 3.8439 -20.3175 2.5114 42.1901 -4.7256 -3.0979
Car -1 -1 -7.5081 1020.1436 171.4499 1088.5232 204.6130 1.6299 1.7062 4.2214 23.0533 1.5606 37.4486 -6.9602 -3.1790
Car -1 -1 -4.7933 357.3677 187.4700 381.1819 206.7999 1.5445 1.6517 4.1057 -21.1386 2.8695 63.2118 -5.1151 -3.4201
Car -1 -1 -4.2648 309.8356 184.6302 356.1042 207.4343 1.5994 1.7427 3.9347 -20.9841 2.5256 54.7368 -4.6296 -3.6755
Car -1 -1 -6.7854 1160.4723 166.1408 1241.0000 194.6444 1.5154 1.6238 3.7486 32.6651 1.1582 39.5032 -6.0983 -3.8113
Car -1 -1 -7.8943 1081.5823 176.1460 1131.1842 211.7530 1.4148 1.5852 3.4928 21.1648 1.5643 30.9229 -7.2989 -3.9015
Car -1 -1 -5.0104 1127.9497 174.4323 1212.1602 218.6365 1.7371 1.6561 4.1535 23.6929 1.8089 30.7483 -4.3590 -3.9968
Car -1 -1 -4.9858 1038.6737 173.3227 1088.9644 201.4336 1.5859 1.5468 3.7667 26.8123 1.6148 42.7990 -4.4296 -4.0424
Car -1 -1 -6.1656 687.4282 190.2372 742.4283 210.9909 1.5012 1.7055 4.0384 8.0962 2.8773 55.7871 -6.0229 -4.0533
Car -1 -1 -4.6336 861.7931 177.6627 885.8052 197.2116 1.5379 1.5817 3.8591 21.8875 1.9505 59.8712 -4.2851 -4.2010
Car -1 -1 -4.3960 772.9227 197.3414 817.3544 223.0319 1.4032 1.6247 3.7422 11.6157 3.0076 45.2670 -4.1471 -4.3038
Car -1 -1 -4.6917 341.0561 185.1710 364.1465 206.1597 1.5404 1.6562 4.3645 -20.6890 2.5704 58.0249 -5.0331 -4.3681
Car -1 -1 -4.7955 226.2174 181.2180 259.5370 209.0790 1.6954 1.6251 3.9654 -24.1244 2.2678 47.2910 -5.2652 -4.4894
Car -1 -1 -5.0551 347.0572 185.8829 386.6395 207.3374 1.5138 1.6504 3.9563 -18.7544 2.5527 55.4837 -5.3799 -4.5661
Car -1 -1 -4.6355 1123.2510 168.4153 1171.0221 199.4171 1.6034 1.7892 4.3416 29.4355 1.3735 39.5448 -3.9994 -4.6765
Car -1 -1 -4.2440 8.7173 206.7776 83.0121 236.5261 1.4206 1.6771 4.1492 -32.4969 3.4823 41.6617 -4.9035 -4.6925
Car -1 -1 -4.3571 354.8135 186.6478 392.6620 207.3123 1.5427 1.6762 3.8518 -19.1117 2.6970 58.4373 -4.6722 -4.9664
Car -1 -1 -4.7218 897.4041 194.1620 931.5128 224.1346 1.3724 1.5649 3.3145 15.7372 2.5327 37.4695 -4.3277 -5.0057
Car -1 -1 -4.0766 109.1859 200.2690 204.6141 238.6771 1.4282 1.6118 3.7463 -19.7175 2.6990 31.5206 -4.6320 -5.0530
Car -1 -1 -6.9553 889.0508 176.9218 956.3407 202.6749 1.6912 1.6366 4.0751 21.2465 1.9753 49.1271 -6.5498 -5.0969
Car -1 -1 -7.5105 0.0000 197.7523 38.9977 252.0920 1.4022 1.6203 4.0481 -19.8421 2.2637 22.7962 -8.2210 -5.1453
Car -1 -1 -7.6527 37.9373 202.5034 108.7324 242.6620 1.4828 1.7822 3.6811 -23.5246 2.8694 31.7057 -8.2873 -5.1742
Car -1 -1 -4.6377 601.0901 189.6158 621.3067 207.9119 1.4635 1.5054 3.5557 0.1048 2.9669 62.8983 -4.6366 -5.6304
Car -1 -1 -4.4176 294.1749 184.4176 344.4255 212.0121 1.5115 1.6808 4.0924 -17.4480 2.2405 43.4010 -4.7980 -5.7970
Car -1 -1 -4.8438 629.0133 187.1680 672.6334 220.8655 1.5554 1.6907 4.2918 2.0132 2.3405 37.3849 -4.7911 -5.7982
Car -1 -1 -4.6377 379.4994 184.2998 404.8399 205.6396 1.5839 1.6525 4.0220 -17.4973 2.5375 57.9939 -4.9298 -5.8199
Car -1 -1 -8.9130 0.0000 0.0000 1241.0000 374.0000 1.5543 1.5914 3.8066 1.9187 1.6263 1.0028 -7.9390 -5.8867
Car -1 -1 -6.7847 0.0000 0.0000 1241.0000 374.0000 1.5641 1.5934 3.8091 -2.9045 1.7135 1.0024 -7.9389 -5.8867
Car -1 -1 -5.9099 0.0000 0.0000 1241.0000 374.0000 1.5301 1.6140 3.9665 5.3713 1.5874 1.7158 -4.6976 -5.8867
Car -1 -1 -7.8183 0.0000 0.0000 1241.0000 374.0000 1.5094 1.6042 3.8509 -0.0781 1.5886 1.3692 -7.8743 -5.8867
Car -1 -1 -4.4333 170.5958 197.6772 210.4549 219.0203 1.4297 1.6211 3.9108 -32.1185 3.4039 55.2977 -4.9577 -5.9935
Car -1 -1 -4.8899 346.5086 192.2911 383.2844 217.0615 1.4907 1.6901 3.9341 -16.6759 2.8650 48.8970 -5.2174 -6.0256
Car -1 -1 -4.7117 688.4261 187.3142 706.9163 204.6990 1.5722 1.7540 4.1421 8.6052 3.0383 71.0087 -4.5921 -6.0883
Car -1 -1 -4.5279 367.9984 186.5797 392.9955 205.2696 1.6087 1.4908 4.1332 -21.4206 2.9312 67.3953 -4.8349 -6.3557
