Car -1 -1 -7.8844 578.4794 182.8344 612.3353 211.5932 1.3322 1.5935 3.5349 -0.8182 1.8615 36.4848 -7.9073 3.9898
Car -1 -1 -7.7849 531.2686 182.1556 561.2072 205.5256 1.3827 1.6542 3.6677 -4.0618 1.9994 46.0118 -7.8729 3.7162
Car -1 -1 -4.5571 411.3162 180.9311 435.9900 198.5493 1.5079 1.6138 3.6960 -16.8877 2.2615 65.4303 -4.8091 1.1624
Car -1 -1 -4.3739 302.0063 177.6855 347.1609 202.6196 1.6494 1.6423 4.2025 -20.0134 2.0027 50.6838 -4.7484 -0.8106
Car -1 -1 -5.6285 921.4252 186.5834 994.0342 215.8516 1.5829 1.5487 3.7058 20.5754 2.4371 42.9040 -5.1846 -2.0093
Car -1 -1 -4.6653 836.4047 174.3609 861.4603 197.0026 1.6737 1.6637 3.9465 18.4638 1.7943 55.7615 -4.3475 -2.5198
Car -1 -1 -8.1373 948.1123 189.3977 998.9082 217.0169 1.5236 1.7012 4.1100 22.3485 2.5953 44.5811 -7.6759 -2.5731
Car -1 -1 -3.2894 60.1911 182.6980 149.0168 220.6316 1.6204 1.6276 3.1637 -23.3841 2.0982 33.3684 -3.8971 -2.9028
Car -1 -1 -8.2114 903.1438 184.8421 959.9396 219.1314 1.8238 1.7415 3.8593 18.4838 2.5497 41.7344 -7.7978 -3.0443
Car -1 -1 -7.7104 505.1900 168.9761 535.2568 197.4691 2.2484 1.7598 5.0124 -7.3722 1.9420 59.4593 -7.8336 -3.1992
Car -1 -1 -7.6018 782.3349 180.4877 818.8927 204.6474 1.6914 1.6802 4.1386 14.3063 2.2872 54.1301 -7.3453 -3.3300
Car -1 -1 -3.5087 331.9788 179.9648 399.5814 202.4998 1.5695 1.7670 4.4242 -18.1595 2.1187 53.6658 -3.8338 -3.9671
Car -1 -1 -4.4523 346.4409 179.8271 380.4301 200.0859 1.5413 1.5995 4.1094 -19.9493 2.1261 58.4466 -4.7801 -3.9885
Car -1 -1 -4.7291 230.6996 181.9683 263.6969 210.4923 1.5500 1.6821 4.6179 -21.7913 2.1262 43.2015 -5.1941 -4.4783
Car -1 -1 -5.3163 670.4565 181.5334 715.5450 201.6436 1.5695 1.6490 4.2104 6.8878 2.3239 60.4941 -5.2039 -4.5036
Car -1 -1 -5.2504 866.9251 190.1736 930.7673 217.4914 1.5358 1.7506 4.3713 18.2027 2.6896 45.7785 -4.8748 -4.5273
Car -1 -1 -5.1660 768.9488 183.1722 837.7150 215.9243 1.5495 1.7416 4.3389 10.0181 2.1238 37.8822 -4.9100 -4.5535
Car -1 -1 -4.3761 171.3787 187.7206 221.6917 211.9248 1.4597 1.6398 4.1616 -27.6930 2.5019 48.4037 -4.8936 -4.6493
Car -1 -1 -4.7192 336.6561 177.4289 362.3095 201.6516 1.6094 1.6389 3.7588 -18.3671 1.9440 50.7610 -5.0650 -4.7053
Car -1 -1 -5.1163 374.0393 179.5930 413.1402 200.6991 1.6451 1.7073 3.8714 -17.9182 2.2201 59.5707 -5.4075 -4.7800
Car -1 -1 -5.2595 217.2683 183.7126 257.2559 202.2606 1.6552 1.6640 3.7112 -35.1704 2.7039 68.0284 -5.7353 -4.8555
Car -1 -1 -4.9166 411.8300 180.0190 439.5394 198.9142 1.5422 1.5991 3.7293 -16.0031 2.1822 62.4534 -5.1667 -4.8639
Car -1 -1 -5.0780 297.1625 182.9182 334.0074 202.2742 1.4887 1.5584 3.7866 -24.2856 2.3437 59.4013 -5.4649 -4.8658
Car -1 -1 -4.7887 577.1968 180.9689 609.7484 206.1368 1.5038 1.7753 4.3147 -1.1518 2.0549 46.7913 -4.8137 -4.8863
Car -1 -1 -3.1959 827.7579 182.4432 902.8939 212.7909 1.5554 1.5294 3.7451 13.7059 2.0904 39.0249 -2.8611 -4.9947
Car -1 -1 -5.1199 598.0494 183.6532 630.4233 200.9644 1.5141 1.5658 4.0546 0.3436 2.5639 67.9900 -5.1154 -4.9967
Car -1 -1 -4.4444 521.1238 180.6351 548.4043 197.7153 1.5069 1.5986 3.7631 -7.0219 2.2554 67.4541 -4.5481 -5.0677
Car -1 -1 -5.2314 650.9306 181.5784 707.0191 207.9930 1.4441 1.5694 3.9337 4.0139 1.9889 42.9606 -5.1394 -5.1175
Car -1 -1 -4.8571 206.9228 186.8905 230.7000 203.5152 1.4656 1.4711 3.7493 -37.3564 2.8422 68.8334 -5.3529 -5.2602
Car -1 -1 -7.5110 849.5922 169.2751 893.3745 197.5978 1.8482 1.6473 3.7314 17.7707 1.6144 49.0485 -7.1657 -5.2703
Car -1 -1 -7.4551 49.5141 194.4975 109.7912 222.5440 1.4401 1.5615 3.5346 -30.7395 2.7530 41.8793 -8.0855 -5.3429
Car -1 -1 -4.7741 576.5282 181.7470 610.5071 211.4730 1.5632 1.6848 4.0546 -1.0259 2.0975 41.2875 -4.7994 -5.3449
Car -1 -1 -3.0006 350.5202 181.9026 425.1079 205.8323 1.5484 1.6506 4.6301 -14.9840 2.1742 48.7517 -3.2976 -5.4641
Car -1 -1 -6.3350 0.0000 186.8168 123.1464 259.2166 1.5382 1.5747 3.5939 -14.3298 1.9167 17.7947 -7.0058 -5.5887
Car -1 -1 -7.7700 445.4778 177.8464 472.4046 199.0907 1.6949 1.8912 3.9123 -12.6717 2.1281 60.5898 -7.9756 -5.6586
Car -1 -1 -4.1857 285.9636 181.6926 333.1328 200.9656 1.3993 1.5710 4.0696 -23.4722 2.1165 56.4523 -4.5783 -5.7230
Car -1 -1 -5.1049 614.1124 177.6728 663.6246 204.8291 1.5863 1.6228 4.1475 1.7154 1.9025 45.1645 -5.0677 -5.7325
Car -1 -1 -4.5089 241.1812 182.9457 276.1815 201.9165 1.3699 1.6424 4.2714 -27.6247 2.1957 56.7922 -4.9600 -5.8144
Car -1 -1 -4.6953 149.2992 183.6845 171.3116 201.5021 1.5313 1.6558 4.0156 -41.6025 2.5654 66.7698 -5.2509 -5.8867
Car -1 -1 -7.1455 50.9074 0.0000 1241.0000 374.0000 1.5531 1.5937 3.8070 -1.2982 1.6504 1.0023 -7.9392 -5.8867
Car -1 -1 -4.5544 582.7388 179.8714 606.4901 196.7782 1.5070 1.6415 3.9642 -1.4425 2.1894 68.1145 -4.5759 -5.8867
Car -1 -1 -4.7420 171.4725 181.7484 193.2816 198.8361 1.5381 1.6861 4.2060 -41.2259 2.4219 69.4942 -5.2760 -5.8867
Car -1 -1 -8.1632 0.0000 0.0000 853.7658 374.0000 1.5555 1.5939 3.8078 0.3100 1.6423 1.0023 -7.9392 -5.8867
Car -1 -1 -4.6720 125.1493 183.6520 149.8698 202.4881 1.5387 1.6557 4.0169 -41.6039 2.5216 63.5536 -5.2499 -5.8867
Car -1 -1 -8.1053 691.8530 179.3239 727.6723 203.1957 1.7558 1.7373 4.3705 7.7428 2.2831 56.5717 -7.9705 -5.9382
Car -1 -1 -4.2848 0.0000 183.0058 0.0000 250.9790 1.4497 1.6203 4.1119 -18.7329 1.7373 18.2579 -5.0757 -5.9593
Car -1 -1 -4.9977 550.6551 183.9439 584.1140 205.0972 1.5041 1.5829 3.6970 -3.3355 2.3864 55.4178 -5.0580 -5.9626
Car -1 -1 -4.9441 400.5875 179.3628 433.0853 201.7817 1.7614 1.7718 3.8566 -16.1266 2.3217 60.0359 -5.2058 -6.0168
Car -1 -1 -4.6760 255.7743 182.1196 277.1546 199.0792 1.4997 1.6766 4.3691 -32.6937 2.4116 68.6979 -5.1189 -6.0795
Car -1 -1 -4.5311 321.0320 179.0299 352.2929 196.2105 1.3151 1.6215 4.4444 -22.4156 1.8417 59.2360 -4.8917 -6.1795
Car -1 -1 -5.1906 887.5688 187.4472 961.7185 221.3269 1.5528 1.5366 4.6532 16.1954 2.3590 37.4960 -4.7864 -7.3136
Car -1 -1 -6.0143 1008.1924 295.7430 1241.0000 374.0000 1.1741 1.3244 2.9916 4.9557 2.4181 5.7018 -5.3265 -9.1929
