Car -1 -1 -7.7266 507.8463 177.9579 553.9057 209.7110 1.3294 1.6233 3.6089 -3.5615 1.5726 32.6126 -7.8350 5.7204
Car -1 -1 -7.8201 566.9494 180.9429 620.3199 225.8746 1.3156 1.6111 3.5277 -0.5233 1.5990 23.5377 -7.8428 4.9468
Car -1 -1 -3.9875 0.0000 190.1785 54.9989 293.6385 1.3826 1.6295 4.3743 -12.1859 1.7379 12.5965 -4.7457 1.8232
Car -1 -1 -4.6793 587.7101 175.0118 613.4854 198.9649 1.5820 1.6587 4.0688 -0.6481 1.7376 50.0742 -4.6926 -0.4277
Car -1 -1 -7.4154 368.9206 176.9899 416.7224 201.0513 1.5074 1.6200 3.6829 -14.3671 1.7922 47.8100 -7.7061 -1.1060
Car -1 -1 -4.6518 412.8538 174.2514 433.7911 191.5495 1.4896 1.5855 3.7496 -16.6675 1.6179 64.4459 -4.9041 -1.6186
Car -1 -1 -2.8835 28.3442 185.0854 137.9612 222.5710 1.6292 1.6554 3.8478 -24.5943 2.2263 33.7782 -3.5093 -1.8008
Car -1 -1 -7.1713 759.5402 178.3112 805.4318 199.8342 1.5710 1.5716 3.4861 13.1824 2.0009 55.2048 -6.9385 -2.3713
Car -1 -1 -4.6220 283.7308 176.1449 318.6464 203.6651 1.5156 1.5546 3.5468 -18.0184 1.7162 42.1239 -5.0241 -3.1537
Car -1 -1 -4.8315 749.8867 173.8086 773.3642 191.7930 1.6007 1.6557 3.8886 13.9078 1.6909 66.4412 -4.6264 -3.2638
Car -1 -1 -4.5317 198.7255 185.1013 241.0193 211.1835 1.4796 1.6497 3.8278 -24.2801 2.2775 44.9541 -5.0247 -3.3625
Car -1 -1 -7.2012 99.7234 186.8290 183.9480 220.1383 1.5047 1.6469 3.6494 -23.3368 2.2394 36.0624 -7.7724 -3.3833
Car -1 -1 -4.1157 605.7958 171.9630 658.4865 197.5054 1.7024 1.6629 4.0813 1.5525 1.6428 50.2319 -4.0854 -3.4817
Car -1 -1 -6.9978 0.0000 189.8829 44.3834 283.7730 1.4645 1.6944 3.8466 -13.4758 1.8411 13.9761 -7.7555 -3.6223
Car -1 -1 -4.1771 156.4032 183.9272 229.1767 214.4213 1.5035 1.5853 3.9940 -22.5129 2.1331 39.0414 -4.6975 -3.6230
Car -1 -1 -4.8741 576.8489 174.0310 605.3507 194.6240 1.5325 1.6275 3.6897 -1.5247 1.6266 55.8859 -4.9016 -3.7455
Car -1 -1 -4.2627 1.3132 187.7425 87.9052 229.6900 1.6503 1.6697 3.3613 -24.6129 2.3374 31.4948 -4.9221 -3.7496
Car -1 -1 -7.8527 567.0894 174.3474 617.1965 220.9327 1.5879 1.7184 4.2030 -0.7128 1.6476 26.8529 -7.8797 -3.7700
Car -1 -1 -7.4685 388.1328 175.9605 436.9183 200.3615 1.5220 1.6724 4.1457 -13.0256 1.7365 47.7146 -7.7339 -3.8178
Car -1 -1 -7.6991 356.3649 177.3603 396.1682 205.3815 1.4768 1.5636 3.7901 -13.1545 1.7429 40.6625 -8.0104 -4.1237
Car -1 -1 -4.8895 449.8883 180.8858 478.4200 201.2461 1.5304 1.6112 3.7058 -11.7476 2.1964 57.8461 -5.0894 -4.2707
Car -1 -1 -4.4060 176.7919 177.4984 223.2198 203.1476 1.6712 1.6363 4.0711 -28.3476 2.0063 49.9548 -4.9201 -4.3350
Car -1 -1 -7.4932 293.3907 176.9518 346.4666 203.0521 1.5403 1.6934 4.2735 -18.2103 1.8101 45.4084 -7.8729 -4.3771
Car -1 -1 -5.6147 508.1769 167.6577 563.5259 187.4016 1.4605 1.6070 4.0916 -5.7117 1.0758 55.1473 -5.7177 -4.5845
Car -1 -1 -4.7558 548.9198 176.1794 576.7213 203.1403 1.5545 1.5195 3.9169 -2.9568 1.7669 44.1318 -4.8228 -4.7321
Car -1 -1 -7.7362 767.6884 174.8208 791.0847 191.9265 1.4985 1.6056 4.2163 15.4959 1.6842 65.9832 -7.5069 -5.0174
Car -1 -1 -4.3867 613.3510 175.7523 646.4286 194.6776 1.4759 1.5752 3.7877 1.6333 1.7206 58.9474 -4.3595 -5.0316
Car -1 -1 -4.8021 669.6642 178.2730 693.8542 198.0204 1.4377 1.5064 3.8087 5.4584 1.8685 55.4908 -4.7050 -5.1962
Car -1 -1 -5.3035 626.0538 171.6932 670.2068 193.4244 1.7625 1.6129 4.2475 3.1426 1.6681 60.7566 -5.2525 -5.4272
Car -1 -1 -5.9613 469.3702 171.1407 527.2093 195.3180 1.8601 1.6672 4.1780 -8.7845 1.7280 56.6835 -6.1147 -5.5905
Car -1 -1 -2.2132 0.0000 186.7404 0.0000 366.1497 1.4999 1.6946 4.5545 -9.2862 1.6535 7.0832 -3.1139 -5.6248
Car -1 -1 -5.5874 127.0354 178.6318 238.5756 213.9055 1.4550 1.6436 4.0550 -18.5254 1.7143 31.2794 -6.1186 -5.6807
Car -1 -1 -7.4548 0.0000 185.8432 4.0505 264.3795 1.3875 1.6157 3.7923 -14.8802 1.7031 15.4877 -8.2116 -5.7973
Car -1 -1 -4.6136 114.0181 191.9060 163.4151 225.9471 1.3939 1.5718 3.6209 -21.9987 2.3360 33.7198 -5.1883 -5.8159
Car -1 -1 -7.2701 388.5041 176.4534 428.9854 195.7850 1.8105 1.7635 4.2634 -19.6985 2.1745 70.7313 -7.5410 -5.8268
Car -1 -1 -7.1465 51.7770 0.0000 1241.0000 374.0000 1.5413 1.5885 3.8033 -1.2980 1.6120 1.0046 -7.9392 -5.8867
Car -1 -1 -3.5047 0.0000 189.9326 0.0000 374.0000 1.4941 1.6035 3.9541 -7.0820 1.6008 2.5306 -4.6975 -5.8867
Car -1 -1 -4.4380 399.3693 177.1304 435.0216 196.2833 1.3482 1.5602 3.8977 -14.3108 1.6773 53.6247 -4.6979 -5.8867
Car -1 -1 -8.1632 0.0000 0.0000 853.2167 374.0000 1.5440 1.5899 3.8045 0.3099 1.6027 1.0043 -7.9393 -5.8867
Car -1 -1 -5.5868 0.0000 177.8590 7.8699 324.2173 1.6401 1.8282 4.5612 -11.0830 1.7139 9.4277 -6.4386 -6.4074
Car -1 -1 -4.2627 802.2891 179.5751 844.5811 200.4821 1.6837 1.7423 4.3888 18.2696 2.2791 61.7415 -3.9768 -6.4606
Car -1 -1 -7.4627 797.4016 169.8607 844.6850 196.3461 1.7363 1.7166 4.0046 14.4511 1.5397 49.4010 -7.1801 -6.7108
