Car -1 -1 -7.8329 503.2699 183.7224 534.4315 211.3470 1.4041 1.6369 3.4851 -5.0430 2.0326 39.9243 -7.9583 5.2883
Car -1 -1 -7.8627 554.1652 186.1592 597.6994 222.6939 1.2713 1.5955 3.5261 -1.3972 1.8249 28.2304 -7.9123 4.5914
Car -1 -1 -3.8200 845.1541 193.3293 933.0502 231.3302 1.5042 1.5606 3.2956 11.9973 2.4238 31.1636 -3.4565 3.2117
Car -1 -1 -4.0677 971.6909 195.0940 1066.5364 234.4281 1.6401 1.7419 4.0859 18.9787 2.7237 33.5422 -3.5574 2.6773
Car -1 -1 -7.5037 761.6263 185.0858 793.3152 203.8903 1.6129 1.6410 3.8301 15.4646 2.7766 66.6113 -7.2771 -1.5667
Car -1 -1 -7.8386 1054.5369 168.1953 1076.9623 188.3509 1.7198 1.6228 4.0022 40.2221 1.3220 63.6857 -7.2776 -2.4175
Car -1 -1 -4.8939 877.1921 171.9474 905.7125 190.5660 1.6100 1.6780 3.9458 25.0907 1.5313 64.4876 -4.5247 -3.2260
Car -1 -1 -5.1613 36.9827 189.6856 138.0464 232.0027 1.5291 1.6837 4.1509 -21.1915 2.2498 29.1793 -5.7853 -3.2512
Car -1 -1 -8.4488 622.7151 179.7986 663.6086 201.6167 1.7870 1.6120 3.9248 2.8142 2.4086 62.5246 -8.4045 -3.6536
Car -1 -1 -4.3812 306.9621 181.1749 344.7835 202.2361 1.5582 1.6237 3.7939 -22.3587 2.2357 56.8383 -4.7546 -3.7289
Car -1 -1 -4.3375 272.3953 183.7270 320.0598 207.9805 1.5478 1.6699 3.9966 -21.6593 2.3298 49.8876 -4.7454 -3.8492
Car -1 -1 -4.6748 549.8330 180.0840 591.5923 220.3878 1.5853 1.6505 4.4664 -1.6895 1.9225 31.4331 -4.7287 -3.8924
Car -1 -1 -7.2156 68.6848 176.7681 157.1366 210.3086 1.6115 1.6366 4.0861 -25.5621 1.8244 37.2255 -7.8142 -3.9441
Car -1 -1 -5.0247 922.2498 172.7257 963.5583 200.2110 1.9358 1.6382 3.8135 24.2769 1.9264 52.8062 -4.5963 -3.9600
Car -1 -1 -4.7228 619.3370 183.1264 649.3934 210.7766 1.4517 1.6445 4.2691 1.3402 2.0748 41.6331 -4.6914 -4.1803
Car -1 -1 -4.1463 26.2899 201.6970 95.2575 228.6735 1.5374 1.7127 4.0545 -36.2262 3.5266 47.6795 -4.7936 -4.4118
Car -1 -1 -5.3830 57.5290 198.2012 130.2708 225.3584 1.5159 1.6344 3.7557 -31.5095 3.1079 44.0213 -6.0016 -4.4353
Car -1 -1 -4.7006 943.8991 196.6071 974.4312 222.8763 1.4428 1.6721 3.9931 22.0888 3.0180 45.6978 -4.2536 -4.4374
Car -1 -1 -2.4232 0.0000 191.7285 13.6784 241.1389 1.3911 1.6489 3.9436 -20.8224 1.9870 21.8931 -3.1775 -4.5129
Car -1 -1 -4.4430 184.5304 190.6733 230.4996 218.3778 1.8688 1.7661 5.0091 -30.4629 3.2848 54.7103 -4.9492 -4.5491
Car -1 -1 -5.0048 494.0145 180.6954 531.0734 203.0035 1.5675 1.6382 4.1631 -7.4306 2.1838 54.5046 -5.1401 -4.5625
Car -1 -1 -5.0537 515.7625 184.3790 555.6877 207.9143 1.4738 1.5438 3.7219 -5.1306 2.2910 49.1666 -5.1576 -4.6703
Car -1 -1 -4.3795 582.4790 184.6352 622.1622 207.9732 1.5020 1.5830 3.9663 -0.5262 2.3647 50.7207 -4.3904 -4.7434
Car -1 -1 -4.6524 1071.8235 169.7727 1098.1549 190.5905 1.7299 1.6587 4.1531 40.8896 1.4735 62.1182 -4.0727 -4.7834
Car -1 -1 -4.6904 550.9293 180.0907 583.0519 210.7713 1.5506 1.6704 4.5210 -2.3629 1.9728 39.8363 -4.7498 -4.8307
Car -1 -1 -4.9553 351.2088 180.4674 383.7647 200.1676 1.5665 1.6535 4.2290 -20.6666 2.2368 61.3248 -5.2793 -5.0438
Car -1 -1 -4.3095 294.2761 181.7137 344.5126 206.7872 1.4940 1.6359 3.7673 -18.5917 2.0848 46.2377 -4.6901 -5.0648
Car -1 -1 -4.6248 479.2514 179.2553 505.9977 203.8600 1.7139 1.6131 3.9459 -8.6695 2.2049 53.3425 -4.7855 -5.1069
Car -1 -1 -5.2957 1078.5364 201.9610 1156.0017 238.1070 1.5833 1.5152 3.4364 25.2706 3.1107 36.1342 -4.6901 -5.1147
Car -1 -1 -7.5179 0.0000 190.9992 64.2534 239.4289 1.6150 1.6840 4.1844 -23.0099 2.3757 28.0045 -8.2012 -5.1252
Car -1 -1 -4.8986 379.2548 181.9340 413.9834 203.9885 1.4720 1.6573 4.2240 -15.5258 2.1580 52.2754 -5.1862 -5.1558
Car -1 -1 -3.1992 1015.1523 183.8402 1139.7872 228.1447 1.4264 1.5628 3.6054 16.3788 1.8390 25.5601 -2.6351 -5.2786
Car -1 -1 -4.1328 420.4185 184.7001 456.9075 202.1399 1.5221 1.7141 3.4443 -16.0114 2.6611 67.4806 -4.3653 -5.3159
Car -1 -1 -6.8921 890.7502 173.7742 952.2996 192.7912 1.5304 1.7387 4.4714 25.6455 1.6077 59.4979 -6.4872 -5.4193
Car -1 -1 -7.9988 294.8487 185.8492 343.9665 219.6305 1.4716 1.6149 4.4831 -14.4214 2.1543 35.5784 -8.3816 -5.4911
Car -1 -1 -4.5115 133.2023 193.4341 179.5417 221.1154 1.5218 1.6567 4.1395 -28.3868 2.8746 45.2108 -5.0698 -5.5338
Car -1 -1 -4.7439 319.1006 175.3079 340.1334 194.6185 1.7407 1.7150 4.1018 -26.4014 1.9787 67.8298 -5.1140 -5.5460
Car -1 -1 -4.6849 370.4931 177.5486 401.0271 205.6662 1.5798 1.6408 4.0143 -13.4824 1.8760 43.4141 -4.9846 -5.5702
Car -1 -1 -4.5123 556.4180 181.2562 586.4631 200.4528 1.4730 1.7104 3.9832 -3.1562 2.1876 59.2941 -4.5657 -5.5943
Car -1 -1 -4.7938 563.2458 183.1328 598.7734 210.1613 1.4653 1.7632 4.2939 -1.8157 2.1103 43.0589 -4.8362 -5.5955
Car -1 -1 -4.7972 389.4179 181.8822 416.5688 203.6058 1.5390 1.6542 4.0574 -15.8747 2.2559 55.1282 -5.0766 -5.6048
Car -1 -1 -4.6613 919.8209 199.7213 954.9885 230.6799 1.4566 1.5786 3.6572 17.8644 2.9969 39.3856 -4.2392 -5.6134
Car -1 -1 -4.9558 506.2476 179.3913 536.4625 196.5714 1.4067 1.6645 4.1431 -7.7989 1.9975 63.0090 -5.0789 -5.6370
Car -1 -1 -7.1114 172.1253 182.2094 339.4764 266.8090 1.6797 1.6189 3.3127 -8.0200 1.9176 16.5496 -7.5568 -5.7868
Car -1 -1 -4.5955 290.0757 182.5385 318.2611 201.4954 1.4175 1.6247 4.1550 -24.7558 2.2315 58.4455 -4.9948 -5.8390
Car -1 -1 -4.6453 422.0941 180.0734 449.7300 201.2431 1.3908 1.6243 4.1868 -12.3192 1.9239 51.1055 -4.8810 -5.8472
Car -1 -1 -4.6724 125.1351 184.4492 149.8852 203.4797 1.5504 1.6595 4.0145 -41.6022 2.6059 63.5512 -5.2503 -5.8867
Car -1 -1 -4.5712 1.7026 184.9786 42.0101 208.7763 1.5418 1.6559 4.0097 -41.6062 2.4359 51.0782 -5.2524 -5.8867
Car -1 -1 -4.6116 81.6864 190.7476 113.4964 212.6499 1.6060 1.7005 4.0922 -41.6658 3.1161 58.7021 -5.2269 -5.8867
Car -1 -1 -4.5594 0.0000 189.1922 0.4263 216.1395 1.5933 1.6892 4.0582 -41.5826 2.7166 47.4550 -5.2763 -5.8867
Car -1 -1 -4.8328 1204.2538 171.7272 1241.0000 194.9621 1.5021 1.6464 3.9857 41.4689 1.4290 48.7642 -4.1313 -5.8867
Car -1 -1 -7.1455 51.2652 0.0000 1241.0000 374.0000 1.5622 1.5945 3.8091 -1.2973 1.6858 1.0019 -7.9390 -5.8867
Car -1 -1 -4.6982 152.0473 183.8088 173.9031 201.8908 1.5640 1.6681 4.0170 -41.6031 2.6162 67.1695 -5.2511 -5.8867
Car -1 -1 -4.4688 424.5893 180.2437 457.5588 200.0324 1.4419 1.5895 3.9360 -13.1019 2.0358 56.0338 -4.6978 -5.8867
Car -1 -1 -4.4757 0.0000 183.9658 0.0000 212.8217 1.5367 1.6576 4.0200 -41.6107 2.2199 42.2325 -5.2507 -5.8867
Car -1 -1 -4.6683 578.8711 179.2624 598.9706 196.7797 1.4528 1.5930 3.9396 -1.8447 2.0321 63.2722 -4.6978 -5.8867
Car -1 -1 -5.8403 1241.0000 178.5083 1241.0000 374.0000 1.5218 1.6124 3.9640 6.1753 1.5569 2.5204 -4.6976 -5.8867
Car -1 -1 -6.7847 0.0000 0.0000 1241.0000 374.0000 1.5622 1.5930 3.8085 -2.9046 1.7069 1.0024 -7.9389 -5.8867
Car -1 -1 -8.0592 0.0000 0.0000 1083.7378 374.0000 1.5075 1.6034 3.8497 0.3252 1.5803 1.3705 -7.8744 -5.8867
Car -1 -1 -8.9131 0.0000 0.0000 1241.0000 374.0000 1.5584 1.5925 3.8079 1.9189 1.6408 1.0025 -7.9390 -5.8867
Car -1 -1 -4.6535 105.2668 183.8010 132.3856 203.4174 1.5385 1.6603 4.0157 -41.6044 2.4984 61.1400 -5.2491 -5.8867
Car -1 -1 -4.8583 1233.9648 169.9514 1241.0000 193.9209 1.4696 1.6356 3.9874 41.4715 1.2913 46.3527 -4.1317 -5.8867
Car -1 -1 -4.7671 427.8288 183.5127 465.6073 212.0884 1.3850 1.7429 4.9249 -9.0376 2.0070 39.5229 -4.9909 -5.9286
Car -1 -1 -4.2805 0.0000 184.6526 0.0000 265.3328 1.4474 1.6245 4.1931 -16.7241 1.7431 15.8506 -5.0843 -5.9841
Car -1 -1 -4.5933 233.0950 187.1532 262.8661 209.5108 1.6199 1.6394 4.0216 -28.6923 2.7965 57.2214 -5.0565 -6.0606
Car -1 -1 -4.6710 148.6869 195.9052 174.7277 218.1889 1.4918 1.5097 3.9797 -34.0140 3.3082 54.7613 -5.2249 -6.0676
Car -1 -1 -4.6024 356.2793 183.9793 388.3540 205.0603 1.4384 1.8220 4.1721 -17.7060 2.3021 53.8116 -4.9192 -6.0803
Car -1 -1 -6.3018 797.0989 171.6104 861.1918 201.1567 1.9416 1.8200 4.0770 14.7553 1.8596 48.8400 -6.0106 -6.9723
