Car -1 -1 -4.1803 2.7988 190.1868 144.8176 248.4029 1.4012 1.6176 3.5312 -14.9511 1.9325 20.2953 -4.8091 8.2570
Car -1 -1 -7.7976 490.8824 182.8840 528.6102 212.4594 1.3360 1.6510 3.4884 -4.9428 1.8560 35.6230 -7.9350 5.9458
Car -1 -1 -7.8366 545.4404 185.4593 595.6971 226.0785 1.2435 1.6175 3.5979 -1.3861 1.7128 25.0515 -7.8920 4.7665
Car -1 -1 -3.9680 840.9138 185.7223 899.1802 210.3599 1.6928 1.6972 4.1160 19.1042 2.6694 53.0671 -3.6249 1.6590
Car -1 -1 -4.7858 734.7338 182.7716 762.7019 206.2254 1.5138 1.6301 3.6631 9.5631 2.2284 50.0993 -4.5988 -0.1414
Car -1 -1 -7.5573 91.5085 182.9617 173.9768 223.4422 1.4923 1.6630 4.2885 -19.7785 1.9448 30.0336 -8.1358 -1.6710
Car -1 -1 -4.0220 815.1362 181.6588 883.7404 207.6028 1.5117 1.6825 4.3784 14.9860 2.0859 45.1984 -3.7043 -1.7851
Car -1 -1 -4.6713 0.0000 178.2898 7.0409 204.9992 1.6637 1.6872 3.9282 -41.1902 2.0394 47.8489 -5.3795 -1.8370
Car -1 -1 -8.0918 940.8355 173.4581 999.5925 208.3691 1.5427 1.6331 3.6505 16.8080 1.5724 33.9105 -7.6355 -2.1153
Car -1 -1 -5.4846 0.0000 188.2850 38.8580 240.6871 1.4710 1.6217 3.8042 -19.7514 1.9558 21.7435 -6.2160 -2.2403
Car -1 -1 -4.6709 0.0000 203.7106 42.9733 238.2884 1.5803 1.6552 4.0829 -31.7386 3.3353 38.9135 -5.3520 -2.3001
Car -1 -1 -4.2991 747.8864 180.5763 794.4109 204.7798 1.5785 1.6676 4.1427 11.3083 2.1429 50.6022 -4.0810 -2.7000
Car -1 -1 -4.5964 187.3558 183.6380 228.0812 212.4229 1.5719 1.6580 4.1411 -24.1152 2.2521 43.3022 -5.1022 -2.8403
Car -1 -1 -7.6339 0.0000 178.5130 42.1869 204.7161 1.6478 1.6739 3.8396 -39.6310 2.0433 48.3693 -8.3178 -2.8491
Car -1 -1 -4.8545 596.7179 184.4084 625.8433 206.6189 1.4399 1.5541 3.4806 0.0258 2.2779 50.5176 -4.8545 -2.9967
Car -1 -1 -7.5631 210.9161 178.3320 253.2180 202.9574 1.6920 1.6499 4.0025 -27.5401 2.1074 52.6401 -8.0433 -3.2882
Car -1 -1 -4.7830 301.0542 183.0518 339.6652 214.4984 1.4313 1.5216 4.1379 -14.7152 1.9772 36.4564 -5.1645 -4.2075
Car -1 -1 -4.3714 274.8477 180.5499 318.4627 204.1933 1.5717 1.6619 3.7892 -22.1968 2.1380 51.1767 -4.7790 -4.4040
Car -1 -1 -7.9018 309.8644 183.9404 330.5569 200.9752 1.5058 1.6383 4.1233 -27.7062 2.5979 68.8800 -8.2832 -4.5225
Car -1 -1 -8.0773 297.2626 184.4931 355.5341 223.3381 1.4815 1.5571 3.5057 -12.0871 2.0043 30.5374 -8.4516 -4.5345
Car -1 -1 -4.6201 72.6926 184.9165 140.5468 230.6519 1.4762 1.6660 4.0364 -18.5015 1.9568 26.6001 -5.2233 -4.6621
Car -1 -1 -4.8778 628.1978 182.1839 650.6337 197.0538 1.3832 1.6422 3.5918 2.8648 2.3300 71.3657 -4.8383 -4.9724
Car -1 -1 -7.9566 491.8161 177.4641 527.9548 206.7505 1.6614 1.7835 3.7288 -6.1242 1.9526 43.5932 -8.0958 -5.1215
Car -1 -1 -2.1902 0.0000 179.7458 1.4762 205.6304 1.5793 1.8181 4.1697 -41.4958 2.0321 46.0844 -2.9205 -5.2419
Car -1 -1 -7.8319 542.4272 178.3618 591.3455 223.2717 1.6159 1.7964 4.3430 -1.7121 1.8516 28.7061 -7.8916 -5.2440
Car -1 -1 -4.5767 284.6234 190.9576 320.4246 216.7728 1.4259 1.5778 3.3305 -18.8305 2.5804 44.2116 -4.9775 -5.2674
Car -1 -1 -7.2126 516.4958 178.4483 589.8282 211.3797 1.5814 1.7451 4.0221 -2.9346 1.8890 37.5513 -7.2905 -5.3077
Car -1 -1 -7.9940 581.1207 176.7401 605.9884 194.2826 1.6448 1.8178 4.6153 -1.6771 2.0408 71.1520 -8.0179 -5.5122
Car -1 -1 -4.6027 496.9571 179.5815 527.5018 201.4729 1.3820 1.6055 4.1893 -6.6223 1.8580 48.9638 -4.7369 -5.5827
Car -1 -1 -4.5366 142.3915 194.6169 180.3279 218.4556 1.4551 1.5796 3.8001 -30.9772 3.0206 49.8559 -5.0905 -5.7921
Car -1 -1 -5.0757 678.1111 178.3697 716.9128 198.6851 1.4608 1.6208 3.9990 6.6173 1.8987 55.1807 -4.9574 -5.8867
Car -1 -1 -7.2455 329.4784 179.8418 416.6462 223.0845 1.6705 1.7529 3.5969 -9.9664 1.9846 30.4876 -7.5593 -6.0979
Car -1 -1 -7.7615 605.3796 177.4755 625.7730 198.1830 1.9510 1.6821 3.5158 0.5504 2.4148 70.6319 -7.7542 -7.2509
