Car -1 -1 -7.7658 506.7757 178.4803 550.0339 210.2179 1.3550 1.6779 3.4590 -3.7410 1.6270 33.1745 -7.8777 6.4919
Car -1 -1 -4.3792 242.2180 176.8315 319.2870 219.6569 1.7177 1.8006 4.1039 -14.2848 1.9025 31.4593 -4.8026 6.0082
Car -1 -1 -7.8262 562.9244 180.7289 616.1554 225.7046 1.3155 1.6043 3.6628 -0.6672 1.5925 23.5781 -7.8549 4.3273
Car -1 -1 -4.5875 350.9328 178.1748 382.7155 202.2128 1.5201 1.5766 3.6453 -16.3123 1.8913 48.4312 -4.9110 0.9106
Car -1 -1 -4.1895 829.1306 178.4386 869.0292 196.4100 1.5999 1.7001 4.1574 22.3685 2.1377 67.5081 -3.8713 0.7450
Car -1 -1 -4.4330 716.0272 174.6153 747.2438 192.6721 1.5178 1.6453 4.0714 10.6741 1.6773 63.2679 -4.2670 -1.3668
Car -1 -1 -5.9837 147.8288 184.7413 251.4190 218.1251 1.4623 1.6434 3.8920 -19.1139 2.0371 33.6871 -6.4967 -2.7879
Car -1 -1 -3.3087 765.2529 176.9466 811.2345 196.2235 1.4862 1.6590 3.2911 14.0179 1.8145 56.9778 -3.0691 -2.8195
Car -1 -1 -3.9590 0.0000 200.0485 118.0703 243.3136 1.4879 1.6947 4.1737 -22.7059 2.6885 29.6982 -4.6077 -2.9306
Car -1 -1 -7.9160 562.7650 176.3699 615.1251 221.5486 1.5291 1.6903 3.6311 -0.8848 1.6676 26.6020 -7.9496 -3.3361
Car -1 -1 -4.9154 861.3699 181.6352 902.5586 208.9534 1.5462 1.5930 3.8766 16.5612 2.1084 44.1855 -4.5596 -3.5432
Car -1 -1 -4.8326 702.4759 173.3160 726.7954 192.4674 1.6265 1.6454 3.9233 9.1305 1.6680 63.3535 -4.6904 -3.6024
Car -1 -1 -4.6101 160.6288 189.6675 186.4198 210.4740 1.7986 1.7165 3.4307 -40.7520 3.4133 67.3890 -5.1525 -3.6811
Car -1 -1 -8.0448 751.5778 173.9088 777.4567 191.1600 1.5599 1.6617 3.8125 14.3780 1.6609 67.3987 -7.8358 -4.1381
Car -1 -1 -4.6665 347.4368 179.2263 377.0891 204.2801 1.4654 1.5904 3.4615 -15.4616 1.8795 45.0440 -4.9956 -4.2183
Car -1 -1 -3.8622 27.8172 167.8184 117.5713 192.4572 1.5308 1.7447 4.7461 -35.1478 1.2176 47.3328 -4.4984 -4.3754
Car -1 -1 -4.6531 545.9320 178.0809 575.0643 202.7268 1.5021 1.6603 3.8122 -3.1990 1.8540 46.7011 -4.7215 -4.3855
Car -1 -1 -7.4222 349.3052 173.4001 384.8276 193.3839 1.8404 1.7209 3.9098 -23.0706 1.8935 68.5972 -7.7457 -4.4125
Car -1 -1 -5.7306 26.8462 188.6290 122.8276 219.4910 1.5290 1.6118 3.7396 -27.9236 2.3734 37.6812 -6.3652 -4.5267
Car -1 -1 -7.7304 198.6150 183.4042 261.8080 230.8679 1.5732 1.6134 3.7864 -14.1070 1.9961 26.8851 -8.2099 -4.5337
Car -1 -1 -4.5760 129.8908 184.7919 158.7402 205.4537 1.6501 1.5797 3.7839 -40.0236 2.7101 62.0389 -5.1472 -4.8750
Car -1 -1 -3.0785 455.7934 179.9260 575.5845 223.9297 1.4526 1.5423 3.9989 -3.2554 1.7063 25.0095 -3.2073 -4.9815
Car -1 -1 -4.5391 377.4204 177.6215 403.0251 194.3188 1.5524 1.6999 4.1588 -21.4515 2.0322 70.4898 -4.8337 -5.0135
Car -1 -1 -4.4756 461.8250 178.8129 501.6270 204.9014 1.4682 1.4921 3.8830 -7.7161 1.8435 43.4958 -4.6506 -5.0750
Car -1 -1 -4.6853 812.9604 179.3493 831.2571 195.6637 1.4829 1.5926 3.3798 20.2557 2.1197 68.9139 -4.4010 -5.0782
Car -1 -1 -4.2693 419.6644 177.1417 473.5689 203.1140 1.5219 1.7168 4.0518 -10.1936 1.8028 45.1594 -4.4905 -5.1056
Car -1 -1 -5.2966 87.9550 189.1845 183.6467 229.4489 1.5694 1.6536 3.7051 -20.3027 2.3006 30.8290 -5.8753 -5.2138
Car -1 -1 -4.6096 734.7768 176.8175 756.7260 193.7480 1.3996 1.5054 3.6932 11.7704 1.7539 62.5626 -4.4248 -5.2357
Car -1 -1 -4.4361 183.3655 187.1747 215.3360 205.5693 1.6318 1.6614 3.9230 -39.4617 3.0503 69.3839 -4.9518 -5.3812
Car -1 -1 -5.2662 850.0399 176.9025 896.8431 196.4306 1.6860 1.7926 4.7036 23.9385 2.0690 65.8131 -4.9192 -5.4372
Car -1 -1 -4.6978 422.1815 178.2988 445.1538 198.0271 1.4082 1.6366 4.1490 -13.4168 1.8390 54.9252 -4.9366 -5.5329
Car -1 -1 -4.2782 691.5639 173.9518 732.7188 197.2242 1.4745 1.4341 3.3170 6.7431 1.5494 47.6653 -4.1389 -5.7028
Car -1 -1 -7.8545 577.5290 173.9954 600.6110 197.4223 1.5486 1.5307 2.9674 -1.4664 1.6288 49.3506 -7.8845 -5.7124
Car -1 -1 -3.6468 208.2460 181.6833 298.3773 210.9245 1.4645 1.5747 4.1982 -19.5442 1.9755 39.6192 -4.1027 -5.7455
Car -1 -1 -4.6657 792.7825 178.5878 812.7189 195.3283 1.4973 1.6440 3.9324 18.1974 2.0551 68.1127 -4.4061 -5.8867
Car -1 -1 -4.6108 542.2379 177.0897 582.6515 209.6130 1.5121 1.5904 4.4586 -2.3768 1.7387 36.3913 -4.6761 -5.9173
Car -1 -1 -4.4899 92.9076 167.0272 141.0603 189.6106 1.4298 1.7709 4.0978 -32.6969 1.0606 47.9132 -5.0863 -6.1360
