Car -1 -1 -7.8593 554.7230 181.0080 606.0849 223.8034 1.2832 1.5911 3.5743 -1.0523 1.5765 24.1546 -7.9030 5.5318
Car -1 -1 -7.7894 500.2669 178.8156 539.8698 209.4944 1.3590 1.6531 3.5247 -4.2880 1.6584 34.4718 -7.9127 5.4578
Car -1 -1 -4.3533 226.3913 182.7705 294.6317 217.9895 1.4279 1.6148 3.4327 -15.4757 1.8923 32.0363 -4.8003 4.4360
Car -1 -1 -4.0730 0.0000 180.7836 70.5119 275.7528 1.6520 1.6879 4.2826 -13.6662 1.8422 15.1259 -4.7991 4.4073
Car -1 -1 -3.9995 837.7765 179.9764 887.3864 199.8682 1.5469 1.6677 3.9359 20.6498 2.1462 59.0382 -3.6650 0.2829
Car -1 -1 -7.5706 566.8839 177.4014 603.4026 198.8668 1.3871 1.5303 3.6988 -1.6948 1.7110 49.4477 -7.6051 -0.7936
Car -1 -1 -4.7378 604.4807 176.0585 627.2670 196.4308 1.5257 1.6797 4.1444 0.4023 1.7869 56.7825 -4.7312 -2.0693
Car -1 -1 -4.3522 723.0386 175.8951 763.2629 195.9206 1.4752 1.6753 4.2952 10.3663 1.7209 56.1132 -4.1708 -2.1283
Car -1 -1 -4.5106 801.3397 173.6199 837.9814 199.8134 1.7614 1.6971 4.1243 14.7871 1.8175 50.8711 -4.2296 -2.6516
Car -1 -1 -5.0285 699.9650 175.7181 737.7793 195.6193 1.4779 1.6631 4.2955 8.4444 1.7108 56.4912 -4.8813 -2.7077
Car -1 -1 -5.3632 597.7069 172.5043 650.5144 197.7066 1.5926 1.6768 3.5292 0.8622 1.5702 47.5143 -5.3456 -3.5670
Car -1 -1 -7.8872 909.7392 184.6142 945.0054 213.4425 1.4079 1.5964 3.9361 17.1054 2.0794 39.0937 -7.4781 -3.6126
Car -1 -1 -4.8650 765.4445 176.8017 806.2271 203.6755 1.4803 1.7167 4.0547 10.2498 1.7237 42.4510 -4.6301 -3.9279
Car -1 -1 -4.5457 137.2836 194.6713 176.0383 219.5119 1.5084 1.6243 3.9171 -31.1749 3.0737 49.6582 -5.1042 -4.1248
Car -1 -1 -7.9282 377.2125 180.1062 412.6960 209.2404 1.4726 1.5983 3.4718 -11.7920 1.8868 39.3271 -8.2180 -4.2299
Car -1 -1 -7.8560 552.2545 174.8238 600.7875 220.3051 1.5909 1.7116 4.3424 -1.3367 1.6721 27.6418 -7.9045 -4.3267
Car -1 -1 -4.9144 706.4487 176.3715 758.8451 212.3155 1.5084 1.5554 3.9592 5.4421 1.6772 32.6804 -4.7514 -4.4291
Car -1 -1 -4.1361 533.9932 177.3426 589.0565 202.2915 1.4596 1.4711 4.0393 -3.0108 1.7530 45.0973 -4.2028 -4.4397
Car -1 -1 -4.7749 0.0000 169.3502 13.7638 190.5817 1.3699 1.5829 3.5204 -41.1999 1.1435 48.3728 -5.4777 -4.4954
Car -1 -1 -4.7695 771.2054 176.8410 792.8278 195.8363 1.4902 1.5211 3.4585 14.0625 1.8272 59.2106 -4.5378 -4.4956
Car -1 -1 -4.5311 42.0455 180.3599 82.8707 202.6089 1.5648 1.7223 4.1943 -41.3475 2.1553 54.5330 -5.1777 -4.5920
Car -1 -1 -2.2519 386.5692 181.7011 440.9767 205.2537 1.6102 1.6919 3.9869 -14.3453 2.2772 52.5717 -2.5174 -4.6843
Car -1 -1 -7.8422 448.7203 170.3679 481.6199 201.5505 1.6915 1.7573 4.4469 -8.3332 1.5563 41.4861 -8.0395 -4.7318
Car -1 -1 -4.5618 414.0052 177.6172 460.6552 211.1371 1.5057 1.6140 4.0307 -8.3673 1.7506 35.0747 -4.7947 -4.8095
Car -1 -1 -5.0086 749.0228 174.6380 781.4140 193.3693 1.4868 1.5761 3.7610 12.7512 1.6386 59.5825 -4.7991 -4.9001
Car -1 -1 -7.6745 0.0000 187.4949 68.8557 252.7641 1.5759 1.7145 4.0563 -16.9122 2.0379 20.5940 -8.3558 -4.9639
Car -1 -1 -4.2840 776.5670 177.6361 810.2391 198.1706 1.8321 1.6442 3.7359 17.0989 2.2907 67.2662 -4.0366 -5.0825
Car -1 -1 -2.1684 0.0000 189.3686 78.9148 237.9563 1.3705 1.7635 4.1156 -19.2034 1.9226 22.7228 -2.8644 -5.1725
Car -1 -1 -4.7142 5.8400 182.1481 37.2012 204.9299 1.4996 1.6719 3.6944 -41.6578 2.1821 51.0529 -5.3962 -5.1757
Car -1 -1 -4.1994 218.0660 192.7346 259.8866 213.1908 1.6187 1.5965 3.7455 -32.2098 3.3983 62.6963 -4.6725 -5.1801
Car -1 -1 -4.4107 393.2110 179.1739 442.8688 205.7939 1.5634 1.6961 4.8239 -12.1863 1.9873 45.9845 -4.6687 -5.2243
Car -1 -1 -7.8239 878.8340 170.2802 920.5735 209.4763 1.7419 1.7336 4.1492 13.7815 1.6273 34.3145 -7.4455 -5.2356
Car -1 -1 -4.6925 353.9150 177.9762 378.3107 198.6095 1.4051 1.5948 4.1528 -17.7233 1.7929 52.4561 -5.0171 -5.3858
Car -1 -1 -7.2700 308.2140 174.3214 358.3104 196.0519 1.7543 1.8852 4.2993 -23.3033 1.8825 60.8649 -7.6344 -5.4759
Car -1 -1 -4.6003 355.7880 177.8967 378.2781 195.4933 1.5438 1.5613 3.6398 -22.3366 2.0208 66.3586 -4.9240 -5.5339
Car -1 -1 -4.4720 198.3862 188.7309 238.8858 211.6807 1.7819 1.9816 4.7625 -33.6410 3.2044 62.1096 -4.9669 -5.5857
Car -1 -1 -2.2569 0.0000 187.3974 0.0000 317.4332 1.4481 1.5540 4.0895 -10.5018 1.6485 9.0906 -3.0995 -5.7731
Car -1 -1 -2.4374 0.0000 184.9034 37.2646 374.0000 1.5186 1.7753 4.7677 -8.9425 1.6591 7.1427 -3.3158 -5.8460
Car -1 -1 -5.0085 810.5760 180.0313 840.3025 197.8518 1.5963 1.6155 3.8912 20.2908 2.2935 68.1596 -4.7207 -5.8867
Car -1 -1 -4.2168 0.0000 186.1096 0.0000 264.7894 1.4767 1.6546 4.2912 -16.7740 1.8236 16.6064 -4.9992 -5.8996
Car -1 -1 -5.0405 773.3596 177.9942 809.5735 197.5061 1.4253 1.6036 3.6533 13.9088 1.8345 55.5904 -4.7970 -6.0339
Car -1 -1 -5.0930 184.6758 184.6853 231.0334 210.7041 1.5783 1.4743 3.4108 -26.1986 2.3744 46.9168 -5.6002 -6.4557
