Car -1 -1 -7.8870 560.3563 185.8997 600.7819 218.3601 1.2331 1.5908 3.6602 -1.3495 1.8240 30.8115 -7.9311 5.1379
Car -1 -1 -4.0532 1081.7723 197.1773 1241.0000 269.8600 1.4697 1.4946 3.3841 12.7681 2.0658 16.5299 -3.4050 4.2969
Car -1 -1 -7.8338 513.2947 182.2807 542.7709 208.5416 1.4337 1.6576 3.6484 -4.8424 2.0152 42.6430 -7.9466 3.3290
Car -1 -1 -8.1440 946.7266 159.0241 995.7043 186.6756 1.7561 1.7150 4.4038 23.9874 0.8775 48.1379 -7.6843 -1.2398
Car -1 -1 -4.5047 68.6846 198.7527 124.4411 229.7016 1.4964 1.7008 4.4707 -29.3162 3.0635 41.2761 -5.1194 -1.7485
Car -1 -1 -4.8035 1137.3730 174.8317 1185.7438 206.2869 1.6261 1.7166 4.2566 30.3454 1.7412 39.8459 -4.1565 -1.8056
Car -1 -1 -4.4559 1076.3137 183.2552 1139.3940 215.8473 1.4670 1.6166 4.0076 24.5743 2.0081 35.6295 -3.8565 -1.9129
Car -1 -1 -7.1703 994.9510 161.8076 1063.8182 188.3064 1.7308 1.7344 4.2440 28.2671 1.0090 48.6930 -6.6471 -2.6328
Car -1 -1 -8.5363 793.5435 174.1018 843.1091 196.2733 1.7848 1.7115 4.2248 17.4219 1.8933 60.6190 -8.2581 -2.9501
Car -1 -1 -4.6463 1100.0579 168.0108 1144.9608 203.2892 1.8760 1.7966 4.3157 28.8443 1.6182 40.6123 -4.0325 -3.1033
Car -1 -1 -4.2760 877.9464 188.4657 940.0967 220.9024 1.6244 1.6969 3.9093 16.5518 2.5308 39.9577 -3.8866 -3.2423
Car -1 -1 -4.8396 1224.0262 168.9805 1241.0000 196.8746 1.6087 1.6630 3.7980 38.4807 1.3850 43.6525 -4.1206 -3.4214
Car -1 -1 -4.7727 745.5518 186.0423 764.8339 204.2466 1.6608 1.6208 3.6636 14.1500 2.9850 70.5411 -4.5761 -3.6053
Car -1 -1 -4.3736 296.0994 183.1808 334.7070 204.2927 1.4368 1.6148 3.2140 -21.3624 2.2093 52.3553 -4.7595 -3.6796
Car -1 -1 -3.5173 393.2075 184.9700 447.8715 207.0779 1.5550 1.6668 3.6288 -14.2997 2.4975 54.4060 -3.7735 -3.7088
Car -1 -1 -7.7902 258.5771 180.0578 286.3339 203.7891 1.6750 1.6453 3.8467 -25.3856 2.2376 54.2885 -8.2259 -3.7090
Car -1 -1 -4.3880 169.0435 194.3136 217.1275 220.2938 1.5246 1.5967 3.8877 -27.5907 3.0076 47.8120 -4.9093 -3.8582
Car -1 -1 -7.3425 959.6726 164.0168 1037.5865 199.4257 1.8782 1.8183 4.6084 21.6837 1.4092 40.2806 -6.8520 -3.9200
Car -1 -1 -4.5644 279.5546 181.8101 312.6901 205.2626 1.6045 1.6553 4.0578 -23.1216 2.2915 53.1982 -4.9728 -3.9545
Car -1 -1 -3.8067 88.6263 197.4059 172.2475 227.3579 1.5104 1.6301 3.8575 -27.7905 3.0067 41.8947 -4.3897 -4.0653
Car -1 -1 -4.5657 775.4378 189.5870 816.9884 220.6230 1.5268 1.6704 4.0431 10.3405 2.5058 40.0415 -4.3155 -4.0972
Car -1 -1 -4.4254 0.0000 204.1965 37.0325 242.6838 1.4295 1.6272 3.7310 -27.1871 2.9141 32.1490 -5.1235 -4.2687
Car -1 -1 -6.9671 0.0000 204.0009 89.9547 232.5771 1.4977 1.7467 4.3158 -35.2666 3.5445 45.1250 -7.6278 -4.3476
Car -1 -1 -4.5832 534.6829 181.4314 567.1505 207.4703 1.5603 1.6229 3.6502 -3.7870 2.1329 46.3248 -4.6649 -4.5375
Car -1 -1 -4.3146 693.2919 182.3273 735.4957 206.2237 1.4932 1.5464 3.5896 7.0265 2.1559 48.5587 -4.1723 -4.5766
Car -1 -1 -4.5431 830.1970 182.7958 861.8187 207.3993 1.6457 1.5370 3.9350 17.0280 2.3916 52.0590 -4.2292 -4.6973
Car -1 -1 -4.3515 267.3000 185.9637 316.6601 208.2768 1.3382 1.6896 3.9595 -20.9739 2.2407 47.6684 -4.7643 -4.7470
Car -1 -1 -4.5227 337.8181 183.1434 381.4689 210.2205 1.5449 1.7944 4.3076 -15.6298 2.2205 45.1430 -4.8545 -4.7900
Car -1 -1 -5.1016 662.7003 182.8123 704.0048 202.5591 1.4618 1.7909 4.3260 5.8269 2.2954 58.0909 -5.0026 -4.8816
Car -1 -1 -4.1072 0.0000 195.9698 84.3736 232.3401 1.5912 1.6725 4.0781 -28.7169 2.8208 36.3049 -4.7730 -4.9907
Car -1 -1 -4.2299 8.2154 202.0395 84.3181 233.5300 1.5313 1.6619 4.2289 -32.2993 3.2975 41.4440 -4.8890 -5.2050
Car -1 -1 -4.5127 325.3333 180.7772 362.5781 202.8500 1.3920 1.5919 4.1267 -18.1223 1.9558 49.2136 -4.8640 -5.2988
Car -1 -1 -4.4438 285.5706 190.8072 316.1389 208.0277 1.4700 1.7310 3.6032 -28.8832 3.1954 67.4578 -4.8473 -5.3055
Car -1 -1 -7.4662 362.2363 181.9110 414.0738 210.7961 1.6435 1.6646 3.9776 -13.6182 2.2264 44.4009 -7.7625 -5.3897
Car -1 -1 -4.7709 563.1227 182.2095 598.6624 211.0991 1.5338 1.8009 4.4932 -1.7892 2.1101 42.1406 -4.8137 -5.4404
Car -1 -1 -4.7979 522.0598 178.4166 545.4847 196.0948 1.4041 1.6064 4.2302 -6.4942 1.8908 60.9396 -4.9040 -5.4466
Car -1 -1 -4.7456 574.6076 180.1270 602.8786 206.6344 1.6613 1.7530 4.1737 -1.5021 2.1718 48.5346 -4.7769 -5.6422
Car -1 -1 -4.6691 486.7234 181.2016 513.2272 205.1117 1.6384 1.7456 4.5646 -8.1373 2.2839 53.4551 -4.8199 -5.6773
Car -1 -1 -4.7457 393.5455 182.4320 413.5968 200.0034 1.5427 1.6786 4.1043 -19.4895 2.4740 67.9678 -5.0243 -5.6846
Car -1 -1 -4.7993 351.5967 181.6709 380.5872 203.4479 1.4993 1.6864 4.2152 -18.2421 2.1840 53.7831 -5.1251 -5.6875
Car -1 -1 -4.5747 450.5913 179.7462 477.9027 197.8370 1.3956 1.6281 4.3512 -12.0186 1.9856 59.5774 -4.7732 -5.7111
Car -1 -1 -4.9713 629.5808 179.3349 654.7890 195.5521 1.4654 1.5044 3.6628 3.0161 2.0998 68.7076 -4.9280 -5.8558
Car -1 -1 -8.3910 1074.5614 194.5262 1241.0000 268.3712 1.5684 1.7178 5.0879 14.7716 2.2319 19.4810 -7.7504 -5.8686
Car -1 -1 -4.9630 1241.0000 166.5186 1241.0000 197.3231 1.4937 1.6476 4.0005 41.4681 1.1862 37.1098 -4.1263 -5.8867
Car -1 -1 -4.6282 72.4093 184.2283 103.2302 205.0839 1.5329 1.6527 4.0085 -41.6049 2.4730 57.5147 -5.2525 -5.8867
Car -1 -1 -4.6077 47.8697 184.7484 81.9215 206.7881 1.5468 1.6577 4.0102 -41.6052 2.4902 55.1007 -5.2523 -5.8867
Car -1 -1 -7.3169 149.0761 0.0000 1241.0000 374.0000 1.5467 1.5925 3.8066 -0.9081 1.6220 0.9961 -7.9398 -5.8867
Car -1 -1 -9.0641 0.0000 0.0000 1241.0000 374.0000 1.5428 1.5884 3.8033 2.7222 1.5769 1.0038 -7.9391 -5.8867
Car -1 -1 -4.5039 0.0000 185.3316 0.0000 213.1581 1.5794 1.6776 4.0254 -41.6077 2.3955 45.0503 -5.2468 -5.8867
Car -1 -1 -4.8705 1241.0000 169.5327 1241.0000 194.1114 1.4512 1.6456 4.0361 41.4578 1.2548 44.7396 -4.1266 -5.8867
Car -1 -1 -4.4561 0.0000 183.0663 0.0000 212.6278 1.5156 1.6540 4.0179 -41.6127 2.1207 40.6253 -5.2503 -5.8867
Car -1 -1 -4.5967 2.5442 189.2567 41.7219 214.3262 1.6010 1.6853 4.0478 -41.5787 2.8107 51.0669 -5.2776 -5.8867
Car -1 -1 -6.7848 0.0000 0.0000 1241.0000 374.0000 1.5488 1.5904 3.8047 -2.9055 1.6585 1.0030 -7.9390 -5.8867
Car -1 -1 -4.4258 0.0000 184.0547 0.0000 216.1654 1.5379 1.6585 4.0219 -41.6120 2.1642 38.2105 -5.2503 -5.8867
Car -1 -1 -4.8300 1208.9867 168.5612 1241.0000 191.7995 1.4897 1.6498 4.0056 41.4684 1.2142 48.3775 -4.1245 -5.8867
Car -1 -1 -5.8847 1241.0000 176.0289 1241.0000 374.0000 1.5205 1.6124 3.9652 6.9792 1.5401 2.5210 -4.6976 -5.8867
Car -1 -1 -4.3288 369.3465 180.5159 410.8335 201.1777 1.4757 1.6359 4.0482 -16.7875 2.0834 55.1705 -4.6232 -5.8867
Car -1 -1 -3.5046 0.0000 195.5990 0.0000 374.0000 1.5085 1.6080 3.9591 -7.0818 1.6507 2.5295 -4.6974 -5.8867
Car -1 -1 -4.3866 416.4729 179.3580 457.9153 201.5412 1.4359 1.6144 3.9280 -11.9343 1.9039 49.9241 -4.6204 -5.8867
Car -1 -1 -4.2204 166.1199 184.4241 229.5136 212.9743 1.5525 1.6153 3.8816 -24.3903 2.2697 42.7835 -4.7361 -5.8867
Car -1 -1 -4.4260 561.2635 179.0547 590.8472 196.4472 1.5127 1.6493 4.0416 -3.1117 2.1021 66.4552 -4.4730 -5.8867
Car -1 -1 -8.6435 0.0000 0.0000 1049.0109 374.0000 1.5470 1.5907 3.8049 1.1140 1.6060 1.0032 -7.9392 -5.8867
Car -1 -1 -4.9025 1241.0000 168.4444 1241.0000 195.5537 1.4796 1.6503 4.0371 41.3933 1.2386 41.5173 -4.1224 -5.8867
Car -1 -1 -4.9342 1241.0000 167.7834 1241.0000 196.0128 1.4634 1.6356 3.9893 41.4695 1.2003 39.5202 -4.1287 -5.8867
Car -1 -1 -4.1852 0.0000 187.5218 0.0000 279.8187 1.4229 1.6338 4.3970 -15.1181 1.7589 14.2055 -4.9923 -5.9527
Car -1 -1 -4.8771 1156.2970 171.8204 1205.2404 197.1436 1.4660 1.6789 4.0295 34.6515 1.4059 43.9425 -4.2129 -5.9731
Car -1 -1 -4.2702 0.0000 188.3899 0.0000 264.2477 1.4209 1.6881 4.7302 -17.1825 1.8419 17.0546 -5.0516 -6.0479
Car -1 -1 -5.0859 520.4722 178.9700 561.4694 200.6959 1.4743 1.5667 4.1050 -5.0829 1.9364 52.3764 -5.1826 -6.0908
Car -1 -1 -4.7028 596.1785 178.9368 615.2528 196.3322 1.5125 1.7005 4.5243 -0.3977 2.0927 66.5873 -4.7092 -6.3529
Car -1 -1 -7.6045 230.9297 179.4263 269.0605 205.3216 1.7768 1.6167 3.6876 -26.1634 2.2725 52.4820 -8.0652 -6.4580
