Car -1 -1 -7.8066 582.5004 180.2267 616.6648 208.2930 1.3302 1.5863 3.5275 -0.5316 1.7254 36.9242 -7.8214 4.8553
Car -1 -1 -7.8004 533.5816 180.2321 561.9199 203.5411 1.3918 1.6120 3.6875 -3.9775 1.8823 46.1347 -7.8864 3.9861
Car -1 -1 -7.6588 383.2354 179.5013 414.2073 199.7712 1.4944 1.6256 3.7516 -16.5039 2.0317 56.4101 -7.9425 1.2705
Car -1 -1 -5.2123 0.0000 188.7022 30.3949 238.1080 1.3916 1.5952 3.9195 -20.4212 1.9195 22.6379 -5.9404 -1.3282
Car -1 -1 -4.2960 302.1124 178.7838 352.5774 202.7762 1.5665 1.6145 4.4678 -19.7378 1.9999 50.5010 -4.6671 -1.9983
Car -1 -1 -4.7514 626.2355 179.1123 649.8806 200.7768 1.5954 1.6788 4.0452 2.1295 2.1012 56.3287 -4.7142 -2.0846
Car -1 -1 -3.8423 261.4814 178.5444 331.9562 204.4238 1.5757 1.6966 4.0883 -20.4168 1.9643 47.1094 -4.2494 -2.2540
Car -1 -1 -4.6932 685.5896 179.6920 708.0548 201.5679 1.4783 1.5410 3.7734 6.2502 1.9892 51.9675 -4.5747 -2.3665
Car -1 -1 -3.9296 945.3661 190.7517 1022.4656 221.8750 1.4723 1.4791 3.4734 19.0222 2.4156 36.8003 -3.4565 -2.7080
Car -1 -1 -4.4031 269.8267 179.2629 316.0169 204.8607 1.4929 1.5845 3.6790 -19.7256 1.9088 44.9474 -4.8148 -3.2848
Car -1 -1 -7.9259 503.9643 170.2744 531.3229 197.7317 2.0114 1.7269 4.9427 -7.1686 1.8221 55.4502 -8.0543 -3.3102
Car -1 -1 -4.4852 822.0268 179.2766 860.0186 204.1138 1.5162 1.6014 3.5750 15.0448 1.9516 46.9999 -4.1777 -3.4400
Car -1 -1 -4.2947 160.0307 183.5709 223.1944 213.9633 1.5625 1.7011 3.6859 -23.3630 2.1904 40.3715 -4.8167 -3.5859
Car -1 -1 -7.2946 851.4231 179.0622 903.7612 202.2769 1.5371 1.6528 3.8563 18.7497 1.9879 50.5897 -6.9420 -3.6143
Car -1 -1 -5.1465 922.2266 190.8209 982.7831 222.5193 1.5756 1.5835 3.7234 18.7966 2.6138 39.8423 -4.7092 -3.6209
Car -1 -1 -3.2855 0.0000 185.2170 94.2814 229.3689 1.6092 1.5984 3.5308 -23.1991 2.1398 29.1543 -3.9534 -3.8095
Car -1 -1 -4.6241 803.4323 179.5829 833.5364 203.2819 1.5252 1.6669 3.8923 14.3759 2.0086 49.7538 -4.3448 -3.8527
Car -1 -1 -4.5017 454.1956 179.1694 490.3305 203.2976 1.5184 1.6535 3.5981 -9.1848 1.9557 48.1765 -4.6895 -3.9795
Car -1 -1 -4.9131 803.0352 181.9574 854.6056 214.0817 1.4903 1.7012 4.1550 11.0539 1.9818 36.8326 -4.6244 -4.0522
Car -1 -1 -4.9718 190.4782 185.6347 236.9363 210.4710 1.5373 1.7063 4.3779 -27.0161 2.4447 49.0717 -5.4730 -4.3401
Car -1 -1 -4.3902 334.9137 178.5370 374.2274 199.5907 1.5321 1.6480 4.0838 -19.6803 1.9865 55.6716 -4.7288 -4.4396
Car -1 -1 -5.6303 0.0000 187.9118 103.5649 229.2084 1.3989 1.6462 4.0127 -20.8417 1.9578 25.9318 -6.3024 -4.4532
Car -1 -1 -4.2715 642.3448 179.4024 686.2658 201.7453 1.6273 1.6773 4.4598 4.2548 2.1592 56.2846 -4.1969 -4.5124
Car -1 -1 -4.6535 581.5739 177.9086 614.6423 206.8226 1.6002 1.7260 4.0261 -0.6945 1.9133 42.6958 -4.6702 -4.5266
Car -1 -1 -4.7260 760.2550 181.8465 786.6548 206.3920 1.5569 1.6917 3.7396 11.0857 2.1952 49.2379 -4.5064 -4.6096
Car -1 -1 -4.7781 647.4302 179.5031 673.4987 201.9510 1.4508 1.5343 3.7745 3.4060 1.9254 49.6414 -4.7104 -4.6872
Car -1 -1 -5.0528 322.0594 178.3526 367.5922 202.6179 1.5066 1.6200 3.8941 -17.6052 1.8854 47.7296 -5.4046 -4.7049
Car -1 -1 -2.9262 427.3289 179.0791 484.8182 201.7308 1.6958 1.8133 4.0259 -11.8198 2.1817 55.4404 -3.1356 -4.7193
Car -1 -1 -4.1245 144.1876 188.8026 200.5102 212.4828 1.4618 1.5986 3.4524 -29.4897 2.5763 48.6736 -4.6670 -4.8207
Car -1 -1 -4.8475 553.7017 180.8066 583.4692 203.8322 1.5135 1.5838 3.8509 -2.9873 2.0965 50.8796 -4.9063 -4.8406
Car -1 -1 -7.5099 613.8097 178.4848 660.5427 205.4637 1.5352 1.5589 4.1374 1.6820 1.8970 44.1902 -7.4726 -4.8859
Car -1 -1 -2.5885 577.6016 177.9771 627.4700 196.2574 1.5135 1.6228 4.0698 -0.6824 1.9691 62.4611 -2.5998 -4.8948
Car -1 -1 -4.2874 611.5932 177.5807 647.1692 196.9169 1.5903 1.5905 3.9654 1.6906 2.0134 62.5143 -4.2609 -4.9291
Car -1 -1 -5.1477 560.6436 176.9262 608.3400 201.1668 1.4592 1.5263 3.9448 -1.7153 1.7317 46.2433 -5.1850 -5.1091
Car -1 -1 -4.9230 616.1054 180.2912 641.5429 197.7880 1.6315 1.7464 3.7705 1.8038 2.3838 71.0053 -4.8982 -5.1167
Car -1 -1 -2.4360 0.0000 177.3815 19.4820 357.1183 1.4681 1.6792 4.0547 -8.6826 1.5196 7.1050 -3.3024 -5.2430
Car -1 -1 -4.8873 831.0851 173.8938 864.4708 196.7493 1.6239 1.6637 4.0283 17.5750 1.7039 53.5689 -4.5723 -5.2468
Car -1 -1 -4.2540 281.9845 178.6185 344.8374 205.3857 1.4295 1.6127 4.3058 -17.0813 1.7798 41.6874 -4.6410 -5.2991
Car -1 -1 -4.7957 175.4345 186.3352 208.4296 210.8046 1.4318 1.5295 3.7972 -26.9521 2.3359 46.4136 -5.3195 -5.4073
Car -1 -1 -5.2154 615.0442 177.7723 663.4890 201.2557 1.5025 1.5307 4.0505 1.9151 1.8524 49.2213 -5.1772 -5.4519
Car -1 -1 -2.3294 0.0000 177.0166 29.3676 305.4116 1.4693 1.6525 4.2394 -10.2289 1.5269 9.1670 -3.1549 -5.4658
Car -1 -1 -4.9523 492.6249 177.7179 519.9005 193.7634 1.4389 1.6299 4.0647 -9.8590 1.9133 68.2233 -5.0956 -5.5610
Car -1 -1 -4.5641 342.6367 178.5453 374.4160 197.3331 1.4763 1.9071 4.1802 -20.9844 1.9690 60.2775 -4.8980 -5.5821
Car -1 -1 -4.3258 331.3186 180.0152 384.2834 205.2792 1.3633 1.5347 3.9526 -14.6778 1.8007 42.0916 -4.6597 -5.6705
Car -1 -1 -4.7804 720.8521 177.4389 751.2943 200.8607 1.4900 1.7376 4.1960 8.4709 1.8144 48.9281 -4.6104 -5.7405
Car -1 -1 -5.2478 348.9644 177.8092 391.1825 198.4355 1.7749 1.7075 4.2042 -21.6858 2.2355 65.0843 -5.5685 -5.7660
Car -1 -1 -4.9554 184.9340 183.4018 218.4128 201.6947 1.5021 1.7032 3.7937 -35.9637 2.4584 63.4761 -5.4693 -5.8162
Car -1 -1 -4.8950 663.7737 180.7256 689.1038 198.4773 1.6474 1.8044 3.7950 6.4578 2.4398 70.6835 -4.8047 -5.8244
Car -1 -1 -4.5205 723.5417 179.3701 753.6221 198.5228 1.4714 1.6832 4.0987 10.5490 2.0253 59.1535 -4.3453 -5.8286
Car -1 -1 -4.6818 134.5398 182.3514 158.0542 200.3650 1.5067 1.6485 4.0133 -41.6063 2.3871 64.7600 -5.2512 -5.8867
Car -1 -1 -4.6552 105.4448 182.8079 132.1996 201.7293 1.4881 1.6419 4.0076 -41.6063 2.3608 61.1413 -5.2508 -5.8867
Car -1 -1 -4.6358 83.8487 183.5797 113.3592 203.8026 1.5220 1.6510 4.0137 -41.6057 2.4266 58.7270 -5.2502 -5.8867
Car -1 -1 -2.8965 559.0324 175.3837 614.4059 193.9953 1.3743 1.5116 3.9514 -1.7829 1.5700 54.7493 -2.9292 -6.0711
Car -1 -1 -4.3685 0.0000 185.4280 0.0000 254.8070 1.4443 1.6786 4.4570 -18.3342 1.8035 18.2557 -5.1487 -6.0728
