Car -1 -1 -7.7340 507.6600 177.9679 554.3633 211.7854 1.4171 1.6667 3.7356 -3.5597 1.6617 32.6806 -7.8421 6.7500
Car -1 -1 -4.1179 0.0000 192.1199 129.1572 272.3468 1.3304 1.6384 4.1463 -12.2045 1.7907 15.1178 -4.7886 6.1217
Car -1 -1 -7.8016 567.2135 181.1423 621.6032 226.5806 1.3302 1.5947 3.4723 -0.4917 1.6203 23.5246 -7.8230 4.9731
Car -1 -1 -4.2126 170.1544 177.4521 226.2489 205.1195 1.7956 1.7547 3.7268 -28.1124 2.1216 49.3292 -4.7285 -0.1604
Car -1 -1 -4.7338 418.5174 176.2329 437.6951 193.4276 1.5122 1.6267 3.7004 -16.7418 1.8315 66.2428 -4.9807 -1.7508
Car -1 -1 -7.1194 369.0678 178.0593 423.8620 200.5094 1.4520 1.5876 3.6253 -14.6505 1.8235 49.5618 -7.4056 -1.8828
Car -1 -1 -4.3401 170.9674 185.9873 230.1920 214.4370 1.4277 1.5767 3.7977 -22.6746 2.1924 40.0379 -4.8527 -2.5853
Car -1 -1 -3.4741 826.0778 185.0295 894.5597 211.4177 1.5704 1.6515 3.6520 15.3765 2.3356 44.5355 -3.1442 -3.0463
Car -1 -1 -4.7353 358.7553 175.8634 385.5696 199.6993 1.5475 1.6563 4.0415 -16.4039 1.7631 49.5767 -5.0536 -3.1838
Car -1 -1 -2.4334 310.6929 174.3519 372.8735 198.2146 1.6746 1.6863 4.1230 -19.4792 1.7861 52.3292 -2.7883 -3.3769
Car -1 -1 -4.5625 215.1699 183.5677 254.4446 210.1844 1.5545 1.6376 3.9951 -23.9098 2.2696 46.0285 -5.0395 -3.4806
Car -1 -1 -7.7886 506.0308 172.0222 529.3848 190.9603 1.4783 1.6402 3.5382 -7.4340 1.4131 58.1405 -7.9155 -3.9402
Car -1 -1 -4.8939 539.6910 176.6240 576.5558 202.7324 1.5515 1.6281 3.9582 -3.3573 1.8006 45.6110 -4.9674 -4.0119
Car -1 -1 -4.1469 124.3086 187.9724 201.2135 219.7150 1.4628 1.5946 3.7115 -22.8115 2.2747 36.8967 -4.6976 -4.2390
Car -1 -1 -4.7655 763.5086 176.5591 783.7211 195.6650 1.6916 1.6164 3.6805 15.0511 2.0433 66.5902 -4.5446 -4.2472
Car -1 -1 -6.3541 456.1181 177.1015 513.5293 199.7406 1.5811 1.6667 3.9805 -9.0930 1.8955 52.1635 -6.5262 -4.3172
Car -1 -1 -4.3234 614.4232 174.4248 651.5778 195.8599 1.7574 1.6981 4.2483 1.9858 1.8965 61.7757 -4.2918 -4.3652
Car -1 -1 -4.1489 621.0068 178.4586 668.6174 199.6408 1.4637 1.6438 3.9497 2.5676 1.8917 53.0517 -4.1013 -4.4945
Car -1 -1 -7.7488 585.9003 178.6289 614.7915 202.4538 1.5564 1.6639 3.1859 -0.6653 1.9665 49.6047 -7.7626 -4.5445
Car -1 -1 -4.6979 672.5139 180.4398 692.5505 199.7043 1.4348 1.5291 3.6907 5.7427 2.0558 57.1735 -4.5987 -4.6435
Car -1 -1 -4.0672 348.6263 177.8138 413.0272 205.2065 1.4808 1.5871 3.8007 -13.2468 1.7820 41.8060 -4.3726 -4.6835
Car -1 -1 -7.7121 574.2490 175.2272 623.2627 210.6728 1.5112 1.7010 4.0218 -0.4943 1.6268 33.1456 -7.7274 -4.7139
Car -1 -1 -4.5333 320.3519 177.8456 355.7103 201.1103 1.4801 1.5958 3.7035 -18.3454 1.8304 48.7122 -4.8920 -4.9091
Car -1 -1 -4.2264 216.0132 180.0467 269.3725 202.3972 1.4625 1.6177 4.0629 -25.7021 1.9867 50.5742 -4.6947 -4.9174
Car -1 -1 -4.9281 691.5029 176.1387 731.8979 203.7749 1.5189 1.5926 3.5266 5.8231 1.7177 41.9096 -4.7915 -4.9640
Car -1 -1 -2.6500 382.1672 177.8088 464.5920 205.4009 1.4693 1.4985 4.2282 -10.3946 1.7528 40.0934 -2.9025 -5.0187
Car -1 -1 -7.0912 0.0000 181.1239 138.4114 244.2277 1.5542 1.8070 4.4331 -16.0751 1.8172 20.6751 -7.7459 -5.0489
Car -1 -1 -4.8211 541.1290 177.2732 578.4575 207.9063 1.5712 1.6105 4.0637 -2.8532 1.8276 39.7710 -4.8927 -5.1173
Car -1 -1 -4.5449 346.1184 176.9804 385.6142 201.0961 1.4445 1.7022 4.2806 -15.6165 1.7215 46.2361 -4.8691 -5.1749
Car -1 -1 -4.7178 468.8877 179.8328 488.1650 198.5273 1.4796 1.5404 3.3903 -11.0149 2.0796 60.2636 -4.8982 -5.2682
Car -1 -1 -4.5052 716.3847 177.3807 748.6293 200.1189 1.4997 1.4965 3.7032 8.5551 1.8280 50.3817 -4.3385 -5.3680
Car -1 -1 -4.6146 249.9570 181.3692 287.2345 205.5423 1.3849 1.6765 4.5895 -21.5011 1.9504 45.5021 -5.0540 -5.3894
Car -1 -1 -4.9325 377.1693 174.3533 415.1818 197.1992 1.4236 1.6583 3.4879 -14.0325 1.5252 47.1396 -5.2206 -5.5710
Car -1 -1 -5.2354 804.2750 178.1584 842.6696 194.3667 1.4422 1.6391 4.0649 19.9877 1.9562 67.7891 -4.9502 -5.5817
Car -1 -1 -7.8163 567.5146 173.7353 619.4216 219.1509 1.6218 1.8544 4.0157 -0.6119 1.6580 27.8658 -7.8387 -5.6255
Car -1 -1 -4.5215 403.9893 175.4353 439.3953 201.6747 1.6857 1.5666 4.1090 -12.7343 1.8678 48.8673 -4.7755 -5.7189
Car -1 -1 -4.2742 614.3619 175.2606 663.3906 198.8179 1.4658 1.5757 4.2627 1.9243 1.6318 47.6116 -4.2345 -5.8855
Car -1 -1 -8.6433 0.0000 0.0000 1048.7518 374.0000 1.5445 1.5900 3.8047 1.1139 1.5961 1.0041 -7.9393 -5.8867
Car -1 -1 -7.1460 51.3511 0.0000 1241.0000 374.0000 1.5451 1.5906 3.8045 -1.2982 1.6241 1.0036 -7.9392 -5.8867
Car -1 -1 -3.5048 0.0000 188.7741 0.0000 374.0000 1.4914 1.6029 3.9532 -7.0821 1.5908 2.5308 -4.6975 -5.8867
Car -1 -1 -4.2965 0.0000 181.9426 0.0000 264.6910 1.4371 1.5941 3.8240 -15.1721 1.6525 15.0559 -5.0769 -5.8973
Car -1 -1 -5.0828 675.2633 177.4196 720.8752 198.8172 1.4258 1.6964 4.5245 6.1935 1.7666 51.5063 -4.9642 -6.0309
Car -1 -1 -4.6393 0.0000 185.7101 0.0000 339.2812 1.4004 1.7558 4.1658 -9.2902 1.6005 9.0930 -5.4208 -6.1475
Car -1 -1 -4.3336 646.8591 172.8114 690.8779 197.7392 1.5059 1.4926 3.7594 3.7277 1.5030 45.6044 -4.2530 -6.4801
