Car -1 -1 -7.8222 581.0944 182.5050 614.4742 211.8531 1.3689 1.5863 3.6495 -0.6191 1.8841 36.6993 -7.8396 4.5988
Car -1 -1 -7.7888 532.4193 181.8273 562.3100 206.1902 1.4461 1.6672 3.6469 -3.9912 2.0410 46.0239 -7.8753 3.9505
Car -1 -1 -4.4328 320.9409 179.1108 361.0168 202.5616 1.6237 1.6277 4.3866 -19.8795 2.1060 53.4068 -4.7878 -0.0592
Car -1 -1 -4.6636 519.8639 183.6456 538.6699 199.7932 1.4506 1.6120 3.9749 -7.7773 2.5212 69.5691 -4.7749 -1.6511
Car -1 -1 -4.3085 285.4853 182.4364 334.8780 206.4631 1.4717 1.6099 3.8973 -19.7947 2.1312 47.7178 -4.7001 -1.9306
Car -1 -1 -5.0027 738.0551 184.4108 764.9670 201.3030 1.5671 1.6267 3.6613 13.9601 2.7415 71.4398 -4.8110 -2.1188
Car -1 -1 -4.8933 836.9487 172.8312 870.4729 197.7156 1.8031 1.6771 4.0615 18.3001 1.8012 54.4120 -4.5709 -2.4882
Car -1 -1 -7.7851 508.5905 171.8155 534.0084 199.2785 2.1196 1.7255 4.4509 -7.1115 2.0391 57.9562 -7.9071 -2.4918
Car -1 -1 -5.0428 975.9974 188.5775 1033.3594 218.6084 1.5118 1.6354 3.8774 22.0409 2.4389 40.5115 -4.5482 -2.7794
Car -1 -1 -4.5853 404.0332 180.6246 428.8604 198.9487 1.4925 1.6182 3.6740 -16.7124 2.1843 62.3350 -4.8465 -3.2970
Car -1 -1 -7.5638 0.0000 192.3199 46.2929 241.5008 1.3419 1.5593 3.6284 -19.7294 2.0215 23.2253 -8.2624 -3.3571
Car -1 -1 -7.6882 807.4702 183.0684 839.5212 205.5503 1.4269 1.5367 3.6674 14.6693 2.1567 49.5859 -7.4027 -3.5731
Car -1 -1 -4.8651 787.9196 183.4180 819.0176 205.9662 1.5228 1.5973 3.9487 14.0555 2.3240 52.6961 -4.6064 -3.6580
Car -1 -1 -2.8212 149.9915 185.9312 246.8706 217.8060 1.5544 1.7031 4.0326 -21.2990 2.2544 37.4154 -3.3359 -3.8260
Car -1 -1 -8.0711 932.1085 188.1272 979.1070 221.0493 1.6445 1.5821 3.5742 18.9345 2.5260 39.7397 -7.6300 -3.8433
Car -1 -1 -4.7912 669.0713 183.9759 690.9860 203.1984 1.5916 1.6504 3.3405 6.1016 2.5941 63.3726 -4.6962 -3.9585
Car -1 -1 -4.0566 0.0000 203.2117 46.2551 246.9547 1.5616 1.6250 3.8827 -26.1220 2.9270 30.4828 -4.7609 -4.0587
Car -1 -1 -5.0019 711.6027 181.1839 751.6423 204.5533 1.4589 1.6020 3.8762 8.0935 2.0419 48.5085 -4.8381 -4.1476
Car -1 -1 -4.7410 353.5781 178.0524 381.6068 201.6125 1.6313 1.8388 4.5904 -18.0464 2.0344 53.5221 -5.0650 -4.2525
Car -1 -1 -5.6592 967.4154 191.7134 1050.7169 223.9702 1.5071 1.6866 3.5003 20.8666 2.5488 37.9253 -5.1602 -4.3841
Car -1 -1 -4.5376 752.2045 184.1910 795.8546 213.4245 1.4055 1.5788 4.2450 8.8112 2.0490 38.7084 -4.3160 -4.4051
Car -1 -1 -4.9064 760.0346 183.3917 801.0784 211.4284 1.5243 1.6526 3.7189 9.9639 2.1727 42.5324 -4.6784 -4.4304
Car -1 -1 -5.2456 729.2875 183.8859 765.6522 202.2165 1.6490 1.6527 3.9684 13.2082 2.7462 69.6387 -5.0594 -4.4772
Car -1 -1 -4.8739 370.7026 179.0008 400.7844 200.0634 1.5910 1.6615 4.1634 -18.0974 2.1042 58.0417 -5.1752 -4.5510
Car -1 -1 -4.2797 83.8989 189.1815 155.3976 218.5517 1.5019 1.7226 4.4114 -28.3186 2.4995 41.7849 -4.8725 -4.7053
Car -1 -1 -4.7597 581.2940 180.5758 616.5931 211.0831 1.5644 1.7554 4.4007 -0.7088 2.0204 40.3925 -4.7777 -4.7610
Car -1 -1 -4.9549 606.9531 183.7733 631.6614 200.5849 1.4978 1.4902 3.7757 0.8402 2.5707 68.9034 -4.9432 -4.8357
Car -1 -1 -4.7286 756.2563 178.5126 778.3491 199.1202 1.9155 2.0336 4.7200 15.4128 2.4914 70.9603 -4.5161 -5.0264
Car -1 -1 -4.0709 220.8430 186.4130 272.9275 208.5645 1.4677 1.5748 3.4835 -26.1075 2.4781 51.9302 -4.5350 -5.1198
Car -1 -1 -4.7886 129.5076 189.1311 168.8536 219.2136 1.6749 1.7343 4.5213 -28.8245 2.7429 45.0233 -5.3557 -5.1669
Car -1 -1 -4.4040 338.4846 179.8697 376.4906 201.1251 1.5711 1.6474 4.1208 -19.8470 2.1433 56.7897 -4.7391 -5.2297
Car -1 -1 -4.6300 534.8794 180.1113 556.5570 196.3564 1.5100 1.7820 4.3248 -6.3269 2.2474 71.1727 -4.7187 -5.2301
Car -1 -1 -4.6904 385.6590 184.3099 405.1712 201.6674 1.5739 1.7391 4.2589 -21.0215 2.7328 70.7245 -4.9786 -5.2667
Car -1 -1 -4.6402 633.6445 182.4231 659.3727 205.9773 1.3998 1.3971 3.5985 2.3376 2.0379 46.2697 -4.5906 -5.2943
Car -1 -1 -5.2146 838.2831 182.3679 889.7941 208.6130 1.5008 1.5213 3.4143 15.5361 2.1096 44.3840 -4.8805 -5.3601
Car -1 -1 -5.0489 425.6218 179.8555 470.3229 205.8194 1.7336 1.7425 4.4923 -11.7121 2.2592 51.8210 -5.2705 -5.4021
Car -1 -1 -5.0025 629.5014 181.6345 664.5228 203.4852 1.4588 1.5676 3.4543 2.5766 2.1083 51.5328 -4.9533 -5.5195
Car -1 -1 -4.9777 737.3688 180.2674 785.5859 208.8940 1.6803 1.8212 4.6951 9.5455 2.1772 45.9948 -4.7749 -5.6085
Car -1 -1 -4.7077 390.6882 183.1419 415.0499 206.0085 1.5281 1.6321 3.7968 -14.9760 2.3000 52.1093 -4.9865 -5.6497
Car -1 -1 -4.1729 201.1736 183.8577 245.9229 202.4918 1.5923 1.7764 4.0717 -35.4102 2.6331 66.1884 -4.6627 -5.6858
Car -1 -1 -4.8865 576.4256 179.2875 614.3095 205.7336 1.6560 1.7984 4.4679 -1.0729 2.1110 48.6987 -4.9089 -5.7330
Car -1 -1 -4.2260 180.2764 185.2815 235.6259 207.8943 1.4613 1.6557 4.1740 -28.3919 2.3764 51.0427 -4.7317 -5.7819
Car -1 -1 -4.2571 171.9125 184.4010 235.3517 211.5771 1.4315 1.6233 3.9361 -23.4461 2.1310 41.7221 -4.7666 -5.8291
Car -1 -1 -4.9198 632.4559 180.6134 658.9361 196.7883 1.4318 1.6626 4.2006 3.3176 2.1886 68.1947 -4.8718 -5.8753
Car -1 -1 -4.9405 693.1421 179.5870 727.0260 201.5955 1.5443 1.6327 4.0191 7.4124 2.0670 53.9750 -4.8052 -5.8829
Car -1 -1 -4.6822 134.5653 182.1562 158.0235 200.0118 1.4943 1.6458 4.0121 -41.6066 2.3565 64.7599 -5.2516 -5.8867
Car -1 -1 -7.3169 149.0043 0.0000 1241.0000 374.0000 1.5488 1.5936 3.8077 -0.9081 1.6275 0.9960 -7.9398 -5.8867
Car -1 -1 -4.6661 115.5305 183.3347 141.1035 202.2036 1.5120 1.6486 4.0103 -41.6046 2.4484 62.3424 -5.2528 -5.8867
Car -1 -1 -4.5238 581.8436 180.8994 607.0295 197.5725 1.4775 1.6614 3.9805 -1.4569 2.2596 68.0671 -4.5455 -5.8867
Car -1 -1 -4.6977 152.1561 181.8564 173.7971 199.1186 1.5022 1.6492 4.0156 -41.6068 2.3668 67.1750 -5.2506 -5.8867
Car -1 -1 -4.4656 421.8120 179.9852 455.3942 199.9431 1.4339 1.5871 3.9329 -13.1023 1.9990 55.2294 -4.6978 -5.8867
Car -1 -1 -4.4317 394.5583 180.7262 430.0770 200.9312 1.4479 1.5918 3.9385 -15.1121 2.0718 55.2311 -4.6979 -5.8867
Car -1 -1 -5.9100 0.0000 0.0000 1241.0000 374.0000 1.5232 1.6131 3.9651 5.3711 1.5601 1.7161 -4.6976 -5.8867
Car -1 -1 -6.7849 0.0000 0.0000 1241.0000 374.0000 1.5526 1.5907 3.8059 -2.9051 1.6724 1.0033 -7.9390 -5.8867
Car -1 -1 -4.2819 0.0000 183.1093 0.0000 250.7184 1.4801 1.6427 4.2275 -19.1630 1.7785 18.7512 -5.0711 -6.1251
Car -1 -1 -3.3748 811.0078 174.4937 927.4888 209.5309 1.7569 1.9066 5.4020 13.3452 1.8447 37.5283 -3.0362 -6.1630
Car -1 -1 -4.1676 271.2547 179.2436 328.6315 203.6491 1.9282 2.0659 5.2022 -26.2056 2.4935 61.1504 -4.5712 -6.2019
Car -1 -1 -4.6532 297.8387 183.5165 325.2717 203.4314 1.4268 1.7178 4.7173 -23.5118 2.3043 56.8926 -5.0437 -6.4109
Car -1 -1 -4.9770 320.3339 181.7968 353.8506 200.2848 1.3840 1.5987 3.7205 -21.9517 2.1259 57.9032 -5.3381 -7.1023
