Car -1 -1 -7.7067 505.9674 178.5132 553.3778 211.9252 1.3943 1.6096 3.6487 -3.6116 1.6641 32.5902 -7.8167 6.8839
Car -1 -1 -7.8680 568.2042 180.5816 621.3514 225.4365 1.3526 1.6505 3.5303 -0.5886 1.6304 24.1721 -7.8929 4.4973
Car -1 -1 -4.3722 252.8801 182.9100 330.5750 220.1439 1.3370 1.6316 3.9144 -12.7298 1.7689 29.0034 -4.7827 3.6189
Car -1 -1 -7.1178 742.1909 178.6326 779.2056 197.3055 1.5666 1.5604 2.9915 13.1370 2.0828 62.9819 -6.9136 0.8269
Car -1 -1 -3.9026 168.9847 183.3583 262.6566 218.5095 1.4878 1.6552 3.7330 -18.3992 2.0089 33.7838 -4.3983 -2.3747
Car -1 -1 -8.6913 832.4073 181.6188 911.3779 211.6424 1.5013 1.6651 3.9521 14.2107 2.0062 39.4594 -8.3485 -2.7507
Car -1 -1 -4.5988 419.7658 172.5740 445.3177 191.4776 1.6116 1.7019 4.4344 -15.6790 1.5875 63.8219 -4.8390 -2.7952
Car -1 -1 -4.9062 702.8043 177.9795 726.7794 195.8817 1.6760 1.6775 3.4202 10.1638 2.1876 70.3050 -4.7636 -2.9849
Car -1 -1 -4.5954 878.8536 175.9056 909.1922 199.3354 1.5802 1.5724 3.9065 20.1919 1.8057 51.3020 -4.2228 -3.8704
Car -1 -1 -3.9244 195.2824 177.6621 270.2002 206.3849 1.6405 1.7142 4.0153 -23.0138 1.9487 44.1124 -4.4030 -4.0143
Car -1 -1 -4.8497 624.0329 172.0782 644.5267 188.7708 1.6111 1.5677 3.4286 2.3620 1.5360 71.4288 -4.8171 -4.0201
Car -1 -1 -4.7977 783.6157 177.4887 805.7073 195.4589 1.6043 1.6743 3.7853 17.2115 2.0502 67.4533 -4.5493 -4.0313
Car -1 -1 -4.4415 363.9750 173.3062 396.5879 192.9566 1.5676 1.6291 3.7085 -18.9354 1.6057 59.5278 -4.7485 -4.0406
Car -1 -1 -4.8607 327.0308 177.0826 366.3630 204.7303 1.4726 1.5969 3.4959 -15.0060 1.7234 40.9334 -5.2103 -4.0574
Car -1 -1 -7.8932 567.9788 174.3214 619.4062 220.1135 1.6139 1.7926 3.9387 -0.7367 1.6738 27.5838 -7.9203 -4.0791
Car -1 -1 -2.6303 300.0484 174.9051 367.7564 198.8209 1.5975 1.6992 4.0254 -18.9582 1.7412 49.5277 -2.9943 -4.0910
Car -1 -1 -7.1103 887.2526 180.5506 952.4973 208.0229 1.5607 1.6095 3.5708 18.5536 2.0378 43.2845 -6.7083 -4.0989
Car -1 -1 -4.8688 539.8722 176.8708 584.5397 208.4981 1.4969 1.6762 3.8745 -2.5268 1.7128 36.7525 -4.9374 -4.0994
Car -1 -1 -6.1457 857.1806 182.7146 933.9976 214.1289 1.5081 1.6589 3.4935 14.6795 2.0378 37.2045 -5.7732 -4.2420
Car -1 -1 -4.9732 288.6594 178.5259 336.8606 205.1220 1.4766 1.6501 4.1487 -17.8405 1.8322 43.1269 -5.3635 -4.2755
Car -1 -1 -5.1046 672.3479 176.8896 714.4856 200.5148 1.5129 1.5313 3.6902 5.5717 1.7970 48.8679 -4.9922 -4.3165
Car -1 -1 -4.9140 531.5899 176.5296 572.9531 200.8860 1.4704 1.7454 4.7785 -3.8417 1.7217 46.8625 -4.9958 -4.3166
Car -1 -1 -7.9588 516.2932 170.6807 539.6968 188.3127 1.5446 1.7109 3.7936 -7.4645 1.3539 65.2434 -8.0726 -4.3305
Car -1 -1 -4.9364 617.9033 174.7092 645.9199 195.0104 1.6974 1.6273 3.7832 1.8475 1.8635 62.7079 -4.9074 -4.3396
Car -1 -1 -7.4279 507.4814 174.1954 553.1227 198.8409 1.5673 1.6159 3.7650 -5.3024 1.6603 48.1481 -7.5374 -4.7012
Car -1 -1 -4.7896 623.8096 178.4970 648.9547 199.4565 1.4651 1.5660 3.7375 1.8895 1.8970 53.3595 -4.7548 -4.7885
Car -1 -1 -4.4544 250.2827 177.3518 294.3249 203.1367 1.5845 1.6434 3.9695 -22.0463 1.8914 47.1708 -4.8897 -4.8072
Car -1 -1 -4.7471 547.3307 177.5679 577.3266 208.4745 1.5989 1.5134 3.9090 -2.7171 1.8729 39.9661 -4.8150 -4.8652
Car -1 -1 -4.2199 488.5083 175.1334 531.4094 197.2016 1.5628 1.5177 3.8473 -7.4141 1.7383 53.5910 -4.3570 -5.1054
Car -1 -1 -4.6827 651.4835 174.2387 671.7584 191.4303 1.4012 1.6000 4.1928 4.3907 1.5227 61.3233 -4.6119 -5.3421
Car -1 -1 -4.6350 390.1723 176.2943 419.6188 197.1947 1.3613 1.6309 4.3288 -14.2063 1.6104 50.0290 -4.9105 -5.3689
Car -1 -1 -4.4691 312.4773 178.1149 356.5836 202.6139 1.4437 1.6632 4.0751 -17.3606 1.7910 45.5526 -4.8316 -5.4001
Car -1 -1 -7.7685 579.8420 174.5754 619.6611 204.5795 1.4625 1.7388 3.9261 -0.5185 1.5563 37.4223 -7.7828 -5.4659
Car -1 -1 -4.3078 411.3778 177.8670 443.8470 194.2277 1.5271 1.6530 3.9772 -17.8554 2.0327 70.7254 -4.5545 -5.4977
Car -1 -1 -8.3267 801.2331 174.2806 858.7910 209.7542 1.9850 1.6976 3.7800 12.8702 2.0729 42.5501 -8.0355 -5.5013
Car -1 -1 -2.1166 0.0000 187.9700 0.0000 368.8106 1.4681 1.6979 4.3770 -8.9449 1.6436 7.2232 -2.9898 -5.5201
Car -1 -1 -4.1908 403.8256 177.0083 467.8420 203.0094 1.3671 1.5984 4.2993 -9.8416 1.6157 40.9553 -4.4255 -5.5763
Car -1 -1 -4.8695 762.3801 174.8472 792.7076 201.1189 1.9687 1.7069 3.8987 13.0209 2.1297 56.3758 -4.6441 -5.6044
Car -1 -1 -5.1509 678.5339 178.4328 713.8248 194.8099 1.5249 1.7753 4.3301 8.4311 2.0925 71.1091 -5.0338 -5.6175
Car -1 -1 -7.3176 0.0000 175.0291 26.0082 269.6526 1.6152 1.8319 4.5269 -14.3999 1.6669 14.8379 -8.0790 -5.6237
Car -1 -1 -4.6075 36.8693 185.1557 106.7407 229.4225 1.4047 1.6016 4.0300 -19.5082 1.8882 26.2311 -5.2422 -5.6530
Car -1 -1 -5.1955 798.8091 178.2012 835.6323 194.9098 1.4966 1.6548 4.0204 19.5006 2.0170 68.1321 -4.9183 -5.8392
Car -1 -1 -4.3843 724.8558 177.0208 760.4886 196.1837 1.4697 1.5759 4.2104 10.7711 1.8202 58.5269 -4.2036 -5.8861
Car -1 -1 -4.4256 386.4653 177.3198 428.3116 199.7460 1.3685 1.5677 3.9068 -13.1120 1.6698 46.7753 -4.6978 -5.8867
Car -1 -1 -3.5047 0.0000 189.9902 0.0000 374.0000 1.4947 1.6040 3.9545 -7.0821 1.6017 2.5306 -4.6975 -5.8867
Car -1 -1 -8.1633 0.0000 0.0000 853.2321 374.0000 1.5428 1.5893 3.8038 0.3099 1.5996 1.0041 -7.9392 -5.8867
Car -1 -1 -8.9130 0.0000 0.0000 1241.0000 374.0000 1.5442 1.5898 3.8041 1.9179 1.5879 1.0036 -7.9392 -5.8867
Car -1 -1 -4.7869 401.6955 172.7332 425.8832 189.4933 1.4094 1.7488 3.8328 -17.1197 1.3989 62.7742 -5.0523 -5.9729
Car -1 -1 -4.6960 742.0170 180.6920 761.3735 198.3013 1.5135 1.6796 3.9103 12.9546 2.2524 65.9601 -4.5034 -6.0239
Car -1 -1 -5.5715 0.0000 179.5254 7.9780 321.8475 1.5953 1.8223 4.5824 -11.0806 1.6934 9.4247 -6.4234 -6.4119
Car -1 -1 -5.3124 0.0000 188.7465 20.4641 311.5757 1.6555 1.8551 4.4580 -12.1171 1.9330 11.3348 -6.1193 -6.4774
