Car -1 -1 -7.7132 455.7433 184.1894 532.3391 242.0541 1.4957 1.7112 3.7462 -3.3683 1.8593 21.2753 -7.8690 7.4475
Car -1 -1 -7.5613 333.0537 185.5203 427.5165 240.1851 1.3955 1.6245 3.6858 -6.6543 1.7985 21.1271 -7.8633 6.7950
Car -1 -1 -7.7763 540.7630 181.3012 568.0536 202.3422 1.4055 1.6654 3.6519 -3.9632 2.0293 51.4889 -7.8532 2.9457
Car -1 -1 -7.8147 512.8807 178.4678 531.8333 194.9330 1.4436 1.5897 3.7731 -8.0775 1.9761 66.5325 -7.9354 -1.7044
Car -1 -1 -7.9491 522.0197 177.3306 542.2261 193.4780 1.5238 1.6243 3.8190 -7.7327 1.9781 71.2502 -8.0572 -1.7920
Car -1 -1 -6.4562 707.4558 188.4618 851.4538 240.3151 1.4225 1.5748 3.8969 4.8427 1.8999 21.2033 -6.2355 -2.3622
Car -1 -1 -3.0571 424.6598 178.8576 501.4178 207.8928 1.5351 1.5988 4.0065 -8.0483 1.8728 39.5959 -3.2567 -2.4242
Car -1 -1 -2.9869 679.6078 185.9846 794.4113 232.6026 1.4806 1.5883 3.7251 4.3703 1.9602 25.0223 -2.8168 -2.6792
Car -1 -1 -3.1489 749.6761 186.8769 822.2605 214.2066 1.5260 1.6487 4.1098 10.3829 2.3833 42.8580 -2.9135 -3.1969
Car -1 -1 -8.1282 645.3041 181.3593 679.4134 202.9221 1.4979 1.5825 3.6802 3.8237 2.1530 53.6334 -8.0580 -3.3995
Car -1 -1 -4.7518 318.9247 181.3915 362.3193 219.0287 1.4180 1.5500 3.6877 -11.3202 1.7974 30.0913 -5.1090 -3.4091
Car -1 -1 -4.5466 320.6994 178.5884 343.5569 194.7204 1.5293 1.5643 3.4632 -27.5521 2.1125 71.5716 -4.9131 -3.5368
Car -1 -1 -4.9674 737.9621 185.1850 767.2275 204.2913 1.6330 1.6536 4.1005 13.0752 2.8046 66.4752 -4.7746 -3.5569
Car -1 -1 -4.4333 332.3249 176.6092 358.0190 193.4197 1.6096 1.5438 3.2908 -26.2461 1.9904 71.5409 -4.7840 -4.0588
Car -1 -1 -4.5179 282.8739 183.0413 345.5789 224.0509 1.3939 1.5136 3.6696 -11.2071 1.8084 27.4351 -4.9027 -4.1078
Car -1 -1 -4.7218 232.6471 181.5072 264.2192 209.2243 1.4869 1.5805 3.9545 -21.1700 2.0176 42.1518 -5.1850 -4.1582
Car -1 -1 -8.0089 751.3917 183.7529 802.3379 221.9360 1.5211 1.5898 3.8672 7.2546 2.0319 31.8569 -7.7877 -4.3154
Car -1 -1 -7.9262 759.5146 185.5162 797.8995 216.7308 1.4444 1.6290 3.7572 8.5529 2.1277 36.9744 -7.7012 -4.4778
Car -1 -1 -8.1136 644.9662 180.6495 730.5968 238.0023 1.4582 1.5712 3.4827 2.0865 1.7014 20.6918 -8.0154 -4.5513
Car -1 -1 -4.7521 403.0326 182.7052 425.7743 202.9545 1.4422 1.5378 3.5030 -14.9994 2.2208 55.1427 -5.0169 -4.5966
Car -1 -1 -7.9060 319.0692 178.8571 351.0238 206.6082 1.6092 1.6555 3.9344 -17.1756 2.0002 44.8962 -8.2697 -4.6041
Car -1 -1 -5.1799 525.5862 178.4165 559.9547 195.6517 1.5316 1.6958 3.7335 -6.3336 2.0670 67.4614 -5.2735 -4.6980
Car -1 -1 -4.7412 631.2837 185.4764 660.8802 209.9429 1.4142 1.7541 4.5373 2.2371 2.2647 46.3488 -4.6939 -4.7699
Car -1 -1 -7.5096 340.0585 179.9904 411.1489 218.1361 1.4695 1.6564 3.8077 -9.8426 1.7894 30.4485 -7.8202 -4.8969
Car -1 -1 -4.4926 655.1140 185.4336 691.1115 209.2253 1.3818 1.6022 3.2423 3.9855 2.2074 45.5843 -4.4066 -5.0629
Car -1 -1 -3.9274 93.2947 180.1421 170.5177 204.5673 1.5803 1.6042 4.7843 -33.4968 2.1172 50.6823 -4.5092 -5.1027
Car -1 -1 -5.1108 403.5147 181.1101 444.4098 203.6917 1.5440 1.6399 3.5464 -13.6276 2.1678 52.6371 -5.3633 -5.1161
Car -1 -1 -4.9209 780.0997 188.5768 904.3115 271.3071 1.4512 1.6707 4.0444 4.7668 1.8348 15.5332 -4.6294 -5.1345
Car -1 -1 -6.7878 935.5033 192.6882 993.5594 214.0052 1.6145 1.6315 3.8234 28.0784 3.2133 57.2589 -6.3346 -5.1965
Car -1 -1 -4.8715 356.7262 178.3004 381.8349 194.9546 1.4499 1.5945 3.8669 -22.1515 1.9655 66.2621 -5.1932 -5.2674
Car -1 -1 -4.8847 2.6198 183.0030 50.3672 207.1181 1.5615 1.8939 4.3640 -41.0419 2.3043 50.6822 -5.5630 -5.3007
Car -1 -1 -4.4342 32.6043 182.5101 76.1805 203.7577 1.4153 1.5488 3.5768 -39.8446 2.1341 51.7808 -5.0877 -5.4245
Car -1 -1 -4.7428 316.1698 179.4446 341.4284 199.9324 1.4883 1.7050 4.0597 -21.8918 2.0199 56.0317 -5.1140 -5.5194
Car -1 -1 -4.5147 352.3938 177.8898 395.0981 201.7647 1.3449 1.6760 4.1194 -14.2780 1.6645 43.6913 -4.8291 -5.5867
Car -1 -1 -4.6651 179.3500 179.8579 206.5792 198.8792 1.4262 1.6767 4.8631 -33.8016 2.0186 58.5196 -5.1871 -5.6194
Car -1 -1 -4.7498 106.8782 182.4097 134.6148 203.8549 1.5836 1.6737 4.3282 -39.0531 2.3748 57.5192 -5.3443 -5.7474
Car -1 -1 -7.8032 935.8642 188.2519 957.9954 205.7093 1.3044 1.4807 3.2993 27.4942 2.5995 58.8985 -7.3689 -5.8192
Car -1 -1 -4.5776 915.0566 192.8177 955.4968 218.0054 1.3453 1.7125 4.4196 20.0932 2.6424 44.5602 -4.1571 -5.8432
Car -1 -1 -4.7295 968.6014 194.2871 996.8138 216.6532 1.2867 1.5596 3.5279 24.2731 2.7436 47.1288 -4.2571 -5.8460
Car -1 -1 -4.7219 72.8613 182.0903 99.4196 201.4923 1.4119 1.6391 4.0619 -41.1659 2.1638 56.6457 -5.3482 -5.8532
Car -1 -1 -4.8088 483.4460 178.7235 512.8773 201.0573 1.3938 1.5539 4.1256 -7.5669 1.8048 48.3709 -4.9635 -5.8608
Car -1 -1 -4.2518 358.5276 177.3485 417.9597 203.5330 1.4031 1.6268 4.0688 -12.7262 1.6749 41.5390 -4.5476 -5.8658
Car -1 -1 -8.0592 0.0000 0.0000 1083.7826 374.0000 1.5080 1.6037 3.8499 0.3251 1.5816 1.3703 -7.8744 -5.8867
Car -1 -1 -7.2107 155.7056 0.0000 1241.0000 374.0000 1.5082 1.6045 3.8503 -1.2830 1.5974 1.3703 -7.8745 -5.8867
Car -1 -1 -4.5247 0.0000 183.7604 0.0000 209.1221 1.5000 1.6435 4.0085 -41.6095 2.2374 46.6605 -5.2503 -5.8867
Car -1 -1 -4.1453 202.0067 180.1794 248.2294 197.6290 1.3823 1.5850 3.9087 -32.4260 2.0202 60.8554 -4.6332 -5.8867
Car -1 -1 -6.7846 0.0000 0.0000 1241.0000 374.0000 1.5632 1.5939 3.8090 -2.9048 1.7090 1.0021 -7.9389 -5.8867
Car -1 -1 -4.6880 143.4978 182.2869 166.1356 199.9063 1.5024 1.6483 4.0134 -41.6061 2.3927 65.9710 -5.2490 -5.8867
Car -1 -1 -4.6556 105.4929 181.8025 132.1382 200.3451 1.4632 1.6357 4.0087 -41.6082 2.2478 61.1430 -5.2512 -5.8867
Car -1 -1 -4.4565 0.0000 183.9459 0.0000 213.9382 1.5331 1.6562 4.0202 -41.6111 2.1904 40.6236 -5.2507 -5.8867
Car -1 -1 -4.6145 45.6654 181.6721 79.5791 202.5687 1.4660 1.6452 4.1053 -41.4285 2.1601 54.6395 -5.2610 -5.8867
Car -1 -1 -4.4987 0.0000 183.5549 0.0000 210.1752 1.4899 1.6416 4.0080 -41.6106 2.1776 44.2471 -5.2505 -5.8867
Car -1 -1 -4.4620 622.5385 180.8336 650.6259 198.1151 1.5259 1.6706 4.1585 2.5187 2.3022 67.9980 -4.4256 -5.8867
Car -1 -1 -4.6714 125.1778 182.0029 149.8261 200.2402 1.4977 1.6481 4.0169 -41.6073 2.3305 63.5576 -5.2493 -5.8867
Car -1 -1 -3.5045 0.0000 198.2466 0.0000 374.0000 1.5155 1.6103 3.9616 -7.0818 1.6743 2.5291 -4.6974 -5.8867
Car -1 -1 -4.3411 305.5090 179.4844 342.0742 196.7897 1.4662 1.6495 4.1721 -25.6838 2.0809 64.8259 -4.7171 -5.8961
Car -1 -1 -4.6552 588.7512 181.1641 609.2890 198.1213 1.4985 1.7033 4.1262 -1.0254 2.3046 67.9157 -4.6706 -5.9287
Car -1 -1 -4.8197 474.8675 178.6221 509.0622 204.3450 1.4834 1.6545 4.1531 -7.4103 1.8592 44.8281 -4.9830 -5.9644
Car -1 -1 -4.4097 571.5583 183.1260 599.9421 201.1711 1.6110 1.6129 3.9360 -2.3037 2.6221 68.9329 -4.4435 -6.1441
