Car -1 -1 -7.4796 173.3817 184.6588 425.8514 335.5870 1.5072 1.6459 3.8250 -3.7739 1.6923 9.4190 -7.8518 7.6847
Car -1 -1 -7.7635 480.5117 181.0150 516.0830 208.4784 1.4397 1.6625 3.6949 -6.3143 1.9229 40.8483 -7.9163 5.8235
Car -1 -1 -7.8915 567.3076 180.3248 596.0911 204.4317 1.3691 1.6114 3.5192 -1.7918 1.8424 43.9223 -7.9326 3.8773
Car -1 -1 -4.5808 409.1451 177.8651 438.1385 200.1685 1.5895 1.6005 4.0470 -14.0560 1.9822 54.4734 -4.8325 1.9830
Car -1 -1 -4.9769 755.6775 177.9252 792.2502 200.3268 1.6099 1.6721 4.1614 12.4017 2.0106 54.9283 -4.7564 -1.5197
Car -1 -1 -4.4035 0.0000 180.5042 64.2819 212.2054 1.5205 1.6663 4.1843 -30.4724 1.9464 37.9452 -5.0768 -1.8914
Car -1 -1 -6.6679 124.4283 178.9398 196.6114 206.5079 1.5728 1.5513 3.3854 -27.2721 1.9573 43.7952 -7.2223 -2.5250
Car -1 -1 -4.6799 76.4680 180.8283 111.1239 208.0525 1.4904 1.5390 3.4484 -30.3646 1.9799 42.4548 -5.2979 -3.5253
Car -1 -1 -4.8585 569.6187 175.0223 593.7880 192.8007 1.5499 1.6290 3.9514 -2.6211 1.7528 65.5067 -4.8987 -3.9136
Car -1 -1 -4.8058 567.4015 178.7167 598.1824 202.4600 1.5088 1.6945 4.2896 -1.9301 1.9264 49.1940 -4.8453 -4.2315
Car -1 -1 -2.0352 181.7878 176.8633 230.6307 198.1186 1.6188 1.7743 4.0529 -32.2379 1.9486 57.5334 -2.5442 -4.3124
Car -1 -1 -4.9998 714.9117 182.4487 764.8688 210.6638 1.4474 1.6782 4.0022 7.1903 2.0135 40.5141 -4.8260 -4.3271
Car -1 -1 -5.0378 409.0580 179.7734 451.2457 202.5467 1.4990 1.6568 4.1325 -12.7831 2.0088 51.0089 -5.2825 -4.3563
Car -1 -1 -5.1721 706.7943 181.4316 746.2980 201.0880 1.5545 1.6252 4.1552 9.8174 2.3085 61.2279 -5.0143 -4.5242
Car -1 -1 -4.8516 293.0614 179.2259 325.6497 202.8045 1.6112 1.6424 4.1076 -22.0079 2.0954 52.6732 -5.2459 -4.6720
Car -1 -1 -3.7893 687.1947 181.4557 735.9437 200.8218 1.4472 1.5870 3.5725 7.9842 2.1435 56.8712 -3.6510 -4.8087
Car -1 -1 -3.7828 366.4449 179.3061 424.2074 201.7512 1.4848 1.6299 3.6477 -15.1069 1.9562 50.8019 -4.0707 -4.9097
Car -1 -1 -5.1305 473.6810 178.9633 510.6498 198.6609 1.5436 1.6457 3.7370 -9.8212 2.0668 59.8072 -5.2930 -5.1442
Car -1 -1 -4.3354 166.4709 180.7408 210.5114 201.3811 1.4600 1.7048 3.4537 -31.6800 2.0731 54.2760 -4.8618 -5.1482
Car -1 -1 -4.3730 0.0000 184.1827 21.2499 252.3654 1.6010 1.8288 4.9760 -18.7932 1.9637 20.4703 -5.1093 -5.2069
Car -1 -1 -4.8353 295.9844 182.6749 322.7168 199.8847 1.5630 1.8498 4.8382 -29.6387 2.5641 71.0125 -5.2296 -5.3897
Car -1 -1 -4.6705 738.9603 179.7640 766.6141 202.8540 1.6106 1.8548 4.7917 10.7769 2.1557 54.3999 -4.4764 -5.3918
Car -1 -1 -5.2823 221.6909 180.0675 269.9236 199.1153 1.4340 1.6918 3.6972 -28.9342 2.0228 57.2563 -5.7485 -5.4000
Car -1 -1 -7.7147 297.5869 182.3048 375.1061 237.8159 1.3778 1.5663 3.4665 -7.6880 1.6691 20.4035 -8.0712 -5.4185
Car -1 -1 -4.3878 223.9773 183.2366 294.5321 219.2464 1.3579 1.5687 3.6313 -14.6323 1.8195 30.2020 -4.8358 -5.4852
Car -1 -1 -4.2063 338.1597 178.2939 383.4119 199.8134 1.5819 1.5359 4.1067 -19.4096 2.0222 56.2866 -4.5372 -5.5245
Car -1 -1 -4.6625 351.6360 179.2760 383.3142 205.5932 1.6831 1.8419 4.5695 -16.7128 2.1477 49.7878 -4.9851 -5.5558
Car -1 -1 -4.8115 432.7273 182.0467 454.4895 198.3056 1.4896 1.6724 4.2239 -16.4040 2.4220 70.9389 -5.0383 -5.6029
Car -1 -1 -4.7226 341.3092 179.4099 359.8039 195.9409 1.3944 1.5163 4.0638 -23.3244 2.0022 64.7522 -5.0673 -5.7101
Car -1 -1 -3.6967 219.5085 179.3935 293.8597 201.1465 1.3277 1.5271 4.2306 -23.2488 1.7783 47.5562 -4.1494 -5.7143
Car -1 -1 -4.6168 239.7836 181.3626 297.3940 221.2901 1.3611 1.6076 3.9926 -13.0489 1.7124 27.6633 -5.0541 -5.7229
Car -1 -1 -4.7568 728.7347 183.3716 751.8418 205.7470 1.4892 1.4502 4.0578 9.3451 2.2791 52.1080 -4.5808 -5.7281
Car -1 -1 -4.7078 215.3899 178.7291 237.9677 198.8759 1.5535 1.5817 3.8940 -31.3248 2.0502 58.9486 -5.1946 -5.7679
Car -1 -1 -4.6849 203.0695 178.6614 232.7879 199.5485 1.4811 1.8583 4.5805 -29.8625 1.9433 54.9973 -5.1805 -5.7793
Car -1 -1 -4.3116 326.3136 178.8720 367.4179 198.3374 1.4828 1.6560 4.0873 -21.2438 1.9864 58.3355 -4.6597 -5.7814
Car -1 -1 -4.7385 244.8842 185.4952 328.4612 251.8372 1.3072 1.6294 4.0919 -7.8192 1.6477 17.2518 -5.1587 -5.8159
Car -1 -1 -4.4454 287.7812 178.6381 361.0602 217.7258 1.3823 1.6069 4.2102 -11.1502 1.6266 28.3378 -4.8174 -5.8504
Car -1 -1 -4.4481 253.4955 179.7938 313.1999 211.6152 1.4166 1.6455 4.0275 -15.8713 1.7748 35.1616 -4.8696 -5.8630
Car -1 -1 -4.6229 228.1754 185.0559 292.0981 231.2330 1.3650 1.5963 3.9105 -11.8603 1.8157 24.5556 -5.0689 -5.8653
Car -1 -1 -4.4129 283.6142 180.0000 336.8717 208.7153 1.4816 1.6274 4.0258 -16.7207 1.9015 40.3424 -4.8038 -5.8696
Car -1 -1 -4.4613 0.0000 183.6034 0.0000 212.3758 1.4869 1.6408 4.0085 -41.6116 2.1297 41.0291 -5.2506 -5.8867
Car -1 -1 -4.4897 0.0000 182.8971 0.0000 209.7372 1.4768 1.6378 4.0079 -41.6117 2.1110 43.4436 -5.2506 -5.8867
Car -1 -1 -4.7323 279.3932 178.4411 338.7044 228.4913 1.4322 1.6299 4.1753 -9.8329 1.6303 23.3861 -5.1266 -5.8867
Car -1 -1 -4.6291 303.5634 178.0613 347.8797 210.9562 1.4338 1.6211 4.0349 -13.4889 1.6967 34.3007 -5.0015 -5.8867
Car -1 -1 -4.5143 351.9656 179.3924 377.9124 194.7486 1.3690 1.5731 3.9433 -23.1241 2.0048 68.1330 -4.8406 -5.8867
Car -1 -1 -4.4157 444.4754 181.1447 472.1869 198.7243 1.6438 1.6481 3.7710 -14.9629 2.4847 71.2595 -4.6223 -6.0972
Car -1 -1 -7.7635 304.3544 178.3684 428.3014 278.0810 1.7040 1.9865 4.5767 -4.9257 1.8374 15.0518 -8.0753 -6.4861
Car -1 -1 -4.7398 743.4365 181.5011 773.1942 206.5488 1.5991 1.8837 4.5410 10.2209 2.2281 50.1178 -4.5403 -7.2057
