Car -1 -1 -7.5159 230.4449 186.5158 441.1239 314.3833 1.4678 1.6511 3.7893 -3.8009 1.7038 10.5825 -7.8536 7.8510
Car -1 -1 -7.7374 474.1369 184.1409 511.6793 211.2694 1.3675 1.6408 3.4822 -6.4221 2.0148 39.6244 -7.8975 4.4274
Car -1 -1 -4.4416 362.9227 179.9556 409.5760 208.2482 1.6171 1.7546 3.8652 -13.6723 2.0709 44.1801 -4.7404 4.3182
Car -1 -1 -7.9088 562.1800 181.4137 589.5638 204.8102 1.3499 1.5043 3.3375 -2.1764 1.8998 44.6401 -7.9577 2.1071
Car -1 -1 -4.8909 710.2623 186.6904 737.7064 206.8532 1.5380 1.5894 3.7236 9.3384 2.7147 59.4986 -4.7365 -0.3970
Car -1 -1 -2.2051 0.0000 182.4700 61.1042 215.0942 1.5986 1.6640 4.0572 -30.9190 2.1146 37.4329 -2.8921 -0.6198
Car -1 -1 -4.1394 777.6371 180.0363 829.5714 204.2971 1.5703 1.6343 3.8543 13.3366 2.0840 49.7297 -3.8793 -0.7902
Car -1 -1 -3.7324 156.5535 180.8977 220.8223 203.8740 1.5841 1.6650 3.8180 -31.0823 2.2010 53.2838 -4.2586 -2.1990
Car -1 -1 -4.5191 747.5613 182.5903 782.5554 206.3092 1.4964 1.6090 4.0329 10.6373 2.1930 49.4738 -4.3091 -2.2571
Car -1 -1 -4.9399 0.0000 184.3764 46.4338 219.3241 1.5441 1.6145 3.6997 -28.8100 2.1280 34.8133 -5.6276 -2.3826
Car -1 -1 -4.6338 149.7308 183.5667 197.2449 218.4714 1.4761 1.5981 3.8724 -20.4730 2.0100 33.8863 -5.1741 -2.4649
Car -1 -1 -3.9211 236.1378 179.7801 292.7901 200.6564 1.6058 1.7196 4.1993 -28.3439 2.1962 59.2706 -4.3657 -2.5148
Car -1 -1 -5.0952 718.8649 182.8412 761.1670 205.6800 1.6396 1.6825 4.4723 10.0446 2.4502 56.2257 -4.9199 -3.1020
Car -1 -1 -4.3422 712.9019 187.2369 761.2344 213.5872 1.4919 1.6378 4.0732 8.0022 2.4394 45.3838 -4.1694 -3.2532
Car -1 -1 -4.5987 276.4340 180.2776 302.8301 199.1626 1.5253 1.6278 4.0294 -27.5771 2.1866 62.1443 -5.0150 -3.7841
Car -1 -1 -4.8244 802.5134 187.0705 838.3799 215.9834 1.4607 1.5074 3.6208 11.6522 2.2909 40.2423 -4.5451 -3.9823
Car -1 -1 -7.2149 745.6451 185.8871 807.5906 211.8431 1.4906 1.6702 4.1284 10.4784 2.3459 45.3947 -6.9900 -4.1889
Car -1 -1 -4.7657 521.7984 179.3300 546.1456 202.3370 1.6309 1.6054 4.1463 -5.8088 2.1397 54.5467 -4.8717 -4.4581
Car -1 -1 -5.0571 613.8634 182.7706 643.6935 199.0465 1.4219 1.5922 3.8167 1.7065 2.3792 67.6115 -5.0324 -4.4870
Car -1 -1 -4.6567 273.8302 183.9127 295.3828 201.8880 1.5194 1.5808 3.5570 -29.4526 2.5501 65.3240 -5.0790 -5.2390
Car -1 -1 -5.0153 534.2382 179.5061 569.9206 199.3544 1.4351 1.6222 4.0075 -4.5442 1.9690 55.7794 -5.0966 -5.4081
Car -1 -1 -4.1933 269.5902 181.9427 345.8244 211.6993 1.3394 1.6405 4.1805 -15.0125 1.8199 35.9856 -4.5863 -5.5501
Car -1 -1 -4.7824 361.6980 179.6553 390.0026 201.2965 1.4203 1.6215 3.9852 -16.5654 1.9197 50.8575 -5.0961 -5.5873
Car -1 -1 -4.9040 611.2261 181.7916 639.8960 202.1500 1.4380 1.4788 3.7362 1.1160 2.1391 54.6599 -4.8842 -5.6556
Car -1 -1 -4.5719 277.9922 182.0656 333.3456 216.0566 1.3450 1.6784 4.2021 -13.4584 1.7820 32.0117 -4.9672 -5.7102
Car -1 -1 -5.0780 140.4489 189.1064 186.5152 209.6172 1.5006 1.7845 4.1356 -35.8536 2.8479 57.8651 -5.6309 -5.7230
Car -1 -1 -4.7623 288.9945 183.6212 354.0270 234.3971 1.4024 1.7256 4.3658 -9.4237 1.7843 23.2667 -5.1436 -5.7276
Car -1 -1 -4.9504 479.1676 178.9140 516.7471 201.1342 1.4381 1.6710 4.0162 -7.8448 1.8765 50.0582 -5.1055 -5.7312
Car -1 -1 -4.6713 286.8853 182.6025 337.6429 222.0699 1.3955 1.6943 4.0890 -11.8567 1.8143 28.8142 -5.0588 -5.7783
Car -1 -1 -7.5015 324.1895 178.7959 406.0729 221.9306 1.4456 1.6477 3.7730 -8.9737 1.6802 26.6180 -7.8240 -5.8557
Car -1 -1 -4.7844 307.7757 182.2019 343.4653 207.9749 1.3787 1.6546 4.2562 -16.8355 1.9588 42.5258 -5.1595 -5.8594
Car -1 -1 -4.6669 296.1392 180.3085 322.2180 200.2245 1.3848 1.6055 4.4863 -22.6395 1.9705 54.3358 -5.0602 -5.8726
Car -1 -1 -4.6098 52.1316 184.1202 85.6417 205.6414 1.5245 1.6531 4.0142 -41.6056 2.4244 55.5070 -5.2509 -5.8867
Car -1 -1 -4.6299 76.3308 183.2855 106.6396 203.4900 1.5000 1.6445 4.0088 -41.6064 2.3681 57.9226 -5.2508 -5.8867
Car -1 -1 -4.4209 571.7639 177.5862 607.6169 197.6281 1.4223 1.6279 3.9746 -1.5161 1.7923 54.3405 -4.4491 -5.8867
Car -1 -1 -4.8399 329.8328 179.5863 381.9464 214.7654 1.4240 1.6693 4.2943 -11.5007 1.7472 32.3773 -5.1790 -5.9004
Car -1 -1 -4.9163 548.4659 180.7236 574.3975 197.7622 1.5084 1.6439 4.0797 -4.6347 2.2745 68.0824 -4.9844 -5.9503
Car -1 -1 -4.9517 521.3294 184.1001 545.8816 201.0979 1.5028 1.4855 3.6549 -7.2842 2.5988 68.3698 -5.0579 -6.5762
Car -1 -1 -4.9789 261.5545 181.8024 296.3837 202.1666 1.4565 1.4769 3.7969 -25.3927 2.1652 55.2339 -5.4083 -6.7216
Car -1 -1 -5.8852 899.0599 231.6637 1241.0000 374.0000 1.2891 1.3269 3.0998 4.2224 1.9312 6.2279 -5.3128 -7.4253
