Car -1 -1 -7.8325 586.0676 183.0935 616.8141 208.5645 1.2548 1.5751 3.4777 -0.4623 1.8284 38.6958 -7.8449 4.9409
Car -1 -1 -7.7456 530.2314 180.2042 562.3103 203.4577 1.3774 1.6424 3.6508 -4.0345 1.8619 45.7458 -7.8335 3.9194
Car -1 -1 -7.8020 295.5292 178.7930 345.9396 222.9443 1.5165 1.5757 3.4061 -10.8650 1.7550 27.1503 -8.1796 -0.1086
Car -1 -1 -5.0654 828.8823 172.7314 868.4103 195.2288 1.6479 1.6163 3.8211 18.0413 1.6386 54.7895 -4.7492 -0.8165
Car -1 -1 -4.9678 268.6284 176.2202 311.2985 202.8487 1.5689 1.5599 3.6396 -19.9794 1.7870 44.9036 -5.3845 -2.2287
Car -1 -1 -6.0371 292.5515 178.5122 401.4049 224.4563 1.5391 1.5983 3.3039 -9.2211 1.7452 25.3665 -6.3828 -2.6556
Car -1 -1 -4.5481 820.6304 181.6732 853.6744 204.5727 1.4788 1.5999 3.8289 15.8220 2.1181 50.2597 -4.2452 -2.6611
Car -1 -1 -7.5439 164.1121 179.6455 224.3639 209.8065 1.4993 1.6314 4.1324 -22.4455 1.8872 39.0455 -8.0629 -2.7638
Car -1 -1 -7.2249 578.7668 179.1243 640.7493 207.8615 1.5351 1.5751 3.8935 -0.0030 1.9129 41.4714 -7.2255 -2.9769
Car -1 -1 -5.1441 264.1541 178.5566 317.7761 203.7769 1.6168 1.6851 4.3478 -21.8442 2.0222 49.2630 -5.5597 -3.0321
Car -1 -1 -4.5429 193.3016 180.4256 242.7525 210.7654 1.4904 1.6497 4.1437 -21.0312 1.9205 38.7835 -5.0371 -3.3601
Car -1 -1 -4.4854 0.0000 189.9308 33.6695 213.6112 1.4721 1.5646 3.2372 -40.7798 2.6798 49.2447 -5.1745 -3.4214
Car -1 -1 -4.4637 296.8420 180.0401 345.7132 210.6274 1.4096 1.4621 3.3784 -14.3264 1.7840 35.8517 -4.8416 -3.7546
Car -1 -1 -8.3539 1107.5732 144.0793 1185.2197 173.1324 1.5077 1.6440 4.0817 29.2677 0.0141 39.5750 -7.7205 -3.9094
Car -1 -1 -7.1453 911.3502 179.0632 973.4476 204.9501 1.6153 1.6423 3.7742 21.7584 2.0353 47.2987 -6.7169 -4.0291
Car -1 -1 -4.1971 0.0000 182.6163 38.9660 212.6927 1.5614 1.6933 3.7788 -34.3883 2.1400 40.7754 -4.8947 -4.0882
Car -1 -1 -4.3878 613.9808 181.8099 658.6938 207.0654 1.5051 1.6424 4.2324 1.7300 2.1148 46.8794 -4.3517 -4.2180
Car -1 -1 -4.7295 74.2895 182.5960 117.3165 218.6977 1.5602 1.5923 3.9920 -24.5679 2.0522 34.3838 -5.3465 -4.3469
Car -1 -1 -8.0260 151.7741 178.3064 181.9993 195.8604 1.5166 1.6514 4.2349 -40.4522 2.0296 65.7984 -8.5756 -4.4070
Car -1 -1 -4.3149 0.0000 190.2618 29.0587 218.0743 1.6284 1.6890 3.5973 -39.4714 2.8017 46.6779 -5.0141 -4.4927
Car -1 -1 -5.4094 718.0861 184.7457 790.1856 215.6991 1.4718 1.6020 3.8684 7.4840 2.1318 37.9865 -5.2169 -4.5312
Car -1 -1 -7.6495 426.6168 177.7412 474.2779 212.2179 1.4843 1.4953 3.3243 -7.3299 1.7202 33.2080 -7.8655 -4.5366
Car -1 -1 -7.0956 0.0000 191.9466 16.5744 236.0486 1.4915 1.5782 3.8971 -25.5548 2.2861 28.0725 -7.8295 -4.6264
Car -1 -1 -4.2866 300.0899 175.5646 352.4320 198.0322 1.6048 1.7980 4.9565 -21.4395 1.8194 54.6705 -4.6589 -4.6577
Car -1 -1 -2.4050 359.7050 176.3877 409.5139 195.8284 1.6355 1.6909 4.0636 -19.6789 1.9512 62.9120 -2.7073 -4.6613
Car -1 -1 -2.1641 68.3086 179.2148 154.6754 209.8862 1.6467 1.7810 4.6104 -28.4376 2.0235 41.1054 -2.7665 -4.6838
Car -1 -1 -6.6927 909.9382 157.8208 981.8298 181.6968 1.7200 1.7972 4.4312 24.5618 0.6367 52.9288 -6.2604 -4.7467
Car -1 -1 -3.9887 546.3917 179.1806 598.7071 200.8964 1.4555 1.6093 3.8144 -2.6687 1.9244 51.5177 -4.0407 -4.8446
Car -1 -1 -3.9280 829.7924 177.2063 908.3929 212.8020 1.7653 1.6774 3.8059 13.5180 2.0022 37.7452 -3.5871 -4.8760
Car -1 -1 -4.5917 457.0964 180.0720 487.7085 203.9206 1.4783 1.5539 3.7282 -9.1067 1.9752 47.7938 -4.7794 -5.0364
Car -1 -1 -3.9622 110.8581 178.6306 175.3953 203.5482 1.5608 1.5723 3.5946 -31.0123 1.9600 47.9903 -4.5336 -5.0863
Car -1 -1 -5.0574 294.5616 178.4289 348.3302 206.5852 1.5761 1.6897 4.1676 -17.4092 1.9272 43.3499 -5.4374 -5.1016
Car -1 -1 -3.9082 102.1486 181.4358 174.2717 205.9473 1.4545 1.5664 3.8668 -30.2351 2.0296 46.3190 -4.4840 -5.1637
Car -1 -1 -4.8340 592.0261 178.4427 622.2468 199.5152 1.4357 1.6838 4.2963 -0.2811 1.8600 52.5831 -4.8398 -5.3008
Car -1 -1 -4.8551 99.4338 184.7826 134.8660 205.5733 1.5834 1.8125 4.4659 -40.9004 2.6091 59.8039 -5.4531 -5.3749
Car -1 -1 -4.5088 121.0540 179.6590 164.0196 205.9677 1.4822 1.4912 3.5019 -28.1857 1.9105 43.5376 -5.0807 -5.3839
Car -1 -1 -4.6036 636.9381 180.7729 664.6064 201.3033 1.5329 1.7619 4.3347 3.2842 2.1933 57.9168 -4.5477 -5.4386
Car -1 -1 -2.5341 0.0000 181.7924 26.1175 374.0000 1.4409 1.7454 4.5134 -8.3509 1.5383 6.4034 -3.4303 -5.4610
Car -1 -1 -2.2598 0.0000 170.0098 16.0096 300.6404 1.4976 1.6241 3.9500 -10.2194 1.4646 9.1975 -3.0833 -5.5273
Car -1 -1 -5.0998 659.7001 179.3812 699.4432 199.0039 1.4581 1.6788 4.1840 5.4545 1.9969 57.3537 -5.0059 -5.6127
Car -1 -1 -4.7735 268.6850 178.2726 295.1494 199.1890 1.5600 1.6634 4.0746 -26.0340 2.0053 57.1385 -5.1995 -5.6225
Car -1 -1 -4.5993 118.2839 181.6006 150.2319 201.3907 1.5972 1.8237 4.4410 -41.3395 2.3865 62.7420 -5.1802 -5.6819
Car -1 -1 -4.2310 0.0000 182.9092 6.3316 269.8449 1.5283 1.6536 4.2711 -15.1197 1.7757 15.4935 -4.9956 -5.7091
Car -1 -1 -4.4836 0.0000 187.0526 0.0000 214.2901 1.5875 1.7251 4.3449 -41.4984 2.5538 46.7964 -5.2064 -5.7511
Car -1 -1 -4.4480 13.6619 185.8139 63.2480 212.0510 1.6459 1.6800 3.9789 -39.2118 2.5745 49.5558 -5.1149 -5.7690
Car -1 -1 -4.3862 381.6088 178.3660 422.7106 199.2835 1.3505 1.5420 3.9106 -14.2714 1.7445 49.6236 -4.6652 -5.7978
Car -1 -1 -4.3379 0.0000 178.2757 0.0000 254.9207 1.4109 1.6319 4.1535 -16.6669 1.5463 15.8260 -5.1408 -5.8040
Car -1 -1 -4.8211 572.5737 180.2764 604.1844 203.9985 1.4170 1.5959 4.0836 -1.4710 1.9177 46.5685 -4.8530 -5.8631
Car -1 -1 -4.4611 0.0000 184.7821 0.0000 214.0896 1.5085 1.6468 4.0089 -41.6100 2.2219 41.0275 -5.2504 -5.8867
Car -1 -1 -4.4261 0.0000 183.9330 0.0000 215.8174 1.5275 1.6549 4.0194 -41.6120 2.1469 38.2104 -5.2507 -5.8867
Car -1 -1 -4.4435 405.5743 177.8042 438.3116 195.7179 1.3655 1.5664 3.9040 -15.1120 1.7769 58.0480 -4.6974 -5.8867
Car -1 -1 -4.5787 16.2228 183.2928 54.8026 206.2294 1.5316 1.6585 4.0209 -41.6084 2.3190 52.2931 -5.2485 -5.8867
Car -1 -1 -6.9170 0.0000 0.0000 1241.0000 374.0000 1.5433 1.5886 3.8036 -2.1017 1.6292 1.0045 -7.9392 -5.8867
Car -1 -1 -4.6778 162.2604 177.2267 184.2696 193.1793 1.4456 1.6498 4.0897 -41.6133 1.8753 68.7719 -5.2205 -5.8867
Car -1 -1 -4.6307 73.5656 183.2685 104.7285 204.8680 1.5923 1.6780 4.0938 -41.4782 2.4534 57.4877 -5.2537 -5.8867
Car -1 -1 -4.5806 604.4010 179.9364 627.0150 196.2922 1.4563 1.6356 3.9259 0.5467 2.1444 68.0821 -4.5731 -5.8867
Car -1 -1 -3.5046 0.0000 188.0831 0.0000 374.0000 1.4919 1.6027 3.9530 -7.0819 1.5870 2.5310 -4.6974 -5.8867
Car -1 -1 -4.4874 0.0000 184.1479 0.0000 212.2275 1.5396 1.6587 4.0206 -41.6102 2.2529 43.4435 -5.2483 -5.8867
Car -1 -1 -6.7026 0.0000 0.0000 1241.0000 374.0000 1.5454 1.5872 3.8032 -3.7088 1.6593 1.0046 -7.9390 -5.8867
Car -1 -1 -5.6699 0.0000 0.0000 1241.0000 374.0000 1.5140 1.6092 3.9632 2.9590 1.5528 1.7179 -4.6976 -5.8867
Car -1 -1 -7.5647 152.0085 0.0000 1241.0000 374.0000 1.5414 1.5877 3.8032 -0.4937 1.6053 1.0051 -7.9392 -5.8867
Car -1 -1 -4.4102 152.0084 181.7604 191.9658 200.0014 1.4287 1.6402 4.4491 -37.0931 2.2125 61.1700 -4.9536 -5.9707
Car -1 -1 -5.1294 668.6248 180.0237 704.8324 201.9961 1.7852 1.6141 3.9961 6.5462 2.4241 62.1763 -5.0255 -5.9851
Car -1 -1 -4.1159 0.0000 179.0132 0.0000 244.7539 1.3905 1.5833 4.1508 -18.3584 1.5613 17.8609 -4.9075 -5.9880
Car -1 -1 -5.0926 856.1012 187.5194 910.5997 216.2152 1.4422 1.6119 3.5065 14.9916 2.2877 39.8446 -4.7358 -6.1509
Car -1 -1 -4.5669 97.0169 179.5628 135.7478 204.8427 1.5537 1.5601 3.8130 -32.4689 2.0141 47.4930 -5.1641 -6.5011
Car -1 -1 -5.4190 0.0000 189.5207 21.7002 306.7068 1.5653 1.7970 4.3490 -11.8289 1.8410 10.9353 -6.2314 -6.5577
