Car -1 -1 -7.6853 428.2820 182.3623 517.0606 248.5839 1.5157 1.6727 3.7090 -3.5362 1.7893 18.9168 -7.8683 7.7390
Car -1 -1 -7.6109 386.9060 184.2705 453.4129 225.2787 1.3661 1.6115 3.3448 -6.9812 1.8141 26.6540 -7.8651 4.4677
Car -1 -1 -7.7594 535.2677 181.4499 563.2697 203.2284 1.4102 1.5917 3.7526 -4.2115 2.0291 50.0920 -7.8433 2.0097
Car -1 -1 -7.0657 91.3432 183.5177 191.7451 215.1683 1.3527 1.6688 3.9939 -22.2546 1.8924 34.4039 -7.6365 -2.0470
Car -1 -1 -4.5173 749.5436 183.5855 780.0676 205.4305 1.5872 1.6441 3.7727 12.1251 2.4579 56.5042 -4.3076 -3.1367
Car -1 -1 -3.5392 0.0000 186.4049 91.6687 224.5758 1.3536 1.7230 4.1157 -23.8935 1.9468 29.3827 -4.2176 -3.4365
Car -1 -1 -6.9683 412.0592 181.3860 499.3626 217.4861 1.4834 1.6196 3.6396 -6.9334 1.8900 32.4845 -7.1774 -3.9480
Car -1 -1 -4.3214 273.0753 177.0793 323.8791 202.9462 1.6428 1.8457 3.7043 -20.8197 1.9362 48.2983 -4.7267 -4.0996
Car -1 -1 -4.1305 155.7610 184.2736 219.5094 212.1847 1.6024 1.6106 3.7761 -26.2555 2.3438 44.9327 -4.6570 -4.2412
Car -1 -1 -4.5735 306.2157 176.6935 340.8400 203.7299 1.7437 1.6858 3.7348 -19.4861 2.0155 49.1202 -4.9496 -4.2723
Car -1 -1 -7.5514 221.9914 181.6770 312.2274 231.5795 1.4830 1.6394 3.8488 -11.4087 1.8030 24.1728 -7.9885 -4.4460
Car -1 -1 -4.9134 1106.8416 196.5029 1153.0258 223.1342 1.4181 1.5237 3.9291 31.7943 2.9376 44.2648 -4.2944 -4.4914
Car -1 -1 -3.4434 633.3690 182.1116 717.0865 210.1985 1.4227 1.6370 4.1617 3.4311 1.9337 38.6096 -3.3561 -4.5630
Car -1 -1 -4.2975 563.9141 180.2489 610.0950 206.5946 1.6241 1.6308 3.8837 -1.5075 2.1350 47.7682 -4.3295 -4.7717
Car -1 -1 -4.6080 318.5942 181.2508 349.2245 203.4289 1.5896 1.7608 4.4047 -21.3500 2.2667 55.8535 -4.9718 -4.9798
Car -1 -1 -4.5318 488.0615 178.3176 518.2787 197.8212 1.5436 1.7556 4.3510 -8.9443 2.0184 60.5434 -4.6782 -5.0959
Car -1 -1 -4.8066 679.1112 182.6106 709.0402 205.0720 1.3913 1.5999 4.2449 5.5964 2.0782 48.6875 -4.6934 -5.1021
Car -1 -1 -4.8084 474.3649 183.2166 518.5535 221.6470 1.5436 1.5922 3.5173 -5.1100 2.0289 31.9098 -4.9665 -5.1352
Car -1 -1 -4.8660 205.9180 183.2307 240.6106 206.0614 1.5633 1.6138 4.4809 -28.8699 2.3687 53.7496 -5.3571 -5.1434
Car -1 -1 -7.5063 1020.6456 196.7207 1073.6542 223.1317 1.5970 1.7364 4.3510 29.9054 3.2974 49.3710 -6.9650 -5.1631
Car -1 -1 -4.7822 606.5134 181.5228 625.6800 197.3561 1.4822 1.6458 3.5586 0.5616 2.3613 71.3713 -4.7748 -5.2524
Car -1 -1 -4.4811 273.4691 183.7833 300.6357 198.3175 1.3093 1.5512 3.9250 -31.3949 2.4035 70.1873 -4.9006 -5.3064
Car -1 -1 -4.5054 374.0907 181.4448 401.3359 197.8031 1.4832 1.6766 4.2938 -21.5307 2.3422 69.9609 -4.8032 -5.3162
Car -1 -1 -4.8283 518.3666 178.0322 544.5383 196.2053 1.4126 1.6527 4.3713 -6.5621 1.8575 59.7193 -4.9377 -5.3650
Car -1 -1 -4.8346 381.4464 179.2040 408.8989 197.7714 1.4000 1.6294 4.1071 -17.3615 1.9306 58.1228 -5.1239 -5.4790
Car -1 -1 -4.5715 175.7432 186.6843 201.0195 203.7675 1.4564 1.5275 3.5435 -38.8846 2.7690 66.5662 -5.0987 -5.4912
Car -1 -1 -4.2554 116.0104 183.2875 178.5515 206.3917 1.4732 1.7097 4.9063 -32.5154 2.2444 50.8253 -4.8224 -5.5441
Car -1 -1 -4.8446 711.4055 179.6647 740.2563 200.5581 1.5509 1.6991 4.2231 9.0933 2.1095 57.0801 -4.6879 -5.5866
Car -1 -1 -4.7221 150.5270 185.5014 172.3937 202.3790 1.4201 1.6594 4.1548 -41.1938 2.6189 66.2064 -5.2771 -5.6264
Car -1 -1 -4.4827 0.0000 185.2767 0.0000 209.4476 1.4109 1.6359 4.1022 -41.5106 2.2501 46.5658 -5.2081 -5.6943
Car -1 -1 -4.5002 0.0000 184.7625 0.0000 212.3437 1.5232 1.6500 4.0111 -41.6008 2.2818 43.8402 -5.2565 -5.8867
Car -1 -1 -4.5886 25.7844 183.7091 62.6842 205.9819 1.5083 1.6463 4.0115 -41.6072 2.3390 53.0949 -5.2510 -5.8867
Car -1 -1 -4.6673 115.6070 183.9556 141.1835 203.1826 1.5380 1.6534 4.0139 -41.5970 2.5299 62.3412 -5.2539 -5.8867
Car -1 -1 -4.5272 417.7844 179.6253 458.8077 206.7465 1.4493 1.5969 3.9446 -9.8713 1.8579 41.5664 -4.7593 -5.8867
Car -1 -1 -4.6228 68.4265 184.4966 99.9128 205.5751 1.5365 1.6554 4.0123 -41.6045 2.4925 57.1160 -5.2503 -5.8867
Car -1 -1 -4.5454 446.5252 179.8301 488.3666 207.6430 1.4246 1.6373 3.9462 -7.8733 1.8298 39.9523 -4.7391 -5.8867
Car -1 -1 -4.5313 0.0000 185.0658 37.9799 207.2356 1.4141 1.6349 4.1230 -41.6453 2.3083 50.6479 -5.2170 -5.8867
Car -1 -1 -4.7235 1093.2836 173.6817 1118.4407 193.0500 1.5602 1.6771 4.0127 41.4728 1.6316 60.4387 -4.1246 -5.8867
Car -1 -1 -4.7434 1112.8074 171.1288 1140.1503 190.2928 1.4849 1.6493 4.0017 41.4707 1.3509 58.0295 -4.1256 -5.8867
Car -1 -1 -4.6981 1063.0541 173.2675 1085.5381 190.3453 1.4731 1.6430 3.9910 41.4744 1.5110 64.4592 -4.1287 -5.8867
Car -1 -1 -4.9733 631.5759 177.4138 672.4881 201.6136 1.4445 1.6160 3.9945 2.5941 1.7482 45.9871 -4.9178 -5.8867
Car -1 -1 -4.6957 162.8609 181.2631 184.0228 198.1261 1.5059 1.6539 4.0555 -41.5960 2.3324 68.7686 -5.2382 -5.8867
Car -1 -1 -5.1097 682.2863 178.7348 724.3194 200.2080 1.5269 1.6646 4.1836 7.0017 1.9913 54.7716 -4.9837 -5.8912
Car -1 -1 -4.9612 458.8309 180.0323 503.8603 206.1519 1.4522 1.6792 4.2566 -7.8692 1.9089 43.6559 -5.1389 -5.8917
Car -1 -1 -4.9702 697.4077 180.0661 722.9457 196.4751 1.5405 1.6440 3.5308 9.8398 2.2705 71.2181 -4.8339 -6.0162
Car -1 -1 -4.9769 1000.3012 192.4464 1044.7604 218.8882 1.6608 1.7186 3.9358 28.8222 3.0915 50.5805 -4.4622 -6.0883
Car -1 -1 -4.6013 1032.7875 190.6352 1062.7002 213.2895 1.7447 1.7271 4.1918 37.1238 3.3064 61.1936 -4.0587 -6.1613
Car -1 -1 -4.6029 946.9385 187.9466 980.8516 212.0061 1.4422 1.6362 3.6574 23.4004 2.4817 47.7240 -4.1501 -6.2063
Car -1 -1 -4.7270 990.3413 193.7012 1019.7279 217.0146 1.3207 1.5892 3.7746 25.4186 2.7247 46.5649 -4.2307 -6.2806
Car -1 -1 -4.5494 301.5678 182.4580 325.6211 199.1800 1.5506 1.6221 3.6377 -29.1964 2.5228 71.1061 -4.9380 -6.3402
Car -1 -1 -4.1802 27.9753 183.8242 97.3852 210.2055 1.6751 1.8244 4.4467 -37.8850 2.4709 50.0492 -4.8258 -6.5354
Car -1 -1 -8.1303 733.0347 173.9214 763.0187 194.0276 1.9031 1.7989 4.1989 13.4635 2.0106 70.6982 -7.9433 -6.6522
Car -1 -1 -4.5025 614.1571 181.2023 640.8016 200.4774 1.4551 1.4619 3.4101 1.4029 2.1456 57.8811 -4.4789 -7.4504
