Car -1 -1 -7.5097 214.0807 185.6770 436.0417 319.3332 1.4723 1.6546 3.8117 -3.7997 1.6877 10.2238 -7.8579 7.7115
Car -1 -1 -7.7507 475.6532 183.4025 512.8298 210.4856 1.3809 1.6738 3.6302 -6.4223 1.9939 40.0944 -7.9090 4.8560
Car -1 -1 -4.4694 380.1747 179.6962 420.2489 205.1122 1.5690 1.6544 3.8554 -13.8056 2.0383 47.5557 -4.7508 3.4935
Car -1 -1 -7.8520 565.6169 180.6113 592.7680 203.9350 1.3374 1.6031 3.6482 -1.9321 1.8350 44.4629 -7.8956 3.0969
Car -1 -1 -5.1830 2.9083 183.4025 81.1374 215.2306 1.6074 1.6539 4.1169 -30.8480 2.2029 39.1314 -5.8474 -0.8186
Car -1 -1 -5.9538 728.7725 184.8688 779.6521 209.5768 1.4948 1.5859 2.8510 9.2415 2.2906 46.4121 -5.7591 -1.2567
Car -1 -1 -2.0315 132.5847 181.9385 183.3305 204.0733 1.5263 1.6597 3.7462 -33.1356 2.2123 52.8269 -2.5897 -1.7553
Car -1 -1 -4.5504 134.6077 180.7571 181.0746 212.0771 1.5961 1.5757 3.7850 -24.9477 2.0548 39.8555 -5.1069 -1.8501
Car -1 -1 -5.1004 710.6204 182.0353 748.8583 202.4445 1.5472 1.6676 4.0143 9.6796 2.3220 58.7692 -4.9385 -2.0057
Car -1 -1 -6.2913 364.3391 181.7778 430.8361 204.3540 1.4677 1.6113 4.3003 -14.5533 2.0956 49.4024 -6.5766 -2.6104
Car -1 -1 -4.5728 0.0000 183.6965 42.8587 217.7223 1.5368 1.6236 3.9768 -29.7113 2.1102 36.0608 -5.2585 -2.8286
Car -1 -1 -4.6357 407.7978 175.8077 429.8143 193.8448 1.5875 1.6552 3.9689 -17.5562 1.8672 66.2937 -4.8938 -3.0183
Car -1 -1 -2.1903 213.5387 181.3429 264.7097 201.9863 1.6014 1.6985 4.0359 -30.3778 2.3154 59.0371 -2.6639 -3.6999
Car -1 -1 -6.4197 750.3972 182.3494 817.4619 207.7527 1.5976 1.7061 4.0654 11.2965 2.2322 47.2027 -6.1868 -3.8503
Car -1 -1 -4.1515 224.4245 181.4608 289.1638 209.3154 1.5016 1.6403 3.7508 -20.5444 2.0262 42.0567 -4.6037 -3.8900
Car -1 -1 -7.9938 391.6270 177.8164 416.1281 195.2097 1.5036 1.6145 3.9097 -18.8145 1.9697 65.6967 -8.2720 -3.9636
Car -1 -1 -3.3467 772.0878 183.2951 844.8351 210.4093 1.4993 1.6289 3.7806 11.3407 2.1134 41.5341 -3.0825 -3.9678
Car -1 -1 -4.6927 385.2393 183.0468 413.5632 210.0447 1.4830 1.5487 3.5817 -12.5556 2.1178 43.0238 -4.9754 -4.3513
Car -1 -1 -5.4994 0.0000 187.7935 107.8064 230.9357 1.4610 1.6512 4.1059 -20.8397 2.0257 26.2282 -6.1660 -4.3513
Car -1 -1 -7.6435 648.8457 179.1828 681.7661 200.9129 1.5283 1.6024 4.3733 4.1855 2.0258 54.4251 -7.5677 -4.3599
Car -1 -1 -4.9954 168.7754 179.7424 229.4010 210.7931 1.6051 1.7131 4.7278 -23.1819 2.0137 40.5641 -5.5120 -4.4571
Car -1 -1 -5.1299 526.7177 181.3102 572.2926 203.8086 1.4943 1.6525 4.3197 -4.4320 2.1295 51.9357 -5.2151 -4.5373
Car -1 -1 -3.8026 160.5314 181.6120 225.0918 203.4365 1.5202 1.6246 4.0530 -31.2945 2.2043 54.1957 -4.3244 -4.8125
Car -1 -1 -4.5767 255.8813 180.8640 283.4311 200.5620 1.5604 1.6027 3.7728 -28.6920 2.2584 60.8574 -5.0159 -4.9063
Car -1 -1 -4.8221 742.0026 181.8759 771.5178 206.6330 1.5706 1.5423 3.9005 9.9445 2.2113 49.2515 -4.6246 -5.1890
Car -1 -1 -4.3219 279.3494 181.0016 314.6291 199.3028 1.6013 1.6421 3.8791 -28.9631 2.3776 66.8252 -4.7296 -5.2793
Car -1 -1 -4.6247 186.2283 182.4268 218.0370 203.3789 1.3756 1.6141 4.2073 -29.1919 2.0907 51.6755 -5.1369 -5.3940
Car -1 -1 -7.4853 262.6058 178.5877 407.9792 256.4303 1.3717 1.5665 3.5762 -5.5023 1.5032 14.7820 -7.8363 -5.5431
Car -1 -1 -4.5565 263.1853 182.2738 321.1361 216.9119 1.3532 1.6893 4.1311 -13.8750 1.7943 31.6025 -4.9675 -5.6089
Car -1 -1 -4.2820 329.2945 180.3386 381.1635 205.7945 1.4155 1.5522 3.6115 -15.1895 1.8816 43.0924 -4.6193 -5.6504
Car -1 -1 -4.6772 271.1126 182.2080 335.1243 232.5107 1.4061 1.7337 4.2463 -9.8618 1.7377 23.3134 -5.0736 -5.6691
Car -1 -1 -7.7619 332.8378 183.4215 392.3062 231.1598 1.4786 1.6274 3.5460 -8.5785 1.8741 25.1096 -8.0883 -5.6765
Car -1 -1 -4.9896 257.8267 178.8551 301.9073 198.8041 1.4857 1.9161 4.9983 -26.5027 1.9870 57.7799 -5.4182 -5.7015
Car -1 -1 -4.6569 263.1635 184.3589 342.3960 243.2955 1.3329 1.7075 4.3268 -8.2465 1.6814 19.5495 -5.0516 -5.7093
Car -1 -1 -4.5294 311.7830 180.2117 351.8447 204.6113 1.3840 1.5739 4.1007 -17.0887 1.8583 44.3878 -4.8952 -5.8049
Car -1 -1 -4.3407 273.7713 179.8051 339.1747 210.8860 1.4232 1.6429 4.0398 -15.0869 1.7892 35.9883 -4.7353 -5.8624
Car -1 -1 -4.6644 531.6653 180.1687 554.4902 198.1723 1.5116 1.8379 3.9462 -5.9484 2.1829 64.2294 -4.7568 -5.8701
Car -1 -1 -4.6429 223.9457 181.8882 253.7911 202.7448 1.3822 1.6178 4.2355 -26.7528 2.0618 52.0436 -5.1158 -5.8766
Car -1 -1 -4.4917 284.3252 177.5268 355.4594 220.9804 1.4543 1.6015 3.9345 -10.6635 1.6400 26.6610 -4.8691 -5.8867
Car -1 -1 -4.8394 737.1423 180.6618 765.2615 203.2960 1.5842 1.5870 3.6942 10.4428 2.1855 53.7011 -4.6488 -7.6823
