Car -1 -1 -7.2774 0.0000 194.5685 341.5208 374.0000 1.4922 1.6203 3.7406 -3.6528 1.7156 5.5494 -7.8384 6.7189
Car -1 -1 -7.8714 589.5467 183.9123 618.3123 207.9767 1.2788 1.5935 3.4976 -0.4223 1.9454 41.7410 -7.8821 4.7845
Car -1 -1 -7.8080 515.0891 182.3870 545.6942 207.6115 1.4156 1.6814 3.6497 -4.8264 2.0185 43.7841 -7.9176 3.5688
Car -1 -1 -4.2360 715.4479 184.0336 749.6473 200.9873 1.4639 1.5683 3.7883 11.3673 2.5311 66.9084 -4.0689 -1.9011
Car -1 -1 -4.5519 36.6957 180.5394 97.7371 216.5451 1.5560 1.6836 4.0083 -25.7322 1.9439 34.2736 -5.1923 -2.5454
Car -1 -1 -4.5706 0.0000 181.9438 43.0044 207.6307 1.4872 1.6247 3.6912 -36.8657 2.0814 45.1910 -5.2521 -2.5615
Car -1 -1 -4.0603 781.0693 172.1834 839.9065 198.0678 1.6853 1.7065 4.1047 13.5781 1.6414 48.9001 -3.7914 -3.1847
Car -1 -1 -4.4261 187.5933 177.6215 228.5690 199.0327 1.5302 1.6346 4.0316 -30.4192 1.9053 54.6672 -4.9320 -3.6047
Car -1 -1 -4.7076 233.6620 180.3078 266.6244 208.6137 1.4967 1.6213 4.0219 -20.6891 1.9470 41.4541 -5.1682 -3.6753
Car -1 -1 -4.3935 85.6886 179.8217 145.7761 207.7277 1.5940 1.7409 4.5163 -30.6420 2.0498 44.8273 -4.9906 -3.7214
Car -1 -1 -6.4280 0.0000 0.0000 1241.0000 374.0000 1.4658 1.4802 3.4015 -3.7519 1.5340 1.2458 -7.6121 -4.0422
Car -1 -1 -2.9761 912.1959 179.2619 1082.1232 238.8465 1.4995 1.6467 4.0344 10.8487 1.6973 20.4337 -2.4946 -4.1237
Car -1 -1 -4.5045 132.6759 182.5644 191.3324 218.3480 1.5207 1.5924 3.6911 -20.9194 2.0016 33.7570 -5.0560 -4.1541
Car -1 -1 -4.3665 692.1135 185.5838 726.2649 205.5975 1.5387 1.6105 3.8752 8.2851 2.6377 60.2220 -4.2310 -4.2445
Car -1 -1 -7.5654 879.7532 166.0605 934.2254 196.6218 1.5566 1.6563 3.9828 15.9796 1.2102 38.8210 -7.1779 -4.2952
Car -1 -1 -4.1992 173.6263 180.8443 251.9179 213.6035 1.5400 1.6475 4.2362 -20.3426 1.9739 37.0867 -4.6981 -4.3175
Car -1 -1 -4.5486 346.2861 181.6833 373.4692 200.1284 1.4606 1.5896 3.6748 -21.1141 2.2298 60.9424 -4.8811 -4.4351
Car -1 -1 -4.9871 582.0568 181.0752 625.0237 207.2060 1.5970 1.7756 4.1431 -0.5122 2.1662 47.7436 -4.9983 -4.5402
Car -1 -1 -4.3391 87.0642 177.2521 152.2941 211.8791 1.7102 1.6092 3.6796 -25.8459 1.9542 38.1077 -4.9320 -4.5691
Car -1 -1 -4.4641 300.5166 183.1531 342.4443 206.5327 1.4128 1.6175 4.0429 -18.9935 2.1216 47.5700 -4.8423 -4.5896
Car -1 -1 -7.5047 384.2778 177.1605 444.5887 211.6195 1.6722 1.7083 4.1828 -10.1767 1.9099 37.7119 -7.7669 -4.6268
Car -1 -1 -4.0959 726.0647 192.4060 793.6036 221.5073 1.4763 1.6626 4.2288 8.6015 2.6537 41.4101 -3.8933 -4.6583
Car -1 -1 -4.3167 259.3731 180.7447 314.1343 207.1306 1.4891 1.6101 4.0298 -19.6562 1.9919 43.9692 -4.7351 -4.7160
Car -1 -1 -4.3760 245.2451 181.1325 299.1277 209.8178 1.6618 1.6864 4.4620 -21.2199 2.2093 45.4338 -4.8110 -4.7759
Car -1 -1 -4.7650 745.7641 180.9653 764.2296 196.2769 1.4385 1.6086 3.4186 14.3284 2.2624 71.5087 -4.5685 -4.7909
Car -1 -1 -6.8123 0.0000 0.0000 1241.0000 374.0000 1.5514 1.4548 3.2605 -2.5481 1.5637 0.9605 -7.9295 -4.8247
Car -1 -1 -4.7086 519.1519 177.8877 543.1360 198.8391 1.4156 1.6475 4.0880 -5.6939 1.7921 51.8883 -4.8177 -5.1668
Car -1 -1 -4.5352 616.7630 180.0524 647.6251 201.2570 1.5350 1.6625 4.3428 1.7391 2.1172 56.0876 -4.5049 -5.1707
Car -1 -1 -5.2819 719.3687 181.6825 762.0741 196.8744 1.3799 1.8658 4.7432 12.7985 2.2800 71.0464 -5.1048 -5.2032
Car -1 -1 -6.8416 0.0000 0.0000 1241.0000 374.0000 1.7243 1.6328 3.4646 3.5798 1.7420 1.2204 -5.6722 -5.2240
Car -1 -1 -4.7086 421.7225 179.4732 447.0702 201.0990 1.3991 1.6500 4.5186 -12.3174 1.8842 50.5311 -4.9469 -5.2574
Car -1 -1 -4.1663 352.8790 179.7840 424.1111 211.9042 1.6338 1.7017 4.4767 -12.2534 2.0415 40.1067 -4.4614 -5.3104
Car -1 -1 -4.8939 667.1501 181.1642 696.2134 199.7847 1.4662 1.6728 4.3922 6.0017 2.1956 61.0916 -4.7969 -5.3139
Car -1 -1 -4.8159 521.5908 177.8222 545.6299 195.4804 1.4082 1.5945 4.1466 -6.5109 1.8428 60.9700 -4.9222 -5.4442
Car -1 -1 -4.2200 37.2922 184.1893 185.1804 243.0172 1.5627 1.7564 4.6840 -15.3662 1.9542 22.5181 -4.8135 -5.4661
Car -1 -1 -5.0185 450.5536 178.5606 482.8919 196.4994 1.4801 1.6358 4.0134 -12.5754 1.9956 63.0561 -5.2149 -5.5175
Car -1 -1 -4.0698 110.4505 181.8975 172.1824 207.6235 1.6041 1.6924 3.4864 -31.1732 2.2286 48.0513 -4.6430 -5.6250
Car -1 -1 -4.9946 413.7852 180.1683 447.1658 199.5137 1.5924 1.7521 4.1583 -15.8101 2.2567 63.3227 -5.2386 -5.7433
Car -1 -1 -4.7072 768.8477 177.4585 790.9589 199.5204 1.6426 1.6339 3.9024 13.3212 2.0173 56.6795 -4.4780 -5.7736
Car -1 -1 -6.3313 341.5601 178.1141 390.9275 197.4058 1.7359 1.7272 4.2902 -22.7837 2.2384 67.3772 -6.6565 -5.7745
Car -1 -1 -4.5260 0.0000 182.9888 34.9511 205.1840 1.4161 1.6391 4.0625 -41.5100 2.1514 50.1965 -5.2145 -5.8070
Car -1 -1 -7.8480 362.4963 175.9715 397.6228 212.6452 1.7482 1.6230 3.7714 -11.7428 1.9156 36.7830 -8.1553 -5.8391
Car -1 -1 -4.6232 68.5926 182.3574 99.7450 202.4253 1.4728 1.6362 4.0058 -41.6085 2.2530 57.1205 -5.2507 -5.8867
Car -1 -1 -4.5061 0.0000 181.1006 0.0000 206.7393 1.4757 1.6422 4.0183 -41.6139 2.0149 45.0563 -5.2490 -5.8867
Car -1 -1 -4.5142 0.0000 180.8928 3.5610 205.9183 1.5224 1.6555 4.0623 -41.4693 2.0752 47.4662 -5.2296 -5.8867
Car -1 -1 -4.4453 405.5097 179.7674 440.1441 199.5365 1.4213 1.5841 3.9280 -14.3090 1.9691 55.2312 -4.6980 -5.8867
Car -1 -1 -4.3380 419.7016 178.8063 465.6629 202.1232 1.4576 1.6287 4.0460 -11.1754 1.8734 48.3101 -4.5644 -5.8867
Car -1 -1 -4.6391 554.4722 180.2156 580.6827 202.2083 1.4841 1.6035 3.9524 -3.0526 2.0348 52.0099 -4.6979 -5.8867
Car -1 -1 -4.5897 25.9463 181.6788 62.4944 202.9519 1.4502 1.6308 4.0078 -41.6116 2.1254 53.0984 -5.2522 -5.8867
Car -1 -1 -4.9923 70.7342 175.5507 125.3266 206.4497 1.9031 1.7975 4.2237 -33.2755 2.0854 46.8160 -5.6077 -5.9011
Car -1 -1 -4.7978 600.2010 180.8342 621.4299 196.6337 1.4047 1.6415 4.4441 0.0260 2.1899 68.7419 -4.7979 -5.9083
Car -1 -1 -4.2497 0.0000 185.8274 249.6881 338.4763 1.4385 1.6264 4.0956 -6.3192 1.6437 9.2932 -4.8339 -5.9476
Car -1 -1 -4.7025 626.7210 181.5619 644.6793 197.2092 1.4473 1.7146 3.8011 2.5198 2.3251 70.8297 -4.6676 -6.0000
Car -1 -1 -5.9019 14.7522 179.8291 274.9922 260.4211 1.4613 1.7598 4.0337 -9.1884 1.6131 14.5117 -6.4583 -6.2956
Car -1 -1 -4.3197 123.1119 178.9607 165.9095 200.3477 1.5093 1.4114 3.6002 -34.7450 1.9812 53.8988 -4.8902 -6.3524
Car -1 -1 -4.5089 385.2185 182.1135 422.0191 207.6458 1.6812 1.7112 4.1059 -14.6076 2.3643 51.1502 -4.7861 -6.4305
Car -1 -1 -2.8669 285.8752 179.6729 396.1712 217.7378 1.7567 1.8011 4.6662 -12.9195 2.0952 34.7688 -3.2206 -6.7696
Car -1 -1 -7.7899 567.9882 181.4893 595.6019 208.5116 1.5736 1.5063 3.3070 -1.7531 2.1289 44.7570 -7.8294 -6.9698
