Car -1 -1 -7.8425 585.9382 180.0303 615.7842 205.2154 1.3110 1.5944 3.4494 -0.5304 1.7284 40.2701 -7.8561 3.6129
Car -1 -1 -7.7442 522.5584 178.6093 553.5030 201.0468 1.3134 1.5559 3.3349 -4.4649 1.6836 44.7706 -7.8434 3.5360
Car -1 -1 -6.8419 0.0000 208.1050 153.5302 374.0000 1.4379 1.5852 3.7726 -3.7130 1.6534 2.4731 -7.7751 1.9286
Car -1 -1 -1.8703 175.0052 177.6446 211.7857 196.7668 1.4987 1.6068 3.6814 -34.2902 1.9044 59.3147 -2.3927 -0.8771
Car -1 -1 -3.5716 11.1528 178.9063 101.1954 204.5122 1.5064 1.6471 4.2297 -35.0717 1.9089 45.7680 -4.2228 -2.2425
Car -1 -1 -5.6757 0.0000 176.2596 27.6718 227.6348 1.5092 1.6304 3.8754 -20.8032 1.6196 22.4054 -6.4182 -2.6498
Car -1 -1 -4.7740 215.4131 174.4694 246.5208 198.6089 1.5826 1.6597 3.9531 -26.1725 1.6984 49.7103 -5.2567 -2.7688
Car -1 -1 -4.0346 448.5130 177.7867 490.3275 197.4347 1.5563 1.5797 3.4826 -11.6855 1.9794 60.0200 -4.2264 -2.9827
Car -1 -1 -3.9906 825.8789 172.5594 888.5029 198.5490 1.6457 1.7158 3.9512 16.2223 1.6268 47.4184 -3.6632 -3.0615
Car -1 -1 -4.6516 278.7456 173.0564 301.4464 189.3378 1.4550 1.6748 4.0105 -29.5625 1.4740 66.7064 -5.0675 -3.4445
Car -1 -1 -6.7270 204.8779 174.8395 253.8768 191.3874 1.4952 1.6335 3.7234 -35.6724 1.6865 67.6483 -7.2108 -3.4456
Car -1 -1 -4.8893 100.4459 176.1940 134.4318 196.1430 1.5932 1.6729 3.9983 -41.2187 1.8814 60.3137 -5.4869 -3.7835
Car -1 -1 -4.4741 487.7134 174.2435 520.7359 196.3460 1.6513 1.6427 4.0297 -8.2299 1.7633 56.2509 -4.6191 -3.8912
Car -1 -1 -4.3454 0.0000 173.4869 49.6605 205.3318 1.5217 1.8378 4.9487 -31.0735 1.5564 37.2225 -5.0376 -4.0038
Car -1 -1 -4.5114 490.2931 175.1487 526.3705 200.0271 1.6490 1.6926 4.1809 -7.0765 1.8157 50.3595 -4.6507 -4.0793
Car -1 -1 -7.5926 967.9924 192.7174 1034.7910 232.4288 1.5172 1.6784 3.6743 17.0228 2.4339 31.3957 -7.1005 -4.0981
Car -1 -1 -4.7545 192.0368 173.3833 223.9047 198.4875 1.6222 1.7215 4.0244 -27.2956 1.6593 48.8803 -5.2616 -4.1474
Car -1 -1 -4.2393 254.6250 176.0515 287.6226 190.0963 1.3418 1.5339 3.4968 -33.5683 1.6663 71.5182 -4.6769 -4.2031
Car -1 -1 -6.5931 997.0317 171.2253 1074.5337 198.7095 1.7427 1.7522 4.0046 27.6565 1.6392 47.0412 -6.0646 -4.2397
Car -1 -1 -4.2443 85.2688 176.8760 141.7410 201.6606 1.5911 1.6366 3.7409 -33.6174 1.8744 48.9196 -4.8440 -4.2578
Car -1 -1 -4.5899 4.4833 180.2852 43.1873 203.8308 1.5333 1.6211 3.9433 -40.9323 2.0739 50.4162 -5.2694 -4.3015
Car -1 -1 -4.8017 991.7698 176.1862 1023.1943 199.5441 1.5184 1.5831 3.2048 27.0314 1.7535 49.1982 -4.3022 -4.4010
Car -1 -1 -4.9555 0.0000 190.0432 142.2112 374.0000 1.4365 1.6233 4.0531 -5.1383 1.5934 4.8594 -5.7415 -4.4361
Car -1 -1 -3.7171 192.9754 173.6917 255.7559 195.1975 1.7225 1.7956 4.3516 -32.1962 1.7950 60.3125 -4.2058 -4.4876
Car -1 -1 -4.2911 134.9761 178.1060 193.7851 204.9635 1.4693 1.5970 3.5537 -25.9410 1.7888 42.0671 -4.8411 -4.5534
Car -1 -1 -7.8228 272.0221 178.1465 317.1543 214.2283 1.4484 1.6855 4.5007 -13.9871 1.7010 32.0714 -8.2313 -4.6540
Car -1 -1 -7.6214 243.4854 176.3488 349.9143 242.6030 1.5749 1.8271 3.4641 -8.2537 1.6766 19.2085 -8.0227 -4.7175
Car -1 -1 -5.3131 949.6821 176.8216 1013.4032 201.9855 1.6234 1.8940 4.0703 25.3041 1.9064 49.3655 -4.8423 -4.8264
Car -1 -1 -5.0511 802.2127 179.2417 848.4102 204.7246 1.5818 1.6517 4.1161 14.2078 2.0245 47.9383 -4.7651 -4.8433
Car -1 -1 -7.7679 0.0000 204.0255 508.7517 374.0000 1.4290 1.5583 3.8066 -1.7773 1.6369 2.7664 -8.2985 -4.8548
Car -1 -1 -3.9501 0.0000 178.3398 89.6714 208.8427 1.4461 1.6353 3.6774 -28.8392 1.7401 36.8056 -4.6114 -4.8645
Car -1 -1 -5.5033 870.1171 170.0175 940.0401 199.6796 1.8072 1.7276 4.1049 18.7795 1.6340 46.1862 -5.1197 -4.9281
Car -1 -1 -8.4256 800.6754 193.8889 858.8002 223.9110 1.5081 1.4590 3.5190 12.3248 2.7521 40.7894 -8.1350 -4.9727
Car -1 -1 -4.7630 450.3329 177.8685 477.4391 200.9479 1.5478 1.6778 4.4837 -10.5579 1.9241 51.8039 -4.9634 -5.0285
Car -1 -1 -5.0345 710.4202 186.5155 755.1168 210.9355 1.5155 1.7938 4.1068 8.3101 2.4910 49.3722 -4.8693 -5.0745
Car -1 -1 -4.6772 34.7038 173.9291 71.5551 201.5531 1.5403 1.5660 4.0573 -32.7849 1.6064 42.5022 -5.3313 -5.1406
Car -1 -1 -4.8390 591.1330 176.7982 625.2310 199.6578 1.4311 1.7357 4.3167 -0.2021 1.7066 48.2015 -4.8436 -5.1489
Car -1 -1 -4.1545 0.0000 177.9587 11.8226 214.8581 1.5884 1.7319 3.7020 -30.0513 1.8395 33.5742 -4.8807 -5.2832
Car -1 -1 -4.1717 238.8407 173.8125 295.1533 196.8779 1.4813 1.6342 3.9159 -23.0322 1.5481 48.5351 -4.6129 -5.3119
Car -1 -1 -5.1654 116.4940 177.8264 162.1664 196.5627 1.5259 1.7335 3.8888 -40.1076 1.9610 61.4347 -5.7420 -5.3149
Car -1 -1 -4.6588 693.4927 182.1550 718.9136 206.3134 1.5677 1.5513 4.4195 6.7937 2.2536 50.9188 -4.5274 -5.6553
Car -1 -1 -4.6678 87.4738 172.7617 124.2734 200.0242 1.6639 1.7504 3.8415 -32.2102 1.6580 46.1290 -5.2748 -5.7015
Car -1 -1 -4.4816 0.0000 179.9586 0.0000 204.0456 1.4404 1.6454 4.1425 -41.5225 1.9214 46.6673 -5.2061 -5.8029
Car -1 -1 -4.4843 0.0000 175.5894 51.7598 202.1164 1.5871 1.7081 4.3896 -37.2546 1.7701 46.0021 -5.1623 -5.8131
Car -1 -1 -4.6545 566.2199 177.6456 591.2446 198.3585 1.4102 1.5809 3.9236 -2.2505 1.7684 52.0116 -4.6980 -5.8867
Car -1 -1 -4.6238 68.5510 177.4347 99.8095 196.7181 1.4416 1.6420 4.0402 -41.6064 1.8176 57.1196 -5.2512 -5.8867
Car -1 -1 -4.5800 34.0364 178.6127 70.7696 199.0208 1.4282 1.6394 4.0785 -41.6266 1.8755 53.8991 -5.2353 -5.8867
Car -1 -1 -4.4954 0.0000 180.3824 0.0000 206.5363 1.4669 1.6412 4.0183 -41.6126 1.9465 43.8491 -5.2517 -5.8867
Car -1 -1 -4.7761 600.1769 178.7172 620.5569 194.8180 1.4437 1.6477 4.5274 -0.0164 2.0203 68.6920 -4.7767 -5.9422
Car -1 -1 -8.3013 989.9241 177.9237 1043.3224 203.1411 1.3428 1.3849 3.1456 22.8282 1.6396 40.6798 -7.7934 -6.0338
