Car -1 -1 -7.8597 587.7299 184.0392 617.6724 208.8237 1.2755 1.6081 3.5281 -0.4613 1.9308 40.5159 -7.8716 4.9895
Car -1 -1 -7.7893 521.9711 180.5969 552.8286 205.2880 1.4310 1.6755 3.6980 -4.5096 1.9324 44.8723 -7.8894 3.7790
Car -1 -1 -6.9304 0.0000 202.1295 180.8842 374.0000 1.4962 1.6309 3.8352 -3.7104 1.6869 2.7599 -7.8154 3.1446
Car -1 -1 -6.3155 153.1291 176.9389 225.4222 200.5753 1.4872 1.6787 4.0794 -27.8859 1.7677 47.8093 -6.8413 -0.5931
Car -1 -1 -1.9223 112.5978 175.7513 159.1240 196.7179 1.5725 1.6769 4.3003 -37.2488 1.8074 56.6127 -2.5023 -2.0797
Car -1 -1 -5.1315 730.9683 197.1309 778.0679 222.2563 1.3902 1.6553 3.3830 8.9912 2.9759 45.3015 -4.9376 -2.5607
Car -1 -1 -4.6421 18.4114 180.0217 54.2380 203.2172 1.5052 1.6685 3.9906 -39.9309 2.0251 50.2494 -5.3111 -3.0451
Car -1 -1 -7.4275 277.0817 175.6412 333.8318 202.9218 1.6290 1.6755 4.3025 -19.2413 1.8136 45.7043 -7.8241 -3.0867
Car -1 -1 -8.4307 848.2531 183.9731 915.6192 216.1869 1.5463 1.5770 3.6244 14.1768 2.1602 37.9167 -8.0761 -3.2144
Car -1 -1 -4.5572 56.2295 178.5218 99.7305 201.3176 1.5390 1.8125 4.8484 -38.7075 1.9718 52.5603 -5.1897 -3.3947
Car -1 -1 -4.6990 83.3150 177.4572 121.3696 208.0195 1.5528 1.6295 4.0758 -27.7405 1.8178 39.4484 -5.3088 -3.4489
Car -1 -1 -8.0990 882.7651 184.2240 934.5859 215.0996 1.4820 1.5977 3.9802 15.7193 2.1172 38.2490 -7.7124 -3.4743
Car -1 -1 -4.5990 1028.3052 173.3509 1074.3641 206.4194 1.6709 1.6628 4.1534 23.6529 1.6987 38.6740 -4.0538 -3.4849
Car -1 -1 -4.6662 509.5370 179.4221 535.3163 202.9853 1.5039 1.5758 3.4288 -5.9243 1.9640 48.8056 -4.7868 -3.8737
Car -1 -1 -4.4039 139.4770 175.5867 182.7840 196.2292 1.5489 1.7328 4.0968 -35.3710 1.7725 56.9192 -4.9580 -3.9307
Car -1 -1 -4.1661 208.6067 177.5882 263.9255 200.6940 1.4975 1.5986 3.8558 -25.6278 1.8353 49.5540 -4.6414 -4.2248
Car -1 -1 -2.1376 56.4504 176.2808 111.6922 196.6412 1.5483 1.7008 3.8901 -41.4842 1.8253 56.8799 -2.7656 -4.3760
Car -1 -1 -7.7347 0.0000 185.9447 481.1548 374.0000 1.4645 1.5827 3.6646 -1.7475 1.5549 3.0056 -8.2259 -4.3876
Car -1 -1 -8.6410 1053.9834 165.2874 1147.5813 201.7312 1.7125 1.6304 3.7984 24.2862 1.3566 35.9266 -8.0507 -4.5453
Car -1 -1 -8.0824 995.3354 172.9225 1039.2178 199.9759 1.6465 1.6341 3.6320 25.8119 1.6508 45.8954 -7.5731 -4.7608
Car -1 -1 -4.9883 762.7269 196.3213 815.4848 231.5418 1.5265 1.5621 3.6981 8.7429 2.7468 35.6517 -4.7506 -4.7762
Car -1 -1 -5.0518 420.0970 179.0801 460.3073 201.4304 1.5565 1.6083 4.1793 -12.6945 2.0381 53.6623 -5.2834 -4.9100
Car -1 -1 -4.6804 184.3208 172.9672 218.9811 199.7769 1.6273 1.7821 4.3657 -26.1034 1.6346 46.1633 -5.1927 -4.9209
Car -1 -1 -4.7261 649.0865 181.6147 669.5695 200.7476 1.5121 1.6651 4.3038 4.1297 2.2818 61.2248 -4.6596 -4.9317
Car -1 -1 -4.4490 0.0000 181.2157 20.7988 202.8573 1.3527 1.5496 3.6862 -41.3020 1.9392 48.6407 -5.1504 -4.9464
Car -1 -1 -4.0310 327.3539 178.5991 363.0533 192.7648 1.3298 1.5010 3.3899 -26.0703 1.9102 71.0788 -4.3816 -4.9471
Car -1 -1 -4.8503 318.1597 180.3435 339.0642 194.5157 1.3284 1.4890 3.2810 -27.8494 2.0871 71.3243 -5.2215 -5.0172
Car -1 -1 -8.7220 1016.0539 155.2844 1101.2123 188.6768 1.7861 1.6525 3.9376 25.1877 0.8460 40.7225 -8.1714 -5.0262
Car -1 -1 -4.4287 631.6071 181.3189 656.8174 197.0471 1.4690 1.6273 3.3060 3.3794 2.3253 71.1871 -4.3819 -5.0895
Car -1 -1 -4.4859 54.3088 176.7365 104.6013 205.4655 1.7388 1.6785 4.3294 -34.2313 2.0019 46.6184 -5.1167 -5.0939
Car -1 -1 -4.9205 146.1817 178.3130 182.9647 197.8225 1.5746 1.7988 4.4569 -38.1511 2.0581 61.7194 -5.4724 -5.0940
Car -1 -1 -4.7308 239.9916 176.8690 262.4594 195.5972 1.5295 1.6578 4.0351 -30.8904 1.8865 62.0313 -5.1913 -5.2315
Car -1 -1 -6.1439 237.2723 182.9000 373.1828 228.9193 1.4692 1.6725 4.1313 -10.4585 1.8347 24.9454 -6.5375 -5.2759
Car -1 -1 -4.0578 338.1622 177.3419 394.9612 198.9620 1.3766 1.6044 3.8992 -16.4755 1.6937 48.9215 -4.3813 -5.3242
Car -1 -1 -4.9981 560.3065 178.5005 589.3547 195.3331 1.4542 1.6004 3.9322 -3.2651 1.9861 65.8784 -5.0478 -5.4084
Car -1 -1 -4.5310 93.7988 179.5522 127.7327 199.9817 1.5570 1.6573 3.3987 -40.1962 2.1138 58.1208 -5.1341 -5.4195
Car -1 -1 -4.5173 274.9297 184.2561 309.2685 206.0776 1.4615 1.5812 3.7549 -23.0800 2.3213 52.4243 -4.9304 -5.4211
Car -1 -1 -7.6570 231.3180 175.1212 344.4838 245.3665 1.6566 1.8813 4.7729 -8.6507 1.7262 19.7108 -8.0660 -5.6777
Car -1 -1 -3.1469 989.5665 183.7362 1093.3175 225.4521 1.6467 1.6336 3.7359 18.4030 2.1385 30.9835 -2.6157 -5.7073
Car -1 -1 -4.2417 335.6615 179.7804 394.9658 206.6114 1.4117 1.5797 3.9375 -13.8963 1.8256 41.0905 -4.5661 -5.7247
Car -1 -1 -4.7122 528.4356 178.3498 547.2461 195.9196 1.5404 1.6787 4.2271 -6.7035 2.0656 66.8131 -4.8121 -5.7557
Car -1 -1 -4.4721 0.0000 179.3394 0.0000 204.1177 1.4735 1.6978 4.2822 -41.5614 1.9108 46.3965 -5.1998 -5.8214
Car -1 -1 -4.5855 44.4806 175.7110 80.7506 195.8793 1.4523 1.6642 4.2521 -41.5868 1.6781 54.8549 -5.2320 -5.8637
Car -1 -1 -8.9573 0.0000 0.0000 1241.0000 374.0000 1.5077 1.6049 3.8497 3.1370 1.5490 1.3671 -7.8743 -5.8867
Car -1 -1 -5.3733 482.6867 179.0070 524.0886 195.7049 1.4482 1.7044 3.9079 -9.7941 2.0275 65.9950 -5.5204 -5.9351
Car -1 -1 -4.4651 384.0138 178.6012 410.2426 194.9146 1.5384 1.5946 3.8458 -21.0390 2.1221 71.3698 -4.7510 -5.9922
Car -1 -1 -4.8343 599.8598 181.8859 623.2614 197.9064 1.4137 1.6812 4.5262 0.0935 2.3023 68.6645 -4.8334 -6.1511
Car -1 -1 -4.8505 1032.9152 198.9239 1098.9816 241.7884 1.3656 1.6166 3.4323 17.0495 2.4162 27.1903 -4.2961 -6.2313
Car -1 -1 -5.5563 832.2075 265.2079 1241.0000 374.0000 1.3769 1.3074 2.8985 3.1579 2.3056 5.6714 -5.0727 -8.0931
Car -1 -1 -5.6234 920.4815 258.6487 1241.0000 374.0000 1.1812 1.2212 2.6115 4.0650 2.0873 6.1861 -5.0655 -8.4753
