Car -1 -1 -7.2883 0.0000 188.8999 275.1136 318.7903 1.3809 1.5861 3.5874 -6.3003 1.6412 9.9186 -7.8425 8.2131
Car -1 -1 -7.7301 496.3091 178.7462 556.9225 225.3678 1.5240 1.7083 3.7869 -2.9682 1.7513 25.9688 -7.8434 6.6674
Car -1 -1 -7.8045 556.1161 178.7269 579.2213 196.7672 1.2805 1.5622 3.4584 -3.1743 1.7346 54.0828 -7.8632 -0.1095
Car -1 -1 -4.7186 501.6961 170.1432 526.4088 194.9650 1.6149 1.5977 3.7780 -6.5502 1.4382 48.9240 -4.8513 -0.4156
Car -1 -1 -3.5043 935.1904 187.7619 1013.1457 214.6893 1.4996 1.6458 3.7369 21.2582 2.3940 42.2990 -3.0420 -3.1381
Car -1 -1 -4.7374 1117.5765 192.0573 1169.7966 233.2936 1.5442 1.6792 4.0346 22.9184 2.4298 31.1483 -4.1083 -3.7467
Car -1 -1 -4.2807 346.8543 179.5344 389.6504 201.8824 1.5803 1.6170 3.7637 -18.1194 2.0995 54.1513 -4.6025 -3.7502
Car -1 -1 -4.4997 164.7386 183.4302 194.5034 200.6129 1.4322 1.5568 3.5995 -38.4562 2.4060 64.5018 -5.0357 -3.8193
Car -1 -1 -4.8354 978.4719 191.2921 1024.7679 224.8325 1.4743 1.5671 3.6041 19.3480 2.4400 35.8379 -4.3445 -4.2374
Car -1 -1 -4.9104 872.3856 175.6997 907.1010 199.9784 1.6186 1.5358 3.8019 19.5285 1.8256 50.5746 -4.5443 -4.5125
Car -1 -1 -4.8813 1113.4615 195.6457 1184.4153 241.9148 1.5408 1.5934 3.5355 20.6792 2.4821 27.8735 -4.2488 -4.5858
Car -1 -1 -4.7116 152.1470 184.0027 172.8524 200.9449 1.4052 1.5284 3.3612 -39.7597 2.4234 64.0856 -5.2653 -4.5979
Car -1 -1 -3.1329 0.0000 186.5869 244.8051 263.8703 1.4321 1.6145 4.2903 -10.5655 1.7687 15.8630 -3.7130 -4.6033
Car -1 -1 -5.3060 950.7144 181.1194 988.6013 200.3043 1.6958 1.5270 3.3587 33.3685 2.4840 67.0681 -4.8465 -4.7401
Car -1 -1 -4.7901 382.3546 179.1567 409.3864 199.8735 1.4614 1.6387 4.1378 -16.2271 1.9564 54.4785 -5.0785 -4.7591
Car -1 -1 -7.8818 135.8297 184.4915 157.0587 201.4206 1.3829 1.4744 3.6602 -40.8461 2.4381 63.5166 -8.4516 -4.8030
Car -1 -1 -4.9259 525.2016 179.1546 559.9454 202.8574 1.4236 1.4831 3.6087 -4.3978 1.8447 46.3134 -5.0205 -4.9891
Car -1 -1 -4.7668 548.1967 180.4664 566.0159 196.5502 1.4393 1.4932 3.2658 -5.0176 2.1735 67.9073 -4.8406 -5.0643
Car -1 -1 -7.6070 376.1473 176.9317 425.8952 208.1955 1.5513 1.6607 3.7399 -11.0355 1.7776 38.1936 -7.8867 -5.0850
Car -1 -1 -7.7937 548.4955 178.7325 585.8864 212.7216 1.4394 1.4912 3.7069 -1.9549 1.7234 33.0513 -7.8529 -5.2277
Car -1 -1 -2.6409 223.7017 184.9973 353.0254 231.4811 1.4244 1.5339 3.5491 -10.4698 1.8350 23.5033 -3.0562 -5.2597
Car -1 -1 -4.9849 587.8786 176.8834 627.0383 202.6999 1.6951 1.7132 3.9557 -0.2535 1.9870 50.1811 -4.9905 -5.2754
Car -1 -1 -4.5332 166.6686 183.6456 227.9784 218.0080 1.3944 1.6938 4.2096 -18.8017 1.9210 32.9685 -5.0483 -5.3090
Car -1 -1 -4.6361 159.6424 181.8173 217.8273 226.8023 1.5041 1.5729 3.9535 -15.7787 1.8668 27.0941 -5.1595 -5.3842
Car -1 -1 -4.7919 442.3506 181.1513 462.4526 197.8286 1.4209 1.5087 3.3562 -14.2642 2.1904 65.1152 -5.0070 -5.4466
Car -1 -1 -8.0478 764.7086 174.1677 794.1643 194.3177 1.5857 1.6417 3.7393 13.7720 1.6961 58.9236 -7.8196 -5.5021
Car -1 -1 -4.8370 69.7221 188.0282 107.7962 211.9575 1.4365 1.5833 3.8236 -34.5236 2.4804 47.7127 -5.4609 -5.5338
Car -1 -1 -5.0752 648.9637 179.3471 680.4619 195.4137 1.4313 1.6413 4.0194 5.1130 2.0641 68.1867 -5.0011 -5.5541
Car -1 -1 -4.7131 956.1760 186.0289 986.4931 213.1015 1.5635 1.6577 3.9871 22.9432 2.4410 45.9214 -4.2529 -5.5903
Car -1 -1 -2.1315 0.0000 189.1805 12.1434 374.0000 1.4006 1.5786 4.0434 -6.0456 1.5130 4.0686 -3.0791 -5.6635
Car -1 -1 -4.9260 845.2587 187.6249 900.9435 223.6793 1.4122 1.5211 3.7526 11.4860 2.1034 31.8241 -4.5833 -5.6711
Car -1 -1 -4.2991 99.6543 187.4163 157.7918 211.0473 1.3949 1.6529 4.1316 -31.5951 2.3961 47.4496 -4.8842 -5.7463
Car -1 -1 -4.7243 73.9454 182.2942 124.5386 219.4262 1.3826 1.6283 4.1539 -21.3769 1.8048 30.1265 -5.3374 -5.7931
Car -1 -1 -4.0969 113.4963 180.5384 225.6941 218.9025 1.3768 1.6381 4.3232 -17.5810 1.7089 28.9978 -4.6381 -5.7982
Car -1 -1 -4.5589 56.2609 183.0720 135.2259 229.6106 1.4196 1.6080 4.1321 -17.8774 1.8072 25.1872 -5.1713 -5.8030
Car -1 -1 -4.7374 1102.1583 182.1118 1129.2964 203.0062 1.5991 1.7095 4.0176 41.4779 2.3869 59.2725 -4.1296 -5.8524
Car -1 -1 -4.4277 139.8525 180.7414 204.5695 212.4151 1.4174 1.6303 4.0943 -21.5218 1.8298 35.5660 -4.9687 -5.8635
Car -1 -1 -4.3919 78.7083 178.9920 178.7350 226.8486 1.4518 1.6260 4.0333 -16.3067 1.6792 24.6008 -4.9724 -5.8803
Car -1 -1 -4.6122 105.4384 183.6625 134.6780 202.3783 1.4662 1.6510 4.0310 -41.5334 2.4151 61.1944 -5.2067 -5.8817
Car -1 -1 -4.9131 1241.0000 169.0915 1241.0000 196.1578 1.4782 1.6399 3.9898 41.4704 1.2724 41.5243 -4.1321 -5.8867
Car -1 -1 -4.6935 146.5209 181.8710 168.5841 199.0725 1.4777 1.6392 4.0081 -41.6066 2.3336 66.3696 -5.2518 -5.8867
Car -1 -1 -4.5482 0.0000 184.4874 14.9934 209.1915 1.5235 1.6530 4.0135 -41.6071 2.3424 48.6644 -5.2530 -5.8867
Car -1 -1 -4.5330 0.0000 188.5031 0.0000 215.6884 1.5211 1.6667 4.0531 -41.5385 2.5440 45.0160 -5.2754 -5.8867
Car -1 -1 -4.7035 1068.8474 174.4811 1091.8590 192.3989 1.5184 1.6556 3.9956 41.4766 1.6664 63.6519 -4.1284 -5.8867
Car -1 -1 -4.4820 0.0000 186.5885 0.0000 215.7437 1.5543 1.6597 4.0117 -41.6042 2.4065 42.6363 -5.2521 -5.8867
Car -1 -1 -4.8741 1241.0000 169.9997 1241.0000 195.8439 1.5124 1.6572 4.0012 41.4690 1.3451 44.3495 -4.1258 -5.8867
Car -1 -1 -4.2676 59.3758 181.1150 158.1055 222.4179 1.4502 1.6094 3.9628 -19.5280 1.7972 28.2499 -4.8682 -5.8867
Car -1 -1 -4.4467 677.9785 177.3838 715.5630 199.4191 1.4676 1.6235 4.1361 6.1671 1.8026 51.1901 -4.3279 -5.8867
Car -1 -1 -6.7849 0.0000 0.0000 1241.0000 374.0000 1.5499 1.5908 3.8052 -2.9055 1.6615 1.0032 -7.9391 -5.8867
Car -1 -1 -4.4116 375.6371 177.5753 416.9402 199.2006 1.3658 1.5663 3.9052 -14.3105 1.6950 48.3929 -4.6979 -5.8867
Car -1 -1 -7.1459 51.3444 0.0000 1241.0000 374.0000 1.5484 1.5914 3.8055 -1.2980 1.6359 1.0033 -7.9392 -5.8867
Car -1 -1 -4.4329 605.2709 178.6940 633.4709 194.8256 1.4403 1.6381 3.9478 0.8960 2.0082 68.0854 -4.4202 -5.8867
Car -1 -1 -4.5447 124.9834 180.8444 189.2952 218.1055 1.4438 1.6578 4.2131 -19.5192 1.8139 31.1917 -5.1002 -5.9246
Car -1 -1 -4.5075 1023.9589 182.6110 1053.6887 200.1014 1.5585 1.6931 3.8195 40.7006 2.5112 68.4877 -3.9736 -6.0652
Car -1 -1 -4.7802 1183.1415 182.2320 1219.8878 209.2121 1.7602 1.7110 3.9769 41.4496 2.4460 50.6646 -4.0979 -6.1509
Car -1 -1 -4.7699 238.0009 178.4649 263.4356 200.7336 1.5838 1.5029 3.7611 -27.1069 2.0217 54.3353 -5.2310 -6.1695
Car -1 -1 -4.6235 0.0000 185.5906 59.2201 235.7316 1.4479 1.5868 4.2313 -19.6477 1.9128 24.1532 -5.3011 -6.1824
Car -1 -1 -3.1993 811.8841 165.8051 862.0518 187.2125 1.6835 1.8466 3.7464 18.1995 1.1289 58.0907 -2.8974 -6.4748
