Car -1 -1 -7.6314 375.4089 185.1949 492.1039 264.0816 1.4881 1.7043 3.8263 -3.8375 1.7966 16.1319 -7.8620 6.5424
Car -1 -1 -4.2985 240.6810 182.7919 305.4026 213.2177 1.4241 1.6383 3.7000 -17.1679 1.9571 36.8564 -4.7319 4.0935
Car -1 -1 -7.8582 533.9945 181.9551 558.1807 205.9681 1.5004 1.5535 3.4758 -4.3155 2.1315 48.2530 -7.9474 3.2378
Car -1 -1 -7.7072 421.0914 183.5902 468.4409 218.1688 1.4100 1.5441 3.7671 -7.4354 1.9230 32.5617 -7.9304 -0.7785
Car -1 -1 -3.7807 156.4327 181.8278 235.0821 209.1216 1.5009 1.5318 3.9448 -24.7449 2.0639 43.1811 -4.2986 -1.5133
Car -1 -1 -8.1991 617.5939 181.6540 660.4434 205.8875 1.5549 1.6829 4.0749 1.9327 2.1923 50.0876 -8.1613 -2.1961
Car -1 -1 -3.6703 0.0000 183.4700 87.9221 216.8741 1.4721 1.6669 4.1783 -28.4331 2.0269 35.4770 -4.3424 -2.3909
Car -1 -1 -2.1021 450.5878 189.0144 499.4415 213.8388 1.5064 1.6432 3.5139 -9.0535 2.6246 48.0762 -2.2878 -2.5471
Car -1 -1 -4.6612 243.4674 181.9466 274.3969 206.7049 1.5084 1.6267 4.1587 -23.2574 2.1390 47.8306 -5.1119 -3.1664
Car -1 -1 -5.1090 450.7881 180.1437 486.7635 200.2916 1.5218 1.5467 3.6268 -11.3741 2.1254 57.8377 -5.3027 -3.1944
Car -1 -1 -4.6433 441.3944 187.0545 471.8781 212.4385 1.4820 1.6539 3.9051 -9.8671 2.4366 46.4670 -4.8519 -3.4246
Car -1 -1 -2.0358 76.1289 182.0861 148.0863 212.2618 1.5556 1.7097 3.9134 -27.5989 2.0879 39.9269 -2.6376 -3.7054
Car -1 -1 -3.2994 704.4854 186.1562 786.4192 213.4715 1.4954 1.6936 4.3901 7.6607 2.2727 41.2764 -3.1178 -3.7676
Car -1 -1 -4.9035 1002.5880 192.5868 1033.8112 211.9668 1.5262 1.6561 3.9051 35.7088 3.3133 63.2417 -4.3921 -4.1919
Car -1 -1 -7.7735 859.0841 194.9761 888.6182 220.2094 1.5620 1.6364 4.1550 18.5784 3.1877 50.8035 -7.4255 -4.4461
Car -1 -1 -4.6301 649.2622 180.3933 682.0214 209.4453 1.6503 1.6612 4.4570 3.4459 2.1397 44.5294 -4.5540 -4.4925
Car -1 -1 -4.7008 334.3046 181.7644 372.6645 217.4545 1.5152 1.6005 3.9038 -12.0205 1.9582 33.7900 -5.0404 -4.5731
Car -1 -1 -4.7319 623.5626 182.2961 653.8316 210.7914 1.5169 1.6593 3.9975 1.5819 2.0894 41.7572 -4.6949 -4.6151
Car -1 -1 -4.6491 0.0000 188.4645 36.2896 218.5742 1.5030 1.7389 4.3719 -33.6107 2.4318 40.6640 -5.3368 -4.6690
Car -1 -1 -3.4976 649.9578 183.2563 726.3446 210.2748 1.4867 1.6473 4.1047 4.4989 2.1109 42.0148 -3.3923 -4.7981
Car -1 -1 -5.0055 590.4332 182.9870 626.7742 203.0076 1.4161 1.6582 4.1541 -0.1796 2.2268 55.5198 -5.0093 -4.8771
Car -1 -1 -6.9379 1045.7665 195.0197 1110.6870 216.4967 1.4759 1.5390 3.8110 33.9578 3.1143 52.4176 -6.3663 -4.9256
Car -1 -1 -6.0356 472.6697 183.3649 523.4070 204.6684 1.6042 1.7121 3.6075 -8.7494 2.4398 56.3618 -6.1894 -5.1110
Car -1 -1 -4.4238 0.0000 184.1837 11.2247 222.3479 1.5075 1.6664 4.0351 -28.3006 2.0436 31.9777 -5.1442 -5.2254
Car -1 -1 -4.5839 639.3838 182.4183 670.6799 205.6757 1.5253 1.6898 4.3676 3.2277 2.2385 51.5199 -4.5223 -5.2675
Car -1 -1 -5.0152 954.3494 192.5871 987.0891 210.8143 1.3820 1.4892 3.4170 30.1394 3.0835 60.4195 -4.5551 -5.4070
Car -1 -1 -5.0242 466.7773 181.0882 498.8930 199.5673 1.6892 1.8284 4.3785 -12.4645 2.5196 70.4252 -5.1991 -5.5209
Car -1 -1 -4.8679 387.3163 180.0180 413.4935 197.2722 1.4294 1.6185 4.0008 -18.5592 2.0831 63.7188 -5.1505 -5.5738
Car -1 -1 -5.9908 598.6343 184.2616 650.8749 203.8700 1.5503 1.6690 4.0422 1.2100 2.5227 60.1088 -5.9713 -5.6917
Car -1 -1 -4.6814 25.5270 186.6064 61.6242 215.2513 1.5191 1.5330 3.4887 -32.8917 2.3531 41.9117 -5.3438 -5.6976
Car -1 -1 -4.8304 408.5340 178.3315 442.6810 207.0390 1.5367 1.4662 3.7241 -10.6489 1.8658 41.3890 -5.0810 -5.7283
Car -1 -1 -4.7911 1179.8929 186.5912 1216.6663 210.8612 1.5586 1.6871 3.8829 41.3061 2.5643 50.7661 -4.1114 -5.7761
Car -1 -1 -4.7310 1092.7992 179.5141 1118.0653 198.1981 1.4713 1.6559 3.9437 41.4253 2.0481 60.4215 -4.1326 -5.8056
Car -1 -1 -4.7826 409.4818 186.3547 471.0327 234.0816 1.4328 1.7830 4.7098 -6.1526 1.9584 25.5964 -5.0167 -5.8513
Car -1 -1 -4.6557 105.4148 183.2016 132.2227 202.3936 1.5077 1.6471 4.0138 -41.6054 2.4149 61.1397 -5.2513 -5.8867
Car -1 -1 -4.6393 45.7949 186.0242 78.3082 208.4372 1.5544 1.6661 4.0272 -41.5231 2.5917 54.7033 -5.2864 -5.8867
Car -1 -1 -4.5481 0.0000 184.4636 14.9841 209.0942 1.5190 1.6523 4.0103 -41.6075 2.3362 48.6648 -5.2529 -5.8867
Car -1 -1 -4.6170 82.6128 185.2564 113.3587 205.3828 1.5023 1.6538 4.0713 -41.6475 2.5487 58.7186 -5.2319 -5.8867
Car -1 -1 -4.5231 0.0000 187.2525 0.0000 214.7554 1.5164 1.6660 4.0788 -41.5235 2.4419 44.2237 -5.2741 -5.8867
Car -1 -1 -4.4487 0.0000 186.1630 0.0000 217.2409 1.5432 1.6562 4.0143 -41.6082 2.3168 39.8138 -5.2529 -5.8867
Car -1 -1 -4.9223 1241.0000 168.2641 1241.0000 196.3160 1.4854 1.6461 3.9947 41.4683 1.2421 40.3268 -4.1268 -5.8867
Car -1 -1 -4.7356 1119.7100 174.1072 1146.9443 193.9116 1.5057 1.6410 3.9716 41.4384 1.6084 57.2255 -4.1116 -5.8867
Car -1 -1 -4.3970 334.8134 181.1279 366.9868 198.4981 1.4606 1.5844 3.8619 -23.1353 2.2221 64.4845 -4.7404 -5.8867
Car -1 -1 -4.6728 125.1648 183.9926 149.8478 202.8107 1.5351 1.6558 4.0143 -41.6031 2.5491 63.5519 -5.2507 -5.8867
Car -1 -1 -4.7861 1156.6570 173.8862 1190.6249 195.8139 1.5458 1.6663 3.9996 41.4736 1.6247 53.1939 -4.1268 -5.8867
Car -1 -1 -4.7956 225.1099 185.5807 248.5070 204.8194 1.5745 1.5262 3.8156 -33.0151 2.7343 63.7493 -5.2721 -6.5257
Car -1 -1 -7.4806 232.3339 177.5231 271.5898 202.0888 1.9220 1.7658 3.3493 -29.1853 2.3138 58.8585 -7.9393 -6.5785
Car -1 -1 -5.7433 955.4199 225.6777 1241.0000 374.0000 1.3395 1.3806 2.8271 4.8007 1.9385 6.6134 -5.1379 -6.8151
