Car -1 -1 -7.8583 584.0391 186.6495 616.4870 213.7947 1.2715 1.6059 3.7046 -0.5584 2.0251 37.5640 -7.8737 4.8558
Car -1 -1 -4.3629 298.4712 181.3209 349.0730 208.0625 1.4021 1.5395 3.5171 -16.1342 1.9007 40.7351 -4.7381 4.1757
Car -1 -1 -7.7760 534.4700 183.2053 564.4118 206.9462 1.4032 1.6283 3.6310 -3.8615 2.0896 46.0522 -7.8596 3.4980
Car -1 -1 -4.0473 1066.3789 195.7728 1162.7168 231.9998 1.4443 1.6201 3.5771 22.1232 2.4930 31.7219 -3.4434 -2.1477
Car -1 -1 -4.3429 330.6125 180.8704 372.0988 201.9939 1.5059 1.6336 4.0176 -19.6899 2.1393 55.0083 -4.6854 -2.2175
Car -1 -1 -7.9385 486.1069 176.5886 517.4635 203.6839 1.6735 1.6774 4.2856 -7.1941 1.9307 47.4724 -8.0885 -2.3191
Car -1 -1 -3.8103 842.7897 193.5943 911.9802 223.9438 1.5197 1.5996 3.2229 14.4463 2.6802 39.1197 -3.4597 -2.5066
Car -1 -1 -7.9960 485.3391 177.4479 510.0542 196.7970 1.7461 1.7344 4.2105 -10.7051 2.1960 68.4545 -8.1509 -2.9378
Car -1 -1 -3.5981 812.1965 186.6323 886.8812 212.3891 1.4510 1.5889 3.9089 14.1594 2.2890 42.8395 -3.2815 -3.4776
Car -1 -1 -4.0041 300.3727 178.7418 360.2219 203.6137 1.6704 1.6945 4.1731 -20.0306 2.1109 51.7735 -4.3718 -3.4788
Car -1 -1 -4.4876 127.7483 186.9154 160.3937 205.0957 1.4714 1.6464 3.5939 -40.9273 2.7453 63.4128 -5.0590 -3.5065
Car -1 -1 -4.7809 779.5463 174.1754 799.9453 188.2358 1.3264 1.6599 3.9345 17.5232 1.4590 70.5365 -4.5387 -3.5213
Car -1 -1 -5.3401 1069.4529 191.7276 1153.7529 226.3631 1.5131 1.6159 3.5007 24.3467 2.4806 35.2254 -4.7399 -3.6938
Car -1 -1 -5.7229 237.4803 180.9712 312.5302 207.3321 1.5608 1.6687 3.9069 -20.6468 2.0728 44.4600 -6.1556 -3.9512
Car -1 -1 -4.6508 159.9590 183.1914 196.8889 211.5652 1.5717 1.6615 4.2102 -26.2122 2.2320 43.8605 -5.1871 -3.9834
Car -1 -1 -4.0241 272.6585 179.7583 318.5208 197.9064 1.5587 1.6951 3.9678 -28.6162 2.2080 65.7425 -4.4335 -4.0134
Car -1 -1 -7.8267 298.8698 179.1795 333.4673 209.9093 1.5089 1.5931 3.0924 -15.4184 1.8557 37.8675 -8.2112 -4.3647
Car -1 -1 -4.1372 504.5893 176.1609 546.9863 198.7900 1.7938 1.6075 3.9535 -6.9806 2.0780 59.9474 -4.2530 -4.3740
Car -1 -1 -5.0062 771.9980 191.8610 806.9125 214.8025 1.6089 1.5184 4.0243 13.8642 3.1390 56.0477 -4.7656 -4.4718
Car -1 -1 -5.2570 798.5790 190.9974 866.2246 224.6462 1.4594 1.5834 3.4398 10.7299 2.3902 35.1662 -4.9639 -4.4863
Car -1 -1 -4.9057 254.0047 180.3271 282.1423 197.7622 1.4819 1.6148 3.6757 -30.8283 2.1748 64.9656 -5.3474 -4.5450
Car -1 -1 -8.0938 421.8235 180.4675 464.8815 209.8527 1.6647 1.7142 3.7451 -10.2357 2.1503 43.9988 -8.3214 -4.6086
Car -1 -1 -5.1113 357.6728 179.0882 402.7530 200.1723 1.5017 1.6991 4.3838 -17.5539 1.9951 54.9205 -5.4195 -4.6977
Car -1 -1 -4.7293 623.9321 186.0162 647.3604 208.0479 1.4345 1.5898 3.9825 1.7629 2.4080 51.3785 -4.6958 -4.8183
Car -1 -1 -4.7583 541.4886 178.2457 563.7479 196.6372 1.4439 1.6505 4.2430 -4.8398 1.9096 60.1498 -4.8386 -4.8672
Car -1 -1 -4.3223 560.2911 178.2831 611.7957 208.8382 1.6142 1.5458 3.9329 -1.3417 1.9382 40.9827 -4.3554 -4.9389
Car -1 -1 -2.3907 6.7185 184.2504 133.7549 227.2037 1.5861 1.6670 3.9014 -21.1230 2.0485 28.2480 -3.0284 -4.9805
Car -1 -1 -4.9290 145.2236 186.3360 178.8099 206.9363 1.6313 1.6471 3.8784 -38.3346 2.8201 61.6730 -5.4834 -4.9889
Car -1 -1 -4.3895 132.4573 183.9268 185.5880 214.1779 1.5885 1.5889 3.2958 -25.5863 2.2445 40.9825 -4.9449 -5.0081
Car -1 -1 -4.9394 528.6213 178.6755 566.3870 202.5307 1.6570 1.8040 4.6170 -4.7393 2.1107 53.7995 -5.0273 -5.2043
Car -1 -1 -7.9928 1033.7062 202.4527 1106.4189 254.6951 1.4511 1.5641 3.2099 15.0685 2.5023 23.8482 -7.4358 -5.4003
Car -1 -1 -4.7971 358.6084 180.1092 392.2365 206.5375 1.4892 1.6137 4.0335 -14.3832 1.9534 44.0220 -5.1115 -5.4111
Car -1 -1 -2.2730 0.0000 185.8566 51.3780 358.5669 1.4701 1.7602 4.5407 -8.5645 1.6159 7.1929 -3.1268 -5.4116
Car -1 -1 -4.4949 222.7314 179.2257 258.4480 198.1730 1.3861 1.5995 4.2930 -28.9471 1.9057 56.5962 -4.9660 -5.4458
Car -1 -1 -3.8729 0.0000 186.3680 16.2451 253.6117 1.5141 1.7507 4.7493 -19.1678 1.9276 19.6571 -4.6390 -5.4757
Car -1 -1 -2.3623 0.0000 171.2915 8.9579 312.6672 1.5206 1.6392 4.0487 -10.0650 1.5035 8.7064 -3.2047 -5.5011
Car -1 -1 -4.2700 279.7699 183.4057 327.7208 206.5572 1.4032 1.4965 3.5786 -20.0138 2.1200 47.2115 -4.6692 -5.5095
Car -1 -1 -4.9828 405.2760 179.7028 445.9861 201.5108 1.4188 1.6771 4.3055 -13.0177 1.9211 50.6633 -5.2334 -5.5486
Car -1 -1 -4.9448 570.9181 180.2523 612.2955 207.9074 1.6301 1.6518 4.4620 -1.2665 2.1274 46.1654 -4.9726 -5.6608
Car -1 -1 -4.1736 382.9586 179.6618 436.4987 202.0216 1.3467 1.5507 3.9276 -12.9709 1.8081 46.8360 -4.4426 -5.6680
Car -1 -1 -4.2443 431.5652 179.0013 483.2391 202.3069 1.4226 1.6358 4.1221 -9.9956 1.8450 47.4074 -4.4513 -5.7103
Car -1 -1 -4.8265 302.1440 179.5659 330.8228 200.0365 1.5309 1.6571 4.1872 -23.5111 2.0877 57.6596 -5.2124 -5.7300
Car -1 -1 -4.7410 476.4182 179.9838 498.6479 198.4521 1.3944 1.6498 4.3347 -9.9913 1.9951 58.5321 -4.9097 -5.7902
Car -1 -1 -4.8822 404.5648 179.2521 433.6924 198.5981 1.5430 1.7147 4.1348 -16.2622 2.1058 61.2649 -5.1409 -5.7947
Car -1 -1 -4.7003 424.6823 179.8815 442.7090 195.0918 1.3458 1.6031 4.2573 -16.6519 2.0315 68.1801 -4.9393 -5.7949
Car -1 -1 -4.6064 106.3473 184.9358 136.6789 205.1094 1.5735 1.6859 4.2583 -41.4646 2.6374 61.2809 -5.1994 -5.8160
Car -1 -1 -4.2303 234.9094 180.2842 284.3666 200.8273 1.4959 1.6897 4.2409 -27.2645 2.0968 56.2390 -4.6801 -5.8503
Car -1 -1 -4.4226 768.6825 189.9580 816.0739 220.1713 1.5841 1.6319 4.0063 10.7219 2.6394 42.3923 -4.1773 -5.8509
Car -1 -1 -4.5804 16.3766 183.4199 54.6467 206.0434 1.5095 1.6479 4.0132 -41.6081 2.3063 52.2918 -5.2501 -5.8867
Car -1 -1 -4.6936 149.2816 182.8126 171.3366 200.4297 1.5186 1.6526 4.0149 -41.6047 2.4696 66.7739 -5.2493 -5.8867
Car -1 -1 -4.6184 64.4550 180.3299 96.3493 200.4283 1.4756 1.6445 4.0211 -41.6124 2.0852 56.7209 -5.2493 -5.8867
Car -1 -1 -6.9162 0.0000 0.0000 1241.0000 374.0000 1.5553 1.5939 3.8075 -2.1020 1.6677 1.0023 -7.9391 -5.8867
Car -1 -1 -7.5633 152.1989 0.0000 1241.0000 374.0000 1.5562 1.5948 3.8081 -0.4942 1.6522 1.0019 -7.9392 -5.8867
Car -1 -1 -4.4172 382.3704 179.2857 419.5237 199.3777 1.4031 1.5774 3.9207 -15.5151 1.8983 53.6214 -4.6979 -5.8867
Car -1 -1 -4.6965 553.3393 179.3236 575.1207 199.5240 1.4427 1.5925 3.9815 -3.4777 1.9524 54.8548 -4.7600 -5.8867
Car -1 -1 -4.5182 451.4415 180.4606 477.5629 197.3117 1.4734 1.6323 4.0045 -13.4761 2.1995 66.9037 -4.7165 -5.8867
Car -1 -1 -4.6395 87.5591 182.0768 116.5574 201.8067 1.5033 1.6489 4.0165 -41.6084 2.2862 59.1296 -5.2507 -5.8867
Car -1 -1 -4.8357 586.0660 181.3391 616.9056 204.8250 1.5492 1.6787 4.2366 -0.6798 2.1795 51.4083 -4.8494 -5.9093
Car -1 -1 -4.4731 159.9074 184.4477 193.8152 202.9633 1.5193 1.6675 4.0444 -38.4583 2.5842 64.1121 -5.0118 -6.0942
