Car -1 -1 -7.5309 260.3666 186.3182 453.1630 308.6138 1.5228 1.6567 3.8516 -3.7795 1.7702 11.3420 -7.8465 7.5591
Car -1 -1 -7.7533 469.4325 188.5829 507.2705 215.2794 1.2916 1.6605 3.5780 -6.5514 2.1798 38.9171 -7.9195 4.7429
Car -1 -1 -4.3887 320.0523 185.1782 377.5565 216.4104 1.4729 1.7033 3.7102 -13.4951 2.1430 37.3768 -4.7333 4.5333
Car -1 -1 -7.8850 560.3369 184.5178 588.2524 208.1604 1.3555 1.6228 3.7189 -2.3050 2.1167 45.1829 -7.9362 3.1091
Car -1 -1 -3.5284 691.6769 185.4520 754.3314 207.8856 1.5400 1.6524 4.1678 8.1409 2.4746 52.2620 -3.3753 -1.9935
Car -1 -1 -4.5252 751.2740 186.6835 787.9199 212.0326 1.4634 1.6044 3.8306 10.1769 2.3846 45.9977 -4.3094 -2.4939
Car -1 -1 -4.6728 546.7360 178.1231 573.4136 203.7217 1.6245 1.6393 4.0348 -3.3624 1.9946 48.6708 -4.7419 -2.9516
Car -1 -1 -4.3550 719.8308 189.7368 770.4391 217.7542 1.4576 1.6511 3.9099 7.9058 2.4933 42.1721 -4.1717 -3.1276
Car -1 -1 -4.5969 357.9629 184.4124 388.9919 208.3126 1.5651 1.6713 3.7114 -16.7569 2.4161 51.1545 -4.9123 -3.2118
Car -1 -1 -5.2061 781.6774 186.2277 831.4127 211.4287 1.4999 1.6181 3.5501 12.6852 2.4041 46.8870 -4.9441 -3.3000
Car -1 -1 -5.1165 380.2690 184.0779 424.8973 206.2973 1.4518 1.6792 3.8073 -14.7722 2.2789 51.1788 -5.3965 -3.5768
Car -1 -1 -4.4798 426.5969 181.9234 464.3770 206.1481 1.5435 1.6528 3.9700 -11.2572 2.1900 49.4598 -4.7028 -3.6829
Car -1 -1 -3.6449 91.5280 185.1792 172.5109 211.8123 1.6194 1.6194 4.2592 -31.8964 2.4816 48.2275 -4.2268 -3.7731
Car -1 -1 -4.8336 642.3599 185.1436 670.8153 206.7671 1.5128 1.6420 4.4185 3.4993 2.4927 55.2944 -4.7713 -3.9314
Car -1 -1 -4.5427 157.7583 187.7278 207.0626 219.4724 1.4758 1.5683 3.8716 -22.2434 2.2934 37.5890 -5.0742 -4.0058
Car -1 -1 -4.5147 512.0964 185.9435 543.7850 209.1546 1.8671 1.9254 4.3548 -7.1236 3.0475 62.8309 -4.6277 -4.2956
Car -1 -1 -4.7686 505.9112 183.5734 531.8988 207.7261 1.6039 1.6265 3.9940 -6.6156 2.4060 51.8997 -4.8952 -4.3248
Car -1 -1 -4.5455 609.6885 181.2327 642.4657 205.7731 1.5737 1.6699 3.6602 1.1096 2.1716 49.5591 -4.5238 -4.5569
Car -1 -1 -4.1006 383.0193 183.7356 425.3379 204.7326 1.5764 1.5625 3.4711 -16.5400 2.4799 58.0318 -4.3774 -4.6453
Car -1 -1 -7.2787 761.7815 190.9738 821.7054 218.5944 1.4427 1.6220 3.7278 10.5709 2.5440 42.0004 -7.0345 -4.7552
Car -1 -1 -4.7611 673.5286 182.7094 694.9940 202.9139 1.5799 1.5885 3.8912 6.1555 2.4309 60.3411 -4.6604 -4.7825
Car -1 -1 -4.8293 837.3223 192.6540 861.2019 211.4481 1.4729 1.5623 3.3256 20.5365 3.2255 62.0936 -4.5120 -4.8004
Car -1 -1 -3.4912 696.2068 185.2022 759.4907 208.1215 1.4942 1.6555 3.9566 8.0348 2.3615 49.5072 -3.3319 -4.8766
Car -1 -1 -4.4724 614.1058 179.3510 651.6976 202.1232 1.5537 1.6804 4.8067 1.7140 2.0555 53.2206 -4.4409 -5.1688
Car -1 -1 -5.1218 259.0721 182.4052 301.8313 203.8007 1.6676 1.7385 4.1331 -27.4869 2.4894 60.0783 -5.5495 -5.3963
Car -1 -1 -4.6752 768.9705 192.2926 788.9576 210.7069 1.4658 1.5866 3.4316 14.8037 3.2192 63.2321 -4.4469 -5.4511
Car -1 -1 -4.5947 397.6723 180.0623 427.6988 202.2493 1.5495 1.6971 4.0601 -14.7274 2.1091 53.9103 -4.8605 -5.6051
Car -1 -1 -4.7279 327.7827 183.1571 355.7625 207.2428 1.4172 1.6219 4.0287 -17.3417 2.1116 46.4837 -5.0834 -5.7109
Car -1 -1 -4.4451 415.8170 180.6507 452.9792 201.8758 1.4884 1.6720 4.1672 -13.1796 2.0971 54.2527 -4.6826 -5.7747
Car -1 -1 -4.7297 310.8038 185.7141 364.8943 231.0997 1.4028 1.6755 4.1492 -9.8073 1.9024 25.8072 -5.0899 -5.7850
Car -1 -1 -4.9260 535.3052 182.8057 569.9742 205.0300 1.4842 1.6681 4.1071 -4.2348 2.2366 52.3689 -5.0068 -5.7876
Car -1 -1 -4.5864 318.2437 181.4368 356.4047 210.1862 1.5855 1.6505 3.9114 -16.2818 2.1232 43.1357 -4.9457 -5.7936
Car -1 -1 -4.5098 308.3341 179.4344 369.3165 219.9610 1.5673 1.6521 3.9596 -11.4799 1.8657 30.6641 -4.8655 -5.7985
Car -1 -1 -4.3617 337.3523 182.2847 417.2061 222.5074 1.4175 1.6522 4.2051 -9.1441 1.8185 28.5664 -4.6692 -5.8644
Car -1 -1 -4.1960 309.5798 184.3929 341.6643 204.4086 1.8787 1.6286 3.1029 -28.0797 3.0447 71.2780 -4.5703 -5.8645
Car -1 -1 -4.6188 340.4127 182.2538 367.3806 203.7668 1.5868 1.6475 3.9841 -20.2959 2.3597 57.2166 -4.9585 -5.8715
Car -1 -1 -4.3748 561.4310 179.1676 602.4820 202.1315 1.4856 1.6358 3.9198 -1.9268 1.9409 49.9550 -4.4136 -5.8867
Car -1 -1 -4.5793 11.5498 184.8007 50.4462 208.1619 1.5392 1.6554 4.0127 -41.6056 2.4335 51.8820 -5.2528 -5.8867
Car -1 -1 -4.2382 336.5097 182.4469 383.9910 204.7126 1.5208 1.6556 4.0138 -18.3826 2.2558 53.2000 -4.5697 -5.8867
Car -1 -1 -4.6294 76.1802 185.0838 106.7946 206.1988 1.5591 1.6620 4.0155 -41.6030 2.5770 57.9190 -5.2503 -5.8867
Car -1 -1 -4.2543 301.0552 180.1694 361.6708 208.4682 1.4630 1.5981 3.8981 -15.5442 1.8923 40.3579 -4.6201 -5.8867
Car -1 -1 -4.2588 135.0140 183.0401 193.2345 208.1788 1.4751 1.6020 3.9037 -28.3760 2.1527 45.9962 -4.8092 -5.8867
Car -1 -1 -3.9637 478.5566 179.8365 528.3950 199.9665 1.5089 1.5578 4.1169 -8.5029 2.0877 57.7050 -4.1097 -6.1365
Car -1 -1 -4.1640 630.0258 178.0602 667.1281 194.1596 1.3999 1.5199 4.0368 3.5488 1.8923 66.1899 -4.1110 -6.2036
Car -1 -1 -4.2694 393.5772 180.8785 422.5386 198.6105 1.6636 1.4735 3.2991 -19.8676 2.4726 71.0271 -4.5416 -6.4031
