Car -1 -1 -7.5485 312.1547 175.4867 416.2579 234.5527 1.4412 1.6455 3.6115 -6.5910 1.5190 19.5857 -7.8695 7.3469
Car -1 -1 -7.7227 462.5061 174.6662 535.3007 229.2598 1.5003 1.6923 3.7531 -3.3171 1.5596 21.8460 -7.8722 7.1672
Car -1 -1 -7.8014 543.2436 171.3107 568.4667 192.7287 1.4877 1.6244 3.6311 -3.8969 1.3802 51.9517 -7.8762 2.3013
Car -1 -1 -7.7913 524.2973 168.0659 543.8489 183.9896 1.4581 1.6078 3.6201 -7.1419 1.0193 67.9104 -7.8959 0.9944
Car -1 -1 -4.3994 658.1431 174.8858 690.8539 192.5445 1.5218 1.6721 4.3877 5.8321 1.7113 65.0650 -4.3107 -1.8277
Car -1 -1 -5.0097 783.5649 177.2694 849.6076 214.5722 1.4886 1.6418 3.9458 8.8173 1.6918 31.2584 -4.7377 -1.8285
Car -1 -1 -4.9724 788.4033 180.6214 889.8297 242.6076 1.4310 1.6003 3.7142 5.8543 1.6557 19.0125 -4.6787 -2.4875
Car -1 -1 -8.2622 724.1090 179.7704 822.6836 234.3067 1.4784 1.5759 3.6654 4.8224 1.7078 22.0061 -8.0500 -3.0152
Car -1 -1 -7.5232 340.4157 174.5276 371.1815 195.5870 1.9502 1.5953 3.9046 -24.3179 2.1147 69.0869 -7.8607 -3.0950
Car -1 -1 -6.1951 415.2201 165.8056 502.0490 198.8016 1.6144 1.6702 4.1521 -7.6063 1.2693 36.3749 -6.4001 -3.2258
Car -1 -1 -7.8071 484.7972 172.9951 502.8078 187.8092 1.4275 1.5904 3.7225 -11.5096 1.4416 71.5049 -7.9664 -3.3706
Car -1 -1 -3.9770 401.1501 172.3363 446.9989 192.3430 1.6413 1.7837 3.6435 -15.7622 1.5985 61.2211 -4.2282 -3.4950
Car -1 -1 -4.6348 672.5703 172.7794 701.1199 197.3591 1.5734 1.6065 3.9045 5.1414 1.5683 48.2523 -4.5297 -3.7201
Car -1 -1 -4.4065 199.4037 173.4043 254.1743 202.8066 1.5201 1.5712 3.7610 -20.8709 1.5513 39.3676 -4.8913 -3.7681
Car -1 -1 -7.7588 522.0325 171.9745 549.5431 191.8386 1.3831 1.6363 3.6557 -5.3512 1.3215 52.0720 -7.8610 -3.8151
Car -1 -1 -8.0326 578.3442 170.0973 608.8897 192.3817 1.8442 1.8122 4.7344 -1.4820 1.6158 62.2151 -8.0567 -3.9623
Car -1 -1 -4.5641 528.9174 173.2160 554.8374 192.7254 1.5116 1.5466 3.6596 -5.4561 1.5413 57.8449 -4.6581 -4.0940
Car -1 -1 -4.4836 366.3503 168.8584 401.1310 189.6565 1.6929 1.8443 4.4405 -19.1026 1.3674 61.0138 -4.7860 -4.1897
Car -1 -1 -4.7078 576.9564 174.4838 594.6055 192.0942 1.5455 1.5570 3.6614 -2.2145 1.6974 65.5187 -4.7418 -4.2143
Car -1 -1 -4.7838 929.8270 189.6360 955.4937 209.9731 1.5879 1.7068 4.0875 28.6138 3.0857 62.2010 -4.3550 -4.3004
Car -1 -1 -5.4203 703.4111 175.1641 745.0421 190.8591 1.4849 1.7937 4.1324 11.2080 1.7196 71.1509 -5.2650 -4.3352
Car -1 -1 -4.6995 483.9791 172.0836 502.4672 187.5970 1.4292 1.6841 3.6721 -11.0677 1.3579 68.4123 -4.8596 -4.3896
Car -1 -1 -4.5091 733.9399 175.3642 758.9475 190.2357 1.4080 1.6687 3.9364 13.4665 1.6628 71.1743 -4.3232 -4.3899
Car -1 -1 -8.2473 522.3255 177.3864 588.4808 215.7243 1.4171 1.4675 3.3378 -2.2857 1.6099 28.9204 -8.3260 -4.4624
Car -1 -1 -4.9553 803.6085 178.6040 865.4797 218.3398 1.4267 1.5385 3.2475 8.6125 1.6632 28.0485 -4.6609 -4.4655
Car -1 -1 -4.6999 781.5605 176.2004 810.5066 205.7849 1.6555 1.5945 3.8472 11.0413 1.8638 42.9080 -4.4502 -4.4820
Car -1 -1 -4.4620 70.4133 167.2451 115.9362 189.1487 1.4775 1.6446 4.0671 -36.3949 1.0988 50.8639 -5.0807 -4.5576
Car -1 -1 -5.0754 143.7449 168.5178 193.9722 189.6716 1.5586 1.7182 4.7366 -33.8622 1.2388 55.2950 -5.6229 -4.5579
Car -1 -1 -2.2933 194.9037 167.4015 258.9102 194.4581 1.7310 1.6638 3.7577 -25.3040 1.3819 47.6060 -2.7797 -4.6261
Car -1 -1 -7.8652 491.7597 176.8843 534.8995 216.4751 1.4109 1.5556 3.9266 -3.8450 1.5796 28.1885 -8.0001 -4.7215
Car -1 -1 -5.1701 99.8579 168.3480 153.2103 191.0753 1.5884 1.6419 3.9222 -34.9644 1.2732 52.1216 -5.7588 -4.7946
Car -1 -1 -4.6324 893.7070 191.5148 928.3661 220.0132 1.4797 1.5868 3.7710 17.5916 2.6229 42.1756 -4.2404 -4.8258
Car -1 -1 -4.6713 85.9993 174.5855 113.4146 194.6060 1.4810 1.5671 3.8398 -39.4288 1.6194 55.7660 -5.2846 -4.9240
Car -1 -1 -4.5915 0.0000 170.1729 26.4522 195.1447 1.6311 1.9158 4.2134 -41.5063 1.4557 49.4177 -5.2876 -4.9877
Car -1 -1 -4.8992 733.6553 174.7069 761.2217 192.6865 1.6282 1.8657 3.7414 12.8197 1.8063 67.5993 -4.7130 -5.0813
Car -1 -1 -4.4102 34.0813 167.6182 88.8241 191.5385 1.5007 1.6707 4.2594 -36.1000 1.1719 47.5551 -5.0569 -5.1381
Car -1 -1 -4.7183 119.2333 165.8648 150.4930 191.4428 1.6762 1.7287 4.4998 -32.7204 1.2179 49.6378 -5.2988 -5.2085
Car -1 -1 -4.5979 268.1140 165.7505 299.6558 186.6835 1.4807 1.6526 4.1550 -24.0565 0.9779 53.2679 -5.0204 -5.2436
Car -1 -1 -4.2685 275.6445 169.1452 322.6794 190.8906 1.6425 1.7378 4.2336 -24.3648 1.3621 56.6505 -4.6732 -5.2776
Car -1 -1 -5.0156 422.7641 163.2168 460.0346 186.2807 1.8384 1.7867 4.3624 -14.0464 1.0699 59.8455 -5.2454 -5.4815
Car -1 -1 -4.6319 59.7195 173.8122 93.2975 194.4828 1.5230 1.7287 4.3914 -41.1571 1.5997 55.6992 -5.2661 -5.5164
Car -1 -1 -4.6489 663.6817 176.0390 683.2825 191.6080 1.4167 1.6041 4.1591 6.0524 1.7293 68.7226 -4.5618 -5.5317
Car -1 -1 -4.4027 822.1465 182.7725 856.3649 202.1432 1.5610 1.6377 4.1847 19.8829 2.4507 62.5607 -4.0968 -5.5483
Car -1 -1 -4.7055 537.6976 169.4052 554.9806 187.0452 1.6874 1.6485 3.6302 -6.2617 1.3572 70.8946 -4.7936 -5.5726
Car -1 -1 -2.2414 0.0000 175.9533 11.0976 374.0000 1.3992 1.5496 4.0870 -6.1018 1.4199 3.9812 -3.2029 -5.7123
Car -1 -1 -4.7801 1097.4139 181.7927 1126.0264 202.5386 1.6099 1.6880 3.6250 41.4445 2.3738 59.6962 -4.1760 -5.7214
Car -1 -1 -4.6830 819.9648 179.1092 842.8996 200.2844 1.5865 1.6382 4.2934 17.7121 2.1064 57.7109 -4.3871 -5.7300
Car -1 -1 -4.8728 735.6470 176.3493 761.3816 193.1632 1.3814 1.5548 3.9441 11.8619 1.6916 62.1014 -4.6853 -5.8774
Car -1 -1 -4.8324 1208.9739 171.1502 1241.0000 194.6928 1.5091 1.6545 3.9966 41.4717 1.3996 48.3726 -4.1269 -5.8867
Car -1 -1 -4.7616 1130.3243 172.9556 1160.1387 193.1435 1.5076 1.6492 3.9733 41.4798 1.5155 56.0149 -4.1270 -5.8867
Car -1 -1 -4.8850 1241.0000 170.3314 1241.0000 196.0428 1.4902 1.6430 3.9895 41.4718 1.3437 43.9375 -4.1320 -5.8867
Car -1 -1 -4.7862 1156.5560 174.7686 1190.9077 197.1580 1.5728 1.6863 4.0217 41.4804 1.7194 53.1952 -4.1269 -5.8867
Car -1 -1 -4.9120 1241.0000 168.4438 1241.0000 195.4996 1.4777 1.6396 3.9904 41.4702 1.2366 41.5267 -4.1310 -5.8867
Car -1 -1 -5.1848 734.5735 175.9766 783.4450 199.3075 1.4763 1.5896 3.9078 9.8885 1.6942 48.3144 -4.9845 -5.8868
Car -1 -1 -4.4916 291.5070 167.1323 339.7812 197.1992 1.4699 1.5246 3.7041 -15.1609 1.1899 37.2263 -4.8761 -6.0477
Car -1 -1 -4.5913 611.2398 174.7729 632.4404 190.7425 1.5215 1.6519 3.7707 1.1755 1.7159 71.2022 -4.5753 -6.2292
Car -1 -1 -4.4561 173.7099 169.1278 219.0358 195.3642 1.7181 1.7296 3.9937 -28.2846 1.4738 49.4022 -4.9739 -6.3327
Car -1 -1 -5.7509 0.0000 179.4761 27.9104 373.4062 1.7332 1.8120 4.2816 -9.5646 1.8212 8.0871 -6.6034 -6.3887
Car -1 -1 -5.9045 979.8920 220.8865 1241.0000 374.0000 1.3116 1.2991 2.8670 4.6984 1.8053 5.8576 -5.2539 -7.4262
