Car -1 -1 -7.5829 343.0466 188.0198 431.2137 241.0816 1.3938 1.6260 3.6072 -6.6763 1.8904 21.8167 -7.8770 7.3030
Car -1 -1 -7.6993 451.8918 184.6782 531.5618 246.1265 1.5642 1.7176 3.7413 -3.3820 1.9381 20.9622 -7.8580 7.2611
Car -1 -1 -7.8439 541.8536 183.5496 565.0315 205.1829 1.4372 1.5902 3.2556 -4.0342 2.2219 51.2743 -7.9225 1.7434
Car -1 -1 -5.0341 638.0171 184.5651 677.5076 205.6051 1.4806 1.6955 4.5233 3.6152 2.4258 55.8520 -4.9704 -1.6817
Car -1 -1 -7.7329 720.6216 185.9139 778.6293 232.3052 1.5299 1.6575 4.4088 5.3448 2.0694 27.4715 -7.5435 -2.8138
Car -1 -1 -7.6642 508.7877 176.9559 534.2723 195.4038 1.6879 1.6800 4.0941 -8.4517 2.0921 69.0524 -7.7859 -3.0563
Car -1 -1 -6.9485 739.4077 187.1589 820.3821 219.3483 1.5613 1.6330 3.9992 8.9132 2.3457 37.9938 -6.7205 -3.1216
Car -1 -1 -4.6949 761.8755 186.5780 817.3273 237.3518 1.4357 1.6277 4.2315 5.9133 1.9323 23.8735 -4.4558 -3.3402
Car -1 -1 -4.0065 498.6500 184.9393 543.8683 206.4895 1.5928 1.6789 3.5399 -7.0603 2.5871 57.4446 -4.1287 -3.8295
Car -1 -1 -4.5376 396.3288 182.1094 418.7952 197.4440 1.4429 1.5703 3.5029 -20.1658 2.3884 71.9117 -4.8103 -4.3794
Car -1 -1 -6.1633 717.7192 187.8899 837.3628 240.6479 1.4218 1.5686 3.3119 4.9534 1.8961 21.4787 -5.9405 -4.4195
Car -1 -1 -4.6002 388.3896 181.8191 409.3384 198.9904 1.5661 1.5787 3.2450 -20.2878 2.4490 69.3501 -4.8841 -4.4400
Car -1 -1 -4.6586 531.5351 182.0772 554.8884 204.1884 1.6503 1.6408 4.1810 -5.3375 2.4153 57.7434 -4.7508 -4.4698
Car -1 -1 -4.7093 407.8100 178.5790 437.6534 205.3266 1.5120 1.6772 3.8812 -11.3844 1.8755 43.7677 -4.9627 -4.5413
Car -1 -1 -4.2680 424.9953 180.6307 461.6931 200.0510 1.5780 1.6093 3.7989 -14.3669 2.2708 62.2820 -4.4942 -4.6205
Car -1 -1 -4.3808 4.1063 186.8557 71.8356 219.8594 1.4626 1.5071 3.6340 -28.1769 2.1914 35.6066 -5.0467 -4.7298
Car -1 -1 -5.0241 732.2889 189.3965 790.8239 223.6089 1.4893 1.6104 4.1597 7.3676 2.3558 35.6507 -4.8227 -4.9751
Car -1 -1 -3.9493 0.0000 190.7710 46.5879 220.4173 1.4846 1.7848 3.9131 -34.2151 2.5417 40.5729 -4.6468 -5.0906
Car -1 -1 -4.6398 63.9011 182.1005 98.0384 205.8862 1.4944 1.5827 3.9227 -35.9343 2.1491 49.0336 -5.2698 -5.1968
Car -1 -1 -1.6248 0.0000 184.6047 9.9287 211.0429 1.5558 1.7400 4.2834 -40.0432 2.3482 46.5215 -2.3328 -5.2129
Car -1 -1 -4.6283 459.4146 179.3892 482.5073 196.9154 1.4361 1.6325 4.1615 -12.1073 2.0249 62.8860 -4.8180 -5.2494
Car -1 -1 -4.7524 477.7930 178.6715 500.5868 198.0145 1.4427 1.6162 4.2082 -9.6645 1.9230 57.3803 -4.9188 -5.3900
Car -1 -1 -5.0836 611.8729 184.2546 654.0759 208.8103 1.7218 1.7504 4.3598 1.6751 2.6296 55.1210 -5.0540 -5.4150
Car -1 -1 -5.4534 0.0000 184.4293 62.3225 206.6910 1.4216 1.5730 3.8860 -39.0705 2.2127 48.2600 -6.1314 -5.4369
Car -1 -1 -4.9626 325.9889 180.8899 358.4090 199.3564 1.4493 1.6046 4.0281 -22.5363 2.1472 60.5792 -5.3176 -5.5502
Car -1 -1 -4.3140 274.7340 183.7769 353.2245 227.3353 1.4930 1.5006 3.5130 -11.1853 1.9340 27.3845 -4.6988 -5.5787
Car -1 -1 -5.0202 229.6250 182.1179 281.5630 208.9550 1.5225 1.6036 4.4736 -21.9813 2.1228 44.6030 -5.4760 -5.6006
Car -1 -1 -4.6990 356.5521 181.0963 382.3681 202.4727 1.3569 1.6220 4.1835 -16.5872 1.9507 49.7677 -5.0194 -5.6620
Car -1 -1 -4.8631 310.2956 181.6474 341.9681 201.1434 1.3588 1.6303 4.0718 -21.4677 2.0482 54.4177 -5.2374 -5.7697
Car -1 -1 -4.6256 0.0000 187.3120 0.0000 213.0138 1.4699 1.6462 4.0748 -41.2278 2.4294 45.7770 -5.3560 -5.7936
Car -1 -1 -5.1600 538.1195 182.2338 579.4479 202.0023 1.4957 1.6578 4.3291 -4.2601 2.2929 59.0565 -5.2322 -5.8210
Car -1 -1 -4.8253 410.0413 180.7812 433.7117 199.2844 1.5215 1.5658 4.0182 -16.5628 2.2407 63.3353 -5.0804 -5.8230
Car -1 -1 -4.7340 360.4529 180.8355 397.3261 210.5179 1.3931 1.7207 4.1179 -12.0243 1.8299 37.2883 -5.0442 -5.8315
Car -1 -1 -4.6991 373.0010 182.2691 394.3719 200.4660 1.4183 1.6627 4.2967 -19.0954 2.2427 60.9091 -5.0020 -5.8799
Car -1 -1 -4.0674 36.1619 180.4264 146.8368 219.9828 1.4684 1.6003 3.9781 -21.1394 1.7995 29.5657 -4.6840 -5.8800
Car -1 -1 -4.6415 87.5997 183.8157 116.5090 203.9119 1.5218 1.6511 4.0102 -41.6049 2.4523 59.1238 -5.2528 -5.8867
Car -1 -1 -4.4384 0.0000 186.4110 0.0000 218.2064 1.5438 1.6555 4.0117 -41.6085 2.3168 39.0095 -5.2527 -5.8867
Car -1 -1 -4.4800 0.0000 186.8902 0.0000 215.9531 1.5741 1.6767 4.1091 -41.4796 2.4608 43.3999 -5.2398 -5.8867
Car -1 -1 -7.5638 151.9771 0.0000 1241.0000 374.0000 1.5660 1.5947 3.8102 -0.4929 1.6922 1.0020 -7.9389 -5.8867
Car -1 -1 -4.3725 348.4427 180.9193 382.6977 198.5258 1.4319 1.5870 3.9320 -21.1404 2.1520 62.4708 -4.6978 -5.8867
Car -1 -1 -4.2643 500.0237 180.6788 544.4680 202.7875 1.4870 1.6437 3.9450 -6.3261 2.0756 52.1714 -4.3848 -5.8867
Car -1 -1 -4.2241 78.7452 182.9563 135.9883 205.3439 1.4310 1.5892 3.9358 -34.7916 2.1596 50.0151 -4.8296 -5.8867
Car -1 -1 -6.9162 0.0000 0.0000 1241.0000 374.0000 1.5644 1.5944 3.8095 -2.1009 1.7038 1.0021 -7.9389 -5.8867
Car -1 -1 -4.6025 47.4977 184.1601 81.7333 205.5655 1.5035 1.6471 4.0273 -41.6300 2.4004 55.1059 -5.2474 -5.8867
Car -1 -1 -4.5735 1.9734 182.3477 41.7312 204.7880 1.4660 1.6345 4.0067 -41.6126 2.1660 51.0845 -5.2546 -5.8867
Car -1 -1 -4.2074 0.0000 184.4152 14.7616 260.0384 1.5649 1.8206 4.8548 -17.5460 1.8991 18.2970 -4.9646 -5.8868
Car -1 -1 -4.7402 477.7747 181.0523 509.8346 208.1283 1.3694 1.6330 4.2233 -6.5328 1.8496 40.0676 -4.9012 -5.8913
Car -1 -1 -4.7782 893.7708 186.8480 913.8533 203.5792 1.4547 1.5201 3.2251 27.4252 2.7971 67.4623 -4.3941 -5.9786
Car -1 -1 -4.4909 198.8668 180.7350 243.7300 212.1661 1.7745 1.5554 4.0074 -23.6432 2.2775 43.9462 -4.9822 -6.2372
Car -1 -1 -8.1047 60.7829 184.8614 122.7239 219.8177 1.6432 1.6015 4.2430 -26.8302 2.2958 37.2549 -8.7256 -7.5705
