Car -1 -1 -7.6659 416.2047 179.4881 510.7262 246.9164 1.5062 1.6624 3.8048 -3.6629 1.6926 18.4005 -7.8604 7.4515
Car -1 -1 -7.5626 396.6399 182.1126 462.5483 220.0735 1.3370 1.5631 3.4050 -6.9701 1.7183 28.0006 -7.8048 3.3174
Car -1 -1 -7.8037 533.9905 178.8162 559.2360 200.3777 1.3997 1.5568 3.5025 -4.3583 1.8240 49.6023 -7.8913 2.9371
Car -1 -1 -4.0376 139.3212 178.9055 218.6336 208.9584 1.4343 1.6004 3.5935 -22.1038 1.7610 37.0893 -4.5721 -0.6506
Car -1 -1 -5.1352 688.5530 179.5513 730.6636 202.9707 1.6107 1.6150 3.8372 7.2227 2.1204 52.8761 -5.0007 -1.8397
Car -1 -1 -7.4994 447.9272 183.6287 501.4138 214.5619 1.4387 1.5951 3.3694 -6.8490 2.0119 36.6059 -7.6836 -2.8910
Car -1 -1 -7.1278 290.7507 177.8701 386.3086 217.8506 1.4370 1.5074 3.5899 -10.6254 1.6474 28.3683 -7.4834 -3.1234
Car -1 -1 -4.8568 479.9090 178.9247 502.7917 195.4467 1.5316 1.6672 3.8462 -11.6378 2.1420 70.5039 -5.0201 -3.2061
Car -1 -1 -7.8937 628.2776 179.9143 646.4149 196.5954 1.5407 1.6079 3.6888 2.6125 2.2440 70.0547 -7.8570 -3.2081
Car -1 -1 -4.3843 101.2995 181.5622 158.1911 210.7918 1.4436 1.5693 3.1925 -25.5395 1.9279 38.4158 -4.9680 -3.5317
Car -1 -1 -4.5443 674.4775 178.7822 712.1859 206.3099 1.5558 1.6254 4.0827 5.0809 1.9342 43.9072 -4.4304 -3.8660
Car -1 -1 -4.6966 347.1072 177.8640 383.2794 210.6124 1.5117 1.6244 3.9514 -12.2419 1.7767 36.0872 -5.0218 -4.2535
Car -1 -1 -4.9066 1106.8804 193.8584 1147.5045 217.6438 1.4927 1.5814 4.0147 36.6392 3.0469 51.2433 -4.2892 -4.4765
Car -1 -1 -7.8059 683.3633 179.7595 720.8142 214.6828 1.4985 1.5660 3.7680 4.3090 1.8401 33.7377 -7.6806 -4.4827
Car -1 -1 -4.0724 458.2682 179.4372 495.8488 195.4408 1.4275 1.7082 3.5338 -12.5067 2.0650 67.9381 -4.2541 -4.8599
Car -1 -1 -4.7863 690.5776 179.6866 720.3530 203.8025 1.5168 1.6788 4.1027 6.3628 1.9971 48.6625 -4.6575 -4.9428
Car -1 -1 -4.3368 471.2147 177.5718 508.5446 197.4742 1.6520 1.7946 4.2444 -10.5005 2.0799 63.2258 -4.5010 -4.9876
Car -1 -1 -4.9145 199.5208 176.3712 242.5353 204.3915 1.6910 1.6587 3.9753 -24.9254 1.9255 46.1183 -5.4078 -5.0569
Car -1 -1 -4.5021 359.9624 176.3056 399.0730 203.0541 1.7954 1.7812 4.3100 -16.3373 2.0509 51.2375 -4.8096 -5.1505
Car -1 -1 -8.2988 627.5703 177.3988 661.7608 195.5173 1.5824 1.6523 3.7939 3.1213 2.0117 66.1242 -8.2523 -5.2380
Car -1 -1 -4.5610 0.0000 180.1946 38.2723 204.2219 1.5484 1.7833 4.2359 -41.2736 2.0817 50.1674 -5.2470 -5.2863
Car -1 -1 -4.5997 502.8905 176.9709 528.0306 193.9890 1.3860 1.6500 4.5151 -8.1259 1.7532 62.1348 -4.7295 -5.3556
Car -1 -1 -7.8355 442.7637 178.3746 501.7312 227.7497 1.4347 1.7318 3.8339 -4.4826 1.6295 23.4567 -8.0228 -5.3776
Car -1 -1 -4.2466 527.7433 181.9874 560.0909 198.2578 1.4530 1.5379 3.7793 -6.2853 2.3491 68.7682 -4.3378 -5.3982
Car -1 -1 -7.7533 938.4771 191.0450 964.1876 210.7119 1.4382 1.5336 3.6039 27.5697 2.9564 58.2920 -7.3141 -5.4503
Car -1 -1 -4.3377 187.8673 178.5846 293.7221 233.6548 1.5310 1.5679 3.9969 -11.4356 1.7262 22.5495 -4.8026 -5.4532
Car -1 -1 -7.9929 733.6254 180.6935 765.3411 202.4007 1.5438 1.7671 4.4713 10.5994 2.1684 55.2357 -7.8048 -5.4943
Car -1 -1 -4.2028 364.6432 183.5186 424.4809 211.5864 1.3645 1.5937 3.3795 -11.4094 1.9571 38.2866 -4.4910 -5.5718
Car -1 -1 -4.5071 28.5880 182.1934 70.5436 202.7235 1.4023 1.6594 4.0340 -41.4766 2.1220 53.4430 -5.1649 -5.6037
Car -1 -1 -2.4131 0.0000 184.3512 37.5523 326.6398 1.5401 1.8149 4.8199 -10.5548 1.7046 9.1711 -3.2540 -5.6070
Car -1 -1 -4.3593 334.9080 178.7731 369.9176 196.5574 1.4594 1.5889 3.9426 -22.2924 1.9882 62.5104 -4.7008 -5.7135
Car -1 -1 -4.8745 1137.7133 192.0015 1184.9078 218.0210 1.3871 1.6521 3.8017 33.1912 2.5980 43.5745 -4.2274 -5.7522
Car -1 -1 -4.6700 1091.5149 183.7376 1118.7356 204.0831 1.5591 1.7013 3.9251 40.8934 2.4892 59.6016 -4.0715 -5.7679
Car -1 -1 -4.9016 994.5880 193.8318 1028.6770 217.1561 1.6511 1.6589 3.7085 31.5031 3.3589 56.7309 -4.3976 -5.7887
Car -1 -1 -4.9226 454.4162 179.6181 499.4998 206.3177 1.4318 1.6907 4.4987 -7.8929 1.8507 42.3125 -5.1063 -5.7996
Car -1 -1 -4.8029 458.2472 177.9786 489.2286 201.2183 1.3782 1.5719 4.0524 -8.7412 1.7193 45.9089 -4.9904 -5.8239
Car -1 -1 -4.5673 0.0000 180.2258 7.5881 205.3573 1.5479 1.6554 4.1660 -41.4741 2.0599 47.9355 -5.2780 -5.8851
Car -1 -1 -4.8673 1241.0000 170.2991 1241.0000 194.8990 1.4807 1.6409 3.9891 41.4715 1.3266 45.5468 -4.1322 -5.8867
Car -1 -1 -4.7879 1152.7855 171.8661 1186.0773 192.5988 1.4791 1.6411 3.9882 41.4733 1.4083 53.5920 -4.1322 -5.8867
Car -1 -1 -4.6526 101.9261 182.5953 129.1512 201.8719 1.5074 1.6479 4.0124 -41.6069 2.3561 60.7369 -5.2514 -5.8867
Car -1 -1 -4.7054 1074.4998 174.7115 1098.3167 193.3974 1.5613 1.6848 4.0205 41.4778 1.7283 62.8531 -4.1245 -5.8867
Car -1 -1 -4.8323 1204.2740 170.0184 1241.0000 192.8521 1.4763 1.6425 3.9894 41.4705 1.2927 48.7685 -4.1308 -5.8867
Car -1 -1 -4.6804 1046.3435 172.7076 1068.6357 188.9835 1.4608 1.6391 3.9914 41.4735 1.4474 66.8766 -4.1275 -5.8867
Car -1 -1 -4.3838 570.2584 179.2182 600.3803 195.9025 1.4869 1.6411 3.9974 -2.3149 2.1063 68.0969 -4.4180 -5.8867
Car -1 -1 -4.6283 72.5622 181.9480 103.0797 201.6850 1.4610 1.6339 4.0047 -41.6087 2.2126 57.5193 -5.2526 -5.8867
Car -1 -1 -4.9107 1241.0000 166.9344 1241.0000 194.5390 1.4925 1.6500 4.0043 41.4674 1.1722 41.1353 -4.1251 -5.8867
Car -1 -1 -4.8084 1177.3438 170.4984 1214.3052 192.2306 1.4778 1.6433 3.9886 41.4708 1.3173 51.1829 -4.1305 -5.8867
Car -1 -1 -4.3208 602.4249 178.3858 639.3162 197.3595 1.4607 1.6163 3.9901 0.9007 1.9289 58.9547 -4.3061 -5.8867
Car -1 -1 -4.7925 415.6941 176.8877 449.1097 202.4080 1.4778 1.6811 4.1322 -11.0791 1.7399 44.7105 -5.0344 -5.9065
Car -1 -1 -4.7534 424.0262 176.5246 462.0512 209.1857 1.4056 1.5604 3.9485 -7.8700 1.5872 33.6378 -4.9818 -6.0145
Car -1 -1 -5.1751 652.1763 177.9535 688.3430 194.4597 1.4317 1.5781 4.2321 5.4683 1.9155 66.2372 -5.0935 -6.0864
Car -1 -1 -4.7142 1068.2289 187.6364 1094.5602 209.6248 1.6658 1.7767 4.2117 39.1105 2.9396 59.9386 -4.1389 -6.1152
Car -1 -1 -3.9715 452.1869 177.0988 509.1651 198.8553 1.4223 1.5190 4.1145 -8.9677 1.7297 50.1508 -4.1479 -6.1496
Car -1 -1 -4.4152 302.8698 174.6928 340.0037 195.8480 1.7250 1.7521 4.2906 -24.5345 1.8869 61.4277 -4.7939 -6.1563
Car -1 -1 -6.6349 0.0000 178.9346 145.7453 374.0000 1.5555 1.6577 3.7352 -4.5438 1.6003 3.3236 -7.5357 -6.2774
Car -1 -1 -5.0293 409.2289 182.0215 470.2652 212.7708 1.4091 1.7328 4.4144 -8.7812 1.9059 36.7907 -5.2624 -6.5087
