Car -1 -1 -7.5443 271.1044 184.3685 456.1420 300.2531 1.5077 1.6769 3.8818 -3.8067 1.7254 11.7155 -7.8526 7.6438
Car -1 -1 -7.7323 467.1855 183.9017 506.1231 212.3024 1.3889 1.6262 3.5818 -6.5765 2.0065 38.5332 -7.9007 5.2885
Car -1 -1 -4.3691 291.1765 181.2529 357.1237 217.8259 1.5801 1.7031 3.7875 -13.4127 1.9976 33.9729 -4.7428 4.9832
Car -1 -1 -7.8462 559.2695 180.0840 585.6729 203.5173 1.3804 1.5957 3.5652 -2.3857 1.8537 45.4429 -7.8988 3.2360
Car -1 -1 -5.6640 764.3918 178.6346 835.3643 205.6817 1.5864 1.6551 4.1084 11.8419 1.9661 45.3252 -5.4106 0.8173
Car -1 -1 -4.5105 806.1474 180.9082 853.3941 211.7155 1.4807 1.6142 4.0255 11.5688 1.9282 37.9607 -4.2174 -0.7901
Car -1 -1 -7.3287 353.0705 183.2735 404.0495 206.8934 1.5073 1.6241 3.8952 -15.9941 2.2584 49.9548 -7.6374 -1.4388
Car -1 -1 -5.3429 757.6793 183.6043 810.3290 209.6398 1.4540 1.5504 3.0909 10.4007 2.1267 43.4460 -5.1101 -1.6345
Car -1 -1 -2.3716 242.4666 181.6109 298.0555 202.6560 1.6392 1.7150 4.0579 -27.7507 2.3715 58.8937 -2.8105 -1.7938
Car -1 -1 -4.4611 334.0439 180.5827 374.7796 205.0532 1.4777 1.6122 3.6974 -16.5187 1.9980 46.6903 -4.7997 -2.0633
Car -1 -1 -3.6836 902.1041 175.8070 999.7206 209.0930 1.4708 1.6070 3.7558 15.5369 1.6099 33.0583 -3.2481 -2.0706
Car -1 -1 -3.7206 107.3559 185.8779 184.3221 211.2868 1.5476 1.6485 4.1116 -31.1042 2.4614 48.4282 -4.2892 -2.8400
Car -1 -1 -4.7712 729.6034 181.2415 755.2352 204.8382 1.6009 1.6000 3.6727 9.5219 2.2301 52.2342 -4.5924 -3.6407
Car -1 -1 -4.5974 771.2437 182.2943 802.0289 206.0063 1.4747 1.5872 3.9120 11.9138 2.1387 48.6630 -4.3592 -4.0512
Car -1 -1 -4.8513 533.7654 182.6643 559.8095 202.4026 1.4024 1.5070 3.4564 -4.8711 2.1746 54.9627 -4.9398 -4.1522
Car -1 -1 -2.0379 67.6615 183.6504 132.9209 210.2299 1.6015 1.7124 4.2726 -33.0117 2.3258 46.6672 -2.6510 -4.3031
Car -1 -1 -4.2059 46.3855 184.8709 112.6957 212.8778 1.5796 1.7031 3.6750 -32.4985 2.3488 44.2776 -4.8363 -4.3349
Car -1 -1 -7.8051 500.9095 179.8396 524.7164 201.9086 1.5335 1.5607 3.8456 -7.1861 2.0692 53.3745 -7.9387 -4.9509
Car -1 -1 -4.7648 167.8908 189.8292 191.7791 206.6712 1.4454 1.7337 4.4072 -41.1208 3.1206 68.9028 -5.3014 -4.9800
Car -1 -1 -4.5665 852.5923 190.4275 879.1279 210.4924 1.5370 1.5748 3.8955 21.6388 3.0738 61.0223 -4.2278 -4.9955
Car -1 -1 -7.8932 348.4756 179.5255 427.0588 246.7503 1.3920 1.6219 3.2225 -5.3694 1.5662 17.0853 -8.1938 -5.0251
Car -1 -1 -4.3967 354.2507 179.5877 397.7345 204.8576 1.5449 1.6213 3.6949 -15.2040 2.0000 46.9481 -4.7086 -5.0318
Car -1 -1 -4.7933 124.6601 185.1525 160.0296 211.6540 1.5384 1.5742 3.9847 -29.7817 2.3548 45.8554 -5.3668 -5.3828
Car -1 -1 -4.9880 431.1194 179.4146 463.0549 197.1281 1.4428 1.6413 4.1192 -14.1905 2.0318 62.6046 -5.2103 -5.4706
Car -1 -1 -4.5813 400.5840 180.3031 433.0421 202.0556 1.4045 1.6416 4.2553 -13.4543 1.9465 50.3195 -4.8416 -5.5534
Car -1 -1 -4.4116 179.2281 188.0653 215.1098 207.7681 1.6275 1.6476 4.1793 -37.2969 3.0494 65.2441 -4.9294 -5.6123
Car -1 -1 -4.4971 301.1567 183.4593 373.7748 226.3221 1.4262 1.7116 4.1004 -10.2195 1.8576 27.2222 -4.8534 -5.6181
Car -1 -1 -4.4294 299.4633 180.8888 366.3640 218.0345 1.3944 1.5952 3.7275 -11.4136 1.7478 29.8388 -4.7921 -5.6208
Car -1 -1 -4.5717 315.9498 177.8417 358.3648 207.5720 1.5281 1.6451 3.9941 -15.0734 1.8185 39.9275 -4.9308 -5.8402
Car -1 -1 -4.6367 150.5116 188.5310 175.6525 205.4548 1.4289 1.6780 4.1793 -41.6754 2.9398 67.3129 -5.1895 -5.8518
Car -1 -1 -4.5046 316.6821 178.9819 392.1686 227.5180 1.4818 1.6240 4.0000 -8.6667 1.7085 24.6429 -4.8399 -5.8585
Car -1 -1 -7.5201 354.8544 178.4734 426.6453 216.9598 1.4551 1.6551 3.8630 -9.0106 1.7023 29.8188 -7.8115 -5.8670
Car -1 -1 -4.5007 313.5281 180.3330 350.4636 203.0079 1.4856 1.6218 3.9685 -19.5255 2.0328 50.7346 -4.8667 -5.8787
Car -1 -1 -4.6781 128.2453 185.1749 152.6561 204.5393 1.5848 1.6715 4.0205 -41.6003 2.7132 63.9460 -5.2532 -5.8867
Car -1 -1 -4.6379 571.3231 177.2984 596.9323 198.1738 1.4561 1.5978 3.9941 -1.9030 1.7960 53.2167 -4.6739 -5.8867
Car -1 -1 -4.2682 411.2065 179.9433 455.1977 200.9320 1.5076 1.6510 4.1806 -13.5795 2.0747 55.5382 -4.5073 -5.8867
Car -1 -1 -4.7831 268.6267 182.3750 299.2202 207.2948 1.5912 1.6481 4.0341 -22.6096 2.2779 49.8952 -5.2069 -5.9369
Car -1 -1 -4.6763 226.3480 187.0236 249.9465 205.2914 1.4397 1.6673 3.8350 -32.0437 2.7018 62.1966 -5.1506 -6.1924
