Car -1 -1 -7.8191 526.0228 181.3950 554.6381 205.7393 1.4249 1.6684 3.6207 -4.3807 1.9839 45.3934 -7.9152 5.0215
Car -1 -1 -7.8740 585.6068 183.9292 615.9565 209.7561 1.2978 1.5823 3.3996 -0.5774 1.9297 39.4642 -7.8891 3.8510
Car -1 -1 -4.5674 275.9241 178.0733 305.0981 197.1670 1.4652 1.6150 3.9121 -25.9387 1.9041 58.6165 -4.9825 -1.4345
Car -1 -1 -3.9000 328.6826 178.3691 381.7466 199.2895 1.5290 1.6022 3.8197 -19.7134 1.9716 55.8866 -4.2379 -2.2537
Car -1 -1 -4.3531 311.3340 178.0000 357.9269 200.8607 1.5160 1.7591 4.0157 -19.3407 1.8921 50.7659 -4.7157 -2.7012
Car -1 -1 -4.9109 503.8897 183.1356 528.7458 199.5567 1.4304 1.5511 3.9908 -8.8351 2.4249 67.6699 -5.0406 -3.0114
Car -1 -1 -4.2864 45.8789 184.1518 100.6746 203.1251 1.3010 1.6469 4.3996 -40.5295 2.1914 54.5652 -4.9231 -3.1845
Car -1 -1 -4.2935 288.7703 177.5038 339.3607 202.3829 1.5301 1.5106 4.1293 -19.3387 1.8477 47.2440 -4.6803 -3.3412
Car -1 -1 -2.2373 67.8963 180.4950 126.4176 200.3203 1.5192 1.6716 4.0548 -41.0515 2.1449 57.7319 -2.8534 -3.6867
Car -1 -1 -4.1535 514.9579 180.5703 568.0463 203.8551 1.5302 1.6810 4.4018 -4.8439 2.1038 51.3161 -4.2476 -3.7666
Car -1 -1 -5.1145 872.4225 178.8808 927.0685 204.3553 1.5342 1.7136 4.3029 18.6210 1.9418 46.6554 -4.7374 -3.8277
Car -1 -1 -4.7991 102.3472 178.6432 136.4658 198.6680 1.5505 1.9304 4.8441 -40.7120 2.0499 59.7951 -5.3950 -3.8380
Car -1 -1 -4.3773 0.0000 186.5761 34.8179 222.9658 1.4445 1.5401 3.5682 -27.2176 2.0905 32.0465 -5.0775 -3.8555
Car -1 -1 -7.4563 231.8011 177.9589 278.6293 200.8147 1.5576 1.6379 3.9189 -25.5685 1.9399 52.0699 -7.9109 -3.9110
Car -1 -1 -3.4969 907.0200 173.0303 980.3837 197.4958 1.5510 1.6086 3.9989 21.5189 1.5624 46.7057 -3.0679 -4.0911
Car -1 -1 -6.3700 98.4134 180.4033 171.5740 208.2627 1.5868 1.6874 3.5827 -28.8656 2.0636 43.8275 -6.9499 -4.1902
Car -1 -1 -7.6649 11.2768 181.8433 71.3285 215.9288 1.4998 1.6021 3.6629 -27.3830 1.9578 34.7957 -8.3280 -4.3279
Car -1 -1 -6.1972 963.4453 167.6425 1039.5079 195.5550 1.6644 1.6994 4.0286 24.2726 1.3534 44.8394 -5.7041 -4.3567
Car -1 -1 -5.0817 553.0109 178.9830 595.4748 203.3191 1.6328 1.6568 4.1261 -2.6406 2.0909 51.7503 -5.1329 -4.3858
Car -1 -1 -4.3947 116.2546 183.2164 186.0166 217.8035 1.5082 1.6837 3.9421 -22.1004 2.0388 34.8481 -4.9566 -4.3949
Car -1 -1 -2.1683 80.2235 178.6441 143.7807 202.9257 1.7007 1.6645 4.3731 -36.5096 2.1371 52.8536 -2.7707 -4.6116
Car -1 -1 -4.1421 54.9686 183.9123 109.5474 205.3734 1.4828 1.5982 3.5575 -39.1312 2.3312 53.5547 -4.7709 -4.7555
Car -1 -1 -4.8871 910.0934 187.4170 958.2649 218.4593 1.4906 1.6658 4.0262 17.3324 2.3174 38.8229 -4.4707 -4.7818
Car -1 -1 -3.2637 143.9298 181.2476 297.4037 250.7001 1.4759 1.4689 3.0642 -9.2877 1.6925 17.1717 -3.7534 -4.8345
Car -1 -1 -2.8533 0.0000 179.6047 44.3335 229.0403 1.5055 1.6148 3.9699 -21.5319 1.7443 23.9765 -3.5796 -4.9374
Car -1 -1 -4.6543 662.6596 186.3950 687.2680 208.7909 1.5594 1.6432 3.8804 4.9311 2.6248 54.7466 -4.5655 -5.0126
Car -1 -1 -4.6417 344.5497 178.8725 368.0385 197.8633 1.6327 1.7311 4.0381 -23.0487 2.1976 65.5883 -4.9786 -5.0983
Car -1 -1 -5.1292 461.7423 179.8875 494.3701 197.5171 1.5799 1.6345 3.8095 -12.5389 2.2654 68.3199 -5.3104 -5.2085
Car -1 -1 -4.7582 388.6039 178.2354 413.9919 198.1378 1.4485 1.6964 4.3707 -16.2930 1.8843 56.1236 -5.0398 -5.2483
Car -1 -1 -4.4024 83.6306 179.7752 138.1786 206.0002 1.5227 1.7119 3.8142 -31.1267 1.9746 45.0628 -5.0043 -5.3121
Car -1 -1 -4.6722 621.3480 183.4565 640.8103 201.5655 1.6554 1.7408 4.2820 2.0752 2.7267 70.7259 -4.6435 -5.3478
Car -1 -1 -4.8838 570.5183 178.2314 602.4528 198.9586 1.4365 1.6732 4.1167 -1.8083 1.8500 53.3273 -4.9179 -5.3626
Car -1 -1 -2.3627 0.0000 165.5693 46.9027 305.3781 1.5937 1.7167 3.9949 -9.8794 1.5104 9.1438 -3.1721 -5.3891
Car -1 -1 -4.9547 561.4279 179.5419 588.9965 196.1519 1.4529 1.6287 4.0494 -3.2860 2.0942 67.0389 -5.0039 -5.3959
Car -1 -1 -4.4035 289.3562 174.7788 328.2003 198.2696 1.8182 1.6829 4.2568 -24.3468 1.9795 58.3975 -4.7972 -5.4157
Car -1 -1 -4.8975 447.9139 181.3895 473.8001 197.4307 1.4653 1.7136 4.3303 -14.6658 2.3290 70.7142 -5.1016 -5.5209
Car -1 -1 -5.4526 335.7580 179.3191 401.3295 207.2126 1.6947 1.7770 3.9837 -15.5671 2.1257 46.3913 -5.7749 -5.5478
Car -1 -1 -4.5716 128.4995 177.7746 166.9350 200.2952 1.4959 1.7197 4.1644 -32.7503 1.8599 51.1624 -5.1388 -5.5768
Car -1 -1 -5.3766 929.3607 158.2274 995.8241 188.6335 2.0151 1.8439 4.3569 24.3826 1.0454 50.1428 -4.9265 -5.6620
Car -1 -1 -4.5493 412.6045 182.4873 454.6853 216.5611 1.5797 1.5295 3.2903 -8.8164 2.0842 36.1099 -4.7876 -5.6701
Car -1 -1 -4.5920 584.1418 179.6835 615.5182 203.1296 1.4977 1.6732 4.1017 -0.6867 1.9857 49.4590 -4.6063 -5.8742
Car -1 -1 -8.6437 0.0000 0.0000 1049.5927 374.0000 1.5624 1.5936 3.8089 1.1150 1.6634 1.0020 -7.9389 -5.8867
Car -1 -1 -7.1454 51.0916 0.0000 1241.0000 374.0000 1.5616 1.5950 3.8092 -1.2975 1.6823 1.0018 -7.9390 -5.8867
Car -1 -1 -6.7847 0.0000 0.0000 1241.0000 374.0000 1.5577 1.5934 3.8077 -2.9054 1.6875 1.0023 -7.9390 -5.8867
Car -1 -1 -4.5491 0.0000 183.3559 19.7878 207.5272 1.5096 1.6480 4.0145 -41.6093 2.2548 49.0746 -5.2498 -5.8867
Car -1 -1 -4.6589 121.6236 177.9947 146.9495 195.1317 1.4184 1.6324 4.0295 -41.6298 1.8835 63.1634 -5.2399 -5.8867
Car -1 -1 -3.7068 0.0000 190.1983 66.5314 374.0000 1.5091 1.6094 3.9620 -4.2767 1.6173 2.5231 -4.6977 -5.8867
Car -1 -1 -5.7811 1241.0000 179.9855 1241.0000 374.0000 1.5211 1.6125 3.9650 4.5737 1.5615 2.1258 -4.6976 -5.8867
Car -1 -1 -4.6229 361.9181 178.1524 384.7532 195.1210 1.4618 1.6203 4.0046 -21.5133 1.9591 65.6248 -4.9388 -5.9135
Car -1 -1 -4.5380 3.9319 181.5792 46.7718 205.0208 1.5371 1.6669 4.0846 -41.3988 2.1816 51.1340 -5.2161 -5.9578
Car -1 -1 -4.3448 0.0000 179.7086 0.0000 250.3145 1.3638 1.6127 4.3215 -17.1227 1.5439 16.6855 -5.1351 -6.0412
Car -1 -1 -2.9706 23.1577 182.3331 116.8916 210.9047 1.5479 1.8217 4.1142 -31.3440 2.1221 41.9854 -3.6090 -6.1489
Car -1 -1 -5.2595 269.5945 180.4741 307.9112 198.2775 1.6505 1.5716 3.9684 -31.2817 2.4102 70.1880 -5.6776 -6.1750
Car -1 -1 -7.9672 926.6240 173.5382 957.2229 197.5362 1.7785 1.6733 4.1851 25.6160 1.8332 55.8488 -7.5395 -6.2132
Car -1 -1 -4.5712 528.0142 179.0347 551.8732 197.4376 1.6512 1.6876 4.0947 -6.6112 2.2531 68.2217 -4.6678 -6.4858
Car -1 -1 -7.5487 88.4403 178.5896 161.4399 215.5025 1.4792 1.5783 3.7660 -21.1653 1.7460 31.5727 -8.1355 -6.7349
Car -1 -1 -4.0576 293.5048 180.2817 329.7582 197.1243 1.5840 1.5152 3.4676 -29.4988 2.3378 71.3811 -4.4484 -6.9911
