Car -1 -1 -7.6497 398.9166 181.9265 501.3296 252.3912 1.4754 1.6738 3.7573 -3.7903 1.7185 17.4770 -7.8609 8.0107
Car -1 -1 -4.1252 36.0463 182.0502 157.1672 230.5787 1.4128 1.5440 3.4304 -16.5491 1.7328 23.3957 -4.7357 4.6819
Car -1 -1 -7.7997 531.2021 180.9536 557.9464 203.8822 1.4542 1.5991 4.2127 -4.4720 2.0324 49.4024 -7.8899 4.4045
Car -1 -1 -7.5649 406.3600 182.7480 467.8665 219.2008 1.3786 1.5417 3.5471 -7.1793 1.8158 30.0869 -7.7976 2.4498
Car -1 -1 -6.6528 0.0000 176.9680 78.3440 211.6353 1.4419 1.6540 3.8716 -26.6749 1.6393 32.5972 -7.3348 -1.4021
Car -1 -1 -4.7862 676.1423 183.7713 700.4445 204.5854 1.4986 1.5889 3.7222 5.9964 2.3713 55.8132 -4.6802 -2.2304
Car -1 -1 -3.6799 133.5580 180.1798 213.1780 209.1726 1.4518 1.6000 3.3224 -23.5203 1.8652 38.9030 -4.2208 -2.2881
Car -1 -1 -4.6821 445.8211 184.0803 475.5752 211.1468 1.4234 1.5640 3.5619 -8.5647 2.0966 41.4009 -4.8853 -2.4692
Car -1 -1 -4.8834 396.5282 180.3008 445.8368 214.9190 1.4958 1.6026 3.9945 -9.0548 1.8711 34.2502 -5.1403 -3.0060
Car -1 -1 -7.5509 309.8174 181.5169 381.8779 216.9928 1.4165 1.7093 4.6411 -11.7556 1.8325 32.3161 -7.8975 -3.1244
Car -1 -1 -4.9051 469.4998 183.0546 511.0670 210.4159 1.4323 1.6189 3.9905 -6.9727 2.0495 41.5280 -5.0709 -3.1812
Car -1 -1 -4.8188 679.8815 179.0361 705.1001 199.4495 1.5663 1.6061 4.0237 6.6378 2.0853 58.5986 -4.7071 -3.2159
Car -1 -1 -4.3758 58.0721 176.3579 129.5637 210.1623 1.5530 1.6207 4.0569 -25.5230 1.7369 35.7711 -4.9922 -3.4692
Car -1 -1 -5.5748 699.7153 180.7390 740.7587 199.7257 1.6209 1.5747 3.4551 9.8756 2.3501 64.9338 -5.4251 -3.8997
Car -1 -1 -3.3051 619.0199 180.2656 682.4632 206.0611 1.5292 1.5990 3.6784 2.4425 1.9946 44.3405 -3.2510 -4.1158
Car -1 -1 -8.2447 365.9921 180.5415 412.8505 205.0919 1.5110 1.6563 3.7406 -14.6184 2.0389 47.6123 -8.5413 -4.1539
Car -1 -1 -2.6930 637.3319 180.6494 701.0565 203.8958 1.5156 1.6380 4.0897 4.0516 2.0737 49.9467 -2.6131 -4.1818
Car -1 -1 -4.2415 650.4382 182.6035 690.1876 202.5597 1.4634 1.6042 3.7407 4.7601 2.2590 56.8892 -4.1589 -4.4074
Car -1 -1 -7.1786 946.7725 194.3843 997.8187 216.3578 1.6111 1.7002 3.7000 28.8374 3.3723 57.4853 -6.7164 -4.4105
Car -1 -1 -6.2378 900.2731 196.8436 960.8502 220.5536 1.5200 1.6434 3.8526 22.6531 3.2706 51.0698 -5.8231 -4.6700
Car -1 -1 -4.7050 606.3683 180.6469 624.6283 198.5685 1.6497 1.7253 3.9867 0.5275 2.4289 70.1675 -4.6980 -4.6824
Car -1 -1 -4.2392 474.4204 179.2433 519.4281 202.4172 1.5064 1.5469 3.7445 -7.8253 1.9671 50.0372 -4.3939 -4.8078
Car -1 -1 -5.0836 618.2326 182.1487 644.6019 199.1422 1.5883 1.4626 3.4112 2.0734 2.5305 71.3164 -5.0551 -5.1305
Car -1 -1 -5.2513 931.3339 195.7871 993.8844 223.4181 1.4441 1.5661 3.8815 20.9162 2.8754 43.0390 -4.8023 -5.4354
Car -1 -1 -4.5374 230.0109 182.4546 267.1064 204.4042 1.4208 1.6804 3.8222 -25.3197 2.1212 50.5891 -4.9996 -5.4976
Car -1 -1 -4.8221 1013.6371 191.8820 1047.6429 217.4716 1.6787 1.6859 4.2170 30.8019 3.1354 52.9784 -4.2986 -5.5945
Car -1 -1 -4.9601 567.2366 180.6072 601.9875 200.6424 1.4383 1.6641 4.3650 -2.0408 2.0640 55.9295 -4.9969 -5.6476
Car -1 -1 -4.8311 1055.1912 194.7283 1092.5078 220.8245 1.4992 1.5813 3.8404 30.1271 2.9866 46.9995 -4.2646 -5.6694
Car -1 -1 -4.1309 272.4565 179.7671 341.9452 206.7941 1.3722 1.5748 4.0369 -16.6743 1.7742 39.8537 -4.5251 -5.6785
Car -1 -1 -4.3717 337.8189 179.8541 390.4720 206.7504 1.4440 1.6267 4.0418 -14.2159 1.8692 41.8288 -4.6977 -5.6869
Car -1 -1 -4.8085 321.7325 180.7403 347.5371 198.7073 1.3953 1.6285 4.0409 -22.9924 2.0757 60.1122 -5.1726 -5.6963
Car -1 -1 -4.7917 1088.1740 184.3980 1116.3672 205.4053 1.6561 1.6804 3.5253 41.5352 2.6625 60.9718 -4.1964 -5.8154
Car -1 -1 -4.9221 650.0255 179.4768 678.4533 198.0748 1.5186 1.6578 3.9595 4.6354 2.1107 62.4682 -4.8488 -5.8172
Car -1 -1 -4.4931 265.6915 183.1772 293.5092 198.8858 1.4256 1.6179 4.0887 -32.2602 2.4650 70.5003 -4.9211 -5.8181
Car -1 -1 -4.6314 399.3434 184.1584 432.1052 208.9077 1.3577 1.6150 3.4302 -11.5958 2.0612 43.0881 -4.8932 -5.8318
Car -1 -1 -4.7494 443.7528 180.2416 470.6743 202.5456 1.4387 1.6755 4.2878 -10.7258 1.9772 50.3392 -4.9586 -5.8736
Car -1 -1 -4.7454 1115.6779 175.1378 1143.3971 195.4815 1.5520 1.6509 3.9627 41.4254 1.7408 57.6255 -4.1248 -5.8867
Car -1 -1 -4.5560 0.0000 183.3479 24.1741 207.0190 1.4905 1.6427 4.0072 -41.6088 2.2408 49.4715 -5.2528 -5.8867
Car -1 -1 -4.6978 162.9262 182.4789 183.9595 199.4577 1.5095 1.6518 4.0457 -41.5932 2.4553 68.7636 -5.2403 -5.8867
Car -1 -1 -4.6675 113.1038 184.5492 138.7413 203.0085 1.4590 1.6415 4.0480 -41.5278 2.4973 61.9198 -5.2565 -5.8867
Car -1 -1 -4.8934 1241.0000 167.5294 1241.0000 193.5352 1.4642 1.6407 3.9953 41.4675 1.1641 42.7424 -4.1268 -5.8867
Car -1 -1 -4.6781 134.2887 182.6919 157.8666 200.3476 1.4735 1.6381 4.0235 -41.6264 2.3855 64.7608 -5.2477 -5.8867
Car -1 -1 -4.4780 0.0000 184.5719 0.0000 213.0320 1.5115 1.6468 4.0106 -41.6094 2.2319 42.2297 -5.2529 -5.8867
Car -1 -1 -4.6958 1062.9177 172.1897 1085.5538 189.2551 1.4745 1.6453 3.9980 41.4725 1.4168 64.4645 -4.1265 -5.8867
Car -1 -1 -4.5105 0.0000 185.0718 0.0000 209.5452 1.4475 1.6381 4.0826 -41.6187 2.2805 47.0311 -5.2323 -5.8867
Car -1 -1 -4.7662 1133.8809 172.1899 1164.2007 192.1038 1.4764 1.6437 3.9903 41.4721 1.4268 55.6102 -4.1282 -5.8867
Car -1 -1 -4.9225 1241.0000 167.8811 1241.0000 195.8663 1.4819 1.6439 3.9957 41.4686 1.2183 40.3270 -4.1270 -5.8867
Car -1 -1 -4.5156 667.2061 178.2038 695.0137 196.5423 1.4903 1.6425 3.9480 6.1182 1.9655 62.0044 -4.4181 -5.8867
Car -1 -1 -4.5357 0.0000 184.4317 0.0000 210.9227 1.4909 1.6476 4.0328 -41.5134 2.2410 44.6227 -5.2822 -5.8867
Car -1 -1 -4.8193 507.8782 178.9583 529.9232 195.2272 1.4511 1.6369 4.0652 -8.6525 2.0457 68.1513 -4.9455 -5.9568
Car -1 -1 -4.7057 359.4297 181.2196 378.1154 198.9742 1.5700 1.6171 3.4231 -22.5564 2.3736 67.4532 -5.0275 -5.9947
Car -1 -1 -4.3598 298.0598 179.0244 337.6867 198.6423 1.4155 1.5527 3.9205 -22.3590 1.9049 55.2899 -4.7427 -6.0678
Car -1 -1 -4.5881 218.9919 183.6673 243.3350 200.3037 1.4424 1.5723 3.5341 -35.1651 2.4751 66.9976 -5.0700 -6.2932
Car -1 -1 -6.5328 634.5411 181.4637 682.2299 200.7621 1.7570 1.7480 4.1833 4.5263 2.5834 68.0399 -6.4671 -6.5752
Car -1 -1 -3.2785 608.4822 179.3734 647.0474 198.6948 1.7762 1.7559 3.4299 1.6384 2.4010 68.1172 -3.2550 -7.8486
