Car -1 -1 -7.4928 271.3508 181.4122 398.2223 249.0907 1.4045 1.6366 3.6112 -6.4702 1.6302 17.2426 -7.8472 8.0196
Car -1 -1 -7.7057 472.1953 177.8925 541.7047 229.8331 1.4825 1.6359 3.7423 -3.2200 1.6548 22.8369 -7.8449 6.8474
Car -1 -1 -7.8201 547.0494 174.0050 571.5621 194.5598 1.4363 1.6518 4.0571 -3.6981 1.5234 52.7061 -7.8901 1.6138
Car -1 -1 -7.7842 522.0787 172.2032 542.8173 188.5125 1.3865 1.5663 3.4749 -6.7811 1.3309 63.1068 -7.8910 0.2243
Car -1 -1 -8.1113 784.4131 178.6254 880.2485 239.7343 1.5495 1.6492 3.8392 6.1705 1.7295 20.6050 -7.8250 -0.0306
Car -1 -1 -5.1565 256.4228 175.7746 301.7545 195.2261 1.5484 1.6896 4.4456 -27.6287 1.7999 60.1342 -5.5857 -2.6766
Car -1 -1 -3.5420 840.6906 184.2238 899.0545 204.0580 1.4965 1.6571 3.9637 20.2789 2.4007 56.4615 -3.1993 -2.7268
Car -1 -1 -4.9189 757.6281 180.3548 798.3549 206.5455 1.5752 1.6734 4.5155 10.8381 2.0868 46.9698 -4.6940 -2.9874
Car -1 -1 -5.1634 766.5545 175.3485 800.2902 190.2492 1.4120 1.6357 4.0334 17.0609 1.6654 71.2353 -4.9296 -3.1110
Car -1 -1 -4.9519 764.1061 176.9924 798.1734 199.0399 1.6861 1.6690 4.3791 13.7270 2.0323 58.2034 -4.7219 -3.1123
Car -1 -1 -3.8652 860.0831 188.0446 937.0241 214.5530 1.4625 1.6783 4.2109 17.1714 2.3999 43.0371 -3.4886 -3.2959
Car -1 -1 -5.1278 702.4118 178.6213 734.1420 194.0578 1.4476 1.6356 3.9658 10.6559 2.0348 71.3814 -4.9806 -3.3208
Car -1 -1 -7.7330 505.5759 174.2308 531.3043 192.7696 1.4388 1.6317 3.6105 -7.3639 1.5527 58.0754 -7.8589 -3.7209
Car -1 -1 -7.2018 933.8389 191.2927 990.3903 215.0112 1.4852 1.6238 3.5824 23.9303 2.7787 49.0961 -6.7513 -3.7226
Car -1 -1 -5.0890 728.0151 177.8246 761.3326 194.6784 1.5453 1.7329 4.1962 12.9454 2.0405 69.6959 -4.9065 -3.8167
Car -1 -1 -4.6754 127.6575 180.3344 153.5616 198.6582 1.4644 1.7032 3.8441 -39.9659 2.1228 61.4545 -5.2502 -3.8457
Car -1 -1 -4.7965 791.4298 173.6897 811.1626 188.5227 1.4201 1.5635 3.7787 18.8572 1.5047 71.2993 -4.5393 -3.9191
Car -1 -1 -5.1508 909.5701 195.6162 974.2006 227.5609 1.4210 1.5897 3.5491 16.6363 2.6262 36.4267 -4.7262 -4.4762
Car -1 -1 -4.9579 470.3261 173.5539 501.4040 194.4257 1.5581 1.5935 3.3843 -9.6647 1.6138 55.8599 -5.1288 -4.4810
Car -1 -1 -4.8600 757.9283 175.2025 778.8972 189.8286 1.3884 1.4877 3.6324 15.5321 1.6251 70.9544 -4.6457 -4.4911
Car -1 -1 -4.5650 519.5934 174.4041 549.5273 195.2558 1.5829 1.7361 4.4274 -5.9789 1.7106 57.3567 -4.6687 -4.5043
Car -1 -1 -8.0215 368.0897 176.7108 404.0448 202.5962 1.7279 1.8176 3.7641 -15.8521 2.0107 50.8753 -8.3224 -4.5311
Car -1 -1 -4.5386 371.8622 175.9523 409.7408 202.8819 1.5621 1.6013 3.7110 -13.4236 1.7601 44.2382 -4.8319 -4.5800
Car -1 -1 -8.0282 530.6234 178.4008 584.6519 218.2097 1.4372 1.5052 3.6738 -2.1772 1.6715 28.5625 -8.1042 -4.6016
Car -1 -1 -7.3564 394.7048 171.5743 448.1648 196.8908 1.7205 1.8294 4.3401 -13.3837 1.6332 51.3617 -7.6103 -4.6913
Car -1 -1 -4.6634 707.2516 178.2417 734.8787 202.5402 1.5189 1.6302 4.2811 7.4490 1.8966 48.3641 -4.5119 -4.7075
Car -1 -1 -5.2690 209.7269 173.8242 262.9900 194.3699 1.6858 1.7632 4.7861 -31.8225 1.7706 61.3712 -5.7458 -4.7102
Car -1 -1 -3.8667 313.6482 176.2175 383.6768 201.9684 1.6287 1.6735 4.4400 -17.5601 1.8659 48.5998 -4.2119 -4.7159
Car -1 -1 -7.9385 496.3003 172.0744 516.1140 188.5143 1.5582 1.5534 4.3779 -10.2154 1.4840 70.6956 -8.0818 -4.7833
Car -1 -1 -4.5487 779.3733 174.9893 806.4034 194.6393 1.6560 1.6712 4.0722 16.0974 1.8501 63.4871 -4.3019 -4.8532
Car -1 -1 -3.1973 659.9894 175.3324 718.3951 201.3339 1.6179 1.7644 3.6077 4.9814 1.7792 46.0558 -3.0908 -4.9049
Car -1 -1 -5.0255 500.8085 168.2946 529.7199 186.0223 1.5680 1.5519 3.6865 -8.6904 1.1645 65.8187 -5.1565 -4.9256
Car -1 -1 -4.6136 493.9094 176.7906 544.2114 214.7179 1.4843 1.6960 4.6105 -3.8751 1.6661 31.0467 -4.7372 -5.0457
Car -1 -1 -4.3738 180.8291 175.0462 235.9018 204.5650 1.7521 1.6522 4.4132 -25.2645 1.8971 45.4846 -4.8785 -5.1099
Car -1 -1 -4.7117 269.5428 174.3746 291.3314 193.7939 1.7091 1.7652 4.5492 -30.3041 1.8537 66.3188 -5.1390 -5.2378
Car -1 -1 -8.0392 535.9765 175.9538 584.0452 211.5223 1.4474 1.4687 3.4923 -2.2797 1.5907 31.5632 -8.1113 -5.4895
Car -1 -1 -4.7473 194.0896 175.2668 220.8152 196.7850 1.7027 1.7867 4.6033 -33.5679 1.9114 60.0722 -5.2551 -5.5034
Car -1 -1 -6.7290 818.3909 180.9599 872.6567 200.9571 1.5758 1.6670 3.8638 19.1514 2.2484 58.8173 -6.4162 -5.5274
Car -1 -1 -4.9925 1184.2839 197.3860 1240.2056 226.2878 1.5134 1.5740 3.7761 36.0251 3.0547 43.2987 -4.3026 -5.5558
Car -1 -1 -2.0985 0.0000 190.5957 0.0000 367.9781 1.4902 1.5745 3.9393 -8.8056 1.7010 7.4393 -2.9500 -5.6476
Car -1 -1 -4.8028 1179.5090 183.6388 1218.0867 208.3594 1.6030 1.7333 3.9786 41.3552 2.3937 50.7865 -4.1227 -5.7986
Car -1 -1 -5.1669 578.7250 173.4053 625.1324 195.3468 1.5396 1.6992 4.2747 -0.6721 1.5816 53.0349 -5.1799 -5.8161
Car -1 -1 -4.6518 1029.5553 180.1662 1053.3535 198.1074 1.6225 1.7230 4.1368 41.4004 2.3461 69.2349 -4.1152 -5.8441
Car -1 -1 -4.7548 1118.9675 181.9606 1148.8583 203.7202 1.6029 1.7266 4.1141 41.4457 2.3519 57.1795 -4.1305 -5.8797
Car -1 -1 -4.5133 0.0000 181.8502 0.0000 207.3987 1.4635 1.6410 4.0579 -41.5336 2.0514 45.0150 -5.2556 -5.8867
Car -1 -1 -4.9233 1241.0000 167.5008 1241.0000 195.0865 1.4609 1.6376 3.9907 41.4680 1.1771 40.3267 -4.1278 -5.8867
Car -1 -1 -4.5497 0.0000 180.4967 19.5978 203.3728 1.4428 1.6312 4.0117 -41.6137 1.9850 49.0788 -5.2504 -5.8867
Car -1 -1 -4.8932 1241.0000 167.5592 1241.0000 193.6376 1.4682 1.6437 3.9970 41.4671 1.1698 42.7424 -4.1265 -5.8867
Car -1 -1 -4.4902 0.0000 182.8887 0.0000 210.7621 1.5047 1.6490 4.0241 -41.5920 2.1273 42.6431 -5.2601 -5.8867
Car -1 -1 -4.9513 1241.0000 166.0528 1241.0000 196.2402 1.4975 1.6505 4.0045 41.4673 1.1598 37.9166 -4.1252 -5.8867
Car -1 -1 -7.1459 51.2596 0.0000 1241.0000 374.0000 1.5448 1.5908 3.8045 -1.2983 1.6225 1.0035 -7.9392 -5.8867
Car -1 -1 -4.6745 131.3831 179.1322 155.4330 196.5313 1.4629 1.6450 4.0282 -41.6133 2.0414 64.3709 -5.2466 -5.8867
Car -1 -1 -4.6777 83.0592 180.3823 110.9658 201.3055 1.5802 1.6869 4.1655 -41.4216 2.2110 58.2837 -5.2935 -5.8867
Car -1 -1 -6.7852 0.0000 0.0000 1241.0000 374.0000 1.5466 1.5888 3.8041 -2.9052 1.6516 1.0041 -7.9390 -5.8867
Car -1 -1 -4.7025 1068.6704 177.3450 1092.1554 196.3466 1.5927 1.6890 4.0322 41.4774 2.0019 63.6419 -4.1274 -5.8867
Car -1 -1 -5.2440 364.5369 175.9301 405.9177 194.0427 1.5094 1.6342 3.9975 -19.5895 1.7849 62.7392 -5.5458 -5.8979
Car -1 -1 -4.0977 254.9532 177.9994 319.3219 203.9508 1.4750 1.5808 3.9563 -19.6156 1.8030 43.9362 -4.5156 -5.9169
Car -1 -1 -5.8932 502.3925 174.6486 559.1235 201.1268 1.7586 1.6699 3.4868 -5.4427 1.8843 49.3813 -6.0028 -6.0855
Car -1 -1 -4.3092 612.9227 173.8165 652.1367 192.4931 1.4665 1.6101 4.4356 1.8696 1.5484 59.2507 -4.2782 -6.0877
Car -1 -1 -4.0945 588.6409 173.2044 641.0688 197.0519 1.4725 1.4871 3.7514 0.3191 1.4957 46.5654 -4.0881 -6.1467
Car -1 -1 -4.5601 1131.4766 185.4725 1166.5159 207.3549 1.5507 1.6523 3.4017 41.0512 2.5430 54.9724 -3.9217 -6.1754
Car -1 -1 -4.9292 826.9850 184.9802 866.5306 211.9843 1.5051 1.5065 3.6967 14.2986 2.2737 43.8437 -4.6166 -6.2356
Car -1 -1 -5.2704 262.5448 176.2261 389.9826 231.8698 1.5294 1.7552 4.0043 -8.7274 1.6406 21.9600 -5.6449 -6.2728
Car -1 -1 -5.8044 0.0000 182.6432 24.3673 330.3583 1.7176 1.7907 4.2729 -11.2822 1.8764 10.1636 -6.6288 -6.6146
Car -1 -1 -4.8300 941.7079 189.8313 972.8452 216.0024 1.5301 1.3805 3.6243 22.3705 2.6727 46.6361 -4.3858 -6.6944
