Car -1 -1 -7.6872 438.2107 183.5687 524.7758 248.0364 1.5430 1.7110 3.8799 -3.4705 1.8665 19.8601 -7.8587 7.4241
Car -1 -1 -7.5822 371.7226 187.0004 447.9983 233.4874 1.4040 1.6069 3.5531 -6.7924 1.9220 24.6558 -7.8488 6.9840
Car -1 -1 -7.8019 538.4023 183.0418 565.0330 205.4554 1.4586 1.6644 4.0806 -4.1039 2.2060 50.8925 -7.8825 2.4154
Car -1 -1 -8.2750 677.1987 178.5668 759.9094 221.3158 1.5458 1.6775 4.2255 4.2089 1.7927 28.9571 -8.1327 -2.5156
Car -1 -1 -4.4933 693.6345 179.4199 747.3687 215.2586 1.6054 1.7182 4.3417 5.4617 1.9494 35.5105 -4.3425 -3.1841
Car -1 -1 -4.8350 720.4228 179.1213 790.3539 230.7012 1.4900 1.6874 4.2898 4.5959 1.7136 23.5740 -4.6455 -3.4632
Car -1 -1 -5.5377 736.3867 183.4666 795.1071 209.6345 1.7277 1.7093 3.9875 11.0352 2.5157 51.4795 -5.3283 -3.6590
Car -1 -1 -4.0791 550.6613 184.7881 603.1288 207.0053 1.4552 1.5595 4.2381 -2.3594 2.3482 51.8138 -4.1249 -3.6862
Car -1 -1 -4.6371 734.9821 182.3882 775.6027 217.6810 1.5491 1.6418 4.0686 7.0618 2.0405 35.0288 -4.4404 -3.7356
Car -1 -1 -7.6723 230.4649 180.2727 264.3855 202.1748 1.5709 1.6686 3.7102 -27.6833 2.1581 55.1283 -8.1360 -3.9496
Car -1 -1 -2.5608 385.9247 179.0623 457.0817 204.6611 1.5273 1.6809 4.0555 -11.8339 1.9283 45.1941 -2.8159 -4.2853
Car -1 -1 -6.8674 0.0000 187.1772 121.9541 229.2066 1.4191 1.6240 4.5442 -22.0476 2.0308 28.4190 -7.5228 -4.3760
Car -1 -1 -5.3519 715.1909 186.0564 799.9563 223.4262 1.3668 1.5714 3.5989 5.9628 1.9466 29.7392 -5.1567 -4.6419
Car -1 -1 -4.2666 439.2855 182.8047 488.6895 207.1908 1.4584 1.5840 4.0017 -9.4904 2.1361 47.0280 -4.4651 -4.7187
Car -1 -1 -4.9072 731.8083 186.6653 771.2656 212.9824 1.4385 1.5868 3.9251 8.4379 2.3079 43.4700 -4.7174 -4.7571
Car -1 -1 -4.5727 512.6994 181.4681 541.8450 203.0910 1.5865 1.7382 3.9363 -6.4680 2.2846 56.5147 -4.6866 -4.7670
Car -1 -1 -8.0090 905.8209 191.0728 931.8862 210.6016 1.6351 1.6123 3.8707 28.3438 3.3626 66.3542 -7.6076 -5.1759
Car -1 -1 -5.0514 435.5527 184.1741 492.2122 215.7862 1.4927 1.6394 4.0792 -7.7450 2.1194 37.7949 -5.2526 -5.1797
Car -1 -1 -7.3816 103.6738 185.1148 244.9829 253.3889 1.5308 1.6064 3.7092 -11.1914 1.8815 18.7587 -7.9136 -5.3090
Car -1 -1 -5.2834 266.7700 186.3462 313.9903 205.7859 1.5625 1.7549 4.1906 -27.7241 2.7662 62.5015 -5.6996 -5.3250
Car -1 -1 -4.6014 120.2309 185.9466 167.2480 219.8974 1.6289 1.6336 4.3652 -24.9874 2.3734 38.7252 -5.1715 -5.3470
Car -1 -1 -4.3879 493.0413 179.6426 519.2004 193.9885 1.3477 1.5537 3.4117 -10.2588 2.0355 71.3213 -4.5306 -5.3934
Car -1 -1 -5.5954 800.6777 191.7146 862.9453 215.1562 1.5312 1.7071 4.2443 16.1991 2.9741 52.9728 -5.3009 -5.4361
Car -1 -1 -4.8154 392.0156 179.7187 416.8236 197.4232 1.4275 1.6349 4.1508 -17.7565 2.0396 62.1380 -5.0929 -5.4966
Car -1 -1 -4.8184 1048.1240 201.6702 1093.8806 234.2484 1.4998 1.6386 4.3458 25.2018 3.1741 39.6188 -4.2560 -5.5469
Car -1 -1 -4.7873 245.0002 180.7570 292.7977 221.6612 1.6601 1.6193 4.4619 -15.4710 2.0418 32.5286 -5.2284 -5.5523
Car -1 -1 -4.5691 275.4445 180.5076 309.9475 205.6993 1.7291 1.7323 4.2651 -23.3706 2.3174 53.2007 -4.9815 -5.5857
Car -1 -1 -4.5928 307.3708 182.7169 337.0507 203.2947 1.4380 1.6214 3.9540 -21.7509 2.2126 54.5703 -4.9707 -5.5886
Car -1 -1 -4.6911 249.9177 183.2591 273.0936 201.7444 1.4343 1.6659 4.4446 -29.4583 2.3481 61.0188 -5.1394 -5.6549
Car -1 -1 -4.7668 404.7645 185.9478 452.3455 224.3064 1.3461 1.6288 3.8602 -7.3469 1.9068 28.8288 -5.0146 -5.6553
Car -1 -1 -8.2120 368.8224 183.9260 427.2935 217.1084 1.3498 1.4936 3.1463 -9.5324 1.8697 32.1958 -8.4981 -5.6636
Car -1 -1 -4.7619 359.6658 181.9901 380.6784 198.9378 1.4606 1.6480 3.9246 -22.1824 2.3306 66.6054 -5.0825 -5.6776
Car -1 -1 -4.8678 383.3004 179.3537 423.5031 204.8504 1.3807 1.6243 4.3376 -12.2672 1.7845 42.5582 -5.1471 -5.7098
Car -1 -1 -4.7201 248.2945 182.3436 275.1099 204.7790 1.4270 1.6116 4.1946 -24.1887 2.1140 50.0235 -5.1687 -5.7354
Car -1 -1 -4.3795 342.9444 182.2738 378.2574 201.1467 1.5445 1.6522 4.1625 -21.8213 2.3966 63.2103 -4.7110 -5.7462
Car -1 -1 -5.0645 630.9738 178.8762 680.1643 208.0748 1.6108 1.6568 3.8962 2.6101 1.9851 42.7769 -5.0045 -5.8051
Car -1 -1 -4.6184 360.1540 180.5002 390.0671 202.8094 1.4728 1.6498 3.9797 -16.6584 2.0377 51.2116 -4.9317 -5.8285
Car -1 -1 -4.2105 198.8393 181.3682 266.6833 209.8373 1.4474 1.6266 3.9226 -20.7799 1.9406 39.8476 -4.6887 -5.8333
Car -1 -1 -4.6341 445.1747 181.5458 490.6698 217.9118 1.4550 1.6647 3.9857 -6.2656 1.8644 31.9352 -4.8267 -5.8516
Car -1 -1 -4.6532 547.3913 181.1559 571.4490 202.1117 1.5003 1.6056 4.0427 -3.8709 2.1596 55.2973 -4.7233 -5.8856
Car -1 -1 -4.6540 101.9158 184.1771 129.1592 203.9497 1.5381 1.6544 4.0114 -41.6037 2.5246 60.7321 -5.2527 -5.8867
Car -1 -1 -4.4977 0.0000 184.9574 0.0000 212.4947 1.5346 1.6556 4.0144 -41.6086 2.3125 44.2456 -5.2495 -5.8867
Car -1 -1 -4.5639 0.0000 184.7380 33.2604 208.7920 1.5338 1.6528 4.0117 -41.6063 2.3968 50.2735 -5.2527 -5.8867
Car -1 -1 -4.3735 342.6573 179.9250 389.1414 203.9424 1.4257 1.5848 3.9307 -15.5234 1.8952 45.9708 -4.6977 -5.8867
Car -1 -1 -4.4274 0.0000 185.3503 0.0000 217.4967 1.5322 1.6538 4.0142 -41.6101 2.2308 38.2073 -5.2520 -5.8867
Car -1 -1 -4.4682 0.0000 186.0801 0.0000 215.8774 1.5434 1.6558 4.0116 -41.6079 2.3417 41.4230 -5.2527 -5.8867
Car -1 -1 -4.6775 128.3634 183.9462 152.5514 202.6314 1.5346 1.6531 4.0087 -41.6031 2.5504 63.9505 -5.2526 -5.8867
Car -1 -1 -4.6302 76.2150 184.5521 106.7416 205.4870 1.5483 1.6593 4.0194 -41.6038 2.5219 57.9188 -5.2512 -5.8867
Car -1 -1 -4.5885 25.5108 185.5905 62.7880 208.8103 1.5632 1.6662 4.0216 -41.6086 2.5380 53.0897 -5.2509 -5.8867
Car -1 -1 -4.6059 51.6546 185.2418 85.5757 207.1481 1.5457 1.6617 4.0279 -41.6244 2.5353 55.5053 -5.2473 -5.8867
Car -1 -1 -5.5723 996.7580 193.3506 1074.8530 224.3225 1.5220 1.4936 3.6228 23.4900 2.7136 40.0029 -5.0452 -5.9190
Car -1 -1 -4.5659 343.6764 184.2549 390.9995 217.0534 1.3940 1.5492 4.0428 -11.4970 1.9688 34.2702 -4.8876 -5.9715
Car -1 -1 -7.4280 0.0000 182.6042 31.4551 255.9280 1.6460 1.8438 4.9093 -17.9227 1.9448 19.5126 -8.1643 -5.9843
Car -1 -1 -4.1360 243.1527 184.2115 298.3312 208.0076 1.6119 1.6545 4.1986 -24.9517 2.4830 53.1640 -4.5732 -5.9926
Car -1 -1 -4.8489 485.2287 177.6460 505.3241 194.9904 1.5915 1.4561 3.3299 -11.0120 2.0616 69.0113 -5.0068 -6.1400
Car -1 -1 -5.9365 776.1338 180.8396 830.8051 207.5443 1.8096 1.6128 3.4265 13.7699 2.3976 51.5129 -5.6773 -7.0045
