Car -1 -1 -7.6759 429.5123 182.9261 519.5490 248.4872 1.5279 1.7045 3.8141 -3.5569 1.8238 19.3110 -7.8564 7.0504
Car -1 -1 -7.6469 384.3242 186.6228 450.6152 228.4291 1.3387 1.6199 3.5098 -6.9228 1.8703 26.0797 -7.9044 6.0436
Car -1 -1 -7.7538 536.8369 182.7579 564.4410 203.5447 1.3461 1.5743 3.4779 -4.1243 2.0582 50.1483 -7.8359 2.2978
Car -1 -1 -8.4698 664.4460 185.7258 740.6177 220.7012 1.3708 1.5530 3.5150 3.9481 1.9686 31.6060 -8.3473 -1.2842
Car -1 -1 -4.7200 728.1375 178.8512 757.8916 208.8162 1.6763 1.6785 4.1858 7.9477 2.0555 43.4526 -4.5408 -2.3948
Car -1 -1 -7.9898 631.1492 183.4808 654.4610 201.1656 1.4912 1.6004 3.7595 2.9095 2.4788 65.1255 -7.9458 -3.2084
Car -1 -1 -2.0668 40.0087 187.7556 133.7897 223.1872 1.4163 1.6339 4.0299 -23.1145 2.1063 31.8113 -2.6914 -3.3433
Car -1 -1 -4.8221 170.1233 183.2554 207.4401 209.4153 1.5623 1.6564 4.1602 -27.4892 2.2705 46.9787 -5.3493 -3.6650
Car -1 -1 -7.6226 154.4618 184.3832 208.1841 215.9158 1.3970 1.4805 3.5150 -20.9134 1.9903 35.2514 -8.1550 -3.7379
Car -1 -1 -1.9418 6.1969 188.5224 94.6828 225.9736 1.4186 1.6125 4.0333 -23.7273 2.1185 30.5118 -2.5987 -3.7683
Car -1 -1 -4.8055 523.3674 178.3748 549.8622 201.4477 1.5607 1.5497 3.6444 -5.3160 1.9706 51.6710 -4.9079 -3.9501
Car -1 -1 -7.3032 95.7625 185.9551 182.3844 220.4231 1.4361 1.6033 3.7926 -21.7462 2.0775 33.4309 -7.8765 -4.1386
Car -1 -1 -2.9832 630.5069 184.4686 718.1497 216.8007 1.4735 1.6423 4.0399 3.1067 2.0588 35.0943 -2.8963 -4.2472
Car -1 -1 -8.3259 740.3430 181.6249 789.4941 207.3788 1.6655 1.7082 3.9935 10.7050 2.3024 50.2758 -8.1178 -4.2764
Car -1 -1 -3.9088 476.1832 181.6718 530.4738 203.5347 1.5254 1.6431 4.0124 -7.9893 2.2121 54.1201 -4.0551 -4.4355
Car -1 -1 -5.0497 1152.8296 198.7288 1217.8807 230.7764 1.5794 1.6984 3.8304 32.5755 3.1248 41.0166 -4.3827 -4.6084
Car -1 -1 -4.4005 510.7214 179.8764 546.0006 201.1806 1.5229 1.5609 3.8671 -6.2068 2.0777 54.9799 -4.5128 -4.6968
Car -1 -1 -4.1009 137.0072 182.8011 277.0789 245.4397 1.5493 1.5341 3.8171 -11.2994 1.8584 20.4586 -4.6003 -4.7494
Car -1 -1 -4.2992 354.7820 178.7339 405.0903 206.3340 1.7557 1.7065 4.2067 -15.5893 2.1725 49.0098 -4.6060 -4.8365
Car -1 -1 -4.5465 14.6688 187.8313 58.7536 209.9558 1.4204 1.7574 4.4982 -41.2409 2.5484 51.9594 -5.2150 -4.8644
Car -1 -1 -4.3705 309.7099 176.2185 349.2199 200.0077 1.9820 1.6923 4.8618 -24.5521 2.2881 63.2605 -4.7396 -5.2411
Car -1 -1 -5.2371 528.8187 181.1118 569.6607 201.1950 1.6524 1.6844 4.2199 -5.3976 2.4030 63.3990 -5.3221 -5.2903
Car -1 -1 -3.8186 715.1598 178.2092 761.8613 197.3824 1.7112 1.6981 4.1237 11.9384 2.2218 67.1032 -3.6437 -5.4384
Car -1 -1 -4.8456 1127.7433 196.6312 1172.1858 225.4406 1.4785 1.5807 3.8041 31.6735 2.9448 42.4570 -4.2087 -5.5049
Car -1 -1 -4.7316 1015.7767 189.5613 1045.6451 213.4830 1.4925 1.6962 3.7797 29.0588 2.6969 49.9647 -4.2080 -5.5690
Car -1 -1 -4.6465 396.4750 180.3381 430.8398 205.3520 1.3371 1.6625 4.0909 -11.4237 1.7953 42.0365 -4.9106 -5.5823
Car -1 -1 -5.0250 601.4100 185.4589 631.1523 203.9416 1.5332 1.6371 3.5523 0.5083 2.6925 64.4391 -5.0177 -5.5850
Car -1 -1 -4.8404 395.5726 179.9711 422.2890 198.2787 1.4750 1.6918 4.2079 -17.3761 2.1102 62.1606 -5.1122 -5.5850
Car -1 -1 -4.3896 295.1280 180.4326 349.1139 206.3415 1.4098 1.6223 4.5249 -17.0703 1.8844 42.9107 -4.7664 -5.6262
Car -1 -1 -4.5394 298.6960 182.2552 332.7003 204.1103 1.5043 1.6717 4.0069 -21.8563 2.2307 53.6360 -4.9249 -5.7008
Car -1 -1 -4.6042 481.6374 180.7695 503.3928 199.1750 1.5934 1.5936 3.4604 -10.7024 2.3339 65.7581 -4.7653 -5.7472
Car -1 -1 -4.1226 398.6393 181.2800 474.7074 213.9885 1.4090 1.5740 3.9648 -8.2002 1.8343 34.3122 -4.3559 -5.7600
Car -1 -1 -4.5785 907.4064 192.0661 939.6859 214.7925 1.3745 1.5672 3.3979 21.1298 2.7190 48.6448 -4.1716 -5.8125
Car -1 -1 -4.7929 354.3810 181.6731 377.5988 198.2899 1.4073 1.6741 4.1561 -22.2744 2.2377 65.7252 -5.1187 -5.8132
Car -1 -1 -4.3271 336.9411 181.8724 375.4634 200.7494 1.5232 1.6662 4.2549 -21.9365 2.3305 62.4546 -4.6639 -5.8262
Car -1 -1 -4.2859 183.3564 181.1791 245.1306 210.0319 1.5344 1.6324 3.9295 -22.7422 2.0368 41.5537 -4.7843 -5.8320
Car -1 -1 -4.5612 0.0000 185.9876 22.2792 211.0408 1.5503 1.6558 4.1802 -41.5190 2.4856 49.1866 -5.2598 -5.8391
Car -1 -1 -4.5470 238.2008 179.2481 281.5735 205.0154 1.4083 1.6309 4.2444 -20.7483 1.8076 42.8258 -4.9959 -5.8857
Car -1 -1 -4.5791 45.9470 185.7236 81.7371 206.7847 1.4666 1.6439 4.0796 -41.6744 2.4878 55.0905 -5.2246 -5.8867
Car -1 -1 -4.6552 105.3499 183.9343 132.2932 203.4442 1.5291 1.6547 4.0145 -41.6040 2.5007 61.1384 -5.2508 -5.8867
Car -1 -1 -4.4682 0.0000 184.9024 0.0000 214.0337 1.5144 1.6477 4.0085 -41.6095 2.2416 41.4251 -5.2526 -5.8867
Car -1 -1 -4.8064 393.2907 179.0893 431.5759 208.1691 1.4350 1.6051 4.0389 -10.6806 1.7880 38.7106 -5.0742 -5.8867
Car -1 -1 -4.3210 181.1249 180.5905 243.3837 209.3460 1.4367 1.5896 3.8812 -21.5331 1.8778 39.1508 -4.8212 -5.8867
Car -1 -1 -4.5973 451.7093 180.4838 489.2770 208.8163 1.4774 1.6369 3.9690 -7.8657 1.9297 40.7640 -4.7871 -5.8867
Car -1 -1 -4.5075 0.0000 185.4447 0.0000 212.5098 1.5343 1.6546 4.0122 -41.6075 2.3576 45.0482 -5.2504 -5.8867
Car -1 -1 -4.3586 421.2624 180.3738 486.2474 214.8385 1.4368 1.6329 3.9640 -7.1189 1.8027 33.0648 -4.5695 -5.8867
Car -1 -1 -4.4939 528.6135 181.0801 558.3580 200.0347 1.4668 1.6436 3.9017 -5.4863 2.1698 59.6454 -4.5857 -5.8867
Car -1 -1 -4.7010 553.3928 180.4063 571.8554 197.8739 1.4793 1.6065 3.9937 -4.2625 2.1797 64.9065 -4.7667 -5.8867
Car -1 -1 -4.3847 444.5609 179.7883 499.7658 210.2244 1.4546 1.6322 3.9430 -7.1310 1.8345 37.4914 -4.5718 -5.8867
Car -1 -1 -4.4385 0.0000 185.5065 0.0000 216.8023 1.5238 1.6507 4.0110 -41.6095 2.2452 39.0107 -5.2528 -5.8867
Car -1 -1 -4.6287 72.4690 183.1360 103.1658 203.5109 1.5025 1.6462 4.0135 -41.6061 2.3523 57.5159 -5.2530 -5.8867
Car -1 -1 -4.7788 1034.4058 193.0329 1067.5154 216.6841 1.3113 1.5184 3.6081 27.5961 2.6320 45.2848 -4.2350 -5.8955
Car -1 -1 -4.8872 145.5112 180.8089 186.2035 208.0723 1.6190 1.5513 3.9414 -28.3749 2.1477 45.9974 -5.4376 -5.9547
Car -1 -1 -4.6651 465.8220 181.6349 490.8882 202.7949 1.4736 1.6578 4.1863 -9.8883 2.1601 54.2461 -4.8449 -5.9579
Car -1 -1 -4.4336 276.1965 180.6738 336.3758 212.9201 1.5385 1.7031 4.6183 -15.9250 1.9757 37.9777 -4.8285 -6.0118
Car -1 -1 -4.6435 423.8580 179.8025 461.5316 210.7329 1.4741 1.6362 3.7952 -8.6335 1.8522 37.2894 -4.8698 -6.1078
Car -1 -1 -4.7023 747.4507 180.1916 769.1811 206.5785 1.9057 1.5724 3.4558 11.2870 2.4835 54.9954 -4.5014 -6.2460
