Car -1 -1 -7.4175 165.6039 182.7189 347.7957 273.5111 1.3938 1.5911 3.6044 -6.3249 1.5996 13.2717 -7.8549 7.8587
Car -1 -1 -7.7319 488.0707 174.3380 550.8098 223.1784 1.5270 1.6661 3.7829 -3.0482 1.5812 24.5664 -7.8547 7.0407
Car -1 -1 -7.7441 554.7341 173.6143 581.6010 192.7432 1.3671 1.6013 3.6690 -3.1030 1.4252 53.5885 -7.8020 2.1381
Car -1 -1 -7.8028 515.2054 168.3130 539.0078 189.2076 1.5456 1.6240 3.7383 -6.3487 1.2094 55.2897 -7.9169 0.4618
Car -1 -1 -5.4077 683.5186 174.7031 739.4238 197.5768 1.4915 1.6219 3.9739 6.8814 1.6235 49.5047 -5.2708 -1.8924
Car -1 -1 -7.7629 493.9386 163.5555 522.4971 186.6742 1.5722 1.6621 3.7734 -7.1861 0.9395 50.9930 -7.9024 -1.9392
Car -1 -1 -6.7377 934.4058 177.2660 1119.7427 236.7020 1.4108 1.5740 3.7257 10.3248 1.5269 18.1478 -6.2279 -2.2305
Car -1 -1 -8.8422 1141.2316 191.7779 1241.0000 374.0000 1.4475 1.6258 4.1216 6.5365 1.6489 5.5351 -8.0007 -2.6959
Car -1 -1 -4.8284 920.8488 177.8696 954.8736 201.4667 1.5146 1.6901 3.5758 22.2351 1.8693 49.1062 -4.4059 -3.0016
Car -1 -1 -5.1776 1009.5305 189.0852 1079.2252 220.9342 1.4728 1.5520 3.7333 22.2849 2.3533 37.2364 -4.6424 -3.1215
Car -1 -1 -4.7646 582.9683 177.6645 601.7289 194.2055 1.5380 1.6215 3.8330 -1.7609 2.0189 70.2090 -4.7899 -3.4595
Car -1 -1 -5.1098 799.4135 172.3795 847.8549 200.0034 1.8050 1.7060 4.0955 14.4935 1.7737 49.2791 -4.8258 -3.6640
Car -1 -1 -4.6311 327.4716 180.3985 347.6806 197.4786 1.5827 1.5695 3.4255 -26.5620 2.3377 70.3698 -4.9910 -3.6659
Car -1 -1 -4.6441 1182.0781 195.1284 1239.9963 235.6654 1.5173 1.6854 3.7871 25.9041 2.5378 31.1110 -3.9551 -3.7799
Car -1 -1 -4.8543 976.5980 178.4200 1008.7598 200.2776 1.5694 1.6264 3.7991 29.0523 2.0086 54.9185 -4.3703 -3.8810
Car -1 -1 -4.6566 83.2108 181.6951 118.4197 207.6407 1.4656 1.5458 3.6843 -31.0901 2.0295 44.0744 -5.2683 -3.9082
Car -1 -1 -6.4144 695.3655 174.1600 767.0850 203.8893 1.4635 1.5660 3.3897 6.0388 1.5306 36.4280 -6.2519 -4.0263
Car -1 -1 -7.4559 311.9650 181.8094 378.1620 216.6888 1.4807 1.5559 3.7251 -12.2607 1.9199 33.5053 -7.8045 -4.0731
Car -1 -1 -4.9235 772.3969 175.7571 808.9192 199.5693 1.5383 1.6049 3.9476 12.2099 1.7435 49.0959 -4.6815 -4.1854
Car -1 -1 -4.5869 305.3719 173.6729 332.2826 194.2463 1.6025 1.5487 3.8421 -23.5640 1.6709 58.4217 -4.9689 -4.2681
Car -1 -1 -5.2794 795.9293 181.2341 867.6671 214.2699 1.5695 1.6029 4.1002 11.4257 2.0311 37.5807 -4.9870 -4.3894
Car -1 -1 -4.8057 1175.4147 202.5090 1241.0000 262.6683 1.4679 1.6630 3.7431 18.1013 2.4386 21.6085 -4.1160 -4.5482
Car -1 -1 -4.9006 1210.7230 191.3604 1241.0000 219.3817 1.5279 1.5964 3.9013 38.2195 2.7147 44.1922 -4.1914 -4.5592
Car -1 -1 -7.9512 593.0161 176.6887 615.3399 194.8221 1.4924 1.5768 3.5355 -0.5505 1.8315 62.0053 -7.9604 -4.7330
Car -1 -1 -4.8198 1065.5820 185.0466 1102.9647 210.4481 1.4730 1.5545 3.9707 30.1480 2.2859 46.0013 -4.2431 -4.7347
Car -1 -1 -4.5171 424.9138 174.1562 453.8921 192.1261 1.5200 1.7352 3.9809 -14.9598 1.6377 63.3443 -4.7483 -4.8293
Car -1 -1 -5.1384 576.6709 172.6439 622.9996 196.8243 1.6397 1.6225 4.3664 -0.8051 1.6252 51.2486 -5.1544 -4.9129
Car -1 -1 -4.5936 937.0063 175.8506 975.5857 200.1918 1.4619 1.7808 3.8788 22.0605 1.6613 45.9711 -4.1490 -5.2788
Car -1 -1 -3.4983 935.7549 178.3443 987.5104 196.7167 1.6457 1.7668 3.9036 32.2645 2.1582 66.3283 -3.0477 -5.4704
Car -1 -1 -4.3508 205.2522 177.4865 250.3250 199.5465 1.4162 1.5378 3.5617 -25.9124 1.7423 48.9662 -4.8355 -5.7310
Car -1 -1 -4.8766 1027.5441 179.5459 1062.5852 201.0331 1.5745 1.7041 3.9581 33.9070 2.1169 56.3662 -4.3378 -5.7634
Car -1 -1 -4.5165 0.0000 183.9721 6.1730 207.3984 1.4141 1.6318 4.0809 -41.5536 2.1838 47.7971 -5.2295 -5.8326
Car -1 -1 -7.3475 320.3152 169.4585 373.8597 192.4379 1.8733 2.0254 5.1845 -22.3593 1.5962 61.5397 -7.6948 -5.8609
Car -1 -1 -4.5669 0.0000 181.9978 37.5372 204.4854 1.4587 1.6339 4.0093 -41.6107 2.1278 50.6837 -5.2519 -5.8867
Car -1 -1 -4.6878 1049.2274 174.0699 1071.4043 190.9838 1.5012 1.6456 3.9908 41.4775 1.6164 66.4637 -4.1321 -5.8867
Car -1 -1 -4.6413 91.2702 181.4417 119.7778 200.6375 1.4758 1.6409 4.0136 -41.6096 2.2097 59.5367 -5.2494 -5.8867
Car -1 -1 -4.8935 1241.0000 176.7823 1241.0000 206.4565 1.6460 1.6962 4.0085 41.4754 1.8899 42.7275 -4.1268 -5.8867
Car -1 -1 -4.6008 51.9633 182.0639 85.8613 202.3337 1.4429 1.6372 4.0541 -41.5906 2.1785 55.4910 -5.2418 -5.8867
Car -1 -1 -4.8501 1228.7578 172.8394 1241.0000 197.5356 1.5277 1.6563 3.9941 41.4733 1.5265 46.7569 -4.1279 -5.8867
Car -1 -1 -4.7408 1102.8628 174.6401 1129.4497 194.2550 1.5416 1.6584 3.9921 41.4779 1.6932 59.2205 -4.1324 -5.8867
Car -1 -1 -4.7101 1072.0299 173.6665 1095.1030 191.4305 1.5001 1.6457 3.9927 41.4770 1.5734 63.2455 -4.1320 -5.8867
Car -1 -1 -4.5980 26.1897 183.0816 62.3142 204.5548 1.4558 1.6360 4.0209 -41.6121 2.2386 53.1012 -5.2604 -5.8867
Car -1 -1 -4.7867 1153.2549 180.8418 1188.0050 203.0652 1.5198 1.6999 4.1254 41.1835 2.1317 53.1098 -4.1302 -5.8867
Car -1 -1 -4.4889 0.0000 184.9720 0.0000 213.1637 1.5252 1.6516 4.0210 -41.5916 2.2836 43.0299 -5.2543 -5.8867
Car -1 -1 -7.3775 1008.8452 170.3290 1047.8083 186.4748 1.5325 1.6499 3.9731 40.7232 1.2926 70.2556 -6.8542 -5.8867
Car -1 -1 -4.9329 1241.0000 169.4074 1241.0000 197.8872 1.4918 1.6445 3.9893 41.4708 1.3110 39.9145 -4.1322 -5.8867
Car -1 -1 -4.8125 1189.5873 176.1336 1228.8608 200.1141 1.5704 1.6818 4.0063 41.4061 1.8069 49.9659 -4.1238 -5.8867
Car -1 -1 -4.5488 0.0000 184.4146 0.0000 209.7718 1.4522 1.6400 4.0677 -41.5017 2.2144 45.4376 -5.2862 -5.8867
Car -1 -1 -4.7599 1126.4785 179.1337 1156.5867 200.5361 1.5727 1.6905 3.9893 41.4754 2.0818 56.3994 -4.1287 -5.8867
Car -1 -1 -4.6636 1033.5839 172.8185 1055.9514 188.8652 1.4840 1.6433 4.0400 41.4923 1.4804 68.8623 -4.1235 -5.8867
Car -1 -1 -5.8880 0.0000 171.8836 29.1465 305.8701 1.6488 1.9177 4.1647 -11.4878 1.6365 10.6000 -6.7009 -5.9852
Car -1 -1 -4.5767 809.8668 170.1045 837.2532 190.6428 1.6018 1.6207 3.8948 17.2810 1.3871 58.3828 -4.2906 -6.0931
Car -1 -1 -4.4748 229.4878 183.3203 259.5197 198.5988 1.3907 1.6571 4.3682 -36.0188 2.4562 71.1640 -4.9421 -6.2549
Car -1 -1 -3.8779 246.8781 181.7106 284.2020 198.3055 1.5623 1.5735 3.0778 -34.1174 2.4606 71.4875 -4.3219 -6.7348
Car -1 -1 -4.8847 964.6976 173.7431 1008.0526 198.9596 1.5151 1.6938 4.3916 23.8208 1.5742 45.8668 -4.4087 -6.7401
Car -1 -1 -4.5742 202.1911 175.9645 233.3496 197.9772 1.5830 1.5111 4.1658 -29.7322 1.8282 54.7299 -5.0700 -7.3207
