Car -1 -1 -7.7321 525.7021 182.8517 559.5542 207.0255 1.4080 1.6838 3.7410 -4.2384 2.0643 45.4879 -7.8249 3.9763
Car -1 -1 -7.8630 586.6602 186.1601 616.8140 212.4362 1.2993 1.5689 3.6099 -0.5094 2.0582 39.3469 -7.8765 3.1197
Car -1 -1 -4.3509 0.0000 184.0744 50.7203 219.0090 1.4282 1.6066 3.5921 -27.1020 1.9671 32.7147 -5.0389 -0.8166
Car -1 -1 -4.7584 862.0163 178.3331 892.4085 206.4564 1.7689 1.7039 4.3072 17.9146 2.1551 48.5927 -4.4076 -1.0792
Car -1 -1 -4.2211 8.0986 181.6040 96.2953 217.9997 1.5365 1.5747 3.8974 -25.8112 1.9672 33.4957 -4.8740 -1.1156
Car -1 -1 -5.1416 822.3203 178.5613 873.2652 204.4128 1.5016 1.5440 3.8045 14.6536 1.8710 44.7622 -4.8276 -1.3381
Car -1 -1 -4.6350 200.8288 176.8333 225.3574 194.3651 1.5506 1.6715 4.2505 -36.9114 1.9331 67.1332 -5.1362 -2.3026
Car -1 -1 -4.6802 118.7669 182.5732 145.3136 201.2055 1.4403 1.7104 4.2185 -39.9702 2.2834 60.3639 -5.2632 -2.4133
Car -1 -1 -7.3691 142.5525 179.2492 264.4801 243.1300 1.6122 1.5918 3.3299 -11.3023 1.8060 20.2259 -7.8734 -2.5576
Car -1 -1 -3.0883 897.9269 171.1657 975.3280 199.3888 1.6736 1.7143 4.2712 20.1087 1.5731 44.5238 -2.6669 -2.6856
Car -1 -1 -4.3517 148.1574 181.7364 191.7291 202.5126 1.5186 1.6090 3.9956 -34.5179 2.2418 56.6565 -4.8970 -2.9558
Car -1 -1 -6.2943 829.2479 183.9349 896.4073 211.1653 1.4921 1.5450 3.6162 14.6063 2.1553 41.9023 -5.9617 -3.1082
Car -1 -1 -2.6540 124.5346 183.4421 208.3069 207.6542 1.4312 1.6295 4.1104 -27.2824 2.0964 44.4098 -3.2024 -3.2450
Car -1 -1 -2.4557 75.4916 182.1510 138.1970 201.0636 1.4815 1.6497 4.0397 -40.7682 2.2471 58.4660 -3.0626 -3.4810
Car -1 -1 -4.4420 281.2766 181.4807 310.2833 196.4488 1.3925 1.6271 4.0067 -31.1742 2.2738 71.6392 -4.8514 -3.5379
Car -1 -1 -7.7990 911.5945 191.5163 954.0185 226.2258 1.4241 1.6275 4.2585 15.3527 2.3698 34.3081 -7.3822 -3.5631
Car -1 -1 -4.5474 0.0000 182.2937 41.6480 212.2404 1.4908 1.5906 3.4438 -32.0802 2.0255 39.0003 -5.2325 -3.6619
Car -1 -1 -7.5191 82.1449 182.8166 154.9086 219.1032 1.5086 1.6236 3.6870 -22.4741 1.9925 33.0802 -8.1123 -3.9131
Car -1 -1 -4.6222 505.5247 179.0788 530.8361 199.9783 1.5743 1.6503 4.0241 -7.3221 2.0886 57.6082 -4.7485 -4.0232
Car -1 -1 -4.3107 294.3043 181.3411 326.6458 196.7951 1.4511 1.5936 3.8473 -29.7829 2.3181 71.8045 -4.7029 -4.0350
Car -1 -1 -7.5627 18.9819 181.3282 78.5297 210.2776 1.4863 1.5716 3.8777 -31.3464 1.9846 40.3617 -8.2200 -4.0652
Car -1 -1 -4.2945 332.6678 180.5416 374.7760 202.0377 1.5176 1.5854 3.7782 -19.2535 2.1163 54.2751 -4.6342 -4.1516
Car -1 -1 -1.9482 156.6891 177.6434 194.7494 195.5811 1.6256 1.7438 3.9867 -41.1485 2.0914 68.3096 -2.4888 -4.1716
Car -1 -1 -4.5629 76.0211 182.1949 111.0117 203.7881 1.5442 1.6323 3.8035 -39.6720 2.2886 55.4530 -5.1818 -4.4377
Car -1 -1 -4.2863 198.2798 181.3408 247.6815 203.2745 1.5467 1.6925 4.2488 -29.3147 2.2158 54.7379 -4.7762 -4.5966
Car -1 -1 -8.3819 1149.9214 131.3452 1241.0000 174.1396 1.8167 1.9331 3.9334 26.6667 0.0543 32.7214 -7.7024 -4.6462
Car -1 -1 -4.7316 363.0913 179.6777 386.2595 201.3374 1.5455 1.6012 4.0577 -18.0047 2.0863 55.0358 -5.0467 -4.6523
Car -1 -1 -4.7902 195.9021 181.9541 249.0386 222.0326 1.5303 1.6663 4.5009 -16.7244 1.9500 30.9593 -5.2821 -4.9946
Car -1 -1 -4.8302 876.3915 191.0752 923.1131 225.9804 1.4533 1.6031 3.6788 13.5860 2.3641 34.0945 -4.4547 -5.0392
Car -1 -1 -2.4117 0.0000 171.7234 30.9748 312.6103 1.5884 1.6870 4.0724 -10.1858 1.5753 9.1649 -3.2352 -5.1563
Car -1 -1 -1.9774 33.6572 180.9066 89.7366 204.2770 1.6488 1.8302 4.2137 -41.0784 2.2717 54.0060 -2.6254 -5.2989
Car -1 -1 -4.6355 419.5758 185.6832 458.2502 213.3579 1.3513 1.7299 4.4781 -9.4006 2.0995 39.7512 -4.8666 -5.3296
Car -1 -1 -4.2707 180.4684 183.7493 224.0445 204.8117 1.4758 1.5344 3.4033 -30.5588 2.3191 54.1185 -4.7828 -5.4155
Car -1 -1 -4.8151 567.4041 182.4069 598.6465 207.7624 1.4779 1.5596 4.1045 -1.7885 2.1126 45.8136 -4.8545 -5.4605
Car -1 -1 -8.0371 1139.0699 150.1576 1192.3414 181.4315 1.8129 1.7408 4.7036 34.0055 0.4969 44.3183 -7.3859 -5.5323
Car -1 -1 -4.7605 906.6400 187.7082 945.3193 220.3205 1.6054 1.7334 4.1026 17.3189 2.4696 39.7702 -4.3532 -5.5335
Car -1 -1 -5.2170 516.8762 177.8429 566.8373 198.0666 1.5153 1.8135 4.9563 -5.5462 1.9329 57.8806 -5.3125 -5.5540
Car -1 -1 -4.9320 499.1377 180.1543 526.5826 197.2902 1.4833 1.6705 3.9987 -9.0001 2.1774 66.4669 -5.0664 -5.5883
Car -1 -1 -5.0691 131.9795 180.9942 175.8946 203.0040 1.6555 1.5877 4.2381 -36.4584 2.3268 57.6067 -5.6314 -5.6379
Car -1 -1 -4.8994 410.0913 179.2894 439.7731 197.8159 1.4766 1.6976 4.1557 -15.7810 2.0431 61.3080 -5.1506 -5.6694
Car -1 -1 -4.4168 239.5372 178.6647 269.8360 196.0155 1.5660 1.6038 3.5527 -33.5968 2.1306 68.2639 -4.8728 -5.7051
Car -1 -1 -4.6189 145.0389 178.1075 172.3773 195.0060 1.4670 1.7266 4.3963 -41.5414 1.9677 66.4543 -5.1760 -5.8407
Car -1 -1 -2.3292 0.0000 177.4651 0.0000 350.1946 1.4515 1.5772 3.8872 -8.6791 1.5018 7.0149 -3.2015 -5.8749
Car -1 -1 -4.5587 11.7299 185.5760 52.5829 208.7322 1.5138 1.6673 4.1374 -41.4571 2.4659 51.8063 -5.2312 -5.8867
Car -1 -1 -4.6721 125.2474 180.7115 149.7005 198.3788 1.4571 1.6362 4.0162 -41.6120 2.1724 63.5604 -5.2500 -5.8867
Car -1 -1 -4.4348 396.8688 179.3528 432.5435 199.2201 1.4087 1.5810 3.9228 -14.7114 1.9164 54.4243 -4.6979 -5.8867
Car -1 -1 -4.5173 375.8405 179.4509 408.2852 199.5647 1.4120 1.5857 3.9649 -16.3078 1.9246 54.0473 -4.8093 -5.8867
Car -1 -1 -4.5400 0.0000 187.5774 25.5380 212.7497 1.5589 1.6729 4.0862 -41.5448 2.6119 49.4310 -5.2364 -5.8867
Car -1 -1 -7.1454 51.1150 0.0000 1241.0000 374.0000 1.5619 1.5950 3.8093 -1.2975 1.6836 1.0018 -7.9390 -5.8867
Car -1 -1 -4.3057 0.0000 182.9457 0.0000 252.0928 1.3713 1.6918 4.6988 -17.5800 1.6511 17.5339 -5.0848 -6.0770
Car -1 -1 -4.8213 392.2144 181.1295 435.8696 211.5319 1.5296 1.8248 4.9318 -11.0587 2.0224 40.3627 -5.0874 -6.2697
Car -1 -1 -4.2249 41.6539 187.5307 99.8187 211.9954 1.6072 1.7959 3.7372 -38.6381 2.7002 51.7641 -4.8638 -6.3325
Car -1 -1 -5.7110 942.5162 224.8307 1241.0000 374.0000 1.3324 1.4125 2.9565 4.4833 1.8906 6.1178 -5.1027 -7.2585
