Car -1 -1 -7.3331 0.0000 194.6518 365.6133 374.0000 1.4740 1.6192 3.8490 -3.6343 1.7195 6.2044 -7.8453 7.0028
Car -1 -1 -7.8854 585.3009 182.5937 614.4911 207.4771 1.3383 1.5801 3.7073 -0.6637 1.9328 42.1744 -7.9016 4.3469
Car -1 -1 -7.7663 507.9716 182.6740 541.6028 207.5222 1.3787 1.6924 3.6904 -5.1154 1.9942 43.3812 -7.8835 3.8990
Car -1 -1 -4.0982 687.6411 185.6153 737.7363 207.2158 1.5778 1.6989 4.4583 8.1950 2.6338 57.5176 -3.9579 -1.1779
Car -1 -1 -7.0512 174.3767 177.1171 270.1879 212.1447 1.6420 1.7479 4.2695 -19.6350 1.8720 36.6840 -7.5398 -2.0679
Car -1 -1 -3.0171 46.2622 183.6296 150.7417 217.1200 1.5184 1.6109 4.0124 -25.0354 2.0719 35.4273 -3.6289 -2.7244
Car -1 -1 -4.5274 218.9448 180.4235 267.5447 210.0992 1.6003 1.7594 4.4114 -21.5481 2.0704 42.4780 -4.9946 -3.0063
Car -1 -1 -5.4427 652.9221 184.0605 707.1713 205.4491 1.5751 1.8011 4.4760 5.5482 2.5106 57.9171 -5.3482 -3.7280
Car -1 -1 -4.1529 49.6303 179.6387 127.6202 208.6163 1.6086 1.6830 4.4583 -31.2719 2.0378 43.3985 -4.7746 -3.7560
Car -1 -1 -4.1121 292.2442 180.0479 332.0789 195.8819 1.4830 1.7359 3.9295 -29.5224 2.2175 71.5921 -4.5021 -3.8658
Car -1 -1 -2.2263 0.0000 186.6291 81.6813 219.7871 1.4518 1.6003 3.9328 -27.1723 2.1222 33.8804 -2.8986 -4.2821
Car -1 -1 -6.7267 0.0000 0.0000 1241.0000 374.0000 1.4943 1.4778 3.2961 -3.3702 1.5914 1.5367 -7.8029 -4.2969
Car -1 -1 -4.5858 750.1764 196.7383 783.9862 225.2118 1.4793 1.5246 3.5716 9.2881 2.9558 42.6757 -4.3737 -4.3784
Car -1 -1 -4.6853 634.7038 183.1101 654.0021 198.9162 1.4139 1.7501 4.5190 3.3364 2.4398 69.8719 -4.6383 -4.5599
Car -1 -1 -4.7959 640.9179 181.4762 664.0869 201.9549 1.5823 1.5648 4.0726 3.4489 2.3180 59.5380 -4.7388 -4.5701
Car -1 -1 -7.5034 131.0486 179.4648 207.2448 217.2687 1.6192 1.6536 4.3558 -20.6956 1.9514 34.0028 -8.0469 -4.6038
Car -1 -1 -4.6988 92.7426 181.2612 132.3999 214.3076 1.5899 1.6418 4.0943 -26.1634 2.0572 37.9721 -5.2990 -4.7291
Car -1 -1 -4.6753 870.4294 180.8281 906.2328 213.2945 1.5372 1.5981 3.7236 14.3392 1.9703 37.1847 -4.3104 -4.7965
Car -1 -1 -4.5162 476.0039 179.8688 512.3703 204.0968 1.6307 1.7507 4.5060 -8.3484 2.1598 52.1720 -4.6745 -4.9441
Car -1 -1 -7.6567 249.6147 182.3100 295.8432 209.8137 1.4581 1.6581 4.0806 -19.5657 2.0359 41.9288 -8.0912 -5.0689
Car -1 -1 -4.3745 0.0000 188.1198 125.1271 257.1732 1.4724 1.6040 3.9293 -14.0321 1.9069 18.4349 -5.0183 -5.0925
Car -1 -1 -4.5542 491.6601 179.6881 517.2092 197.8058 1.6353 1.7500 4.3785 -10.0746 2.3092 68.9864 -4.6990 -5.0950
Car -1 -1 -3.7970 199.3764 179.5505 299.3425 220.3715 1.6575 1.6444 3.7353 -15.9482 1.9731 32.0046 -4.2563 -5.1920
Car -1 -1 -4.9156 511.8999 177.3603 541.0604 195.8253 1.4281 1.5908 3.9896 -6.8879 1.8096 58.9926 -5.0317 -5.2388
Car -1 -1 -4.2392 382.3416 179.2435 420.8577 196.2173 1.4056 1.5888 4.0389 -18.3133 1.9865 63.4937 -4.5192 -5.3184
Car -1 -1 -4.4218 657.0731 184.5552 695.2388 205.7675 1.4068 1.6194 4.2842 4.8436 2.2977 52.6678 -4.3311 -5.3500
Car -1 -1 -4.3613 16.9177 185.1371 88.2340 220.0724 1.4212 1.4784 3.3045 -24.9942 2.0032 32.4130 -5.0143 -5.4970
Car -1 -1 -4.5963 114.0239 183.9798 195.0465 234.3614 1.3331 1.5999 4.4501 -14.1100 1.7158 22.4853 -5.1516 -5.5154
Car -1 -1 -7.0403 0.0000 0.0000 1241.0000 374.0000 1.4569 1.5050 3.6014 -2.1131 1.5281 1.4079 -7.9380 -5.5497
Car -1 -1 -4.6216 440.4900 179.4329 465.1428 198.1592 1.4744 1.6535 4.0848 -13.1541 2.0445 60.4336 -4.8353 -5.7048
Car -1 -1 -4.5802 363.3113 179.6072 397.5109 202.8265 1.4474 1.6536 4.1295 -15.3882 1.9207 48.4208 -4.8867 -5.7113
Car -1 -1 -4.1617 406.6212 180.8897 442.2451 197.3459 1.5127 1.5617 3.8947 -18.0996 2.3204 70.4584 -4.4125 -5.7729
Car -1 -1 -5.0122 747.8699 189.6758 802.4318 223.3546 1.5273 1.5706 4.0562 8.3295 2.4356 36.8881 -4.7926 -5.7784
Car -1 -1 -4.5792 621.2283 181.4354 650.3556 200.4459 1.4008 1.7541 4.4435 2.0737 2.1135 57.6128 -4.5439 -5.7798
Car -1 -1 -4.4062 594.7867 179.3149 625.7259 196.6986 1.5415 1.7035 4.2945 0.0419 2.1708 68.0010 -4.4061 -5.8036
Car -1 -1 -4.5154 56.7383 182.5823 170.3563 249.6229 1.4668 1.6149 4.0434 -12.6741 1.7466 18.5956 -5.1072 -5.8531
Car -1 -1 -4.7594 564.4293 179.3919 588.2672 199.5518 1.4466 1.6252 4.1063 -2.6388 1.9664 55.2729 -4.8073 -5.8591
Car -1 -1 -4.3417 394.0252 179.5972 437.4697 201.2152 1.4098 1.6180 3.9124 -13.5320 1.8991 50.3547 -4.6032 -5.8867
Car -1 -1 -4.3622 400.9540 179.9543 446.9052 204.1527 1.4462 1.6128 3.9049 -11.9229 1.9218 46.3331 -4.6130 -5.8867
Car -1 -1 -4.4289 391.8030 178.7053 428.5111 198.7444 1.3912 1.5741 3.9165 -14.7182 1.8384 53.2119 -4.6978 -5.8867
Car -1 -1 -4.5996 39.2850 182.2676 74.3337 203.7193 1.4947 1.6446 4.0130 -41.6093 2.2309 54.3020 -5.2512 -5.8867
Car -1 -1 -6.6061 0.0000 0.0000 1241.0000 374.0000 1.4833 1.5978 3.8415 -5.3040 1.5543 1.3712 -7.8745 -5.8867
Car -1 -1 -4.4407 0.0000 184.7062 0.0000 215.5500 1.5227 1.6519 4.0159 -41.6107 2.2052 39.4191 -5.2499 -5.8867
Car -1 -1 -4.4029 366.9704 179.3883 411.7868 203.4385 1.4175 1.5828 3.9264 -13.9090 1.8478 45.5749 -4.6978 -5.8867
Car -1 -1 -4.4715 0.0000 182.8083 0.0000 210.5390 1.4666 1.6349 4.0063 -41.6123 2.0729 41.8342 -5.2511 -5.8867
Car -1 -1 -4.5147 0.0000 182.6655 2.1177 206.4200 1.4293 1.6332 4.1021 -41.5054 2.1034 47.4070 -5.2312 -5.8867
Car -1 -1 -4.5596 0.0000 181.5390 28.6008 204.1186 1.4427 1.6279 4.0059 -41.6135 2.0685 49.8814 -5.2524 -5.8867
Car -1 -1 -4.5416 0.0000 180.7056 0.0000 206.6475 1.4958 1.6456 4.0361 -41.4766 2.0090 45.0439 -5.2829 -5.8867
Car -1 -1 -4.3272 10.7023 183.1835 271.7700 316.8940 1.4420 1.6208 3.9650 -6.2981 1.6174 10.1887 -4.8696 -5.9003
Car -1 -1 -4.7793 535.6854 180.9614 559.6818 202.5992 1.5992 1.6197 3.9720 -4.9790 2.2626 56.9791 -4.8665 -6.1660
Car -1 -1 -4.9429 245.7345 180.6988 288.6098 206.5021 1.6353 1.7257 4.2215 -23.4634 2.1942 49.2455 -5.3857 -6.4267
Car -1 -1 -4.0377 773.8829 178.7076 827.0990 204.0204 1.6463 1.7118 3.5141 13.0411 2.0614 49.4670 -3.7819 -6.6553
