Car -1 -1 -4.1326 89.8926 179.0747 203.8314 223.1966 1.4007 1.7035 3.4774 -16.0552 1.6323 25.1521 -4.6961 6.6450
Car -1 -1 -7.8853 586.2707 177.9731 618.6420 205.4383 1.3551 1.5866 3.6747 -0.4783 1.6389 38.1680 -7.8983 4.6733
Car -1 -1 -7.7549 532.5373 176.9732 563.0547 199.3196 1.3453 1.5752 3.7833 -3.9635 1.6187 46.0411 -7.8407 3.1944
Car -1 -1 -4.4830 20.1523 181.3277 68.8075 205.2498 1.5152 1.6838 4.3403 -38.8830 2.1255 49.6695 -5.1447 -1.6843
Car -1 -1 -7.6621 466.4127 173.2306 508.9286 203.5401 1.6234 1.6984 3.5906 -6.8527 1.6452 40.5066 -7.8290 -1.7408
Car -1 -1 -4.8321 807.4768 171.2314 832.6396 192.2101 1.7234 1.5983 3.7972 17.7794 1.5898 61.2760 -4.5513 -1.8979
Car -1 -1 -4.6238 282.6853 174.0674 308.4868 193.2913 1.5261 1.6256 3.7288 -25.9432 1.6293 59.5601 -5.0332 -3.1143
Car -1 -1 -7.8532 221.1701 178.2083 240.4509 194.7563 1.5399 1.6297 3.8838 -37.1128 2.0791 70.5996 -8.3358 -3.1223
Car -1 -1 -4.5597 793.6170 185.7467 833.9319 215.0459 1.4443 1.5990 3.5401 11.0737 2.1795 39.2190 -4.2871 -3.2261
Car -1 -1 -4.6997 578.9322 171.7825 609.3553 201.1158 1.6014 1.6610 4.1589 -0.9245 1.5426 41.4794 -4.7223 -3.2834
Car -1 -1 -2.9172 353.7621 173.8161 398.4601 192.2822 1.5613 1.6685 3.3723 -20.1200 1.6451 62.0881 -3.2295 -3.4849
Car -1 -1 -4.9307 1173.7812 196.5699 1241.0000 250.8056 1.4479 1.5765 3.7193 19.3810 2.2710 23.0385 -4.2384 -3.7703
Car -1 -1 -4.3429 611.8901 177.1892 651.6170 199.0531 1.5696 1.6500 4.1127 1.6696 1.9124 54.8924 -4.3131 -3.9157
Car -1 -1 -4.7024 643.8591 178.2850 672.8680 206.3939 1.5885 1.6720 4.2510 2.9162 1.9343 43.8019 -4.6369 -3.9627
Car -1 -1 -5.0916 694.6805 184.0480 725.2083 201.7661 1.5620 1.6324 3.5822 9.3642 2.6465 67.9879 -4.9558 -4.0095
Car -1 -1 -8.1163 817.1945 177.5468 864.4250 208.1959 1.8717 1.7483 4.7574 14.9913 2.1941 47.2156 -7.8112 -4.0209
Car -1 -1 -5.0029 793.1782 183.1923 836.8957 210.4219 1.6658 1.6498 4.1537 13.4932 2.3806 47.8191 -4.7301 -4.1248
Car -1 -1 -4.6474 804.6424 175.2223 826.1583 193.3753 1.5496 1.5984 3.9449 18.2977 1.7672 64.2740 -4.3716 -4.3086
Car -1 -1 -4.5414 832.8460 189.1719 880.8017 222.4747 1.5016 1.6487 4.1866 12.6496 2.3875 36.9537 -4.2148 -4.3227
Car -1 -1 -4.7333 807.2792 183.9483 847.5802 219.6741 1.5772 1.7946 4.8194 10.7382 2.1699 36.0054 -4.4464 -4.4004
Car -1 -1 -2.7358 92.6341 174.6337 210.2987 209.5178 1.5332 1.6630 4.2278 -20.9063 1.6171 32.9789 -3.2973 -4.4533
Car -1 -1 -4.6539 28.8841 181.8510 76.6780 216.0237 1.5215 1.6092 3.9703 -27.2500 1.9877 35.3230 -5.3075 -4.4715
Car -1 -1 -7.5397 430.9614 175.0862 477.1683 202.2416 1.4353 1.5316 3.4247 -8.6761 1.5649 40.2124 -7.7512 -4.5131
Car -1 -1 -3.0090 311.0252 176.2506 374.4610 202.2451 1.5472 1.5984 3.4796 -16.4330 1.7614 44.4087 -3.3618 -4.5222
Car -1 -1 -3.1140 443.6877 171.6138 500.9710 197.8521 1.6956 1.6933 3.6608 -9.1095 1.6152 47.7562 -3.3018 -4.5706
Car -1 -1 -2.2922 490.9969 171.6414 538.6834 191.9638 1.7058 1.6578 4.3233 -8.3074 1.6037 62.6083 -2.4239 -4.7120
Car -1 -1 -4.3937 411.5581 174.1062 440.0587 191.4090 1.6394 1.6358 3.6540 -17.9852 1.7647 70.5156 -4.6427 -4.7162
Car -1 -1 -5.1288 283.4753 173.9526 322.7200 192.6333 1.5491 1.6445 3.9593 -26.4237 1.6462 62.0177 -5.5302 -4.7304
Car -1 -1 -4.4508 174.0395 177.8695 222.7851 204.6737 1.5843 1.7274 3.8441 -25.9203 1.9147 45.5025 -4.9663 -4.7397
Car -1 -1 -5.6960 354.3176 172.7248 430.5652 201.3921 1.7018 1.6851 4.2585 -13.3701 1.6938 44.2583 -5.9881 -4.9234
Car -1 -1 -5.3072 767.7575 183.2894 819.0936 207.3423 1.5953 1.6152 3.9765 13.0968 2.3761 51.8615 -5.0617 -4.9249
Car -1 -1 -4.7922 708.0762 180.7004 738.3307 204.1046 1.4295 1.6413 3.9724 7.3733 1.9677 47.4802 -4.6396 -4.9327
Car -1 -1 -4.3904 280.6122 175.0063 310.3294 191.2000 1.4725 1.5219 3.5350 -29.5924 1.6803 67.9245 -4.8000 -4.9352
Car -1 -1 -4.5938 39.6511 179.7835 80.0643 206.6024 1.6334 1.6253 4.0582 -35.9781 2.1073 47.2227 -5.2423 -5.1655
Car -1 -1 -6.2014 233.4087 177.8597 278.1616 192.9444 1.4202 1.6307 3.7957 -34.5083 1.9180 70.3462 -6.6562 -5.2143
Car -1 -1 -7.9145 0.0000 180.8151 28.4539 205.3786 1.5440 1.6835 4.0621 -40.5923 2.1042 48.7462 -8.6063 -5.2286
Car -1 -1 -5.0094 328.9841 173.3354 364.3773 192.5007 1.6062 1.7425 4.1919 -22.9627 1.6493 62.7791 -5.3589 -5.2949
Car -1 -1 -4.5885 26.7163 180.0989 66.6177 203.1885 1.5722 1.7750 4.3364 -41.2680 2.1263 52.9014 -5.2487 -5.3554
Car -1 -1 -4.7510 258.4495 172.8500 291.3720 199.5559 1.5969 1.7210 4.1359 -21.1418 1.5964 45.3786 -5.1850 -5.4578
Car -1 -1 -5.5425 521.4971 170.3741 576.9222 191.6779 1.6733 1.7096 4.5250 -5.0013 1.4782 58.7295 -5.6274 -5.5437
Car -1 -1 -4.7854 771.8210 183.4668 805.3899 210.2929 1.5652 1.7494 4.4982 11.3799 2.2812 46.3318 -4.5466 -5.6278
Car -1 -1 -5.2625 707.7134 179.8955 768.1554 207.3282 1.4951 1.5981 4.0998 7.4595 1.9326 42.6546 -5.0911 -5.7038
Car -1 -1 -4.8830 328.2650 172.6135 355.1482 191.7091 1.5471 1.5230 3.5844 -22.5017 1.5273 60.3887 -5.2384 -5.7483
Car -1 -1 -4.9990 727.5456 177.8779 772.1065 201.2209 1.3755 1.6291 4.2020 8.7447 1.7079 45.6221 -4.8113 -5.7595
Car -1 -1 -6.2819 841.9201 157.1893 907.3616 181.1114 1.7742 1.7187 4.6232 20.1474 0.6121 55.1124 -5.9332 -5.7720
Car -1 -1 -4.1380 0.0000 183.5365 78.0965 213.6728 1.4300 1.5471 3.6196 -29.6223 2.0117 37.4382 -4.8040 -5.7880
Car -1 -1 -2.6849 0.0000 171.5513 0.0000 374.0000 1.4628 1.7276 4.6688 -8.4707 1.4555 5.7721 -3.6356 -5.8021
Car -1 -1 -4.5779 751.6802 179.0022 788.7666 205.8274 1.5147 1.6911 3.9968 9.7547 1.9070 43.9041 -4.3612 -5.8737
Car -1 -1 -4.5519 0.0000 181.8289 0.0000 207.6500 1.5478 1.6862 4.2027 -41.3447 2.1602 47.0296 -5.2704 -5.8867
Car -1 -1 -8.6433 0.0000 0.0000 1048.7460 374.0000 1.5421 1.5879 3.8032 1.1143 1.5916 1.0045 -7.9392 -5.8867
Car -1 -1 -6.9170 0.0000 0.0000 1241.0000 374.0000 1.5422 1.5882 3.8032 -2.1017 1.6259 1.0045 -7.9391 -5.8867
Car -1 -1 -7.5643 152.2183 0.0000 1241.0000 374.0000 1.5427 1.5891 3.8037 -0.4940 1.6088 1.0042 -7.9392 -5.8867
Car -1 -1 -4.6687 576.5336 177.1479 601.6925 198.5725 1.4027 1.5761 3.9202 -1.4451 1.7117 50.0011 -4.6978 -5.8867
Car -1 -1 -3.5048 0.0000 188.8822 0.0000 374.0000 1.4913 1.6024 3.9531 -7.0819 1.5914 2.5310 -4.6975 -5.8867
Car -1 -1 -5.9099 0.0000 0.0000 1241.0000 374.0000 1.5162 1.6093 3.9620 5.3710 1.5399 1.7167 -4.6976 -5.8867
Car -1 -1 -4.8666 719.1894 176.4700 751.1494 198.2038 1.4264 1.5838 3.9312 8.5968 1.6866 49.9911 -4.6977 -5.8867
Car -1 -1 -5.0290 681.0071 177.6956 727.0923 202.9710 1.5357 1.6178 4.6100 6.0490 1.8682 47.1804 -4.9027 -5.9316
Car -1 -1 -4.9606 854.5809 170.7354 898.8411 197.0384 1.7713 1.7597 4.9491 18.7943 1.6283 51.1400 -4.6106 -6.3227
