Car -1 -1 -7.5260 322.4685 178.5044 423.1224 234.5266 1.4108 1.6070 3.5942 -6.6142 1.5840 20.3463 -7.8369 7.6830
Car -1 -1 -7.7291 458.7099 177.1339 530.9404 233.5845 1.5129 1.6645 3.7462 -3.3896 1.6515 21.5227 -7.8841 6.8974
Car -1 -1 -7.8372 541.6641 173.4392 565.1291 195.3686 1.5123 1.6185 4.0085 -4.0701 1.5558 51.9191 -7.9154 1.9520
Car -1 -1 -7.7573 523.3937 171.8700 543.6873 188.3268 1.5493 1.5924 3.8340 -7.3945 1.4564 69.8519 -7.8626 0.0335
Car -1 -1 -4.7914 775.2416 177.4277 817.8803 213.0729 1.5859 1.6535 4.0192 8.8854 1.8194 34.7656 -4.5438 -1.5623
Car -1 -1 -6.9357 649.4419 176.0111 707.9088 197.7071 1.4881 1.6410 4.0030 4.9106 1.7220 51.7586 -6.8420 -1.7896
Car -1 -1 -4.8606 789.7129 179.2977 814.7104 196.0300 1.5311 1.7273 4.2001 18.5606 2.1745 69.8892 -4.6025 -1.9345
Car -1 -1 -5.2033 285.5862 172.8655 328.8650 190.1904 1.5480 1.7507 4.5395 -27.9843 1.5488 66.5839 -5.5999 -2.9228
Car -1 -1 -4.1867 878.2968 189.5831 931.1794 214.7114 1.5610 1.6636 3.7811 20.0254 2.7402 49.0572 -3.8019 -3.0116
Car -1 -1 -4.9261 807.9344 179.6382 833.5483 196.0927 1.5327 1.6372 3.7778 20.6107 2.2159 70.7497 -4.6441 -3.3732
Car -1 -1 -7.2844 295.5349 177.1519 384.7955 214.1903 1.3488 1.5514 3.7343 -10.6855 1.5315 28.7278 -7.6378 -3.4485
Car -1 -1 -3.3626 700.7617 179.7408 798.8236 213.3896 1.4301 1.6359 3.9924 6.0900 1.7429 31.9162 -3.1764 -3.4564
Car -1 -1 -5.1216 831.6051 188.4393 884.9573 216.2162 1.5483 1.6320 4.0373 15.2505 2.5569 44.6305 -4.7950 -3.8519
Car -1 -1 -4.5756 325.2968 172.0128 356.0877 192.6363 1.5211 1.6538 4.2149 -20.6786 1.4588 55.4547 -4.9312 -3.8816
Car -1 -1 -4.5648 397.2020 174.9020 426.5070 195.2626 1.5816 1.7492 3.7878 -16.0329 1.7528 58.4334 -4.8318 -3.9402
Car -1 -1 -5.2692 0.0000 177.5555 37.5534 204.7981 1.6375 1.9230 4.4897 -38.7648 1.9442 45.5254 -5.9718 -4.0192
Car -1 -1 -4.6773 125.3290 175.5171 152.3651 193.9041 1.5407 1.8376 4.1544 -41.3585 1.7826 63.3663 -5.2538 -4.1705
Car -1 -1 -7.8927 264.2384 172.4260 285.3384 188.7389 1.5530 1.7198 4.2762 -33.0195 1.5119 70.9860 -8.3269 -4.5406
Car -1 -1 -6.5676 260.6777 174.4635 329.0789 199.3398 1.4768 1.5770 3.5971 -19.5829 1.5804 44.8188 -6.9776 -4.5504
Car -1 -1 -4.6317 146.9377 175.7445 171.6823 192.0979 1.4012 1.5796 3.6998 -40.3010 1.6675 64.5390 -5.1882 -4.6283
Car -1 -1 -4.9152 684.8825 178.3536 713.4070 198.6442 1.6097 1.6173 3.8329 7.3866 2.0839 60.2875 -4.7943 -4.7635
Car -1 -1 -4.7245 387.8147 172.0575 405.4032 187.1720 1.3834 1.5446 3.9866 -20.2031 1.3102 68.1740 -5.0118 -4.8129
Car -1 -1 -5.5909 676.6078 181.7308 740.6351 201.8636 1.3895 1.6880 4.7806 7.3240 2.0844 54.1815 -5.4578 -4.8788
Car -1 -1 -4.0824 275.1457 174.6712 311.1872 188.9973 1.3709 1.5119 3.4654 -31.3207 1.5551 71.3726 -4.4947 -5.0718
Car -1 -1 -4.8076 588.7575 174.9810 618.1445 195.8106 1.3958 1.6529 4.4927 -0.5389 1.5531 51.1453 -4.8185 -5.1321
Car -1 -1 -4.6096 500.7111 173.0603 519.7195 187.1721 1.3653 1.5457 3.2074 -9.8827 1.3859 71.4829 -4.7468 -5.1524
Car -1 -1 -2.8832 350.8666 170.5660 400.6374 188.1594 1.5808 1.8144 3.9891 -21.3636 1.3749 65.8449 -3.1959 -5.2773
Car -1 -1 -2.3866 0.0000 164.7369 0.0000 305.3658 1.7080 1.6625 3.9941 -11.2570 1.6091 9.7660 -3.2291 -5.4455
Car -1 -1 -4.8067 778.1954 178.9534 800.1935 195.4263 1.4852 1.6212 4.4427 17.1017 2.0884 69.0837 -4.5654 -5.5536
Car -1 -1 -4.6831 295.8627 173.4030 329.8540 205.2413 1.4818 1.4364 3.7990 -14.6869 1.5102 35.6817 -5.0712 -5.5588
Car -1 -1 -4.9015 721.4956 176.5119 756.0817 197.8934 1.3807 1.5828 4.0391 8.7230 1.6407 49.3194 -4.7279 -5.5663
Car -1 -1 -4.4121 671.9573 178.2073 702.6185 194.8526 1.4814 1.6775 4.3126 7.3001 2.0029 68.0168 -4.3060 -5.7973
Car -1 -1 -4.6504 759.9482 179.1754 790.9517 205.3356 1.5505 1.6898 3.9951 10.5411 1.9718 45.9620 -4.4268 -5.8387
Car -1 -1 -4.1649 591.7700 171.6547 639.6081 198.1087 1.6820 1.5433 3.5603 0.3806 1.6054 47.7961 -4.1574 -5.8458
Car -1 -1 -5.1649 715.4105 175.3364 768.4583 201.9957 1.5877 1.6816 4.0467 8.2318 1.7516 45.5523 -4.9877 -5.8755
Car -1 -1 -4.5080 0.0000 179.3746 0.0000 204.8132 1.4739 1.6475 4.0301 -41.6180 1.9003 45.0619 -5.2508 -5.8867
Car -1 -1 -4.7433 1112.8274 171.3155 1140.1610 190.5885 1.4933 1.6490 4.0022 41.4719 1.3738 58.0294 -4.1254 -5.8867
Car -1 -1 -4.5583 0.0000 177.3128 28.7412 199.2603 1.4256 1.6373 4.0366 -41.6250 1.7469 49.8936 -5.2511 -5.8867
Car -1 -1 -4.7713 1141.2655 171.3047 1172.6243 191.7863 1.4956 1.6493 4.0007 41.4720 1.3821 54.8091 -4.1263 -5.8867
Car -1 -1 -4.7228 1093.3523 171.2118 1118.1924 189.8118 1.5033 1.6586 4.0100 41.4703 1.3703 60.4451 -4.1240 -5.8867
Car -1 -1 -4.7143 761.8960 178.9568 787.7287 202.8814 1.5499 1.6753 3.9575 11.3609 1.9898 49.9352 -4.4923 -5.8949
Car -1 -1 -4.8733 386.4111 173.5008 421.5045 197.9743 1.5552 1.6553 3.8131 -13.7845 1.5999 48.0398 -5.1515 -5.9150
Car -1 -1 -5.3336 720.8112 178.6929 776.0020 199.3156 1.4296 1.6982 4.5549 10.2283 1.8844 53.8152 -5.1473 -6.1099
Car -1 -1 -4.7624 714.5952 180.6706 733.1787 197.6637 1.5163 1.5367 3.8227 10.7165 2.2761 68.1868 -4.6076 -6.3285
Car -1 -1 -4.3750 109.5686 174.5887 156.9053 197.5013 1.5867 1.6099 4.0647 -34.6228 1.7177 52.4604 -4.9562 -6.3767
Car -1 -1 -7.3067 194.9886 169.4873 236.3519 186.5394 1.5756 1.5871 4.0332 -37.5206 1.2642 68.7212 -7.8049 -6.4422
