Car -1 -1 -7.5679 307.9652 188.2239 469.6877 292.8241 1.5038 1.6992 3.8017 -3.7770 1.8176 12.8382 -7.8493 8.1827
Car -1 -1 -4.2506 147.2131 185.6862 262.5266 241.2839 1.6067 1.7128 3.9542 -13.2450 2.0653 23.7908 -4.7541 6.8240
Car -1 -1 -7.7372 457.3792 187.3839 498.4121 215.8539 1.3206 1.6744 3.5563 -6.7913 2.1054 37.1613 -7.9172 4.5455
Car -1 -1 -4.3165 247.1022 186.7359 318.7698 220.6326 1.5170 1.6770 4.5018 -16.4372 2.2611 36.4230 -4.7380 3.8316
Car -1 -1 -7.9101 551.0201 182.7542 578.6078 206.3003 1.3938 1.5540 3.6334 -2.9601 2.0535 46.2033 -7.9742 2.7262
Car -1 -1 -4.4631 403.7802 182.8878 432.7491 200.0172 1.4946 1.6689 4.0356 -17.8793 2.4592 67.3570 -4.7220 0.3032
Car -1 -1 -4.6161 636.9936 179.8161 662.7587 201.5504 1.6410 1.6799 4.2053 3.2188 2.2225 58.0944 -4.5616 -1.6649
Car -1 -1 -3.2929 982.4526 167.3931 1095.5396 208.1568 1.4889 1.6461 3.5215 16.3531 1.2892 27.7668 -2.7656 -1.6672
Car -1 -1 -4.7678 627.2440 180.9972 652.5718 203.6518 1.4835 1.5592 3.6372 2.0258 2.0726 50.3944 -4.7283 -1.7074
Car -1 -1 -4.3112 533.2625 181.6277 575.2752 205.8020 1.5388 1.5817 3.6056 -3.7985 2.1619 49.3125 -4.3881 -2.1702
Car -1 -1 -5.1049 610.3571 181.0772 649.9178 202.6609 1.6147 1.6753 4.2417 1.5458 2.3014 57.9965 -5.0789 -3.0339
Car -1 -1 -1.9759 136.4726 187.1289 191.5550 212.4768 1.5728 1.6682 4.1549 -30.1934 2.5744 48.7642 -2.5281 -3.0883
Car -1 -1 -5.2659 54.0668 189.8595 125.8940 216.7478 1.5214 1.6729 4.1195 -32.0137 2.6037 44.3696 -5.8883 -3.3522
Car -1 -1 -4.3055 0.0000 187.7550 49.6617 219.9091 1.5424 1.6600 4.1007 -32.1446 2.3898 38.8499 -4.9935 -3.4655
Car -1 -1 -2.9409 710.7090 184.8076 773.2709 209.6745 1.5216 1.6233 3.7622 8.5658 2.3239 46.9951 -2.7623 -3.5541
Car -1 -1 -4.4664 794.1401 186.8208 843.9241 218.9016 1.5051 1.5642 4.1378 10.9987 2.2813 37.9335 -4.1869 -4.2466
Car -1 -1 -4.3292 585.3226 182.1695 631.3298 206.8599 1.5721 1.6762 4.3856 -0.0927 2.2484 50.0598 -4.3316 -4.3938
Car -1 -1 -4.4803 26.3361 187.1452 81.1566 215.4691 1.4844 1.6929 3.7751 -32.3141 2.3564 41.9703 -5.1335 -4.4177
Car -1 -1 -4.4700 315.8607 184.1430 369.0525 217.1504 1.6034 1.7255 4.1228 -14.2945 2.2415 38.6599 -4.8223 -4.7036
Car -1 -1 -4.6897 639.8024 182.4867 657.2646 197.9017 1.4348 1.6457 3.3434 3.7951 2.4062 71.0506 -4.6370 -4.7633
Car -1 -1 -2.7980 729.4432 178.6023 827.8483 213.4919 1.6270 1.7472 4.4853 8.3962 1.9308 36.2317 -2.5726 -4.7901
Car -1 -1 -4.6781 680.5444 183.9281 701.2437 203.6224 1.4551 1.5188 3.3428 6.3916 2.3575 57.0560 -4.5677 -4.8382
Car -1 -1 -2.0805 0.0000 191.7595 5.4422 222.1629 1.7036 1.7923 4.2274 -39.2260 2.8936 43.8878 -2.8069 -5.1810
Car -1 -1 -4.7896 73.2932 185.1384 115.2397 214.4563 1.5150 1.6333 4.2666 -29.5580 2.2539 41.2562 -5.4084 -5.3110
Car -1 -1 -4.7638 605.6044 183.9473 625.8905 200.2403 1.4743 1.7522 4.4163 0.5128 2.5938 70.5900 -4.7570 -5.4384
Car -1 -1 -4.6379 337.9038 188.6256 432.1734 264.5278 1.4007 1.7130 4.4576 -5.0912 1.8161 16.6576 -4.9307 -5.5301
Car -1 -1 -4.6506 425.8903 181.6439 446.6316 199.5679 1.5808 1.6471 4.1219 -16.3488 2.4347 67.9402 -4.8862 -5.7377
Car -1 -1 -4.3981 164.6012 186.6910 225.7201 215.5762 1.3566 1.6271 3.9987 -21.8220 2.1266 38.0440 -4.9161 -5.7483
Car -1 -1 -4.6817 352.3573 180.8097 380.8680 207.0400 1.6308 1.6840 4.0245 -16.2978 2.1875 48.3462 -5.0055 -5.7485
Car -1 -1 -4.5564 350.8432 182.5928 392.6221 209.9760 1.4144 1.6419 3.9861 -13.4696 1.9940 40.8610 -4.8732 -5.7722
Car -1 -1 -4.3312 337.1334 181.8010 388.5145 206.7231 1.4384 1.6242 4.1310 -15.4678 2.0254 45.2617 -4.6591 -5.8503
Car -1 -1 -4.0596 188.4267 183.3118 273.2349 216.5009 1.5248 1.6672 4.0883 -19.1985 2.0872 36.6670 -4.5392 -5.8553
Car -1 -1 -4.5242 389.3011 180.3045 425.7074 203.0245 1.4073 1.5922 4.1455 -13.5123 1.9269 48.2225 -4.7964 -5.8574
Car -1 -1 -4.6406 356.3766 180.8801 394.9841 213.3399 1.5617 1.6433 3.9403 -12.2800 2.0061 37.8672 -4.9525 -5.8691
Car -1 -1 -4.6843 137.3104 186.6804 160.9248 205.9557 1.6000 1.6795 4.0318 -41.6053 2.8897 65.1559 -5.2509 -5.8867
Car -1 -1 -4.6655 364.4468 179.2134 410.6109 219.0990 1.4727 1.6068 3.9876 -9.0568 1.7508 29.4516 -4.9617 -5.8867
Car -1 -1 -4.5479 0.0000 185.3038 15.0302 210.3353 1.5398 1.6568 4.0090 -41.6065 2.4162 48.6637 -5.2527 -5.8867
Car -1 -1 -4.6423 91.1148 186.0349 120.0580 207.0550 1.5928 1.6740 4.0137 -41.5971 2.7193 59.5274 -5.2503 -5.8867
Car -1 -1 -4.6228 68.3900 184.8553 99.9450 206.1218 1.5486 1.6596 4.0143 -41.6038 2.5340 57.1149 -5.2503 -5.8867
Car -1 -1 -4.5284 0.0000 192.2879 0.0000 223.0563 1.6269 1.6953 4.0550 -41.4789 2.8440 43.0403 -5.2924 -5.8867
Car -1 -1 -4.5224 0.0000 187.9161 0.0000 215.5415 1.5984 1.6745 4.0139 -41.6077 2.6084 46.2466 -5.2523 -5.8867
Car -1 -1 -4.4442 161.4558 184.1033 222.0626 219.2695 1.5555 1.6147 3.7441 -20.3714 2.1358 35.2200 -4.9656 -5.9098
Car -1 -1 -4.1594 382.3182 181.0356 425.4385 201.7204 1.7243 1.8287 4.0465 -18.2782 2.4755 64.0806 -4.4365 -5.9900
Car -1 -1 -4.4668 176.6851 187.7933 242.6096 225.6246 1.4591 1.6032 3.9325 -17.4787 2.1566 31.5971 -4.9688 -6.1692
Car -1 -1 -5.7713 901.9657 216.6774 1241.0000 374.0000 1.3360 1.4443 3.0748 4.1996 1.8123 6.1498 -5.1956 -6.3229
