Car -1 -1 -7.3719 92.6137 185.0587 316.1712 293.3312 1.4060 1.5767 3.6175 -6.2906 1.6325 11.5922 -7.8600 7.4013
Car -1 -1 -7.7161 493.1423 176.2209 555.7089 222.7160 1.4903 1.6766 3.7243 -2.9650 1.6168 25.2798 -7.8323 6.3704
Car -1 -1 -7.8077 555.7518 174.2450 579.2695 193.5312 1.3851 1.5874 3.7301 -3.1765 1.4925 53.9655 -7.8665 1.9699
Car -1 -1 -7.8864 404.7955 180.1225 423.1637 196.3579 1.4972 1.6050 3.9162 -19.2015 2.2286 70.5325 -8.1516 -0.0613
Car -1 -1 -5.0032 722.7275 176.9803 752.5061 197.0990 1.8302 1.6871 4.0566 12.0770 2.2345 68.6207 -4.8302 -2.0148
Car -1 -1 -7.4298 182.0943 175.0920 218.4167 191.8620 1.5158 1.6142 3.6072 -38.3538 1.7309 67.5849 -7.9445 -2.0540
Car -1 -1 -4.7290 949.0460 179.6428 977.9086 206.6863 1.6093 1.5719 3.8451 22.4853 2.0618 46.0524 -4.2778 -2.4790
Car -1 -1 -7.6569 506.9408 171.7567 539.8788 194.7124 1.5915 1.6472 3.7848 -6.2264 1.5152 51.9760 -7.7759 -2.5151
Car -1 -1 -5.0437 813.0353 176.5177 859.2761 203.7963 1.6565 1.6581 3.8344 14.4113 1.9011 46.2797 -4.7441 -2.5824
Car -1 -1 -4.5918 1056.4530 182.8708 1095.3728 209.9427 1.5774 1.6149 3.9674 29.4362 2.2385 45.5973 -4.0220 -3.3597
Car -1 -1 -5.7841 1003.0352 188.2951 1099.0801 223.4118 1.4993 1.5922 3.5871 20.9535 2.2784 34.4703 -5.2423 -3.6067
Car -1 -1 -5.4142 973.0607 179.4422 1026.3939 200.4549 1.5728 1.6185 3.8483 30.8833 2.1148 57.3445 -4.9227 -3.6161
Car -1 -1 -5.2419 933.0859 176.9906 972.3273 195.5757 1.7491 1.7164 3.9396 33.5812 2.1666 70.8499 -4.8013 -3.6496
Car -1 -1 -5.2728 156.0029 173.7934 198.8770 191.1663 1.5690 1.6518 3.7910 -40.1526 1.6580 66.9354 -5.8116 -3.6584
Car -1 -1 -5.0874 1140.2721 182.7071 1198.3802 209.5251 1.6032 1.6160 3.9860 36.1923 2.2717 46.8429 -4.4330 -4.0989
Car -1 -1 -4.7506 328.6170 180.0968 347.1937 195.1947 1.4062 1.5694 3.9634 -26.9563 2.1439 71.3811 -5.1107 -4.4268
Car -1 -1 -7.3695 259.6368 180.1031 295.8488 198.2722 1.6911 1.6468 3.7802 -32.4974 2.4198 70.6312 -7.7995 -4.4306
Car -1 -1 -4.2501 12.0552 187.8511 85.0426 216.2711 1.5250 1.7624 4.1913 -33.6112 2.4708 43.2935 -4.9074 -4.4486
Car -1 -1 -5.6678 135.8343 177.3252 305.9141 234.6602 1.4946 1.6212 3.9498 -10.7847 1.6249 20.0262 -6.1565 -4.4706
Car -1 -1 -6.0143 803.0188 162.7566 858.7136 181.6882 1.5616 1.7104 4.2278 18.7453 0.7284 61.3700 -5.7193 -4.5619
Car -1 -1 -2.6942 700.1282 178.7171 746.8781 196.5760 1.5709 1.6024 3.9446 10.4104 2.1247 66.4103 -2.5398 -4.6682
Car -1 -1 -4.4147 423.1073 180.1689 448.2626 194.8342 1.3795 1.5206 3.2741 -17.1996 2.1184 71.2310 -4.6511 -4.7216
Car -1 -1 -4.7592 1118.9062 188.2810 1154.4694 213.1700 1.4046 1.6033 3.9674 33.0698 2.4204 45.4221 -4.1335 -4.7468
Car -1 -1 -2.7994 544.4256 181.8051 599.4257 202.3527 1.6658 1.6889 4.3414 -3.2453 2.4421 61.1682 -2.8527 -4.7617
Car -1 -1 -6.2917 280.6927 179.8382 330.8594 196.2086 1.5231 1.7385 4.4500 -29.6121 2.2189 70.2412 -6.6896 -4.8716
Car -1 -1 -4.9975 623.5640 179.6717 651.0902 194.6124 1.3834 1.6038 4.1288 2.6363 2.0748 71.0128 -4.9609 -4.9656
Car -1 -1 -2.8151 723.7474 179.1499 934.7468 259.6888 1.5545 1.6177 4.2057 4.7562 1.7108 16.0834 -2.5334 -5.0381
Car -1 -1 -4.6859 641.0224 178.9087 657.5166 193.4204 1.3760 1.5502 3.3461 3.8962 1.9910 71.5912 -4.6322 -5.0642
Car -1 -1 -4.4365 406.9181 176.1188 447.3749 199.3775 1.4514 1.5388 4.0635 -12.0538 1.6760 47.6560 -4.6833 -5.0686
Car -1 -1 -4.9579 952.3396 180.3380 1003.2122 211.9804 1.6510 1.6021 4.0653 20.6972 2.0966 40.8280 -4.4922 -5.1347
Car -1 -1 -4.7281 481.5372 170.3891 506.4106 195.2404 1.5917 1.5769 3.7050 -7.8087 1.4335 48.1760 -4.8883 -5.2394
Car -1 -1 -2.0938 0.0000 183.7884 16.8149 366.6001 1.4654 1.7023 4.2660 -8.5649 1.5927 7.1770 -2.9486 -5.2606
Car -1 -1 -4.0714 338.2895 176.5176 376.7447 193.2346 1.5874 1.6358 3.8206 -24.9928 1.9606 71.4908 -4.4069 -5.2622
Car -1 -1 -4.5046 217.4991 178.9834 275.8103 216.0323 1.5416 1.5831 3.9137 -16.4790 1.8378 32.8086 -4.9671 -5.2898
Car -1 -1 -4.3851 0.0000 185.0817 37.7382 215.5600 1.6305 1.5806 3.8371 -35.3125 2.3828 42.3380 -5.0773 -5.3232
Car -1 -1 -4.2289 26.3245 181.7923 103.1537 208.6566 1.3975 1.6572 4.3766 -31.1636 1.9378 41.3511 -4.8717 -5.3460
Car -1 -1 -4.7540 695.5978 180.0473 714.4153 197.2070 1.4718 1.5247 3.9531 8.5931 2.1461 65.6305 -4.6248 -5.4025
Car -1 -1 -4.2964 368.5558 179.7722 404.8950 199.1080 1.4771 1.5502 3.4159 -17.9907 2.0518 58.1837 -4.5953 -5.4079
Car -1 -1 -4.8749 531.0096 185.9635 557.6849 203.8004 1.3991 1.6548 3.9387 -5.6805 2.5603 61.8171 -4.9666 -5.4376
Car -1 -1 -4.7656 1189.5377 185.5413 1224.3894 207.6626 1.4051 1.6549 3.5990 41.2848 2.3180 49.9950 -4.0786 -5.4741
Car -1 -1 -4.5553 228.8336 181.9260 258.5107 201.5719 1.5137 1.5980 3.8550 -30.2390 2.2888 59.5938 -5.0233 -5.4910
Car -1 -1 -4.4568 818.2719 167.7999 852.4288 189.0366 1.5637 1.6027 3.7511 17.2220 1.1913 55.1449 -4.1559 -5.5375
Car -1 -1 -2.2201 0.0000 187.2088 37.8005 374.0000 1.4205 1.5774 4.0293 -5.9398 1.5176 4.0687 -3.1593 -5.5935
Car -1 -1 -4.5055 0.0000 184.1733 47.6290 217.5635 1.6588 1.6568 4.3287 -32.5262 2.3176 39.7104 -5.1886 -5.6210
Car -1 -1 -4.6545 1003.3827 180.0019 1033.0552 202.3066 1.5104 1.6671 3.7079 29.5029 2.0468 52.1603 -4.1426 -5.6432
Car -1 -1 -4.3428 957.4973 180.6083 1010.5481 205.6504 1.6317 1.8365 4.4151 26.1745 2.1972 50.4992 -3.8675 -5.7079
Car -1 -1 -4.6006 1120.1749 179.9810 1153.9950 200.9781 1.5359 1.7064 3.9766 41.0544 2.1110 56.2097 -3.9726 -5.7460
Car -1 -1 -4.7195 686.9603 178.9151 704.9056 195.6483 1.4999 1.6388 4.2501 8.1138 2.0933 68.4742 -4.6025 -5.7510
Car -1 -1 -4.6910 1078.6406 181.2792 1103.3612 200.6179 1.5556 1.6943 3.8936 41.2850 2.3029 61.9384 -4.1057 -5.7622
Car -1 -1 -7.6478 503.6526 178.0711 555.4291 212.9262 1.4199 1.5500 3.6859 -3.5338 1.6639 31.8736 -7.7578 -5.8064
Car -1 -1 -4.6275 13.8558 186.5121 50.2311 208.7344 1.4300 1.6619 4.1947 -41.1069 2.4435 51.3500 -5.3001 -5.8096
Car -1 -1 -4.4365 163.2927 176.4065 232.6666 213.5347 1.5226 1.6322 4.0388 -18.3015 1.6912 32.1568 -4.9505 -5.8472
Car -1 -1 -4.5780 154.8991 182.5097 211.2894 218.1416 1.5175 1.7274 4.3511 -20.2662 2.0080 34.3380 -5.1080 -5.8474
Car -1 -1 -4.4969 145.4272 176.3298 232.1167 223.9123 1.4592 1.7019 4.0786 -14.3052 1.5882 24.6497 -5.0183 -5.8510
Car -1 -1 -4.4386 0.0000 186.4252 0.0000 218.3002 1.5476 1.6576 4.0156 -41.6081 2.3214 39.0088 -5.2529 -5.8867
Car -1 -1 -4.6769 1037.9398 178.7359 1060.5199 196.6836 1.6047 1.6884 3.9955 41.4189 2.1764 68.0430 -4.1324 -5.8867
Car -1 -1 -4.7031 139.9525 174.8395 162.8519 192.9829 1.5704 1.6983 4.1336 -41.3909 1.7554 65.1396 -5.2675 -5.8867
Car -1 -1 -4.1284 195.4943 178.1445 275.7605 209.0359 1.4033 1.5996 3.9254 -18.3633 1.6783 35.5138 -4.6028 -5.8867
Car -1 -1 -4.8851 1241.0000 174.2754 1241.0000 201.5628 1.5575 1.6727 4.0033 41.4818 1.6471 43.5359 -4.1275 -5.8867
Car -1 -1 -4.9228 1241.0000 170.1505 1241.0000 198.2784 1.5046 1.6491 3.9927 41.4707 1.3597 40.7174 -4.1321 -5.8867
Car -1 -1 -4.5643 0.0000 185.5393 15.0589 210.4841 1.5335 1.6531 4.0121 -41.5714 2.4265 48.6727 -5.2686 -5.8867
Car -1 -1 -4.5169 0.0000 185.2228 0.0000 211.8171 1.5371 1.6556 4.0171 -41.6072 2.3597 45.8519 -5.2511 -5.8867
Car -1 -1 -4.7767 1160.2692 175.5038 1194.1403 198.6192 1.6075 1.6766 4.0102 41.4223 1.8089 52.7947 -4.1145 -5.8867
Car -1 -1 -4.4713 0.0000 185.2150 0.0000 214.2499 1.5233 1.6530 4.0144 -41.6089 2.2764 41.8300 -5.2510 -5.8867
Car -1 -1 -4.6101 52.2493 182.7719 85.5261 203.6086 1.4823 1.6403 4.0088 -41.6081 2.2745 55.5098 -5.2512 -5.8867
Car -1 -1 -4.8549 1239.0687 172.4983 1241.0000 197.9769 1.5475 1.6658 4.0015 41.4672 1.5256 45.9521 -4.1242 -5.8867
Car -1 -1 -4.6995 1060.2836 175.3296 1082.8810 193.4029 1.5564 1.6663 4.0021 41.4796 1.7859 64.8496 -4.1329 -5.8867
Car -1 -1 -4.3176 0.0000 179.3310 0.0000 249.9914 1.4136 1.6097 4.1052 -17.5065 1.5860 17.0427 -5.1086 -5.9175
Car -1 -1 -4.6957 190.2817 179.6808 216.8419 200.0237 1.3873 1.6214 4.1169 -29.7754 1.9081 52.8781 -5.2066 -5.9857
