Car -1 -1 -7.5826 350.3947 187.0709 436.0526 238.4230 1.4040 1.6401 3.6257 -6.7187 1.8842 22.5628 -7.8694 7.5674
Car -1 -1 -7.7040 448.4040 184.3893 529.1508 245.2821 1.5249 1.7233 3.8196 -3.4226 1.8865 20.7168 -7.8665 6.5089
Car -1 -1 -7.7933 539.5327 181.8810 565.8850 203.3235 1.4175 1.6377 3.8863 -4.0689 2.0836 51.3063 -7.8725 2.6968
Car -1 -1 -4.5675 725.1094 190.1387 751.5732 211.0050 1.5266 1.5689 3.8921 10.3817 2.9742 58.3505 -4.3930 -0.2025
Car -1 -1 -7.7825 511.5526 176.5687 530.5360 194.0296 1.6261 1.5679 3.6655 -8.6077 1.9950 69.8599 -7.9049 -1.6942
Car -1 -1 -8.4696 661.7558 185.4191 762.6519 232.2296 1.4355 1.6057 3.7540 3.4404 1.9105 25.2550 -8.3366 -1.8444
Car -1 -1 -3.4071 437.3578 180.5030 501.2764 206.3208 1.4569 1.5327 3.4607 -8.4223 1.9282 43.0302 -3.5996 -2.2741
Car -1 -1 -7.1483 734.0446 184.6199 807.3051 214.0572 1.4905 1.6945 4.1312 8.8972 2.1737 39.9934 -6.9315 -2.3869
Car -1 -1 -5.0605 724.7729 182.3510 757.4200 202.7255 1.8546 1.7586 4.2647 12.6596 2.8056 70.0265 -4.8829 -2.5810
Car -1 -1 -7.9763 747.0089 186.7746 810.9685 235.4484 1.3792 1.5594 3.5867 5.3433 1.8657 23.3713 -7.7550 -2.8822
Car -1 -1 -4.8929 576.7622 184.9119 604.3611 204.0690 1.5144 1.6436 4.1617 -1.7308 2.5874 62.0201 -4.9212 -3.4567
Car -1 -1 -4.3216 189.7777 186.7602 222.2280 203.6950 1.5077 1.5339 3.3690 -38.5571 2.8693 68.8978 -4.8304 -3.5128
Car -1 -1 -4.8936 643.9600 180.9906 673.8534 202.7656 1.6197 1.6657 3.9998 3.8181 2.2891 57.3087 -4.8279 -3.5907
Car -1 -1 -4.7160 424.4137 186.4037 464.2448 224.9125 1.4351 1.5322 3.7602 -7.0056 2.0416 30.3056 -4.9418 -4.2108
Car -1 -1 -4.5761 853.2779 191.0440 883.7172 213.3064 1.5159 1.6730 3.8481 19.5758 2.9459 54.6438 -4.2345 -4.3849
Car -1 -1 -4.9604 517.9597 176.8782 545.4279 194.4857 1.5592 1.6983 3.5723 -7.2934 1.9423 66.7653 -5.0692 -4.3979
Car -1 -1 -4.1586 209.2390 184.5839 245.2592 200.3400 1.4698 1.6359 3.3573 -37.9677 2.6619 71.6158 -4.6448 -4.5281
Car -1 -1 -3.1636 744.7733 183.3724 806.0764 208.8661 1.5517 1.6105 3.7480 10.4837 2.2395 46.0382 -2.9416 -4.5528
Car -1 -1 -3.1266 675.8439 186.9679 748.0692 213.3855 1.4432 1.6334 4.0557 5.8538 2.2810 41.7271 -2.9888 -4.6352
Car -1 -1 -4.2456 340.7909 182.5722 373.5102 198.3624 1.4085 1.5854 3.3468 -23.9167 2.3517 68.2916 -4.5816 -4.7566
Car -1 -1 -6.2900 763.9188 190.9548 916.1092 253.9230 1.3703 1.5050 3.3923 5.4933 1.8418 17.6013 -5.9932 -4.8007
Car -1 -1 -4.4033 204.1565 185.3525 236.5232 204.1106 1.6637 1.6599 3.6912 -37.0139 2.8855 68.5832 -4.8968 -4.8541
Car -1 -1 -4.6207 344.1835 182.9789 368.2131 198.2389 1.3858 1.8188 4.6560 -25.0556 2.4208 71.2954 -4.9578 -4.9096
Car -1 -1 -4.5333 209.6951 184.6324 246.6646 209.3302 1.4667 1.4890 3.6014 -24.6659 2.2595 46.6422 -5.0177 -5.0412
Car -1 -1 -4.7494 375.7307 179.7153 398.5961 198.9938 1.4309 1.5839 4.0580 -17.7440 1.9960 57.2817 -5.0488 -5.1303
Car -1 -1 -4.6435 123.7549 181.3022 197.0346 237.4790 1.5701 1.6861 3.9582 -14.2432 1.8636 22.9554 -5.1939 -5.2591
Car -1 -1 -4.6449 319.3946 182.6306 342.3343 200.0120 1.5926 1.8325 3.9378 -27.3296 2.5792 70.6835 -5.0129 -5.4482
Car -1 -1 -4.3369 324.5185 181.0482 363.0176 199.8403 1.4357 1.5847 4.0144 -21.7122 2.1275 58.9167 -4.6888 -5.4764
Car -1 -1 -4.6804 348.6474 181.1690 370.0323 198.8929 1.4333 1.6205 4.0962 -21.7406 2.1798 62.6061 -5.0136 -5.5087
Car -1 -1 -5.0396 467.6812 178.3720 519.4710 205.2409 1.3731 1.5677 4.1759 -6.5436 1.6955 39.9922 -5.2012 -5.6156
Car -1 -1 -4.6546 111.1087 185.7692 194.3979 256.7869 1.4702 1.4733 4.0695 -11.2425 1.8278 17.8547 -5.2101 -5.6885
Car -1 -1 -4.1485 73.1585 184.0426 136.2715 205.6857 1.3606 1.5657 4.1703 -34.7199 2.1633 49.6662 -4.7563 -5.7297
Car -1 -1 -4.8072 351.4413 180.3627 381.8596 203.0500 1.4723 1.6408 4.0099 -17.0686 2.0192 50.4224 -5.1323 -5.7624
Car -1 -1 -4.6960 938.2030 196.1096 964.6350 221.3011 1.6102 1.6671 3.8492 24.6344 3.3560 52.0816 -4.2571 -5.7716
Car -1 -1 -4.4910 0.0000 186.4657 12.6824 209.3776 1.3769 1.6368 4.1110 -41.4942 2.3269 48.1744 -5.1994 -5.7727
Car -1 -1 -4.2117 0.0000 185.7436 13.7998 259.0479 1.5114 1.7979 4.8051 -17.5618 1.8841 18.3264 -4.9686 -5.7731
Car -1 -1 -4.7033 159.3428 186.3282 180.4411 203.3459 1.4688 1.6513 4.0589 -41.3887 2.7764 67.8709 -5.2494 -5.7909
Car -1 -1 -4.9183 474.1622 180.7460 509.2392 202.4288 1.4632 1.6675 4.3591 -8.7163 2.0651 52.7237 -5.0818 -5.8019
Car -1 -1 -2.2960 17.5246 182.9354 91.7567 208.9760 1.7302 1.6385 4.3171 -38.5712 2.4469 50.0979 -2.9497 -5.8532
Car -1 -1 -4.8965 361.4446 179.1783 405.5326 206.1491 1.4340 1.6857 4.2015 -13.1621 1.8186 41.6681 -5.2010 -5.8590
Car -1 -1 -4.5640 490.4448 180.8404 523.2314 202.5028 1.3950 1.6335 4.3654 -7.1689 1.9753 50.2669 -4.7053 -5.8655
Car -1 -1 -4.6291 72.4450 183.4896 103.1851 204.0155 1.5119 1.6503 4.0140 -41.6056 2.3910 57.5150 -5.2533 -5.8867
Car -1 -1 -4.4711 0.0000 186.7349 0.0000 216.6478 1.5621 1.6631 4.0191 -41.6067 2.4078 41.8277 -5.2508 -5.8867
Car -1 -1 -4.4380 0.0000 185.5497 0.0000 217.0328 1.5330 1.6534 4.0127 -41.6096 2.2569 39.0112 -5.2523 -5.8867
Car -1 -1 -4.6080 32.4148 185.6906 67.6168 206.9434 1.4339 1.6375 4.0690 -41.4611 2.4230 53.4524 -5.2655 -5.8867
Car -1 -1 -6.9161 0.0000 0.0000 1241.0000 374.0000 1.5632 1.5947 3.8094 -2.1012 1.6981 1.0020 -7.9390 -5.8867
Car -1 -1 -4.5330 0.0000 185.3943 0.0000 212.7117 1.5347 1.6560 4.0234 -41.5575 2.3476 44.6446 -5.2797 -5.8867
Car -1 -1 -4.6477 94.8644 183.9911 122.9097 203.8893 1.5274 1.6517 4.0084 -41.6044 2.4852 59.9281 -5.2527 -5.8867
Car -1 -1 -4.6884 141.5686 185.3062 164.6609 204.1437 1.5789 1.6696 4.0723 -41.4804 2.7470 65.5281 -5.2511 -5.8867
Car -1 -1 -4.5809 0.0000 184.7164 38.2942 207.2106 1.4400 1.6412 4.0995 -41.5152 2.3083 50.6586 -5.2650 -5.8867
Car -1 -1 -4.6295 322.3242 178.8174 346.7674 200.0007 1.7202 1.6604 3.5422 -23.5134 2.2451 61.6135 -4.9929 -5.9668
Car -1 -1 -5.0117 468.4513 180.9523 515.9051 206.3630 1.4696 1.7261 4.4200 -7.5327 2.0076 45.5989 -5.1750 -5.9681
Car -1 -1 -4.4924 154.9380 186.4277 190.0081 207.2279 1.5131 1.5909 3.7514 -34.6455 2.6266 57.1713 -5.0354 -6.2679
Car -1 -1 -5.2181 33.0482 185.9348 103.5335 213.4508 1.5777 1.6164 4.2730 -33.4658 2.4137 44.5196 -5.8600 -6.5375
Car -1 -1 -4.7545 368.8784 179.5384 408.5518 209.9541 1.4008 1.7373 4.4514 -11.3350 1.7623 36.6680 -5.0526 -6.6883
