Car -1 -1 -7.7645 524.3305 178.9742 555.8708 202.9286 1.4156 1.6680 3.4644 -4.3817 1.8140 45.2664 -7.8609 4.0236
Car -1 -1 -7.8443 585.5468 181.5629 615.9277 207.6351 1.3255 1.5958 3.6358 -0.5331 1.8266 39.7201 -7.8582 3.6743
Car -1 -1 -7.8812 103.3045 178.3634 205.9679 265.5813 1.4946 1.5675 3.1927 -9.1225 1.6173 14.3508 -8.4393 -1.3748
Car -1 -1 -4.8108 209.4321 178.3794 234.7694 195.9222 1.4941 1.6408 3.7943 -34.8600 2.0053 64.7651 -5.3030 -1.8060
Car -1 -1 -3.9434 184.0303 177.2656 231.3319 193.6838 1.4911 1.6621 3.9447 -38.3218 1.9244 68.7914 -4.4502 -1.8241
Car -1 -1 -4.5875 385.6931 174.5204 411.8859 193.5578 1.6274 1.7119 4.3515 -18.8221 1.7810 64.3636 -4.8712 -2.3460
Car -1 -1 -7.0036 266.8524 175.7601 310.9415 192.1675 1.5158 1.6808 3.6793 -30.8631 1.8031 69.3972 -7.4209 -3.2262
Car -1 -1 -5.0815 155.3138 177.8275 192.9049 195.2453 1.5487 1.6698 3.9870 -40.5783 2.0239 67.1107 -5.6237 -3.3453
Car -1 -1 -2.4583 128.3588 177.5307 178.2736 195.3547 1.5783 1.7560 3.5135 -41.4837 2.0099 65.5432 -3.0210 -3.5467
Car -1 -1 -7.7792 227.6594 178.5499 250.8397 195.6303 1.4722 1.5932 3.7808 -33.7017 2.0060 65.6098 -8.2523 -3.6161
Car -1 -1 -4.6160 460.4991 177.2638 491.7727 203.2366 1.5299 1.5800 3.5679 -8.3384 1.8157 44.9729 -4.7986 -3.7181
Car -1 -1 -2.8912 832.8165 178.5877 899.3217 207.6042 1.5607 1.5778 3.2742 14.4987 1.8985 40.9909 -2.5540 -3.7480
Car -1 -1 -4.0218 0.0000 181.9205 26.8620 219.4780 1.5012 1.7075 3.7160 -27.9266 1.9220 31.6310 -4.7410 -3.7519
Car -1 -1 -7.5582 177.3936 175.0310 211.8627 193.0855 1.5408 1.6160 3.7871 -36.8698 1.7399 64.0902 -8.0787 -3.9157
Car -1 -1 -4.1165 218.0884 178.1000 256.6808 193.1925 1.4291 1.5760 3.7380 -36.9613 1.9638 71.6279 -4.5916 -3.9350
Car -1 -1 -4.2034 298.1455 177.3827 334.3953 192.9205 1.4660 1.6125 3.9167 -29.0022 1.9261 71.3111 -4.5886 -4.0830
Car -1 -1 -8.7533 937.2368 188.7883 1047.5103 231.1260 1.5075 1.6039 3.7609 15.3632 2.1988 29.2741 -8.2748 -4.1041
Car -1 -1 -4.7084 917.0414 176.2242 943.8226 200.0495 1.7123 1.7918 3.9343 24.2265 1.9773 54.6301 -4.2934 -4.1951
Car -1 -1 -4.7631 165.5137 176.1527 190.6009 195.1667 1.5554 1.6426 4.1755 -37.1491 1.8485 61.9779 -5.3014 -4.3323
Car -1 -1 -7.4450 110.0879 179.4915 189.7888 217.3611 1.4846 1.5575 3.6027 -19.6097 1.7856 30.8514 -8.0075 -4.3458
Car -1 -1 -4.4399 0.0000 183.2194 64.6845 220.9390 1.5673 1.6830 3.6358 -26.6216 2.0710 33.0830 -5.1137 -4.4720
Car -1 -1 -6.1152 287.7013 174.2936 359.9756 199.1397 1.7813 1.8003 4.7238 -21.0826 1.8900 53.2563 -6.4907 -4.6520
Car -1 -1 -4.6478 905.2695 189.1756 944.4048 221.6837 1.3939 1.5149 3.7709 15.2646 2.2309 34.9936 -4.2402 -4.6923
Car -1 -1 -4.7570 743.3275 193.5540 772.7451 219.9637 1.4596 1.6139 3.6257 9.1166 2.7993 44.7948 -4.5583 -4.7179
Car -1 -1 -4.3490 6.2726 180.2061 65.6750 204.6361 1.5213 1.7342 4.2187 -38.5803 2.0391 48.5713 -5.0177 -4.7308
Car -1 -1 -7.1488 62.6781 176.2113 123.1794 198.4904 1.6586 1.7150 3.9051 -40.3274 1.9299 56.3449 -7.7679 -4.7957
Car -1 -1 -6.5186 68.9806 176.6955 157.0349 206.2244 1.6272 1.7530 3.9600 -29.1538 1.8633 42.3510 -7.1187 -4.8639
Car -1 -1 -5.0826 393.2513 177.8008 439.1344 202.2346 1.5584 1.6445 4.0757 -13.2334 1.9087 49.0104 -5.3453 -4.8788
Car -1 -1 -5.0874 553.9108 178.1227 602.0356 202.8737 1.4509 1.5885 4.2180 -2.1074 1.7993 45.5029 -5.1338 -4.9435
Car -1 -1 -4.3621 40.9136 180.0784 92.8170 203.0051 1.4729 1.6305 3.8467 -37.3988 1.9914 49.7402 -5.0044 -5.0224
Car -1 -1 -4.4730 376.2827 176.8421 418.1440 202.6388 1.7156 1.8283 4.4492 -14.9908 2.0094 50.9497 -4.7580 -5.0259
Car -1 -1 -5.4362 977.3378 159.2822 1049.7805 190.9481 1.7730 1.7061 3.6608 23.5815 1.0128 42.3709 -4.9315 -5.0412
Car -1 -1 -4.5714 403.3347 176.6717 425.9807 193.8253 1.5433 1.5703 3.5004 -18.2841 1.9102 67.5652 -4.8350 -5.1025
Car -1 -1 -4.7302 582.4080 177.3531 609.3395 201.7693 1.5560 1.7397 4.0623 -1.0251 1.8729 48.8065 -4.7515 -5.1140
Car -1 -1 -4.7872 633.9224 179.9297 655.0001 196.7069 1.4566 1.6392 3.9081 3.1160 2.1257 66.2860 -4.7408 -5.1622
Car -1 -1 -2.5255 158.2990 172.3154 240.5529 199.7368 1.7486 1.7957 4.4539 -26.8121 1.7139 47.1275 -3.0406 -5.2298
Car -1 -1 -5.7434 467.7238 176.7508 536.1056 203.6585 1.5385 1.5519 3.7802 -6.4937 1.7788 43.1094 -5.8924 -5.3472
Car -1 -1 -4.8893 414.6017 175.8524 450.0295 197.4422 1.4347 1.6766 4.4050 -12.6202 1.6559 50.9551 -5.1312 -5.3835
Car -1 -1 -4.3085 38.1094 181.4970 91.0576 204.0789 1.5539 1.7757 3.7627 -40.2059 2.2158 53.2486 -4.9530 -5.5116
Car -1 -1 -2.8225 93.0151 179.7475 185.4784 213.1255 1.6675 1.5677 3.7535 -24.6148 2.0401 37.7890 -3.3968 -5.5167
Car -1 -1 -5.0718 879.5505 169.2389 932.8333 203.0938 2.0203 1.6720 4.2783 18.4473 1.8042 45.2169 -4.6871 -5.5755
Car -1 -1 -4.1172 262.2275 177.3218 332.8695 204.5456 1.3184 1.4879 3.8206 -16.2455 1.5635 37.6211 -4.5225 -5.6233
Car -1 -1 -4.5365 17.4683 180.8097 58.9771 201.5061 1.3827 1.6584 4.0334 -41.2079 1.9801 52.0415 -5.2039 -5.6657
Car -1 -1 -4.5483 600.1337 178.1961 633.0148 200.5708 1.4090 1.5728 4.0823 0.4531 1.7844 48.6069 -4.5395 -5.7579
Car -1 -1 -4.7974 675.9866 180.3313 701.2458 201.4230 1.5761 1.6539 3.9708 6.1856 2.1908 57.3417 -4.6910 -5.8281
Car -1 -1 -4.4131 580.4283 178.7084 619.2795 200.0719 1.4577 1.6693 4.2271 -0.7232 1.9036 52.7346 -4.4272 -5.8681
Car -1 -1 -4.4919 0.0000 179.1493 27.4117 203.4820 1.5389 1.7012 4.3043 -41.3248 1.9873 49.1263 -5.1887 -5.8851
Car -1 -1 -7.0088 0.0000 0.0000 1241.0000 374.0000 1.5521 1.5942 3.8084 -1.7120 1.6488 0.9960 -7.9398 -5.8867
Car -1 -1 -4.5603 616.5694 179.3983 639.8399 195.4621 1.4409 1.6188 4.0630 1.7407 2.0822 68.6069 -4.5355 -5.8867
Car -1 -1 -4.6547 108.7671 178.0276 135.2525 195.7965 1.4322 1.6367 4.0238 -41.6162 1.8887 61.5552 -5.2474 -5.8867
Car -1 -1 -8.1632 0.0000 0.0000 853.8578 374.0000 1.5582 1.5940 3.8084 0.3103 1.6531 1.0024 -7.9391 -5.8867
Car -1 -1 -4.5147 0.0000 182.5128 0.0000 207.1111 1.4690 1.6559 4.1264 -41.4905 2.1276 47.0194 -5.2351 -5.8867
Car -1 -1 -4.4004 599.5888 178.2432 630.2429 195.1479 1.4461 1.6257 3.9993 0.4572 1.9492 65.2481 -4.3938 -5.8867
Car -1 -1 -3.7068 0.0000 190.0339 66.4647 374.0000 1.5083 1.6088 3.9616 -4.2767 1.6155 2.5232 -4.6976 -5.8867
Car -1 -1 -2.2906 0.0000 175.0875 14.3301 310.3520 1.4612 1.6289 3.8526 -9.8011 1.4904 8.6756 -3.1215 -6.0537
Car -1 -1 -4.3910 646.3682 182.3424 673.8975 200.1746 1.5484 1.5299 3.4322 4.6256 2.4476 66.5281 -4.3223 -6.2096
Car -1 -1 -4.6335 131.4230 176.1129 161.5875 197.2083 1.6531 1.7471 4.4352 -38.2890 1.9329 59.6428 -5.2024 -6.2676
Car -1 -1 -5.3993 0.0000 197.5952 2.3544 374.0000 1.4997 1.7896 4.2836 -8.1834 1.7437 6.1915 -6.3013 -6.2823
Car -1 -1 -4.9908 483.6816 174.1388 518.2990 194.9088 1.5584 1.6156 4.1029 -8.6170 1.6628 56.6104 -5.1415 -6.7284
