Car -1 -1 -7.1927 0.0000 197.8356 288.9544 374.0000 1.4452 1.6229 3.8676 -3.6603 1.6631 4.3638 -7.8613 4.3346
Car -1 -1 -7.8251 520.6986 177.5912 548.3308 201.4522 1.3811 1.5874 3.6212 -4.6412 1.6844 44.3699 -7.9291 4.1570
Car -1 -1 -7.8303 590.5332 179.2490 619.3863 204.0347 1.3233 1.5683 3.4546 -0.2903 1.7032 41.1597 -7.8378 2.4543
Car -1 -1 -6.3361 77.6860 175.2499 147.4185 198.0042 1.5246 1.6597 3.9473 -34.8866 1.6984 50.5950 -6.9374 -1.5084
Car -1 -1 -6.8468 295.8368 166.6280 347.1776 191.1255 2.1583 1.7303 4.0428 -26.2559 1.6094 65.7127 -7.2257 -1.9207
Car -1 -1 -4.3445 726.4271 179.2698 760.8723 198.1763 1.6315 1.6795 4.2798 12.2479 2.2387 66.0621 -4.1625 -2.0856
Car -1 -1 -4.7216 56.5560 176.7129 94.6764 205.7510 1.5306 1.6603 4.0442 -30.1935 1.7594 40.7105 -5.3568 -2.2557
Car -1 -1 -4.4907 228.0177 178.9192 261.8146 197.9597 1.4434 1.6137 3.8617 -29.3686 1.9488 58.0860 -4.9572 -3.1962
Car -1 -1 -1.7736 99.6492 178.0682 136.2135 199.5487 1.5807 1.6295 3.7134 -38.1596 1.9979 55.8872 -2.3706 -3.2144
Car -1 -1 -7.8582 1172.6107 163.9821 1225.7316 204.2274 1.6485 1.7155 4.3073 25.8513 1.2848 31.7736 -7.1800 -3.2439
Car -1 -1 -4.5688 16.5757 176.8643 65.7508 205.9216 1.5745 1.6932 3.8359 -32.8861 1.8179 41.7578 -5.2330 -3.2775
Car -1 -1 -7.7315 62.2897 174.3183 99.5589 197.2019 1.5328 1.6368 3.9333 -37.1668 1.6398 50.7190 -8.3616 -3.2802
Car -1 -1 -3.6676 653.4909 181.9473 699.8734 200.2209 1.5286 1.6270 3.7492 5.8380 2.3466 63.4055 -3.5767 -3.6627
Car -1 -1 -8.1355 46.8315 179.6737 96.4554 202.9502 1.6196 1.8215 4.3221 -39.9139 2.1435 53.4286 -8.7749 -3.7161
Car -1 -1 -4.3444 30.6114 180.0237 103.1080 214.9561 1.5266 1.5755 3.5205 -25.7066 1.8853 34.2225 -4.9850 -4.0952
Car -1 -1 -4.3766 78.7535 177.4819 142.1120 205.1738 1.4838 1.7902 3.9355 -28.6820 1.7634 41.5083 -4.9784 -4.1377
Car -1 -1 -4.6360 252.0866 174.8191 277.6357 194.0579 1.5330 1.6268 3.8020 -28.6816 1.7017 59.9840 -5.0805 -4.2429
Car -1 -1 -4.5026 388.4046 176.1436 416.1234 194.3612 1.5113 1.5713 3.6811 -17.9619 1.8042 62.4305 -4.7819 -4.2759
Car -1 -1 -4.6260 578.7478 173.0092 610.2212 200.7135 1.6370 1.6037 4.1488 -0.9538 1.6468 44.7812 -4.6476 -4.3728
Car -1 -1 -4.6342 17.7143 176.0952 64.4633 205.0011 1.4572 1.6439 4.3459 -30.8307 1.6429 39.1464 -5.2982 -4.4276
Car -1 -1 -3.5822 1081.8405 170.9367 1182.7847 202.9503 1.6283 1.6829 3.9525 27.2997 1.5305 37.8806 -2.9617 -4.4284
Car -1 -1 -4.5338 646.7868 176.7612 678.4860 199.7587 1.5910 1.5600 4.4788 3.8861 1.8910 53.0834 -4.4616 -4.4603
Car -1 -1 -5.2509 568.9685 179.4089 614.3435 200.5937 1.5106 1.6312 3.9861 -1.4631 2.0281 54.8804 -5.2779 -4.6046
Car -1 -1 -4.5329 554.3470 180.1655 577.6713 196.8420 1.4741 1.5548 3.6094 -4.0977 2.1750 67.3164 -4.5938 -4.6616
Car -1 -1 -2.3128 0.0834 174.4852 66.5605 200.0042 1.7750 1.6887 3.6435 -41.1256 1.8936 51.4494 -2.9848 -4.8454
Car -1 -1 -4.4285 194.5003 173.7929 251.9135 202.0467 1.4354 1.6672 3.9970 -20.8198 1.4885 38.9241 -4.9170 -4.8640
Car -1 -1 -4.9484 360.2979 176.4417 390.3853 194.5494 1.5689 1.7046 4.0234 -21.3604 1.9051 65.5306 -5.2625 -4.9420
Car -1 -1 -4.7832 213.2403 176.5392 239.9027 195.8180 1.4615 1.6131 3.8291 -30.6235 1.7656 57.5350 -5.2706 -4.9860
Car -1 -1 -4.3394 374.6476 175.4319 423.6685 200.0839 1.6213 1.8404 4.2559 -14.6070 1.8079 50.1163 -4.6219 -5.0336
Car -1 -1 -4.5050 769.8793 176.4858 796.1468 195.6388 1.5374 1.5018 3.2770 14.4794 1.8502 60.4026 -4.2713 -5.0716
Car -1 -1 -4.6343 238.6599 170.8723 280.0197 204.4751 1.8251 1.7921 4.4610 -20.1818 1.7172 41.5932 -5.0838 -5.0912
Car -1 -1 -2.4348 413.6183 177.8425 472.6028 200.8209 1.5591 1.6314 3.9808 -11.9073 1.9250 51.3130 -2.6621 -5.1403
Car -1 -1 -4.2383 0.0000 176.8998 31.6721 214.1282 1.6743 1.7678 4.3279 -30.5099 1.8847 35.2632 -4.9479 -5.2591
Car -1 -1 -6.9404 14.4860 175.9225 304.4720 322.8532 1.6017 1.6495 2.8310 -5.8183 1.6490 9.5534 -7.4755 -5.3418
Car -1 -1 -2.9310 0.0000 174.8829 83.9294 374.0000 1.4906 1.7351 4.6375 -5.7540 1.5070 3.7243 -3.8941 -5.3673
Car -1 -1 -4.8680 421.2839 175.3274 461.1808 204.5354 1.6700 1.6836 4.5486 -10.3969 1.8291 44.0881 -5.0986 -5.4374
Car -1 -1 -4.3100 126.9356 176.5936 172.6308 198.0268 1.4712 1.4807 3.6105 -33.1968 1.7508 52.0935 -4.8752 -5.4469
Car -1 -1 -4.7942 401.2104 176.9490 421.7319 192.8998 1.4850 1.6315 3.6387 -19.3504 1.8943 70.1836 -5.0626 -5.4791
Car -1 -1 -4.8192 601.2990 177.4095 622.6858 192.9851 1.3957 1.5871 4.0317 0.1385 1.8377 67.9637 -4.8176 -5.6635
Car -1 -1 -5.5958 838.8218 172.1762 916.5120 202.4442 1.6206 1.7479 3.8782 15.0123 1.5840 40.7464 -5.2455 -5.8084
Car -1 -1 -4.5791 0.0000 176.8125 15.9403 199.5090 1.4414 1.6360 4.1735 -41.5724 1.7208 48.7883 -5.2823 -5.8438
Car -1 -1 -4.4607 0.0000 184.0861 0.0000 213.3041 1.5078 1.6477 4.0128 -41.6109 2.1795 41.0288 -5.2500 -5.8867
Car -1 -1 -4.5032 0.0000 181.2706 0.0000 206.8083 1.4527 1.6399 4.0485 -41.5694 1.9982 44.6265 -5.2503 -5.8867
Car -1 -1 -4.8483 623.9911 178.4828 658.4208 199.3905 1.3980 1.8251 4.8958 2.1681 1.8241 52.1292 -4.8074 -5.9960
Car -1 -1 -4.9046 217.3671 179.2907 249.4401 197.5332 1.5014 1.7213 4.1815 -32.9762 2.0833 63.0885 -5.3847 -6.1941
Car -1 -1 -5.1212 735.6226 180.1464 773.9313 203.5898 1.8405 1.6920 3.9342 11.9784 2.4684 60.0554 -4.9258 -7.2174
