Car -1 -1 -7.3768 0.0000 196.5570 372.9799 374.0000 1.4348 1.5968 3.8158 -3.6208 1.7131 6.5647 -7.8647 6.9460
Car -1 -1 -7.8615 584.1275 179.9033 613.4250 207.0624 1.4892 1.6464 3.6820 -0.7134 1.9213 42.3916 -7.8788 3.7128
Car -1 -1 -7.7406 504.7380 181.6632 538.9037 207.0915 1.4093 1.6283 3.5845 -5.2524 1.9563 43.0336 -7.8618 3.3797
Car -1 -1 -6.9582 139.4693 175.0496 245.8765 212.9294 1.6651 1.7214 4.2183 -19.7350 1.7760 34.2592 -7.4777 -0.8436
Car -1 -1 -6.2571 538.7390 183.6267 590.8139 205.2124 1.5781 1.6823 3.8717 -3.4254 2.4061 54.5715 -6.3200 -2.3368
Car -1 -1 -4.8077 691.8636 182.5902 718.8579 205.6482 1.6690 1.6828 4.1279 7.3454 2.4538 56.0853 -4.6787 -2.3681
Car -1 -1 -2.8681 131.2153 181.1171 240.1062 212.3969 1.4723 1.6942 4.3959 -21.1422 1.9006 36.0574 -3.3954 -2.6356
Car -1 -1 -4.6417 214.7292 178.2500 255.0558 209.2199 1.5277 1.6155 4.1371 -20.0363 1.8326 38.5858 -5.1181 -3.2684
Car -1 -1 -7.4592 1126.7457 170.2271 1234.5399 215.6084 1.4372 1.5807 3.7067 19.3064 1.3537 24.4502 -6.7970 -3.3474
Car -1 -1 -4.6892 703.3815 184.9594 727.6345 207.6993 1.5158 1.6627 4.2463 7.7098 2.4372 52.7050 -4.5453 -3.6641
Car -1 -1 -4.6846 336.7159 179.5715 371.9294 210.4995 1.5098 1.6458 3.9338 -13.5483 1.8856 38.2711 -5.0230 -3.9025
Car -1 -1 -4.5992 630.2953 180.8480 657.6035 202.5995 1.5856 1.6698 4.2530 2.6666 2.2357 56.4707 -4.5527 -4.0601
Car -1 -1 -7.9832 294.9058 177.9214 326.9342 201.9349 1.6053 1.6347 3.6835 -21.2320 1.9778 51.0844 -8.3755 -4.1197
Car -1 -1 -5.0036 264.5664 176.2143 307.5255 202.9671 1.7716 1.6836 3.9066 -22.6517 2.0151 50.3202 -5.4249 -4.2327
Car -1 -1 -5.4094 738.1714 187.0467 796.4136 210.6016 1.5287 1.6746 4.3668 11.2315 2.5958 51.9463 -5.1982 -4.2480
Car -1 -1 -4.2522 717.0432 183.8485 754.2674 201.9874 1.4559 1.5894 3.9550 10.8867 2.4392 62.4843 -4.0810 -4.3048
Car -1 -1 -6.7444 0.0000 200.9104 15.2753 374.0000 1.4860 1.4932 3.2865 -3.7530 1.6237 1.8636 -7.7962 -4.3418
Car -1 -1 -4.5332 150.3128 176.0492 188.9429 199.7925 1.5612 1.6090 3.9345 -30.5763 1.7923 50.1399 -5.0786 -4.5342
Car -1 -1 -4.9772 630.8889 181.7983 658.3264 198.5262 1.4789 1.6253 3.8569 3.2109 2.3477 68.0512 -4.9307 -4.6661
Car -1 -1 -4.7018 60.1552 181.5577 97.4087 209.2634 1.4586 1.6538 3.8830 -30.4285 1.9818 41.3403 -5.3333 -4.6671
Car -1 -1 -4.8115 336.0013 179.5813 366.9327 203.5869 1.4673 1.5263 3.9834 -17.0561 1.9289 47.4209 -5.1553 -4.7481
Car -1 -1 -7.8694 30.8370 180.5204 69.6318 210.8033 1.5631 1.6507 4.1541 -31.4523 2.0155 40.4652 -8.5271 -4.7539
Car -1 -1 -4.7187 628.4423 180.1279 644.7908 196.4900 1.5291 1.5664 3.8401 2.5882 2.2651 71.0972 -4.6829 -4.7956
Car -1 -1 -5.2058 498.6803 177.4716 538.6270 196.9466 1.4789 1.5587 3.7900 -7.3663 1.8609 57.7354 -5.3325 -4.8254
Car -1 -1 -4.5515 4.2989 177.2253 67.1038 215.8705 1.6409 1.6220 4.0652 -26.4513 1.8555 33.2990 -5.2191 -4.8589
Car -1 -1 -7.4003 360.8129 176.1793 422.6076 205.7874 1.5032 1.6012 4.0423 -11.8280 1.6935 39.2340 -7.6915 -4.9090
Car -1 -1 -4.4010 757.0585 181.0654 787.9079 200.0594 1.6565 1.6460 4.0175 15.0795 2.4424 66.9333 -4.1808 -5.0892
Car -1 -1 -4.3362 714.9323 187.9336 761.1843 212.7855 1.4699 1.6060 4.1093 8.4369 2.5074 47.4836 -4.1620 -5.1016
Car -1 -1 -4.4534 131.7211 181.9568 225.4234 228.6884 1.3855 1.6772 4.2567 -14.5812 1.7237 24.5544 -4.9847 -5.1346
Car -1 -1 -5.0494 430.6781 177.3988 468.0894 197.3583 1.5228 1.6798 4.1106 -13.0233 1.9031 58.2338 -5.2688 -5.3498
Car -1 -1 -4.4114 453.5972 182.8199 481.0691 198.2377 1.4192 1.6185 3.7137 -13.9937 2.4241 70.8472 -4.6061 -5.3620
Car -1 -1 -4.1386 0.0000 179.3658 210.5138 274.3836 1.3743 1.5930 3.9704 -8.9444 1.5069 12.7188 -4.7418 -5.6640
Car -1 -1 -4.3763 397.5324 179.3108 446.0280 203.4867 1.3725 1.6007 4.1272 -11.5035 1.7869 44.2200 -4.6297 -5.7383
Car -1 -1 -4.6800 410.7161 177.7213 435.3857 201.8489 1.8193 1.7675 4.2838 -14.9151 2.2231 57.6118 -4.9325 -5.8243
Car -1 -1 -5.0057 597.6793 178.2050 627.8013 194.3407 1.4370 1.6429 4.3745 0.1994 1.9593 68.1345 -5.0031 -5.8504
Car -1 -1 -4.3380 40.4550 181.1573 284.5417 308.0582 1.4523 1.6189 3.9704 -6.2862 1.5982 10.6142 -4.8621 -5.8861
Car -1 -1 -4.4833 0.0000 182.5797 0.0000 209.7004 1.4646 1.6346 4.0099 -41.6037 2.0679 42.6389 -5.2534 -5.8867
Car -1 -1 -4.4416 0.0000 185.1605 0.0000 215.9026 1.5149 1.6487 4.0116 -41.6100 2.2235 39.4176 -5.2508 -5.8867
Car -1 -1 -6.8881 0.0000 0.0000 1241.0000 374.0000 1.5000 1.6049 3.8490 -2.4905 1.5740 1.3684 -7.8745 -5.8867
Car -1 -1 -4.5466 0.0000 181.6147 0.0000 207.1036 1.4611 1.6455 4.0683 -41.3892 2.0332 44.9949 -5.2874 -5.8867
Car -1 -1 -4.5801 16.4508 181.9692 54.5805 203.9990 1.4771 1.6392 4.0112 -41.6106 2.1645 52.2950 -5.2499 -5.8867
Car -1 -1 -4.5549 0.0000 180.3563 24.0850 202.8390 1.4307 1.6277 4.0072 -41.6135 1.9670 49.4780 -5.2517 -5.8867
Car -1 -1 -6.6060 0.0000 0.0000 1241.0000 374.0000 1.4935 1.6007 3.8448 -5.3037 1.5903 1.3705 -7.8745 -5.8867
Car -1 -1 -4.6284 103.3503 184.4197 191.0266 244.2344 1.3963 1.6540 4.4218 -12.7961 1.7557 20.0938 -5.1897 -5.9208
Car -1 -1 -4.7055 98.5133 181.5065 194.3341 255.5246 1.4348 1.6693 4.0746 -10.6959 1.6604 16.6647 -5.2691 -5.9577
Car -1 -1 -4.5451 462.4481 177.4366 490.5857 195.8973 1.4180 1.5972 3.9976 -10.7971 1.8016 58.4323 -4.7273 -6.0439
Car -1 -1 -4.9066 409.8582 181.3160 434.2111 197.7844 1.5002 1.6180 3.5617 -18.1962 2.3401 69.6927 -5.1614 -6.0853
Car -1 -1 -4.6195 0.0000 178.8958 29.5347 203.4470 1.4740 1.5447 4.2061 -38.6945 1.8818 46.5630 -5.3102 -6.2165
Car -1 -1 -4.7593 593.8742 180.4341 619.0435 200.6796 1.4352 1.7084 4.3114 -0.3352 2.0357 54.9945 -4.7659 -6.2897
Car -1 -1 -5.8346 935.1438 243.4364 1241.0000 374.0000 1.2435 1.2450 2.7063 4.5040 2.0289 6.5520 -5.2548 -8.1244
