Car -1 -1 -7.2336 0.0000 194.9308 306.5599 374.0000 1.4649 1.6123 3.7268 -3.6007 1.6650 4.6765 -7.8631 4.4555
Car -1 -1 -7.7648 519.3038 179.2636 550.9247 203.8376 1.4132 1.6267 3.4106 -4.5752 1.8199 44.1057 -7.8680 3.5287
Car -1 -1 -7.8464 591.0075 180.1290 619.5085 205.3364 1.3520 1.5675 3.4067 -0.2990 1.7862 41.3864 -7.8541 3.4133
Car -1 -1 -4.2257 113.1641 178.5842 171.2778 202.5223 1.5590 1.6484 4.1139 -32.4425 1.9736 50.1247 -4.7979 -1.3289
Car -1 -1 -4.0046 288.3139 178.1744 344.2643 201.9551 1.4641 1.6831 3.2258 -19.1265 1.8238 47.0248 -4.3892 -1.6294
Car -1 -1 -4.6735 344.9949 175.6604 364.9334 193.1563 1.6470 1.7031 3.3496 -24.8658 1.9276 70.3676 -5.0122 -1.9654
Car -1 -1 -5.1159 0.0000 187.7596 36.3519 224.6652 1.4258 1.6081 3.7636 -26.3934 2.0917 30.6909 -5.8219 -2.1825
Car -1 -1 -7.1355 0.0000 179.8658 93.1010 230.7960 1.5339 1.5656 3.5817 -19.4001 1.7851 24.0576 -7.8088 -2.5206
Car -1 -1 -2.6399 45.8513 177.0851 126.4813 200.7084 1.5513 1.6855 4.1181 -35.4460 1.8440 48.8632 -3.2650 -2.6756
Car -1 -1 -4.4870 729.6887 182.3759 756.7743 200.5744 1.5164 1.5808 3.7503 11.8740 2.3913 64.2862 -4.3057 -3.0775
Car -1 -1 -5.1675 87.8435 178.0891 144.4671 202.2161 1.5942 1.6461 4.0335 -34.3553 1.9701 50.1330 -5.7659 -3.3462
Car -1 -1 -8.4767 910.9449 176.3721 1004.9890 216.8181 1.5985 1.6945 3.8277 14.7484 1.7588 30.9054 -8.0356 -3.8255
Car -1 -1 -5.0730 747.7085 183.2408 783.6364 203.2974 1.5338 1.6412 3.7921 12.7124 2.4151 59.2441 -4.8631 -3.8848
Car -1 -1 -4.1907 88.6787 176.9112 159.3422 203.4787 1.5741 1.7341 4.4152 -30.7068 1.8435 45.7032 -4.7797 -3.8884
Car -1 -1 -4.4504 688.1321 182.9484 717.9277 200.8110 1.4599 1.6313 3.9860 8.2029 2.3789 63.5570 -4.3231 -4.1221
Car -1 -1 -4.5310 740.4891 192.7482 779.9930 221.0314 1.4845 1.6219 4.0057 8.9752 2.7313 43.0718 -4.3277 -4.2931
Car -1 -1 -4.5850 558.4296 179.6311 578.5496 194.5984 1.4212 1.5860 3.3745 -4.1279 2.1119 71.8276 -4.6425 -4.6717
Car -1 -1 -4.6598 35.2104 177.7293 71.7648 200.7185 1.5797 1.8745 4.7359 -40.9337 1.9550 53.1150 -5.3141 -4.6737
Car -1 -1 -3.3149 546.6357 179.9665 605.5330 202.8778 1.5472 1.6223 3.9116 -2.4293 2.0587 50.7033 -3.3630 -4.7433
Car -1 -1 -4.7849 133.6866 177.5203 172.6909 206.3029 1.5673 1.6367 4.0812 -26.7272 1.8531 42.1089 -5.3478 -4.7873
Car -1 -1 -4.8505 344.5203 178.1949 378.1997 200.7999 1.4010 1.5835 3.9335 -16.5472 1.7703 47.8287 -5.1821 -4.8378
Car -1 -1 -4.1614 358.7504 175.8003 391.8687 192.9355 1.6273 1.6203 3.2755 -23.0543 1.9239 70.9195 -4.4749 -4.8474
Car -1 -1 -3.6666 203.1295 175.8378 261.1730 196.3160 1.6879 1.7213 4.1360 -32.6095 1.9545 62.3235 -4.1471 -4.8488
Car -1 -1 -4.8280 545.1923 180.2175 566.9206 195.1842 1.3883 1.6623 4.2135 -5.3814 2.1388 71.3465 -4.9034 -4.8661
Car -1 -1 -5.3012 1097.7748 172.1053 1199.9631 207.9023 1.5006 1.7115 3.9936 23.9215 1.4689 32.2801 -4.6681 -4.9234
Car -1 -1 -4.4137 54.1957 178.9972 136.9497 216.7592 1.5423 1.7394 4.6843 -23.2680 1.8423 32.7774 -5.0274 -4.9829
Car -1 -1 -4.1897 115.8163 176.0802 183.7746 203.5624 1.6426 1.6624 4.3963 -29.1920 1.8574 45.8802 -4.7539 -5.0423
Car -1 -1 -4.3235 250.9204 178.4951 284.4011 196.2162 1.5252 1.5204 3.4707 -30.8223 2.0470 65.0025 -4.7649 -5.0861
Car -1 -1 -4.7261 391.4969 179.0073 415.5182 201.0930 1.5319 1.6484 4.0128 -15.3403 2.0055 53.4096 -5.0048 -5.0977
Car -1 -1 -7.7932 975.9244 180.5849 1026.6171 221.9225 1.4948 1.5766 3.7360 15.6379 1.8250 28.8437 -7.3012 -5.1258
Car -1 -1 -4.3677 634.9030 180.3776 674.2090 202.1981 1.5271 1.5623 4.4218 3.3804 2.1190 54.4508 -4.3065 -5.1467
Car -1 -1 -4.3176 473.7186 177.1013 525.3393 205.8349 1.4879 1.5364 3.6455 -6.0893 1.7340 39.8954 -4.4685 -5.1549
Car -1 -1 -6.3519 139.9942 177.9491 235.4173 210.4001 1.7151 1.8126 4.5471 -23.8798 2.0172 40.7971 -6.8789 -5.1565
Car -1 -1 -4.4063 84.8823 176.7549 148.7219 209.7920 1.6011 1.7406 3.5169 -25.4894 1.8132 37.3580 -5.0019 -5.1982
Car -1 -1 -4.4563 397.8565 175.9810 429.9761 193.9583 1.4047 1.5684 4.0274 -16.0424 1.6693 59.1013 -4.7205 -5.3414
Car -1 -1 -4.8362 597.7459 177.4755 629.3096 199.2709 1.4257 1.6591 4.4648 0.1693 1.7636 50.4951 -4.8333 -5.5277
Car -1 -1 -5.6369 914.6263 204.5569 1241.0000 374.0000 1.3917 1.4543 3.1802 4.0863 1.7184 5.7011 -5.0404 -5.5453
Car -1 -1 -4.5075 261.5026 178.9441 301.5509 200.8820 1.3986 1.6519 4.3247 -22.5307 1.8359 49.5613 -4.9324 -5.6540
Car -1 -1 -2.4900 0.0000 176.0389 67.6374 203.4723 1.8810 2.0162 4.2878 -41.1217 2.1096 50.7858 -3.1682 -5.6763
Car -1 -1 -2.3636 0.0000 174.9193 287.2933 282.9979 1.5096 1.8457 4.5327 -7.7960 1.5459 11.4661 -2.9502 -5.7609
Car -1 -1 -4.5087 0.0000 181.7384 0.0000 207.7288 1.4489 1.6377 4.0365 -41.5858 2.0149 43.8413 -5.2648 -5.8867
Car -1 -1 -4.4229 424.5617 177.4612 459.1425 195.9080 1.3659 1.5888 3.8845 -13.1277 1.7385 56.4075 -4.6508 -5.8867
Car -1 -1 -4.5124 0.0000 180.1414 0.0000 204.7188 1.4589 1.6405 4.0349 -41.6265 1.9476 46.2631 -5.2423 -5.8867
Car -1 -1 -4.6304 80.1002 178.5556 109.9696 197.4195 1.4351 1.6353 4.0198 -41.6160 1.9127 58.3349 -5.2480 -5.8867
Car -1 -1 -4.5448 0.0000 179.3476 15.1040 202.7852 1.4723 1.6460 4.0339 -41.6116 1.9294 48.6724 -5.2496 -5.8867
Car -1 -1 -7.5581 163.8427 0.0000 1241.0000 374.0000 1.5255 1.5847 3.7932 -0.4970 1.5450 1.0083 -7.9337 -5.8867
Car -1 -1 -5.6702 0.0000 0.0000 1241.0000 374.0000 1.5119 1.6103 3.9623 2.9590 1.5433 1.7172 -4.6976 -5.8867
Car -1 -1 -4.9651 512.2589 172.7515 535.3726 189.8632 1.6503 1.4980 3.2694 -8.5648 1.6401 71.3815 -5.0844 -6.5866
