Car -1 -1 -7.6795 434.6224 183.7291 522.1620 247.4468 1.5014 1.6792 3.8557 -3.5061 1.8254 19.5885 -7.8550 7.5816
Car -1 -1 -7.6200 378.9275 186.6205 449.1562 230.8240 1.3748 1.5940 3.5455 -6.8449 1.8925 25.3534 -7.8816 5.8682
Car -1 -1 -7.7923 537.8438 182.5763 563.6356 204.1160 1.4020 1.5829 3.4844 -4.1320 2.1033 50.3096 -7.8743 1.7490
Car -1 -1 -2.8068 618.4804 184.2168 724.5344 226.4752 1.5061 1.6176 3.7848 2.3426 1.9710 28.0311 -2.7251 -1.8072
Car -1 -1 -2.0091 0.0000 184.7207 66.8416 225.6719 1.4745 1.6440 4.0684 -23.6148 1.9702 28.5367 -2.6960 -2.0349
Car -1 -1 -4.9375 723.7133 183.5973 764.0417 209.1049 1.4407 1.5932 3.9110 8.1532 2.1314 44.4196 -4.7577 -2.0789
Car -1 -1 -7.9434 638.7214 182.6782 660.6974 200.1826 1.4446 1.6029 3.6581 3.4432 2.3340 63.4879 -7.8900 -2.2876
Car -1 -1 -7.7046 686.8817 180.2433 732.4782 215.3466 1.5637 1.6317 4.0151 4.8765 1.9460 35.2049 -7.5687 -3.4340
Car -1 -1 -6.9220 18.1009 182.3637 145.8699 221.7892 1.4731 1.6421 4.1611 -22.0393 1.9011 30.2672 -7.5473 -3.4345
Car -1 -1 -4.3198 268.1895 181.9684 321.7561 205.4892 1.4860 1.8150 4.4082 -21.5724 2.1394 49.5249 -4.7289 -3.5061
Car -1 -1 -8.0618 707.2748 184.7611 773.5339 228.1341 1.4198 1.6378 3.7344 4.6691 1.8890 26.5551 -7.8904 -3.7580
Car -1 -1 -5.0048 1144.6552 199.6777 1203.7152 229.0582 1.4224 1.5509 3.9163 31.8439 3.0202 40.8831 -4.3473 -4.0232
Car -1 -1 -3.0135 481.4664 185.4152 530.8523 207.6770 1.6390 1.8050 3.5318 -7.9262 2.6140 55.0975 -3.1562 -4.0726
Car -1 -1 -4.7830 409.5663 182.4058 448.6141 213.4709 1.5731 1.8232 3.9217 -10.1108 2.1308 40.0048 -5.0294 -4.0803
Car -1 -1 -4.5449 681.0297 186.4326 711.7006 207.4094 1.4586 1.6442 4.3685 6.6560 2.5468 55.5130 -4.4268 -4.2956
Car -1 -1 -4.7397 144.3886 185.7292 177.7719 211.9238 1.4742 1.6566 3.9725 -27.9365 2.3111 44.8009 -5.2948 -4.4266
Car -1 -1 -4.4766 434.7208 181.7387 478.9025 211.2391 1.5426 1.5876 3.8580 -8.6528 2.0694 40.8556 -4.6845 -4.6064
Car -1 -1 -4.8502 746.7867 180.8540 778.8364 206.6391 1.8268 1.8034 4.1610 11.4834 2.4554 54.5820 -4.6444 -4.7552
Car -1 -1 -5.0672 633.1554 183.8635 678.7523 210.6402 1.5527 1.6568 3.7695 2.8182 2.2789 45.5653 -5.0065 -4.9300
Car -1 -1 -4.8342 417.8649 183.9010 456.5445 215.6841 1.5194 1.5942 2.9641 -9.0065 2.1160 37.3195 -5.0699 -5.1080
Car -1 -1 -4.9092 241.6588 179.5825 281.8326 207.7888 1.7552 1.6744 3.9071 -23.2053 2.2213 47.9492 -5.3580 -5.2042
Car -1 -1 -4.6379 375.1545 179.2716 404.0769 201.6342 1.4497 1.6224 4.0706 -15.3155 1.9150 50.1817 -4.9329 -5.3322
Car -1 -1 -4.5602 897.5056 192.0603 923.5845 211.2794 1.5873 1.6345 3.9001 27.4347 3.3958 65.8629 -4.1677 -5.4317
Car -1 -1 -4.5541 6.2681 185.5024 49.5647 207.0275 1.3789 1.7161 4.3883 -41.3411 2.3187 51.2940 -5.2301 -5.4760
Car -1 -1 -5.3144 435.3049 180.2700 500.9459 212.1358 1.5687 1.7128 3.5283 -7.5832 1.9803 38.2253 -5.5094 -5.7177
Car -1 -1 -4.2434 307.5847 179.3092 365.0576 203.7669 1.4310 1.6209 4.3056 -17.2562 1.8587 45.6200 -4.6034 -5.7339
Car -1 -1 -4.7358 361.4722 182.7677 381.5045 199.9136 1.4895 1.6813 3.9620 -22.2948 2.4436 67.3153 -5.0548 -5.7470
Car -1 -1 -3.1357 884.6550 192.8044 933.8580 214.9954 1.6772 1.6338 3.6434 24.2589 3.3376 58.6073 -2.7457 -5.8223
Car -1 -1 -3.9261 202.6134 181.5013 283.7918 210.1689 1.4632 1.6619 4.0503 -20.4454 1.9724 40.3289 -4.3929 -5.8266
Car -1 -1 -4.7424 544.3624 180.1955 567.3556 200.1048 1.4356 1.6413 4.1131 -4.2413 2.0241 55.7327 -4.8184 -5.8604
Car -1 -1 -4.6008 34.4898 185.0090 69.8402 206.0350 1.4338 1.6369 4.0779 -41.6302 2.3776 53.8778 -5.2565 -5.8867
Car -1 -1 -4.6600 108.7720 184.4846 135.2527 204.1543 1.5498 1.6575 4.0116 -41.6028 2.5760 61.5358 -5.2527 -5.8867
Car -1 -1 -4.6676 424.3844 177.8724 469.2158 217.2169 1.4659 1.6071 3.9293 -6.6491 1.6851 29.4868 -4.8880 -5.8867
Car -1 -1 -4.4575 0.0000 184.0649 0.0000 213.6619 1.5117 1.6495 4.0121 -41.6111 2.1759 40.6227 -5.2517 -5.8867
Car -1 -1 -4.6288 72.4451 183.3850 103.1859 203.8940 1.5112 1.6492 4.0152 -41.6056 2.3816 57.5151 -5.2531 -5.8867
Car -1 -1 -4.5052 0.0000 185.2583 0.0000 212.4982 1.5307 1.6517 4.0086 -41.6079 2.3347 44.6422 -5.2526 -5.8867
Car -1 -1 -4.3778 461.0786 181.3508 498.7578 202.0784 1.4783 1.6404 3.9231 -9.9367 2.1526 55.2210 -4.5554 -5.8867
Car -1 -1 -4.5540 0.0000 185.1886 6.0423 211.1024 1.5677 1.6633 4.0417 -41.5410 2.4224 47.8590 -5.2662 -5.8867
Car -1 -1 -4.4260 217.1210 178.9891 267.5083 204.1590 1.3706 1.5865 3.9175 -21.5544 1.7481 42.3686 -4.8943 -5.8867
Car -1 -1 -4.4271 0.0000 184.8283 0.0000 216.8194 1.5276 1.6532 4.0153 -41.6108 2.1970 38.2083 -5.2517 -5.8867
Car -1 -1 -4.4357 460.3624 180.3696 505.9213 207.2182 1.4807 1.6145 4.1247 -7.5556 1.9519 43.1241 -4.6085 -5.8867
Car -1 -1 -4.8718 444.5264 180.8902 497.6184 218.4253 1.4989 1.6760 4.0553 -6.2528 1.8788 31.9446 -5.0641 -5.9457
Car -1 -1 -5.0834 163.7208 184.3601 199.8468 204.0211 1.5042 1.4167 3.3310 -34.8429 2.4644 58.6455 -5.6177 -6.1253
Car -1 -1 -4.4937 171.9119 187.5605 211.4831 212.4524 1.6030 1.6433 3.7019 -29.4586 2.6802 50.8553 -5.0167 -6.1677
Car -1 -1 -4.2589 400.2531 179.7848 472.6521 215.2339 1.4581 1.5559 4.0700 -7.8107 1.7924 32.6770 -4.4921 -6.2927
Car -1 -1 -5.0240 386.5749 180.1019 436.4884 204.9863 1.3762 1.6429 4.3501 -12.0470 1.8357 43.4960 -5.2930 -6.5272
