Car -1 -1 -7.6138 343.8608 183.5167 478.6180 274.7044 1.5098 1.6823 3.8107 -3.8174 1.7494 14.3143 -7.8707 7.7081
Car -1 -1 -7.7027 440.7979 180.6492 486.9559 212.4980 1.4350 1.6799 3.6387 -7.1254 1.8359 35.2769 -7.9010 5.6238
Car -1 -1 -4.1281 15.5892 184.6420 168.3987 238.2853 1.4709 1.7915 4.4156 -16.3217 1.8827 22.9968 -4.7400 4.7119
Car -1 -1 -7.8701 543.1646 180.3466 569.0067 203.4017 1.4032 1.6189 4.1098 -3.6113 1.9172 47.4127 -7.9462 2.3932
Car -1 -1 -4.5236 354.6975 177.3065 388.2792 198.8117 1.5183 1.6497 4.0495 -17.8076 1.8639 53.9315 -4.8414 0.6192
Car -1 -1 -6.7573 0.0000 180.1090 83.6846 211.5747 1.5407 1.6419 3.8715 -30.6352 1.9477 38.4013 -7.4274 0.6102
Car -1 -1 -3.6833 103.5396 182.0883 182.4241 208.5706 1.4818 1.6231 3.7159 -28.3215 2.0682 43.8122 -4.2546 -1.3908
Car -1 -1 -3.7678 175.5103 177.1171 249.4945 202.7885 1.6053 1.7062 4.0924 -26.4387 1.9021 48.0698 -4.2685 -1.8475
Car -1 -1 -5.0259 637.1282 177.6003 674.0193 200.6371 1.5156 1.5913 3.3467 3.0927 1.8565 50.0404 -4.9650 -2.1802
Car -1 -1 -4.8978 625.5873 176.9765 664.8608 204.7321 1.6005 1.6747 4.0925 2.0798 1.8660 44.3860 -4.8518 -2.5550
Car -1 -1 -4.8454 738.3696 183.9739 774.1943 209.4650 1.4791 1.6590 4.3583 9.2438 2.2225 46.0357 -4.6491 -2.6084
Car -1 -1 -4.0672 780.8942 180.4408 853.4688 209.6547 1.4961 1.6654 4.2124 11.4477 1.9356 39.8932 -3.7902 -2.6373
Car -1 -1 -4.6943 617.1414 177.5528 641.6622 201.5921 1.5454 1.6054 4.1743 1.3293 1.8802 49.3362 -4.6680 -2.7483
Car -1 -1 -4.9377 511.7770 176.1457 548.8466 201.2565 1.6512 1.6559 4.2451 -5.6334 1.8909 50.3209 -5.0491 -2.9452
Car -1 -1 -2.1375 138.5825 181.1862 201.9566 205.7145 1.4779 1.6512 3.8601 -28.1655 2.0289 46.1518 -2.6831 -3.0196
Car -1 -1 -5.1102 432.1590 178.5411 475.9151 203.2797 1.5428 1.5534 3.6110 -10.3977 1.9344 47.8060 -5.3236 -3.8075
Car -1 -1 -4.7316 380.0084 178.3207 403.3417 198.1632 1.4213 1.6245 3.7560 -16.6478 1.8519 54.8421 -5.0252 -3.9234
Car -1 -1 -4.8233 485.5428 177.0357 513.0721 198.4659 1.6865 1.7812 4.4278 -9.2785 2.0481 60.0779 -4.9763 -4.1728
Car -1 -1 -4.5226 0.0000 184.8969 43.4677 228.5214 1.5324 1.6260 3.6680 -23.7804 2.0403 28.4486 -5.2144 -4.7367
Car -1 -1 -4.8020 169.5494 186.6400 193.0405 203.9214 1.4508 1.5126 3.7305 -39.0460 2.7422 65.6505 -5.3370 -4.8276
Car -1 -1 -4.7099 349.8914 178.1632 376.0197 200.9571 1.4889 1.6563 3.6964 -17.1703 1.8720 50.0870 -5.0389 -4.8806
Car -1 -1 -4.6830 647.7047 176.5815 667.2294 197.3926 1.6500 1.5114 3.7501 3.9353 1.9689 59.8395 -4.6181 -5.0329
Car -1 -1 -4.9532 335.5497 180.9785 373.7124 204.7579 1.4085 1.4770 3.5897 -16.3249 1.9471 45.9474 -5.2931 -5.0784
Car -1 -1 -4.7267 676.4843 179.6519 699.0985 201.4553 1.4392 1.5197 4.0244 5.4342 1.9388 50.9926 -4.6216 -5.1273
Car -1 -1 -4.8907 354.9525 178.1281 403.4438 209.9248 1.5690 1.7836 3.9841 -12.4003 1.8661 38.5043 -5.2006 -5.2496
Car -1 -1 -4.7986 379.7033 182.7834 400.5208 199.6112 1.4550 1.5408 3.4919 -20.3210 2.3968 66.5474 -5.0942 -5.2620
Car -1 -1 -4.9847 304.9182 180.8708 336.4963 199.9354 1.6114 1.5790 4.1496 -26.0701 2.3558 64.9027 -5.3655 -5.3201
Car -1 -1 -4.8304 1167.2939 194.2757 1206.5186 218.6601 1.4425 1.6100 3.6113 38.3605 2.9279 48.0852 -4.1606 -5.3576
Car -1 -1 -4.9418 1120.3240 192.2640 1157.1633 212.7388 1.3880 1.5167 3.2442 39.5676 2.8911 54.0971 -4.3135 -5.4975
Car -1 -1 -4.5835 1144.1652 191.7221 1179.5681 214.0015 1.4923 1.6521 3.4841 40.7025 2.9317 53.2340 -3.9339 -5.6892
Car -1 -1 -7.7818 146.7008 185.1669 171.1943 201.9533 1.4006 1.5930 4.0683 -40.9671 2.5561 65.5577 -8.3387 -5.7124
Car -1 -1 -4.6660 198.3533 182.4096 221.7266 199.3387 1.4189 1.6474 4.4001 -36.2657 2.3164 65.4525 -5.1705 -5.8012
Car -1 -1 -4.7147 384.4714 177.4208 416.0677 205.6480 1.4795 1.6297 4.0388 -11.8639 1.7505 40.6878 -4.9970 -5.8643
Car -1 -1 -4.2369 395.9359 177.6597 461.0983 207.9657 1.4860 1.6565 4.0917 -9.5790 1.7550 38.2532 -4.4810 -5.8645
Car -1 -1 -4.7529 1119.6586 172.6644 1148.0403 192.0445 1.4800 1.6452 3.9907 41.4727 1.4652 57.2184 -4.1284 -5.8867
Car -1 -1 -4.6557 1029.9375 172.6522 1052.4913 188.4696 1.4709 1.6418 4.0189 41.3678 1.4518 69.2212 -4.1191 -5.8867
Car -1 -1 -4.9017 376.9417 187.7053 472.5234 243.9112 1.3700 1.8462 4.9809 -5.7254 1.8694 21.6303 -5.1580 -5.9246
Car -1 -1 -4.5796 50.5786 180.9145 117.6879 221.1481 1.4746 1.6610 4.2214 -21.5122 1.8301 29.6000 -5.2039 -5.9440
