Car -1 -1 -7.6056 350.5165 182.2314 480.2464 270.0928 1.5102 1.6493 3.7171 -3.8404 1.7246 14.6615 -7.8581 7.7552
Car -1 -1 -7.7351 439.4006 180.1863 482.7061 212.3479 1.4287 1.6313 3.5218 -7.1505 1.7996 34.7057 -7.9372 5.2049
Car -1 -1 -4.0606 0.0000 182.7420 99.5360 243.6912 1.4305 1.7046 4.1098 -16.2386 1.7285 19.6903 -4.7437 3.3621
Car -1 -1 -7.8936 539.5889 178.5393 566.1495 201.0658 1.3914 1.5898 3.6915 -3.8236 1.7803 47.4674 -7.9740 3.0406
Car -1 -1 -4.4870 337.0431 175.2711 378.2263 199.4571 1.6089 1.7629 4.5403 -17.7397 1.7868 50.8224 -4.8215 1.5397
Car -1 -1 -3.6732 69.8005 176.3643 162.7361 205.0799 1.5469 1.7136 4.1269 -28.4371 1.7600 41.6452 -4.2695 -1.2765
Car -1 -1 -7.0220 213.1285 176.0217 279.1231 200.4972 1.5881 1.6906 3.9265 -24.9287 1.8146 49.5073 -7.4865 -1.4433
Car -1 -1 -4.6567 146.6881 181.8233 178.7833 205.3402 1.4483 1.6006 3.8122 -29.7806 2.0711 48.0637 -5.2092 -2.0637
Car -1 -1 -4.6282 636.7303 177.4953 665.2984 201.5711 1.5771 1.6422 4.2709 2.8704 1.9151 50.3541 -4.5721 -2.6015
Car -1 -1 -4.5708 474.8220 177.7053 499.1945 195.8494 1.5494 1.6060 4.0078 -11.0208 1.9979 64.7218 -4.7391 -2.9191
Car -1 -1 -4.5887 387.6255 179.0560 414.8241 196.4778 1.4028 1.7171 4.3766 -17.9285 1.9554 62.0274 -4.8692 -3.2189
Car -1 -1 -4.7908 140.3598 177.4207 180.7915 205.7641 1.6429 1.7942 4.4986 -28.0504 1.9417 44.9207 -5.3465 -3.4327
Car -1 -1 -4.7791 290.4389 179.0813 318.9164 201.1224 1.5367 1.6902 3.9910 -22.7768 2.0185 53.6913 -5.1788 -3.7142
Car -1 -1 -4.4399 738.0128 187.1217 785.2545 215.1313 1.5355 1.7096 4.4732 9.3392 2.4594 44.3586 -4.2344 -3.7758
Car -1 -1 -2.0365 173.9497 179.0658 231.5417 203.8482 1.5463 1.6311 4.1581 -27.0205 1.9732 47.7798 -2.5490 -4.0183
Car -1 -1 -7.5961 643.1386 178.5807 673.7560 197.6500 1.5434 1.6198 4.1630 4.1729 2.0526 61.9684 -7.5297 -4.1894
Car -1 -1 -4.8663 511.1934 181.9075 535.5699 198.3858 1.4982 1.7243 4.2554 -8.5002 2.4098 70.3926 -4.9865 -4.2013
Car -1 -1 -4.3801 499.3737 177.2607 543.3405 201.5320 1.4958 1.6249 4.0820 -5.8032 1.7983 47.4197 -4.5016 -4.6294
Car -1 -1 -4.8917 619.4877 179.9049 656.9554 205.8856 1.4914 1.6175 4.0007 1.6632 1.9479 44.6523 -4.8552 -4.6924
Car -1 -1 -4.4873 349.9024 179.2007 402.3742 211.0288 1.3870 1.5610 3.7347 -11.0365 1.7040 34.1398 -4.7980 -4.9112
Car -1 -1 -3.6493 1054.1643 193.0048 1133.4812 217.0127 1.5981 1.7131 4.3538 33.9582 3.0444 50.7732 -3.0631 -4.9229
Car -1 -1 -4.7800 479.3915 177.7206 504.7914 200.1941 1.7010 1.7225 4.2419 -9.5139 2.1062 57.8545 -4.9426 -4.9963
Car -1 -1 -5.0122 333.9230 180.5326 380.8125 206.4818 1.4515 1.5282 4.1344 -15.3857 1.9391 43.7295 -5.3489 -5.1636
Car -1 -1 -5.0337 884.3547 195.6579 939.1175 226.2568 1.4501 1.5558 3.9587 16.2969 2.7543 39.2460 -4.6436 -5.2620
Car -1 -1 -4.6682 410.6307 181.7485 453.8087 219.3646 1.4029 1.5633 3.9652 -7.3721 1.7982 29.9971 -4.9076 -5.3642
Car -1 -1 -4.2384 257.4929 179.6101 304.3694 201.8636 1.5212 1.6063 3.6349 -23.8255 2.0280 52.3016 -4.6642 -5.3648
Car -1 -1 -8.0187 562.3473 175.9323 590.4333 198.4309 1.8421 1.7150 4.3430 -2.9506 2.1162 62.0106 -8.0665 -5.3960
Car -1 -1 -4.7199 966.6816 189.6658 985.4863 207.2877 1.5670 1.5818 3.4498 35.3079 3.2344 69.6780 -4.2532 -5.5367
Car -1 -1 -4.6106 378.4664 176.9364 418.7044 204.5122 1.3325 1.6044 4.0619 -11.0091 1.5573 37.6433 -4.8935 -5.6147
Car -1 -1 -4.6604 382.9728 184.9990 444.9045 233.7010 1.3705 1.7296 4.7026 -6.4682 1.8163 24.0208 -4.9212 -5.7210
Car -1 -1 -4.7759 1176.9769 182.4270 1212.0168 205.8569 1.5394 1.6701 3.8794 41.3648 2.2454 51.1633 -4.0992 -5.7344
Car -1 -1 -4.6435 434.3429 179.3275 468.6587 205.8360 1.3352 1.5519 4.1798 -8.6822 1.7096 39.5872 -4.8584 -5.8328
Car -1 -1 -4.7483 271.8795 171.3255 302.7123 195.4973 1.5868 1.7847 4.3973 -22.3084 1.4861 49.7329 -5.1681 -5.8676
Car -1 -1 -4.8559 361.5009 179.4090 412.7803 215.7684 1.4393 1.6188 3.6139 -9.7425 1.7409 31.2553 -5.1560 -5.8854
Car -1 -1 -4.5971 30.8927 182.6944 66.8881 204.3860 1.4841 1.6444 4.0408 -41.5609 2.2424 53.4748 -5.2556 -5.8867
Car -1 -1 -4.6466 94.9211 181.8491 122.8567 200.9682 1.4780 1.6399 4.0094 -41.6085 2.2515 59.9339 -5.2516 -5.8867
Car -1 -1 -4.7182 1093.3972 177.4703 1118.3746 196.2239 1.4855 1.6739 4.0991 41.4458 1.8854 60.3887 -4.1194 -5.8867
Car -1 -1 -4.6843 1051.6565 171.9260 1074.1554 188.4713 1.4665 1.6435 3.9983 41.4721 1.3840 66.0751 -4.1260 -5.8867
Car -1 -1 -4.6828 62.4706 182.5379 90.7320 202.1370 1.4033 1.6346 4.0659 -41.3187 2.1821 55.9113 -5.3172 -5.8867
Car -1 -1 -4.7037 1068.8933 173.4508 1091.7535 190.8906 1.4838 1.6449 3.9920 41.4751 1.5379 63.6542 -4.1286 -5.8867
Car -1 -1 -5.0061 377.0409 179.3411 424.4283 204.4748 1.4057 1.6059 4.1987 -12.7494 1.8179 43.6874 -5.2888 -6.4866
Car -1 -1 -5.0591 363.9909 184.4554 483.1913 241.0868 1.3426 1.8021 4.6033 -5.4593 1.7105 20.4975 -5.3167 -6.5415
Car -1 -1 -5.7988 941.8474 255.0700 1241.0000 374.0000 1.1714 1.1965 2.8815 4.6170 2.0940 6.5476 -5.2074 -8.8264
