Car -1 -1 -7.7163 465.2989 174.2918 537.2900 227.5912 1.4909 1.6736 3.8162 -3.2979 1.5386 22.2014 -7.8627 7.6006
Car -1 -1 -7.5201 299.6898 175.7143 411.9531 237.7157 1.4470 1.6524 3.5932 -6.5355 1.5284 18.8047 -7.8507 7.2278
Car -1 -1 -7.7959 545.6779 170.8292 571.1099 191.5761 1.4482 1.6335 3.5169 -3.7279 1.3065 52.1334 -7.8673 0.4711
Car -1 -1 -7.8678 523.2247 169.1319 541.4036 184.9396 1.4102 1.6066 3.5300 -7.1722 1.0779 66.2196 -7.9755 0.2750
Car -1 -1 -7.9392 832.5131 179.5638 911.4749 243.8003 1.4912 1.6124 3.7237 6.8012 1.6878 19.1716 -7.6039 -1.0846
Car -1 -1 -8.1542 576.6747 171.5805 609.1754 192.7436 1.7484 1.6832 3.9448 -1.5217 1.6429 61.7479 -8.1791 -1.8089
Car -1 -1 -4.6221 795.8699 174.2245 817.9573 192.3091 1.6607 1.6693 4.1965 18.7977 1.7955 68.8588 -4.3570 -2.1219
Car -1 -1 -4.6122 34.2066 177.0451 68.7479 199.5821 1.5763 1.6413 3.7557 -41.1996 1.8971 53.2489 -5.2684 -2.6315
Car -1 -1 -7.2848 613.3330 177.0050 652.2006 195.4676 1.6999 1.6210 4.4395 2.2184 2.1141 69.7540 -7.2535 -2.8270
Car -1 -1 -7.9556 766.9540 178.4579 841.1458 238.9612 1.4964 1.5950 3.6554 5.2644 1.6674 20.1283 -7.7041 -3.0774
Car -1 -1 -4.4383 18.5873 172.9850 68.4113 197.2237 1.6084 1.7025 3.9593 -39.2573 1.6175 50.0556 -5.1009 -3.4928
Car -1 -1 -4.3705 366.2788 175.0552 408.9504 197.8221 1.5097 1.6826 3.7101 -15.4200 1.6680 50.1024 -4.6679 -3.6092
Car -1 -1 -4.7308 657.5553 174.1117 676.9927 192.8379 1.5970 1.6327 4.0259 5.0187 1.7116 63.8671 -4.6531 -3.6111
Car -1 -1 -7.7935 487.7035 172.2976 506.8843 188.4339 1.5207 1.6238 3.5451 -10.9043 1.4680 69.8407 -7.9480 -3.6488
Car -1 -1 -5.1755 661.3456 176.2561 697.9079 194.2290 1.4501 1.6255 3.6113 5.8206 1.7465 60.9424 -5.0811 -3.8510
Car -1 -1 -2.0388 137.6429 174.1676 186.5262 194.6380 1.6283 1.6738 4.2837 -36.9514 1.7396 59.4606 -2.5930 -4.2797
Car -1 -1 -4.5959 846.7490 181.7616 877.7082 205.5007 1.5865 1.6561 4.0827 18.2031 2.2562 52.0690 -4.2619 -4.2858
Car -1 -1 -4.9333 0.0000 172.4303 38.6874 197.8690 1.6564 1.8935 4.3496 -40.7159 1.6285 49.0628 -5.6234 -4.3935
Car -1 -1 -4.7045 70.4902 173.4827 99.0018 194.5287 1.5916 1.7643 4.0055 -41.3696 1.6427 56.8383 -5.3315 -4.4512
Car -1 -1 -4.5710 238.3396 170.1095 271.2021 189.7543 1.4685 1.7238 4.1386 -27.6319 1.2631 56.1724 -5.0264 -4.4806
Car -1 -1 -7.2545 263.8349 169.3984 314.3257 190.9994 1.7073 1.7442 4.1549 -26.3043 1.4339 59.2310 -7.6710 -4.6213
Car -1 -1 -6.0752 529.7737 171.2632 577.6215 188.2190 1.5620 1.6760 4.2128 -5.2752 1.4151 67.5734 -6.1531 -4.7257
Car -1 -1 -5.0749 675.6554 172.2063 716.7115 195.7226 1.6826 1.6931 4.0808 6.3476 1.6359 53.8107 -4.9585 -4.8241
Car -1 -1 -4.5434 370.9356 169.6636 401.1806 190.7691 1.7295 1.7571 4.2943 -19.0250 1.4678 61.3702 -4.8430 -4.9086
Car -1 -1 -4.2337 50.4138 177.8486 106.8098 201.6198 1.6650 1.8582 3.6960 -39.2314 2.0475 53.3340 -4.8657 -4.9090
Car -1 -1 -4.2045 787.5580 181.3229 829.3724 199.9773 1.4117 1.5894 3.8530 16.0305 2.1182 58.2904 -3.9378 -4.9501
Car -1 -1 -4.6748 928.3730 184.5032 955.2473 211.0269 1.7029 1.5690 3.7208 23.0368 2.5442 50.1101 -4.2467 -5.0173
Car -1 -1 -4.4384 281.1268 168.0479 328.0240 193.8351 1.6706 1.7341 4.6797 -20.7684 1.3590 49.1740 -4.8362 -5.0266
Car -1 -1 -4.5621 881.6198 189.0523 923.1604 218.4381 1.4758 1.6085 3.9659 16.4876 2.4364 40.6866 -4.1803 -5.0287
Car -1 -1 -4.9003 971.9227 190.1293 1014.1875 215.7473 1.4472 1.6005 4.2236 24.3492 2.6035 46.0535 -4.4172 -5.0466
Car -1 -1 -4.8912 380.6326 165.2121 420.7419 192.5869 1.7138 1.7336 4.6949 -13.9065 1.2351 47.6599 -5.1739 -5.1563
Car -1 -1 -5.0997 778.7463 179.0629 811.7468 196.1479 1.4379 1.4583 3.9370 16.4344 2.0083 64.2660 -4.8508 -5.2101
Car -1 -1 -4.4942 150.9005 166.9541 192.8663 191.1597 1.6506 1.6345 4.4329 -31.2716 1.2480 51.5641 -5.0372 -5.2398
Car -1 -1 -4.1599 334.8721 172.3074 403.5680 202.4898 1.5846 1.6745 4.1758 -13.3340 1.5556 40.1068 -4.4792 -5.2759
Car -1 -1 -5.0342 557.5906 171.1369 592.8413 191.8207 1.4712 1.5385 3.5876 -2.6318 1.3488 53.2728 -5.0836 -5.3599
Car -1 -1 -4.5654 171.5520 167.4641 208.7821 190.4991 1.6822 1.7703 4.8116 -32.1137 1.2883 55.2563 -5.0899 -5.3767
Car -1 -1 -4.7636 905.6965 188.2095 946.1922 223.1135 1.6052 1.6853 4.1966 16.2882 2.4497 37.4328 -4.3567 -5.3920
Car -1 -1 -4.8618 378.9389 170.1361 415.9263 195.8472 1.4656 1.5662 3.8536 -12.8013 1.3104 43.2081 -5.1485 -5.4522
Car -1 -1 -7.8488 488.6299 175.3930 532.5297 215.7226 1.4330 1.5673 3.9507 -3.8860 1.5383 27.9589 -7.9861 -5.4784
Car -1 -1 -4.4227 145.2936 169.2875 187.8928 191.3709 1.6134 1.6606 4.0731 -33.6993 1.3525 54.8957 -4.9712 -5.4867
Car -1 -1 -4.7149 213.4160 165.5657 239.9342 189.0555 1.6438 1.6518 4.3206 -28.0696 1.1334 52.7862 -5.2017 -5.4979
Car -1 -1 -2.2582 0.0000 182.0003 74.9234 374.0000 1.4055 1.5875 4.1938 -6.1029 1.4730 4.5065 -3.1643 -5.6533
Car -1 -1 -5.1520 750.0621 177.3114 791.9144 197.3773 1.4965 1.6342 4.0744 12.6249 1.8613 56.9412 -4.9354 -5.6759
Car -1 -1 -4.2841 161.5526 169.2569 207.3408 188.3745 1.4862 1.6652 3.9966 -34.2659 1.2063 58.1651 -4.8147 -5.7071
Car -1 -1 -4.7569 1115.2445 178.1411 1143.4640 197.6087 1.4697 1.6458 3.8289 41.4217 1.9068 57.6403 -4.1365 -5.7293
Car -1 -1 -4.8332 1184.5723 184.1874 1225.6509 209.5551 1.6284 1.7303 3.9420 41.4335 2.4524 50.3472 -4.1480 -5.7392
Car -1 -1 -4.8515 1225.9501 184.0775 1241.0000 210.3687 1.5626 1.6945 3.8993 41.3174 2.3223 46.7669 -4.1315 -5.7535
Car -1 -1 -4.5836 89.1419 174.6477 121.0538 192.3229 1.3926 1.6414 4.0572 -41.5930 1.5456 59.4710 -5.1920 -5.8681
Car -1 -1 -4.9629 1241.0000 166.4836 1241.0000 197.2874 1.4937 1.6485 4.0007 41.4677 1.1845 37.1100 -4.1262 -5.8867
Car -1 -1 -4.9328 1241.0000 167.7407 1241.0000 196.1838 1.4745 1.6420 3.9923 41.4681 1.2091 39.5221 -4.1273 -5.8867
Car -1 -1 -1.7059 0.0000 174.2385 3.5848 199.5022 1.5735 1.6891 4.1410 -41.1677 1.6676 47.1605 -2.4209 -5.8867
Car -1 -1 -4.8547 759.5851 176.3112 786.3448 194.5858 1.4405 1.6078 3.9136 13.4092 1.7356 59.6493 -4.6350 -5.8867
Car -1 -1 -5.0878 613.4260 168.1606 653.9341 196.2363 1.8480 1.5111 3.7191 1.5506 1.5388 49.4991 -5.0571 -6.0055
Car -1 -1 -4.6038 828.8596 182.0577 857.0126 204.5246 1.7612 1.7822 4.6860 19.7404 2.5725 61.1168 -4.2934 -6.0095
Car -1 -1 -4.3624 411.1269 167.4662 445.9487 184.7604 1.4388 1.6478 3.9559 -15.5920 0.9903 62.0817 -4.6077 -6.0660
Car -1 -1 -4.3632 208.7856 169.2676 246.7566 188.6295 1.5668 1.6120 3.7666 -31.9508 1.2763 60.3642 -4.8484 -6.1770
Car -1 -1 -7.3790 344.5457 170.3081 385.1753 188.9397 1.7480 1.8959 4.4752 -23.7598 1.5089 70.0488 -7.7051 -6.2816
Car -1 -1 -5.2710 0.0000 168.0619 38.8820 198.8396 1.7900 1.7667 4.4006 -36.9479 1.5110 43.4781 -5.9724 -6.2843
Car -1 -1 -7.7560 0.0000 0.0000 1241.0000 374.0000 1.3012 2.9380 8.1689 -0.5152 2.2091 3.5679 -7.8941 -6.4468
Car -1 -1 -3.1729 209.8101 168.2178 276.0435 190.3409 1.7174 1.7532 4.6777 -29.4620 1.3572 57.9023 -3.6419 -6.6953
Car -1 -1 -8.0184 507.8884 180.9859 529.7111 200.7886 1.6103 1.3822 2.9435 -7.8292 2.3224 61.6019 -8.1447 -6.8912
