Car -1 -1 -7.3074 0.0000 194.3158 354.2498 374.0000 1.4817 1.5929 3.7893 -3.6189 1.7120 5.8516 -7.8419 6.0989
Car -1 -1 -7.7848 511.9086 182.5062 543.2203 208.1660 1.4321 1.6237 3.8312 -4.9843 2.0423 43.6856 -7.8982 3.6636
Car -1 -1 -7.8729 587.9062 183.7726 616.7745 207.9550 1.2903 1.6021 3.6545 -0.5186 1.9539 42.0222 -7.8857 3.3800
Car -1 -1 -7.1579 212.8696 177.9365 293.1512 209.4237 1.5898 1.7108 4.0573 -19.3872 1.8817 39.3064 -7.6137 -0.7344
Car -1 -1 -7.1273 71.5500 181.6094 153.6771 213.8450 1.5393 1.6015 3.4456 -25.6248 2.0129 37.2483 -7.7268 -1.0498
Car -1 -1 -4.9330 0.0000 179.5719 28.1748 206.7709 1.5551 1.7029 4.5064 -37.5173 1.9864 44.3057 -5.6328 -1.5145
Car -1 -1 -4.6180 694.0158 186.8895 719.2830 207.3437 1.5236 1.6700 4.1586 7.9090 2.7141 58.9992 -4.4860 -2.5630
Car -1 -1 -4.7298 715.3610 184.9592 734.3096 201.7679 1.4940 1.7210 4.3681 11.0434 2.7013 69.6996 -4.5738 -2.9880
Car -1 -1 -5.3601 717.1395 184.0114 761.2267 205.3862 1.6406 1.6301 3.7729 10.5998 2.5931 59.5712 -5.1854 -2.9951
Car -1 -1 -2.2511 383.8195 181.6289 424.9933 199.4378 1.6397 1.6456 4.0823 -20.0083 2.5144 70.1017 -2.5284 -3.6007
Car -1 -1 -7.4673 272.7948 181.2968 328.7499 207.8401 1.5115 1.6614 4.3417 -19.0896 2.0593 44.6590 -7.8694 -3.9556
Car -1 -1 -4.1700 715.5192 184.5662 754.6316 202.2689 1.4872 1.6116 4.1068 11.3510 2.5831 65.4493 -3.9996 -4.0733
Car -1 -1 -3.9624 86.0230 180.9467 160.8704 207.1629 1.5760 1.6667 4.1197 -31.5480 2.1259 46.8808 -4.5523 -4.1226
Car -1 -1 -3.8102 67.0040 184.8952 167.0686 219.3471 1.5013 1.6228 3.8135 -23.8088 2.1187 34.9481 -4.4049 -4.2274
Car -1 -1 -4.4623 740.7075 193.9247 783.7272 223.1992 1.5150 1.5910 3.7860 8.9365 2.8111 42.3422 -4.2564 -4.3453
Car -1 -1 -6.5916 0.0000 0.0000 1241.0000 374.0000 1.4832 1.4579 3.2114 -3.3355 1.5326 1.1856 -7.7479 -4.3857
Car -1 -1 -4.4951 108.2352 182.3603 174.7342 221.7272 1.6017 1.6682 4.0673 -21.1186 2.0600 32.6145 -5.0662 -4.4389
Car -1 -1 -4.5791 0.0000 185.2689 20.6768 218.8909 1.4851 1.7085 3.5867 -30.2259 2.1260 35.2958 -5.2837 -4.5060
Car -1 -1 -4.8212 469.3886 179.3302 503.8604 208.6092 1.6381 1.6102 4.0694 -7.5169 2.0479 43.5106 -4.9917 -4.6809
Car -1 -1 -5.0000 507.4494 176.5722 539.5282 196.2630 1.5885 1.6545 3.9047 -7.3866 1.9141 61.1285 -5.1201 -4.8341
Car -1 -1 -4.5052 0.0000 182.3107 7.0142 219.8401 1.5196 1.7328 4.1031 -28.8328 1.9749 32.5440 -5.2263 -4.8959
Car -1 -1 -5.0635 0.0000 195.3190 44.9685 257.5359 1.4782 1.5952 4.0110 -17.6528 2.1529 20.0123 -5.7799 -4.9524
Car -1 -1 -5.0936 505.6787 180.4273 547.2032 203.4731 1.5967 1.6312 4.1616 -6.2859 2.1830 53.6674 -5.2101 -4.9529
Car -1 -1 -5.0438 1173.8635 172.9360 1241.0000 211.3804 1.4795 1.4900 3.6527 24.8018 1.4828 29.7473 -4.3540 -5.0223
Car -1 -1 -4.4432 367.9442 182.7430 394.8668 197.1284 1.3150 1.5356 3.8755 -22.3573 2.3096 70.6245 -4.7490 -5.0524
Car -1 -1 -4.1512 469.1549 179.2770 511.5166 198.7494 1.5045 1.5451 3.9964 -9.8158 2.0512 59.3028 -4.3149 -5.0742
Car -1 -1 -7.5938 66.7369 182.5412 138.3275 219.7631 1.4907 1.6646 3.8024 -22.4787 1.9485 32.0466 -8.2018 -5.0984
Car -1 -1 -4.8482 171.3062 181.1222 203.1262 202.0217 1.4846 1.5859 3.8272 -32.1783 2.1355 54.8295 -5.3770 -5.1121
Car -1 -1 -4.4832 0.0000 181.0559 19.4300 204.0807 1.4207 1.7008 4.2767 -41.3365 1.9972 48.4446 -5.1870 -5.2548
Car -1 -1 -4.7160 153.3464 181.4297 179.1195 202.3916 1.4473 1.5880 4.6048 -33.3248 2.1187 54.1384 -5.2657 -5.3206
Car -1 -1 -4.8589 349.8713 181.6324 375.1606 199.6277 1.4302 1.5318 3.4962 -21.0062 2.1966 61.1094 -5.1889 -5.3231
Car -1 -1 -7.0147 0.0000 0.0000 1241.0000 374.0000 1.5043 1.4770 3.3510 -2.1041 1.5375 1.2783 -7.9487 -5.3997
Car -1 -1 -4.7169 651.9944 182.0969 675.9383 205.7898 1.5721 1.6473 4.6389 3.8489 2.2695 52.0954 -4.6441 -5.4143
Car -1 -1 -4.7226 0.0000 180.7811 43.4161 217.1210 1.5327 1.6631 4.0409 -27.4192 1.9226 33.4273 -5.4058 -5.5222
Car -1 -1 -4.1937 0.0000 184.4650 140.1633 242.0062 1.3473 1.6115 3.7578 -14.6985 1.6947 19.6461 -4.8297 -5.5875
Car -1 -1 -4.7516 376.7067 179.8661 401.6287 200.6210 1.3693 1.5362 3.8188 -15.6813 1.8851 51.0477 -5.0485 -5.6151
Car -1 -1 -4.6482 418.7133 179.9193 441.6545 197.4219 1.3984 1.6310 4.3017 -15.3737 2.0247 61.7354 -4.8916 -5.6975
Car -1 -1 -4.5723 551.5895 182.3964 573.0890 199.4413 1.5790 1.5979 3.8016 -4.6805 2.5434 70.9869 -4.6383 -5.7252
Car -1 -1 -4.6047 387.3944 178.3912 415.8217 201.6036 1.8230 1.8023 4.4981 -17.3563 2.3027 60.1682 -4.8847 -5.7284
Car -1 -1 -4.5746 415.7047 180.6810 447.6916 201.8104 1.3970 1.6421 4.3055 -12.7278 1.9804 51.5814 -4.8157 -5.7685
Car -1 -1 -4.5918 598.9070 180.1037 621.0284 195.5850 1.3837 1.6159 4.2092 0.0073 2.0959 68.7262 -4.5921 -5.7741
Car -1 -1 -4.8535 695.7652 185.4494 717.9490 202.7351 1.6007 1.6689 3.6463 9.5266 2.8773 71.3151 -4.7218 -5.8841
Car -1 -1 -4.4850 0.0000 181.2008 0.0000 208.0815 1.4740 1.6414 4.0161 -41.6141 1.9964 43.0415 -5.2505 -5.8867
Car -1 -1 -4.5151 0.0000 180.1203 0.0000 206.2228 1.5236 1.6499 4.0259 -41.4575 2.0029 45.4659 -5.2516 -5.8867
Car -1 -1 -4.6231 68.5855 182.2354 99.7522 202.2955 1.4730 1.6365 4.0068 -41.6087 2.2431 57.1209 -5.2506 -5.8867
Car -1 -1 -4.6008 39.4624 181.2157 74.1548 201.8361 1.4413 1.6290 4.0049 -41.6107 2.0951 54.3028 -5.2524 -5.8867
Car -1 -1 -7.5639 151.0769 0.0000 1241.0000 374.0000 1.5436 1.5931 3.8065 -0.4954 1.5990 1.0049 -7.9396 -5.8867
Car -1 -1 -6.6232 0.0000 0.0000 1241.0000 374.0000 1.5194 1.5861 3.7964 -4.9287 1.5709 0.9961 -7.9398 -5.8867
Car -1 -1 -4.5747 6.9306 180.5405 45.9130 201.8990 1.4155 1.6201 4.0098 -41.6209 1.9865 51.4936 -5.2521 -5.8867
Car -1 -1 -7.1864 150.7627 183.3418 230.4024 213.0705 1.4255 1.6332 3.7735 -22.0209 2.0061 37.9823 -7.7090 -6.0174
Car -1 -1 -4.7695 349.8105 181.7474 370.4265 197.2927 1.3817 1.6343 3.8735 -23.8120 2.2533 68.6382 -5.1025 -6.1998
Car -1 -1 -5.1739 620.7072 184.4342 666.4633 206.7273 1.4578 1.6341 4.0388 2.3242 2.3209 51.6224 -5.1297 -6.2055
Car -1 -1 -4.4343 104.9080 176.7330 145.1608 202.0318 1.7524 1.4920 3.6127 -35.2795 2.0450 52.5253 -5.0236 -6.4003
Car -1 -1 -4.7419 215.9463 179.4677 239.9849 199.5747 1.5845 1.6684 3.4815 -31.8406 2.1523 60.0536 -5.2279 -6.4108
Car -1 -1 -3.4153 299.6776 175.2683 352.2858 196.9753 1.8669 1.7512 4.0479 -25.3540 2.0885 64.4013 -3.7892 -7.5983
