Car -1 -1 -7.6939 442.1956 185.3620 525.3637 247.0778 1.4920 1.6917 3.7592 -3.4565 1.8728 20.0955 -7.8628 7.2433
Car -1 -1 -7.5939 364.1283 187.1374 444.4193 233.9938 1.3691 1.6733 3.6791 -6.8048 1.8817 24.0608 -7.8672 6.6176
Car -1 -1 -7.8164 539.2282 183.9086 563.2859 205.0549 1.3773 1.5551 3.5134 -4.1254 2.1805 50.6551 -7.8978 1.6333
Car -1 -1 -7.6705 683.4237 184.3331 743.4098 225.2497 1.4372 1.6464 4.1755 4.1609 1.9315 28.8434 -7.5294 -0.7262
Car -1 -1 -4.8608 738.6248 183.1101 779.2344 214.1092 1.5832 1.6336 3.9288 8.1992 2.1825 40.1789 -4.6616 -1.7743
Car -1 -1 -7.9792 635.4061 181.4821 661.1226 202.1263 1.6177 1.6560 3.9494 3.1367 2.3623 60.2665 -7.9279 -2.6827
Car -1 -1 -7.9700 721.3124 180.5558 762.1967 213.5285 1.6048 1.6505 4.0425 6.8690 2.0338 38.1510 -7.7938 -3.3699
Car -1 -1 -2.8938 386.2192 181.0983 456.2177 206.4608 1.5260 1.6627 3.9175 -11.7173 2.0474 44.8080 -3.1485 -3.6263
Car -1 -1 -3.8875 56.8074 182.9316 238.8315 257.4070 1.5340 1.5858 3.5153 -10.9344 1.8017 17.2823 -4.4449 -3.8044
Car -1 -1 -6.6576 540.5123 183.6009 600.7388 206.7389 1.6031 1.7174 4.0837 -2.9266 2.4186 53.1388 -6.7129 -3.8610
Car -1 -1 -4.7757 491.5704 182.2521 510.4044 198.6294 1.5094 1.5933 3.6588 -10.7223 2.4555 70.7039 -4.9260 -3.9341
Car -1 -1 -4.1455 497.0995 183.6480 539.7778 205.5140 1.5868 1.5977 3.6452 -7.1352 2.4587 56.3137 -4.2714 -4.0389
Car -1 -1 -4.8948 432.8834 180.4914 469.3583 205.8768 1.5316 1.6094 4.0480 -10.4265 2.0521 47.0210 -5.1122 -4.0918
Car -1 -1 -4.8304 216.5252 183.7599 271.3769 223.9492 1.4604 1.5739 3.5412 -14.8803 1.9298 29.1660 -5.2988 -4.4280
Car -1 -1 -4.5855 710.5529 186.7290 735.7474 207.7961 1.6068 1.5864 3.9613 9.4054 2.8002 59.9523 -4.4312 -4.4489
Car -1 -1 -7.7671 403.7879 186.1915 452.4214 225.8317 1.5081 1.6900 3.6571 -7.7160 2.1111 30.6946 -8.0119 -4.4965
Car -1 -1 -4.7002 254.1292 177.3974 284.5879 205.5902 1.5735 1.5801 4.5979 -20.5163 1.8622 43.4712 -5.1391 -4.5007
Car -1 -1 -4.3135 616.0101 184.5148 659.8347 208.4948 1.5089 1.6371 3.8663 1.9279 2.3432 49.5409 -4.2754 -4.5061
Car -1 -1 -3.7353 130.4646 185.4864 198.6102 210.0653 1.5185 1.5639 3.6564 -29.9782 2.4039 48.6071 -4.2858 -4.5262
Car -1 -1 -3.4602 571.4167 185.5489 629.9243 208.1851 1.6382 1.7379 4.1561 -0.7504 2.6390 55.4002 -3.4743 -4.5472
Car -1 -1 -3.3724 725.5157 183.7201 790.0601 208.4386 1.6204 1.6611 4.0157 9.9654 2.3711 48.9784 -3.1734 -4.6271
Car -1 -1 -4.1627 69.2031 186.4217 130.1096 209.5817 1.5630 1.7019 4.2589 -37.7262 2.6083 53.4267 -4.7754 -4.7943
Car -1 -1 -4.7139 345.2881 181.6684 375.5546 210.7011 1.5446 1.5757 3.2688 -14.3138 2.0707 41.2847 -5.0460 -4.8409
Car -1 -1 -4.5022 918.1002 192.9593 945.8322 211.7614 1.5357 1.5767 3.5712 28.9657 3.3975 64.9213 -4.0848 -4.9752
Car -1 -1 -4.8650 402.6482 185.2173 451.0284 217.4321 1.4402 1.7004 4.5047 -9.3662 2.1067 36.5099 -5.1149 -5.0201
Car -1 -1 -4.7912 826.5419 190.0898 856.8812 212.8200 1.5079 1.7903 4.5117 17.2319 2.8527 53.9073 -4.4840 -5.0432
Car -1 -1 -4.7252 369.6587 180.8138 400.7703 210.8607 1.6079 1.6466 3.9196 -13.0967 2.0926 41.8520 -5.0271 -5.2670
Car -1 -1 -8.3002 509.1743 181.8421 559.5764 205.8186 1.6380 1.8385 4.7851 -5.7120 2.3380 53.7000 -8.4061 -5.3485
Car -1 -1 -4.6679 901.0930 193.4757 926.4310 216.4222 1.6676 1.7295 4.3178 24.8116 3.4180 58.9319 -4.2719 -5.3770
Car -1 -1 -2.1725 88.8694 184.6118 151.1703 210.5919 1.6428 1.6323 3.7345 -32.8781 2.4542 48.3726 -2.7671 -5.4715
Car -1 -1 -4.7772 359.5079 181.8612 381.0764 198.6322 1.4464 1.6410 3.8726 -22.1666 2.3037 66.5915 -5.0977 -5.5616
Car -1 -1 -4.6082 359.1744 180.5731 389.8347 202.4244 1.4283 1.6370 4.0610 -16.5789 1.9949 50.8414 -4.9222 -5.5893
Car -1 -1 -4.4421 316.5492 178.8211 360.7807 201.7951 1.3621 1.5951 4.1068 -17.2652 1.7597 45.9936 -4.7996 -5.6091
Car -1 -1 -4.3106 257.2175 187.2333 296.8983 206.7012 1.5781 1.7169 4.0721 -29.3109 2.8862 63.5935 -4.7412 -5.6198
Car -1 -1 -4.3438 450.7178 180.1482 507.2701 208.7675 1.4139 1.6004 4.1904 -7.0412 1.8300 38.9806 -4.5217 -5.6590
Car -1 -1 -4.5450 111.1469 182.4765 161.0601 213.4641 1.7541 1.7861 5.0203 -29.5982 2.3914 45.1524 -5.1227 -5.7447
Car -1 -1 -4.2386 163.1528 183.1136 213.3406 203.5652 1.4302 1.5695 4.1227 -31.9089 2.2371 54.6657 -4.7651 -5.7888
Car -1 -1 -4.5725 208.3375 183.0250 237.6322 202.5296 1.5349 1.6399 4.0308 -32.8183 2.4282 61.2213 -5.0630 -5.8196
Car -1 -1 -4.9122 372.3789 182.9406 421.8375 211.4504 1.3749 1.7321 4.2407 -11.5043 1.9474 38.6895 -5.1998 -5.8307
Car -1 -1 -4.1263 159.9521 180.8172 238.9827 211.9664 1.5008 1.6106 4.0879 -21.5138 1.9423 37.9338 -4.6394 -5.8660
Car -1 -1 -5.2112 532.6645 180.8575 576.0199 200.7430 1.5100 1.6787 4.2777 -4.6061 2.1875 58.8531 -5.2894 -5.8754
Car -1 -1 -4.6081 35.3856 185.3173 70.3555 207.3746 1.5083 1.6512 4.0185 -41.6019 2.4762 53.9080 -5.2631 -5.8867
Car -1 -1 -4.3764 345.2664 179.5854 391.0705 203.1836 1.4155 1.5818 3.9256 -15.5167 1.8663 46.3800 -4.6978 -5.8867
Car -1 -1 -6.7849 0.0000 0.0000 1241.0000 374.0000 1.5489 1.5902 3.8048 -2.9054 1.6588 1.0034 -7.9390 -5.8867
Car -1 -1 -4.5478 0.0000 184.6971 14.9908 209.4966 1.5286 1.6509 4.0101 -41.6070 2.3622 48.6651 -5.2526 -5.8867
Car -1 -1 -4.4273 0.0000 185.3246 0.0000 217.5070 1.5341 1.6545 4.0147 -41.6102 2.2313 38.2074 -5.2519 -5.8867
Car -1 -1 -4.6615 112.1796 183.3254 138.2373 202.3043 1.5106 1.6493 4.0133 -41.6049 2.4404 61.9439 -5.2511 -5.8867
Car -1 -1 -4.6342 80.1187 183.0753 109.9590 203.2871 1.5129 1.6486 4.0129 -41.6066 2.3691 58.3220 -5.2519 -5.8867
Car -1 -1 -4.4889 0.0000 185.2400 0.0000 213.3045 1.5324 1.6543 4.0125 -41.6085 2.3147 43.4405 -5.2498 -5.8867
Car -1 -1 -4.5818 6.7408 186.1636 46.0799 209.8344 1.5391 1.6639 4.0294 -41.6178 2.5283 51.4899 -5.2592 -5.8867
Car -1 -1 -7.1464 51.8348 0.0000 1241.0000 374.0000 1.5455 1.5893 3.8044 -1.2976 1.6278 1.0043 -7.9392 -5.8867
Car -1 -1 -4.6768 131.3941 183.2349 155.4578 201.6960 1.5299 1.6555 4.0150 -41.6047 2.4865 64.3600 -5.2489 -5.8867
Car -1 -1 -3.5047 0.0000 193.6861 0.0000 374.0000 1.5033 1.6059 3.9572 -7.0817 1.6336 2.5302 -4.6974 -5.8867
Car -1 -1 -4.4585 0.0000 185.9923 0.0000 216.3057 1.5382 1.6543 4.0107 -41.6084 2.3166 40.6188 -5.2527 -5.8867
Car -1 -1 -4.4921 471.7567 182.1689 504.2487 202.5846 1.4800 1.6501 4.0670 -9.4981 2.2330 56.2757 -4.6590 -5.9019
Car -1 -1 -5.0087 1095.9901 188.8205 1157.2202 224.1420 1.5864 1.5898 3.1765 25.4829 2.4161 35.7523 -4.3940 -5.9114
Car -1 -1 -4.7172 354.1093 183.6547 372.9975 202.8068 1.5497 1.5109 3.8840 -21.4846 2.5208 62.8128 -5.0458 -5.9638
Car -1 -1 -4.2958 0.0000 181.5683 0.0000 259.1038 1.4122 1.6149 4.1466 -16.7301 1.6304 15.8664 -5.0993 -5.9949
Car -1 -1 -4.4971 0.0000 183.0167 38.8689 209.4090 1.3984 1.6353 3.5319 -34.4832 2.0124 41.6717 -5.1854 -6.0156
Car -1 -1 -4.4363 0.0000 181.5809 0.0000 244.6817 1.4097 1.6167 4.2795 -19.1292 1.6667 19.0095 -5.2178 -6.0387
Car -1 -1 -5.9910 1076.1715 231.8974 1241.0000 374.0000 1.3313 1.5117 2.8391 5.6468 1.9426 5.8677 -5.2509 -7.7465
