Car -1 -1 -7.6394 391.8334 181.6511 498.7585 253.5063 1.4703 1.6760 3.8411 -3.8257 1.7026 17.1574 -7.8562 7.7051
Car -1 -1 -4.1836 105.6419 179.5728 213.4376 221.9328 1.4308 1.6183 3.9860 -16.7644 1.7008 27.0202 -4.7348 5.7954
Car -1 -1 -7.7018 410.6170 182.2309 461.4094 218.3487 1.3992 1.5766 3.5717 -7.3942 1.8225 30.7537 -7.9363 2.8287
Car -1 -1 -7.8415 531.8239 179.6522 555.9083 201.0601 1.3580 1.5611 3.4317 -4.4721 1.8330 48.6696 -7.9330 2.0938
Car -1 -1 -6.6925 0.0000 176.2717 72.4448 211.1892 1.4813 1.6145 3.7602 -27.2117 1.6472 33.0492 -7.3775 -1.1106
Car -1 -1 -4.6147 469.4274 177.4445 492.4548 195.3919 1.4919 1.5978 4.0293 -11.2786 1.9063 63.1088 -4.7912 -1.3658
Car -1 -1 -4.7883 672.0493 178.9144 697.7835 200.1451 1.5287 1.6387 4.1495 5.6702 2.0100 55.2448 -4.6870 -1.9131
Car -1 -1 -8.0868 629.1208 179.5737 668.1840 204.7512 1.4700 1.6241 3.6791 2.3379 1.9082 45.1281 -8.0359 -2.1035
Car -1 -1 -4.8434 467.3908 179.7271 489.1754 194.3941 1.3673 1.6121 3.9798 -13.0799 2.0677 71.4129 -5.0242 -2.9103
Car -1 -1 -4.3028 113.0393 176.4789 183.1388 207.5609 1.5556 1.6553 4.1294 -24.7626 1.7610 38.7853 -4.8681 -3.1146
Car -1 -1 -6.9027 38.0164 176.0071 139.0022 208.6568 1.5169 1.6469 3.8391 -25.9563 1.6831 36.0076 -7.5239 -3.5099
Car -1 -1 -2.2990 182.5062 178.6361 259.4433 205.6098 1.5603 1.7117 4.2817 -23.7189 1.9244 43.9336 -2.7917 -3.8882
Car -1 -1 -4.4134 480.1137 177.8781 506.0380 192.2950 1.3711 1.5582 3.5951 -11.6273 1.8841 71.8245 -4.5736 -4.0200
Car -1 -1 -5.1440 466.7943 186.7921 517.9564 214.1856 1.4860 1.6486 3.6202 -7.0986 2.3562 43.0991 -5.3068 -4.0885
Car -1 -1 -4.3856 345.9760 178.7338 388.0124 202.6431 1.5658 1.6064 3.8765 -16.8650 1.9900 50.1496 -4.7088 -4.1123
Car -1 -1 -7.6823 441.8667 179.9909 495.7128 215.5273 1.4468 1.6920 4.0245 -6.2722 1.7852 32.2184 -7.8736 -4.2066
Car -1 -1 -8.0092 647.7832 178.5586 687.9805 208.9209 1.5194 1.5770 3.7568 3.0211 1.8409 38.7691 -7.9326 -4.2296
Car -1 -1 -4.8242 621.1888 178.9673 649.9363 201.6194 1.5177 1.5866 4.2133 1.7594 1.9735 51.6710 -4.7908 -4.4041
Car -1 -1 -4.7603 381.5629 176.4752 408.1026 201.5290 1.7067 1.6444 3.8143 -15.5129 1.9769 51.8242 -5.0500 -4.4722
Car -1 -1 -4.3850 435.6642 189.9631 483.1340 219.1355 1.5483 1.6852 3.5057 -8.8112 2.5946 42.2986 -4.5897 -4.4724
Car -1 -1 -4.9032 319.6784 177.1236 353.4388 196.6821 1.4983 1.7753 4.3250 -22.2615 1.8583 58.5876 -5.2651 -4.4903
Car -1 -1 -7.9352 181.5604 180.6192 219.7880 207.9402 1.4705 1.6181 4.1603 -24.0369 1.9483 42.2477 -8.4500 -4.5810
Car -1 -1 -4.5009 10.8541 184.1590 62.5465 211.1941 1.4458 1.6772 3.3874 -33.3854 2.1340 42.0571 -5.1690 -4.6616
Car -1 -1 -8.0106 398.4890 177.8842 447.1005 209.5293 1.4311 1.7048 4.0152 -9.3029 1.6936 35.5053 -8.2654 -4.6958
Car -1 -1 -7.8535 592.6526 180.3310 622.8250 207.5017 1.4603 1.6695 4.1375 -0.1714 1.9166 41.9923 -7.8581 -4.8585
Car -1 -1 -6.5512 1035.5446 189.9672 1096.3243 210.5825 1.6106 1.7941 3.9460 37.9319 3.0710 60.1644 -5.9915 -4.8966
Car -1 -1 -4.7269 46.5412 181.1448 79.0293 202.0666 1.4364 1.8665 4.6149 -40.8786 2.0821 53.8287 -5.3742 -4.9009
Car -1 -1 -8.1007 421.4196 177.1245 491.8860 221.1100 1.3968 1.5955 3.4876 -5.4621 1.5570 25.2024 -8.3125 -5.0127
Car -1 -1 -3.5911 0.0000 184.6610 53.6621 217.9166 1.4479 1.6576 3.8555 -29.6677 2.0547 35.0018 -4.2905 -5.0806
Car -1 -1 -4.8835 765.5817 189.3157 812.0322 221.8417 1.4788 1.6105 4.1554 9.0822 2.3731 37.0849 -4.6459 -5.1076
Car -1 -1 -4.8309 481.7513 177.7278 512.7373 201.5226 1.4851 1.5902 3.7922 -7.5545 1.8222 47.9104 -4.9869 -5.1829
Car -1 -1 -5.9700 97.6688 180.3164 174.3114 206.3648 1.5469 1.5383 3.6803 -29.3840 2.0223 44.7743 -6.5483 -5.2197
Car -1 -1 -4.7281 274.2053 177.0874 300.4748 199.6371 1.5383 1.6739 4.0098 -23.4028 1.8570 52.2064 -5.1478 -5.2663
Car -1 -1 -4.6914 515.5549 179.7555 534.3109 195.4810 1.4256 1.7088 4.5216 -8.2175 2.1152 69.7917 -4.8085 -5.2791
Car -1 -1 -7.6300 426.1589 174.7356 477.3584 207.6059 1.5395 1.6456 3.9998 -7.8716 1.6384 36.0315 -7.8440 -5.5226
Car -1 -1 -4.8109 346.2242 178.4961 370.0452 194.8232 1.4265 1.6679 4.3441 -23.4240 1.9680 66.9669 -5.1464 -5.5585
Car -1 -1 -4.9362 656.6962 177.4570 685.3289 194.3738 1.4450 1.6937 4.0921 5.4313 1.8727 64.9447 -4.8535 -5.6987
Car -1 -1 -4.7187 1083.4680 181.9799 1107.5803 200.7312 1.4935 1.6621 3.9223 41.3957 2.2988 61.6009 -4.1296 -5.7567
Car -1 -1 -4.7796 1193.5485 187.3707 1230.4954 212.5517 1.5726 1.6822 3.5897 41.0138 2.6024 49.2543 -4.0887 -5.7674
Car -1 -1 -4.6770 318.8211 178.6622 353.4623 207.6289 1.4357 1.5947 3.8538 -14.6689 1.7635 38.6784 -5.0375 -5.7771
Car -1 -1 -4.6142 567.6452 177.3065 597.0485 199.8233 1.4100 1.5607 4.1935 -1.8371 1.7201 48.1680 -4.6526 -5.8274
Car -1 -1 -4.4995 0.0000 183.0632 0.0000 209.4330 1.4782 1.6396 4.0099 -41.6111 2.1343 44.2466 -5.2513 -5.8867
Car -1 -1 -4.5499 0.0000 183.5336 19.6807 207.4617 1.4931 1.6410 4.0069 -41.6090 2.2508 49.0738 -5.2507 -5.8867
Car -1 -1 -4.9030 1241.0000 167.8714 1241.0000 193.9018 1.4509 1.6329 3.9845 41.4686 1.1729 42.3318 -4.1315 -5.8867
Car -1 -1 -4.6212 68.4894 179.9328 99.8340 199.6259 1.4584 1.6394 4.0207 -41.6129 2.0397 57.1264 -5.2487 -5.8867
Car -1 -1 -4.5252 0.0000 182.3881 0.0000 207.1534 1.4715 1.6368 4.0089 -41.6115 2.1161 46.6620 -5.2507 -5.8867
Car -1 -1 -4.4616 0.0000 184.7247 0.0000 214.0331 1.5088 1.6474 4.0113 -41.6100 2.2188 41.0269 -5.2509 -5.8867
Car -1 -1 -4.9335 1241.0000 167.4828 1241.0000 195.6995 1.4628 1.6376 3.9903 41.4682 1.1841 39.5215 -4.1280 -5.8867
Car -1 -1 -4.5520 7.0258 182.0225 49.0680 205.5178 1.5450 1.6791 4.1679 -41.4313 2.2262 51.4111 -5.2280 -5.8867
Car -1 -1 -4.7699 1141.1132 174.3167 1172.9462 196.1749 1.5869 1.6820 4.0114 41.4737 1.7020 54.8042 -4.1250 -5.8867
Car -1 -1 -5.2351 399.5594 182.0167 457.0944 209.7423 1.5301 1.5931 3.9014 -10.9135 2.1016 43.0678 -5.4822 -5.9579
Car -1 -1 -4.6323 199.8918 179.0976 226.3409 200.6476 1.6725 1.5877 4.0038 -32.6582 2.2048 59.3975 -5.1333 -6.1149
Car -1 -1 -4.7690 1045.0706 190.5501 1073.2615 212.7088 1.6049 1.6749 4.1683 36.0696 3.0832 58.0549 -4.2160 -6.1733
Car -1 -1 -4.6673 0.0000 183.1159 33.6678 209.7342 1.5276 1.5469 4.0807 -37.1521 2.1989 45.1241 -5.3533 -6.1757
Car -1 -1 -8.0439 1011.2258 188.1348 1049.2659 211.5339 1.5481 1.6304 4.1914 30.7328 2.7161 52.9194 -7.5207 -6.1873
Car -1 -1 -5.6870 990.8049 210.2942 1241.0000 374.0000 1.4598 1.5628 2.9414 4.9027 1.8546 5.9740 -5.0250 -6.2556
Car -1 -1 -5.3062 990.9521 186.1276 1040.3959 206.3727 1.7357 1.8075 4.4747 37.6823 3.0139 67.1911 -4.7975 -6.3669
Car -1 -1 -4.4971 660.5811 180.3610 700.2739 206.7032 1.4633 1.5832 3.9036 4.2429 1.9362 43.3797 -4.4008 -6.3752
Car -1 -1 -4.4736 78.7585 179.5098 121.5529 201.0890 1.5241 1.6459 4.4231 -38.6644 2.0509 54.7766 -5.0861 -6.4350
Car -1 -1 -5.9203 73.2152 182.6576 158.7379 208.0786 1.4466 1.5797 3.9233 -29.5598 2.0502 43.2267 -6.5174 -6.4937
Car -1 -1 -5.2649 575.1013 180.1648 611.5444 198.6782 1.6105 1.6050 3.7761 -1.5849 2.3033 66.3839 -5.2891 -6.8566
