Car -1 -1 -7.4905 193.2731 184.2731 429.8755 327.7663 1.5138 1.6475 3.7832 -3.8022 1.6987 9.8064 -7.8521 8.1172
Car -1 -1 -7.7664 479.5941 182.9038 513.7485 209.1390 1.3513 1.5815 3.6044 -6.3446 1.9400 40.4350 -7.9215 4.4875
Car -1 -1 -7.8927 566.1178 180.3126 594.7290 204.5908 1.3872 1.6053 3.6416 -1.8842 1.8639 44.2632 -7.9355 4.1841
Car -1 -1 -4.5521 395.8401 177.8925 429.1855 201.7527 1.5929 1.6958 3.7244 -13.9265 1.9619 50.9320 -4.8181 3.0929
Car -1 -1 -6.6140 705.1211 185.0280 779.8203 212.1871 1.4759 1.6371 3.8831 7.5198 2.1911 41.3049 -6.4358 -1.4099
Car -1 -1 -4.9401 762.4391 179.3636 795.0715 201.1942 1.5188 1.5886 3.4222 12.3111 2.0115 52.9308 -4.7133 -1.9576
Car -1 -1 -5.1356 710.1871 180.3065 748.8640 200.6440 1.5692 1.5868 4.1104 9.7773 2.2057 59.4667 -4.9739 -2.0860
Car -1 -1 -4.9665 403.9090 179.2405 436.7331 196.2920 1.4640 1.7704 4.7863 -17.5036 2.0734 66.3581 -5.2238 -2.2374
Car -1 -1 -5.4668 0.0000 188.6343 24.8015 237.7468 1.4255 1.5905 3.9247 -20.8265 1.9376 22.4874 -6.2080 -3.0849
Car -1 -1 -4.4680 573.8140 175.9683 602.5135 193.9901 1.5604 1.6591 4.1049 -1.9654 1.8519 65.4106 -4.4983 -3.5626
Car -1 -1 -4.5402 452.5737 178.2886 481.7679 199.0897 1.6498 1.7190 4.1012 -11.9354 2.1199 60.3786 -4.7349 -3.9787
Car -1 -1 -4.6222 238.3781 181.8899 273.3860 207.6030 1.5650 1.6971 4.2904 -23.4574 2.1927 47.8428 -5.0761 -4.0640
Car -1 -1 -4.3040 157.7645 183.3692 215.1453 211.8040 1.5642 1.6174 3.6775 -25.2219 2.2191 43.0363 -4.8316 -4.0778
Car -1 -1 -4.0525 127.1027 184.0807 220.1215 221.6798 1.6065 1.7107 3.9184 -20.5465 2.1686 34.1003 -4.5916 -4.1809
Car -1 -1 -4.8008 565.1934 177.9644 595.9309 202.1430 1.5763 1.7487 4.4154 -2.1285 1.9487 50.3169 -4.8433 -4.5524
Car -1 -1 -4.1399 420.0525 176.5185 465.6237 196.2535 1.7241 1.8193 4.7290 -15.3693 2.0744 66.5080 -4.3664 -4.6373
Car -1 -1 -4.8064 185.5964 182.3543 216.4177 203.2093 1.5046 1.7104 4.1606 -31.9400 2.2739 56.2530 -5.3210 -4.6446
Car -1 -1 -4.6835 687.1234 180.7903 719.3511 210.2937 1.5323 1.6989 4.4255 5.3118 2.0089 41.0391 -4.5563 -4.6772
Car -1 -1 -4.6960 627.0399 181.0004 644.3473 197.7389 1.5591 1.6453 3.8102 2.5333 2.3828 71.0432 -4.6610 -4.6843
Car -1 -1 -2.4043 539.8676 176.5653 589.0296 194.2770 1.5168 1.6923 4.4009 -4.1299 1.8596 64.6754 -2.4682 -4.8362
Car -1 -1 -4.4726 735.3318 179.3421 770.4163 202.7091 1.6015 1.5985 4.1112 10.4773 2.0964 52.8752 -4.2786 -4.8516
Car -1 -1 -3.6320 0.0000 195.3097 40.3938 236.8131 1.4622 1.6615 3.9934 -26.3898 2.4604 29.9215 -4.3505 -4.9169
Car -1 -1 -5.0837 590.7593 180.1115 623.8799 196.7356 1.5306 1.7942 4.3351 -0.3207 2.2663 70.8253 -5.0886 -4.9462
Car -1 -1 -5.3627 29.2373 184.2535 114.2153 217.7332 1.5814 1.5613 3.5992 -27.0192 2.1725 36.1842 -6.0007 -5.1977
Car -1 -1 -4.8103 384.8346 178.6564 411.0107 197.4801 1.4059 1.6049 4.0952 -16.9403 1.8852 57.4441 -5.0962 -5.2708
Car -1 -1 -4.1341 304.4765 181.1840 341.5147 198.7751 1.6371 1.6965 3.5866 -28.1802 2.4776 70.9009 -4.5114 -5.5405
Car -1 -1 -4.6775 288.7135 180.5343 323.9058 208.1892 1.4210 1.6725 4.0353 -17.0182 1.8748 40.4711 -5.0735 -5.5681
Car -1 -1 -4.6214 251.9429 182.8247 327.9713 236.3348 1.4264 1.7520 4.2573 -9.8569 1.7672 22.3858 -5.0322 -5.6177
Car -1 -1 -4.7400 260.9108 183.8920 282.6161 201.7489 1.4316 1.5985 3.4374 -29.1457 2.4101 62.0851 -5.1775 -5.6526
Car -1 -1 -4.4906 275.5840 183.3105 302.9164 198.4708 1.3892 1.6184 4.0113 -31.6165 2.4511 71.1708 -4.9075 -5.7067
Car -1 -1 -4.5701 251.1474 181.7768 308.2976 216.4832 1.3416 1.6728 4.0819 -14.2439 1.7545 31.2134 -4.9953 -5.7268
Car -1 -1 -4.7859 0.0000 187.9871 40.7414 216.1141 1.4181 1.6563 3.9613 -33.3051 2.3103 40.5468 -5.4705 -5.7301
Car -1 -1 -4.6436 255.1900 182.3242 316.5532 226.7020 1.3806 1.6913 4.0954 -11.4547 1.7454 25.6051 -5.0607 -5.7437
Car -1 -1 -4.4049 308.4180 180.7356 356.5671 204.6525 1.3553 1.5782 4.1470 -17.0402 1.8631 44.3979 -4.7697 -5.7549
Car -1 -1 -4.7253 257.2337 186.5446 339.7500 253.2514 1.3605 1.6795 4.2371 -7.7973 1.7436 17.9277 -5.1306 -5.8239
Car -1 -1 -4.6057 310.7907 178.0931 351.0580 206.7047 1.4343 1.6087 4.0320 -15.1069 1.7336 39.1147 -4.9723 -5.8322
Car -1 -1 -4.5528 269.2439 176.6838 329.0968 216.6416 1.4932 1.6268 3.9432 -12.6550 1.6605 29.4770 -4.9554 -5.8510
Car -1 -1 -4.5055 271.4882 180.2873 324.6626 211.2563 1.4071 1.6330 4.0059 -15.4938 1.7988 35.9280 -4.9103 -5.8799
Car -1 -1 -4.2300 308.0148 179.8313 366.9865 206.2622 1.4377 1.6118 3.8918 -15.9561 1.8666 42.3513 -4.5885 -5.8867
Car -1 -1 -4.4152 284.8029 181.3439 313.2317 197.3882 1.4379 1.4411 3.7738 -29.5847 2.2687 68.6844 -4.8208 -5.9384
Car -1 -1 -4.5631 293.7798 184.0495 379.6256 241.3617 1.4171 1.6813 4.4018 -7.8937 1.7799 21.0756 -4.9178 -5.9388
Car -1 -1 -4.6917 306.0392 180.7962 361.0597 225.5592 1.3460 1.6233 4.3133 -9.4899 1.6443 24.8180 -5.0537 -5.9403
Car -1 -1 -2.1511 55.2366 183.8432 123.3520 211.6455 1.4405 1.4757 3.2984 -28.6692 2.0641 39.6803 -2.7737 -6.0940
