Car -1 -1 -7.4463 236.9813 182.7424 383.0035 256.8820 1.3758 1.5874 3.6588 -6.4109 1.6164 15.7322 -7.8278 8.1280
Car -1 -1 -7.7247 477.2085 176.0479 545.0271 226.4361 1.4944 1.7141 3.7502 -3.1822 1.6065 23.5161 -7.8584 7.7147
Car -1 -1 -7.7931 549.7842 173.7000 575.3856 193.4516 1.3909 1.6351 4.0631 -3.4778 1.4551 53.0195 -7.8586 1.7097
Car -1 -1 -7.5935 518.1978 171.4588 548.1987 189.4917 1.4490 1.5962 3.6309 -6.3662 1.3366 59.8948 -7.6992 0.8551
Car -1 -1 -6.4128 881.2821 175.0215 967.3158 211.6989 1.4945 1.5649 3.1736 13.2690 1.5901 30.7233 -6.0091 -2.6308
Car -1 -1 -3.1051 759.7288 175.9723 910.8831 233.0573 1.5211 1.5964 4.0061 6.3955 1.6167 20.7852 -2.8112 -2.9068
Car -1 -1 -4.5248 696.4219 179.1530 731.9970 202.5918 1.4528 1.6439 3.9307 6.9377 1.8900 47.9913 -4.3826 -2.9096
Car -1 -1 -6.2964 187.7983 176.9844 270.9501 206.9630 1.6089 1.7076 4.0961 -21.5800 1.8527 40.9241 -6.7792 -3.0165
Car -1 -1 -7.0199 966.6356 188.5955 1054.9839 218.7812 1.5059 1.6631 4.0822 21.3932 2.3761 38.6184 -6.5179 -3.0981
Car -1 -1 -4.8481 976.7076 187.5185 1018.2390 215.6346 1.4696 1.5963 3.8984 22.4653 2.3660 42.0147 -4.3606 -3.3113
Car -1 -1 -4.9434 778.2866 175.0971 814.4147 198.8967 1.7236 1.7173 4.2381 14.0687 1.9003 54.7913 -4.6938 -3.4044
Car -1 -1 -8.2615 490.4871 169.0662 531.8118 188.7790 1.4730 1.7088 4.0633 -7.7502 1.1897 56.0965 -8.3984 -4.1577
Car -1 -1 -4.9817 722.9357 177.3873 766.2312 202.7458 1.5568 1.6901 4.3063 8.7289 1.8677 47.3092 -4.8009 -4.1861
Car -1 -1 -4.3255 434.0652 175.7986 467.7419 194.1849 1.5434 1.5788 3.7570 -13.9161 1.8090 63.1874 -4.5417 -4.4576
Car -1 -1 -5.4236 933.6382 185.5768 1003.1339 213.7148 1.5108 1.5581 3.8059 21.0552 2.2980 42.6224 -4.9681 -4.5171
Car -1 -1 -4.4214 543.8495 175.2433 571.6094 192.5715 1.5479 1.5729 3.7134 -4.8421 1.7759 66.9828 -4.4937 -4.5312
Car -1 -1 -4.8231 363.8920 174.6050 396.1237 198.0544 1.5660 1.7334 3.9049 -16.2055 1.6938 50.6422 -5.1315 -4.6406
Car -1 -1 -4.5591 352.9507 175.6852 394.2480 205.8087 1.4987 1.5174 3.7700 -12.5151 1.6563 38.2529 -4.8735 -4.7900
Car -1 -1 -4.6373 845.4384 174.5922 869.1412 193.6097 1.5313 1.6387 3.2781 20.6473 1.6806 60.2614 -4.3090 -4.7979
Car -1 -1 -6.6731 519.0005 170.9447 575.1277 195.5112 1.8164 1.6557 3.9266 -4.8182 1.6749 54.9851 -6.7605 -4.8026
Car -1 -1 -5.3798 675.1030 173.7390 723.4097 196.6475 1.6528 1.5674 3.8255 6.6417 1.7216 54.2573 -5.2590 -5.1282
Car -1 -1 -4.9047 966.9559 184.5186 1009.0942 210.2968 1.6196 1.7014 4.7016 26.1361 2.4693 50.0853 -4.4267 -5.1760
Car -1 -1 -4.9035 785.1161 168.2701 808.9756 184.5946 1.5512 1.6283 3.3900 18.1770 1.1153 70.3036 -4.6518 -5.1764
Car -1 -1 -4.9541 529.4664 175.9101 554.3311 192.2487 1.4519 1.5243 3.3538 -6.3338 1.7416 66.6366 -5.0488 -5.1842
Car -1 -1 -4.2328 0.0000 182.5303 13.7706 214.1829 1.5559 1.5881 4.2274 -34.4523 2.1098 39.0805 -4.9521 -5.1967
Car -1 -1 -4.8339 423.4240 173.8592 451.1069 192.0438 1.4347 1.7169 4.2195 -14.2915 1.5204 59.4554 -5.0691 -5.2068
Car -1 -1 -5.5173 1176.0958 203.4576 1241.0000 374.0000 1.3861 1.6533 4.3302 4.9795 1.6277 3.4559 -4.5931 -5.2095
Car -1 -1 -4.5555 788.4114 173.7005 814.8044 193.1204 1.5843 1.5666 3.9907 16.2531 1.6583 61.1937 -4.2975 -5.3435
Car -1 -1 -4.5046 0.0000 180.2042 32.1270 203.7866 1.5053 1.7204 4.0383 -41.3331 2.0326 49.6067 -5.1967 -5.4998
Car -1 -1 -4.8988 931.1459 179.2307 970.8137 200.4505 1.4733 1.8041 4.8668 25.5270 1.9750 54.2285 -4.4613 -5.5389
Car -1 -1 -4.7072 716.7028 175.4673 741.9125 200.7988 1.6928 1.6811 3.8155 8.3472 1.8832 50.6541 -4.5453 -5.5758
Car -1 -1 -2.1186 0.0000 187.2145 0.0000 367.7868 1.4504 1.5892 3.9932 -8.6089 1.6127 7.0703 -2.9831 -5.6351
Car -1 -1 -2.2638 0.0000 186.2621 35.1425 374.0000 1.3962 1.5662 4.1104 -5.9874 1.4877 4.0101 -3.2132 -5.6588
Car -1 -1 -4.5320 19.4173 181.0148 61.3097 202.7831 1.4689 1.6670 4.1731 -41.4916 2.0888 52.6000 -5.1975 -5.7373
Car -1 -1 -8.7565 950.7944 186.6128 1241.0000 374.0000 1.6480 1.7298 4.2600 3.5475 1.7523 3.2645 -7.9747 -5.7453
Car -1 -1 -4.5068 121.0043 176.2976 165.8031 203.8133 1.7505 1.6776 4.3833 -31.5406 1.9945 48.8365 -5.0779 -5.7647
Car -1 -1 -5.1098 614.5980 171.4559 652.0414 193.5467 1.8021 1.5908 4.3903 1.9072 1.6877 61.1952 -5.0792 -5.7665
Car -1 -1 -5.2276 863.1400 174.0712 916.7676 195.4768 1.6033 1.8189 4.7467 21.9319 1.7030 56.8087 -4.8613 -5.8423
Car -1 -1 -4.2757 305.2827 173.7563 367.7285 199.1572 1.2934 1.5533 4.1182 -14.7363 1.3445 39.0039 -4.6349 -5.8713
Car -1 -1 -4.8292 1219.3805 170.9873 1241.0000 194.7754 1.4982 1.6535 4.0038 41.4876 1.3803 47.5641 -4.1153 -5.8867
Car -1 -1 -4.9427 1241.0000 168.4867 1241.0000 197.3262 1.4786 1.6397 3.9875 41.4700 1.2544 39.1111 -4.1320 -5.8867
Car -1 -1 -4.4958 0.0000 183.5000 0.0000 210.4553 1.4946 1.6434 4.0090 -41.6106 2.1728 43.8409 -5.2522 -5.8867
Car -1 -1 -4.4417 0.0000 184.8216 0.0000 215.3655 1.5068 1.6464 4.0104 -41.6104 2.1958 39.4181 -5.2508 -5.8867
Car -1 -1 -4.8106 913.5513 177.6092 943.7045 199.1014 1.4953 1.6463 3.8844 23.4338 1.8597 53.2328 -4.3984 -5.8867
Car -1 -1 -4.8660 1241.0000 173.1192 1241.0000 199.3949 1.5649 1.6753 4.0058 41.4715 1.5820 45.1478 -4.1266 -5.8867
Car -1 -1 -4.6066 48.0263 180.9669 81.7834 201.4868 1.4582 1.6356 4.0114 -41.6112 2.1016 55.1090 -5.2512 -5.8867
Car -1 -1 -6.9170 0.0000 0.0000 1241.0000 374.0000 1.5433 1.5886 3.8036 -2.1017 1.6291 1.0044 -7.9392 -5.8867
Car -1 -1 -4.8826 946.4583 177.0436 975.1834 194.7584 1.4967 1.6466 3.8798 31.0740 1.8804 64.0432 -4.4331 -5.8867
Car -1 -1 -4.9012 1241.0000 171.9392 1241.0000 200.4554 1.5729 1.6785 4.0100 41.4700 1.5221 41.9325 -4.1252 -5.8867
Car -1 -1 -4.5239 0.0000 183.8624 0.0000 209.8368 1.5220 1.6509 4.0212 -41.6061 2.2601 46.2491 -5.2538 -5.8867
Car -1 -1 -8.0966 587.1835 169.7708 615.1695 192.2248 1.8660 1.6349 3.3479 -0.8074 1.6094 61.7870 -8.1100 -5.9435
Car -1 -1 -4.6568 593.0230 174.2962 618.3506 197.3548 1.6263 1.6445 4.1747 -0.3122 1.7368 53.2809 -4.6631 -5.9720
Car -1 -1 -5.0652 878.4914 176.4258 916.5903 194.9294 1.4215 1.5634 3.9811 23.1192 1.7193 58.2137 -4.6892 -6.0291
Car -1 -1 -4.2000 1007.9548 177.1129 1047.2408 196.1212 1.7878 1.7079 3.7338 40.6770 2.2124 70.3058 -3.6777 -6.4626
Car -1 -1 -5.4151 972.3394 178.9441 1017.2546 196.9578 1.6908 1.7269 4.0103 37.9598 2.3105 71.3172 -4.9281 -6.5491
