Car -1 -1 -4.3020 240.2348 179.5710 305.5865 210.8796 1.3869 1.5154 3.6064 -16.1056 1.7253 34.5626 -4.7354 4.9448
Car -1 -1 -7.7936 531.9299 181.5487 560.9981 204.8672 1.3843 1.6342 3.6085 -4.0498 1.9606 46.0219 -7.8814 4.5392
Car -1 -1 -7.8365 584.8438 183.5064 616.1179 209.9055 1.2658 1.5616 3.5303 -0.5093 1.8495 37.7914 -7.8505 4.4974
Car -1 -1 -7.3186 176.8829 178.7702 249.6333 209.8591 1.4222 1.5148 3.5831 -19.4808 1.7280 35.5169 -7.8174 -0.1459
Car -1 -1 -4.3608 329.5540 174.5002 374.3463 198.5458 1.7348 1.7314 4.5418 -19.5026 1.8644 54.6475 -4.7023 -1.8219
Car -1 -1 -3.9326 853.0528 189.9062 926.8920 220.7754 1.5497 1.6771 3.6608 15.2567 2.5168 39.4185 -3.5665 -2.0720
Car -1 -1 -4.2946 266.7641 178.1298 321.9948 203.3991 1.4704 1.6443 4.0339 -19.5780 1.8128 44.8535 -4.7042 -2.2422
Car -1 -1 -4.2191 132.1443 182.5198 196.1821 210.3561 1.4773 1.5931 3.6303 -25.5606 2.0571 41.4408 -4.7691 -2.5578
Car -1 -1 -4.6003 623.6987 183.4048 644.6031 201.1909 1.5989 1.5994 3.7290 2.3196 2.6384 69.1488 -4.5674 -2.7707
Car -1 -1 -4.1732 613.7172 184.0046 661.4687 207.2143 1.4096 1.5412 3.5567 1.8214 2.1739 47.5683 -4.1357 -3.1973
Car -1 -1 -3.9624 65.6219 182.8313 130.1938 206.1341 1.6052 1.6740 3.9293 -37.9360 2.3735 53.5258 -4.5768 -3.5860
Car -1 -1 -6.8547 882.4152 192.7913 957.2182 222.9578 1.4443 1.5116 3.2104 15.7838 2.4919 36.9085 -6.4542 -4.1745
Car -1 -1 -4.5574 220.2732 177.0467 254.8230 199.9114 1.6075 1.6653 4.1207 -27.7256 1.9324 53.7579 -5.0317 -4.1865
Car -1 -1 -4.5899 97.1390 185.8105 127.3609 204.6401 1.4078 1.5816 3.6660 -40.4627 2.4969 58.6770 -5.1916 -4.2393
Car -1 -1 -4.6162 0.0000 181.4393 45.8113 227.9075 1.4693 1.5841 3.8749 -21.2605 1.7983 25.6228 -5.3039 -4.2491
Car -1 -1 -4.5561 158.7615 179.9839 205.8441 210.1905 1.5656 1.6775 3.9092 -23.9913 1.9868 40.5280 -5.0879 -4.3732
Car -1 -1 -7.6980 483.1185 174.4237 507.4687 192.1658 1.5516 1.6279 3.6513 -10.3648 1.6972 65.2511 -7.8552 -4.3826
Car -1 -1 -4.8738 647.6224 183.9684 683.0757 208.5802 1.4463 1.6280 4.0618 3.4766 2.1928 46.3870 -4.8001 -4.4347
Car -1 -1 -4.6128 618.1957 182.9007 643.1877 206.1678 1.7340 1.6123 3.9829 1.6586 2.5653 57.6461 -4.5847 -4.4439
Car -1 -1 -4.4244 223.5919 179.6920 276.2945 208.0921 1.4826 1.6137 3.8922 -20.2779 1.8876 40.7116 -4.8841 -4.4492
Car -1 -1 -4.3198 39.8516 182.4989 96.9092 205.7687 1.5793 1.8434 4.3257 -39.8873 2.3215 53.2201 -4.9607 -4.4823
Car -1 -1 -5.3999 631.0679 184.2519 684.7808 205.1092 1.5129 1.8607 4.4226 3.7275 2.4536 57.2321 -5.3358 -4.4883
Car -1 -1 -7.6507 297.6601 175.9550 346.5878 206.0879 1.4835 1.6105 4.0288 -15.1615 1.6560 38.0839 -8.0275 -4.5650
Car -1 -1 -8.4911 841.6432 165.0282 891.3141 193.8018 2.1595 1.7746 3.7154 19.8929 1.5718 56.1885 -8.1528 -4.6602
Car -1 -1 -4.5694 188.6334 180.0719 233.4839 206.5441 1.4043 1.6713 4.2928 -23.0965 1.8456 41.8363 -5.0714 -4.8476
Car -1 -1 -4.5278 639.2301 182.5157 663.1288 197.6753 1.3845 1.6140 4.1578 4.0592 2.3635 70.9248 -4.4714 -4.9120
Car -1 -1 -4.8945 72.6302 184.0274 113.5793 205.6604 1.5775 1.8640 4.4582 -40.9779 2.4963 57.1284 -5.5147 -5.1384
Car -1 -1 -2.4718 0.0000 183.2092 24.7117 374.0000 1.4313 1.6915 4.5586 -8.6337 1.5467 6.7359 -3.3605 -5.5525
Car -1 -1 -4.8449 19.1933 182.8759 58.6258 206.0212 1.5378 1.6872 4.1850 -41.0451 2.2855 51.7899 -5.5127 -5.6920
Car -1 -1 -4.6124 374.3063 176.7258 404.3591 198.2000 1.4633 1.6805 3.9930 -15.9054 1.7537 52.0526 -4.9079 -5.7532
Car -1 -1 -4.4215 94.1228 181.0860 153.5203 208.0797 1.3842 1.6583 4.0697 -27.2527 1.8712 40.5239 -5.0107 -5.8642
Car -1 -1 -7.1453 50.6950 0.0000 1241.0000 374.0000 1.5520 1.5941 3.8069 -1.2985 1.6452 1.0021 -7.9392 -5.8867
Car -1 -1 -8.1631 0.0000 0.0000 853.8109 374.0000 1.5566 1.5943 3.8082 0.3100 1.6459 1.0022 -7.9392 -5.8867
Car -1 -1 -4.3987 365.2860 177.0235 406.9716 198.1831 1.3508 1.5626 3.8988 -15.1164 1.6438 48.7963 -4.6979 -5.8867
Car -1 -1 -4.5604 591.8849 181.5081 615.5676 197.8165 1.4484 1.6414 4.1733 -0.5846 2.2969 68.5823 -4.5693 -5.8965
Car -1 -1 -4.8200 567.9080 183.0410 594.2130 204.5383 1.5269 1.5861 4.0168 -2.2823 2.3377 55.3475 -4.8615 -5.9123
Car -1 -1 -4.4424 110.2535 181.9012 151.5709 200.7908 1.3975 1.6634 4.3218 -38.4094 2.1522 57.9064 -5.0261 -5.9152
Car -1 -1 -4.8225 577.4709 180.8909 610.4928 207.7918 1.6453 1.7117 4.2826 -1.1380 2.2013 47.7033 -4.8467 -5.9227
Car -1 -1 -4.4987 216.0752 181.3074 260.0704 205.5042 1.3557 1.5613 4.0343 -22.6907 1.8970 44.0787 -4.9719 -6.1621
