Car -1 -1 -7.4788 154.8274 182.3990 419.1813 337.8061 1.4884 1.6462 3.7966 -3.7588 1.6330 9.0500 -7.8630 7.4836
Car -1 -1 -7.7468 482.9466 180.3195 519.0835 206.2545 1.3753 1.6688 3.5003 -6.1961 1.8184 41.0715 -7.8960 4.9821
Car -1 -1 -7.8923 568.8397 177.5618 598.4457 202.5068 1.4248 1.6478 3.7239 -1.6742 1.7232 43.8567 -7.9307 3.7416
Car -1 -1 -4.5523 419.8709 175.9088 449.0574 196.0718 1.5385 1.6577 3.9553 -14.0255 1.7912 57.7100 -4.7899 0.9426
Car -1 -1 -4.5290 20.8964 177.9586 77.2810 208.4130 1.5375 1.6671 4.2984 -30.6466 1.8328 39.4890 -5.1859 -1.4002
Car -1 -1 -4.7878 94.4940 175.4558 132.5834 202.7996 1.5830 1.6305 4.0387 -30.5129 1.7498 44.2544 -5.3888 -2.2704
Car -1 -1 -4.7672 413.9680 175.2032 434.0578 191.0972 1.4813 1.6671 4.0879 -18.1121 1.7164 70.0991 -5.0193 -3.0390
Car -1 -1 -7.9725 361.4692 180.1429 383.9536 196.5289 1.5177 1.6442 3.9234 -23.3408 2.2546 70.8484 -8.2900 -3.0707
Car -1 -1 -4.4438 214.9608 179.3327 249.5806 197.8882 1.4586 1.6571 3.5746 -31.3812 2.0142 59.9835 -4.9242 -3.1342
Car -1 -1 -4.2228 230.7190 177.1017 273.5129 196.7032 1.5766 1.6394 3.7847 -30.1186 1.9454 60.7838 -4.6813 -3.2375
Car -1 -1 -7.9195 0.0000 176.1235 30.8206 207.5277 1.5538 1.6714 4.2110 -32.0263 1.7363 38.2396 -8.6134 -3.3367
Car -1 -1 -3.2864 654.9002 180.5639 726.4191 205.4525 1.4740 1.6833 4.1521 4.8698 1.9559 44.2163 -3.1780 -3.3891
Car -1 -1 -3.6660 829.4389 170.0565 912.9551 198.9387 1.5379 1.6453 4.0285 14.2684 1.3886 39.5916 -3.3228 -3.4061
Car -1 -1 -4.7376 79.8715 180.4579 116.4904 210.4746 1.5773 1.6051 4.0628 -29.2145 2.0323 41.0918 -5.3528 -3.4178
Car -1 -1 -7.8211 220.5686 178.0018 257.1321 207.7223 1.5208 1.6545 4.1146 -20.5066 1.8210 39.9016 -8.2933 -3.4631
Car -1 -1 -4.5055 299.7350 181.1742 325.7065 195.9000 1.3713 1.6213 3.8572 -29.4590 2.2196 71.5454 -4.8951 -3.4936
Car -1 -1 -6.4645 846.4252 167.4397 930.6909 199.6590 1.6270 1.6745 3.8521 14.4113 1.3533 37.6078 -6.1015 -3.6398
Car -1 -1 -4.3749 107.3929 183.4326 177.6943 218.0697 1.4488 1.5930 3.6612 -21.5498 1.9662 33.3462 -4.9452 -3.6854
Car -1 -1 -5.4927 733.1943 182.0074 791.1164 204.8771 1.4561 1.6304 3.8901 10.3960 2.1123 49.6760 -5.2881 -4.4142
Car -1 -1 -4.4005 710.9163 182.5693 756.7398 208.6491 1.4922 1.6368 4.1559 7.7620 2.1298 45.1592 -4.2319 -4.5255
Car -1 -1 -2.7664 732.3267 179.7939 811.4324 209.4986 1.6324 1.6681 4.2167 9.4486 2.0579 42.3949 -2.5492 -4.5531
Car -1 -1 -4.2787 295.7466 173.4790 347.1815 197.0847 1.7248 1.8088 4.7901 -22.0560 1.7745 55.2926 -4.6568 -4.6223
Car -1 -1 -4.3002 257.7447 174.4730 317.5277 204.7589 1.6306 1.5629 4.1797 -18.3419 1.7274 41.1654 -4.7172 -4.6792
Car -1 -1 -4.2686 366.8638 175.1893 417.4360 201.7285 1.7914 1.7288 4.3898 -15.4813 1.9650 51.4100 -4.5600 -4.7223
Car -1 -1 -5.4681 246.6170 176.9929 328.3760 206.3225 1.4740 1.5819 4.0889 -17.1207 1.7016 38.2098 -5.8870 -4.8507
Car -1 -1 -4.9011 722.5836 176.1368 756.3418 201.2834 1.7966 1.7129 4.2801 9.6574 2.0529 54.2629 -4.7264 -5.0312
Car -1 -1 -4.6642 243.4728 177.2742 275.6494 204.8945 1.6691 1.6663 4.0068 -22.5534 1.9667 46.4664 -5.1140 -5.1385
Car -1 -1 -4.8010 362.5381 178.2186 391.2998 199.1883 1.4242 1.6209 4.1995 -16.9905 1.8302 52.4037 -5.1134 -5.1428
Car -1 -1 -4.7768 532.4903 180.6588 551.8121 197.6843 1.4987 1.5582 3.5837 -6.3568 2.2451 67.1418 -4.8713 -5.1655
Car -1 -1 -4.7533 662.7779 179.7389 681.3823 197.1975 1.5776 1.5972 4.0251 5.8778 2.2538 68.8563 -4.6690 -5.3650
Car -1 -1 -4.3887 700.3566 180.9780 741.5154 204.3485 1.5484 1.6589 4.2264 7.9511 2.1550 51.6354 -4.2373 -5.4516
Car -1 -1 -4.6021 214.8100 183.8640 274.4752 223.7522 1.3412 1.5965 3.8915 -13.8947 1.7929 27.5225 -5.0660 -5.5489
Car -1 -1 -4.6144 212.5562 181.5285 287.1102 231.5429 1.3905 1.7042 4.3174 -11.5013 1.6968 23.1850 -5.0707 -5.7040
Car -1 -1 -4.4353 229.7668 178.2994 297.8307 213.5255 1.4075 1.6433 3.9952 -15.0989 1.6614 31.5862 -4.8782 -5.8400
Car -1 -1 -4.7115 276.4225 179.0971 348.6747 238.2654 1.4012 1.6562 4.3019 -8.2205 1.5928 19.8773 -5.0993 -5.8420
Car -1 -1 -4.6762 218.0984 182.3983 309.9971 250.6535 1.2876 1.6755 4.2027 -7.8397 1.5355 16.5053 -5.1138 -5.8589
Car -1 -1 -4.5652 286.6826 175.8276 341.1338 210.2563 1.3991 1.6262 4.1379 -13.0520 1.5394 31.9045 -4.9508 -5.8867
Car -1 -1 -4.6143 245.7195 176.9173 306.2905 220.3883 1.4511 1.6286 4.0150 -12.2927 1.6131 26.6533 -5.0429 -5.9012
Car -1 -1 -7.4826 210.9302 177.6728 370.9047 260.7681 1.3184 1.5253 3.4659 -5.7881 1.4194 13.4064 -7.8834 -5.9077
Car -1 -1 -4.6823 307.1528 179.0756 344.4414 209.0019 1.4226 1.6691 4.3103 -14.7778 1.7662 37.5699 -5.0549 -5.9234
Car -1 -1 -4.6117 259.2095 177.1338 329.6225 228.8287 1.4419 1.6113 3.9589 -9.8327 1.5883 22.6081 -5.0180 -6.0533
Car -1 -1 -4.4984 390.6763 174.5701 422.1686 194.2857 1.5128 1.6084 4.0184 -16.2828 1.6548 57.7745 -4.7722 -6.3938
Car -1 -1 -5.6871 0.0000 178.8730 0.0000 374.0000 1.5325 1.7737 3.7665 -8.6469 1.6003 6.7695 -6.5742 -6.4359
Car -1 -1 -5.6161 887.7396 233.5382 1241.0000 374.0000 1.3197 1.4307 2.7095 3.6430 1.9205 5.6282 -5.0669 -7.6949
