Car -1 -1 -7.7917 532.0446 178.9095 561.0524 201.7605 1.3616 1.6127 3.6438 -4.0258 1.7612 45.8115 -7.8792 3.7429
Car -1 -1 -7.8866 586.5637 179.6077 619.1934 207.1293 1.3628 1.6109 3.8447 -0.4626 1.7425 38.6446 -7.8991 3.6455
Car -1 -1 -5.1667 820.8982 171.9226 867.5756 197.4377 1.9284 1.7230 4.4113 18.3578 1.8577 56.8387 -4.8562 1.1810
Car -1 -1 -7.7544 453.5297 169.7215 492.4566 208.6606 1.8605 1.5593 3.7946 -6.9051 1.7106 36.4333 -7.9408 -0.5263
Car -1 -1 -4.9451 17.5699 174.2011 100.3668 217.4582 1.4646 1.5960 3.7200 -20.1943 1.5168 26.3402 -5.5945 -1.1123
Car -1 -1 -4.9270 215.9652 176.3410 264.4957 204.8516 1.5356 1.6296 4.2079 -21.3575 1.7464 41.5306 -5.3996 -2.0011
Car -1 -1 -4.1817 0.0000 180.4509 89.1435 217.5847 1.5395 1.6240 3.4614 -25.3836 1.9003 32.4784 -4.8412 -2.4421
Car -1 -1 -4.9727 832.6517 189.4743 874.2433 215.9364 1.4744 1.5358 3.5830 14.8730 2.5378 44.3417 -4.6517 -2.7658
Car -1 -1 -4.3783 354.6692 173.3770 392.7404 193.4446 1.5700 1.7145 4.0100 -19.1566 1.6136 58.5750 -4.6933 -2.7808
Car -1 -1 -6.9491 873.5140 169.3140 932.4213 195.1244 1.7286 1.6671 3.4654 20.0982 1.4912 49.6093 -6.5666 -3.0915
Car -1 -1 -7.9949 840.8937 188.8041 879.8423 218.5301 1.5344 1.5857 3.6868 14.2428 2.4905 41.3053 -7.6657 -3.1416
Car -1 -1 -7.5464 374.1823 172.6633 409.1872 192.3558 1.6639 1.7413 4.1847 -19.0566 1.6475 63.0712 -7.8389 -3.3368
Car -1 -1 -4.7325 147.7735 178.4057 171.5940 196.1528 1.4817 1.7079 4.3973 -39.9839 1.9915 63.9924 -5.2893 -3.5742
Car -1 -1 -4.5367 30.1796 185.7195 68.4947 207.0999 1.4246 1.5841 3.6131 -40.7038 2.3939 52.4117 -5.1947 -3.5998
Car -1 -1 -4.3394 200.8747 177.2306 245.5529 198.8747 1.5516 1.6354 3.9901 -29.2553 1.8953 54.6411 -4.8291 -3.8278
Car -1 -1 -4.7214 196.9688 178.4402 217.1413 195.0391 1.5346 1.6755 4.1765 -39.3700 2.0969 70.4381 -5.2297 -3.9124
Car -1 -1 -2.0857 431.9139 177.1726 488.6994 204.7897 1.5811 1.6710 3.9203 -9.1929 1.8561 43.9658 -2.2910 -3.9864
Car -1 -1 -4.7292 158.8656 178.0709 189.9481 203.6942 1.4923 1.5969 3.9959 -27.2291 1.8326 45.0008 -5.2709 -4.0536
Car -1 -1 -5.2636 37.5574 179.1578 150.1394 216.2545 1.4884 1.7777 4.7035 -22.4257 1.7766 31.2781 -5.8818 -4.0892
Car -1 -1 -4.5779 626.7408 180.1986 648.1767 196.8033 1.5458 1.6021 3.9248 2.7126 2.2900 71.0717 -4.5403 -4.2931
Car -1 -1 -3.3578 771.7997 189.2376 862.8823 218.9378 1.4233 1.6806 4.1716 10.4160 2.2758 36.5969 -3.0833 -4.3106
Car -1 -1 -2.8938 478.1739 177.4936 544.9928 202.6143 1.4711 1.5665 3.7317 -5.9572 1.7576 43.6079 -3.0292 -4.3535
Car -1 -1 -4.7169 315.6176 173.6028 335.7755 190.5066 1.5189 1.6989 4.2198 -26.5476 1.5908 67.3089 -5.0914 -4.4002
Car -1 -1 -7.8479 588.0427 177.6187 616.6595 204.4720 1.5074 1.6308 3.4436 -0.4826 1.8014 42.8417 -7.8596 -4.7017
Car -1 -1 -4.9716 187.8205 178.7017 221.4137 195.6711 1.4155 1.5958 4.0635 -35.7709 1.9469 63.5893 -5.4824 -4.7190
Car -1 -1 -3.1995 1017.9612 146.2183 1096.8738 173.5771 1.6908 1.6657 4.2074 28.5938 0.0444 46.3195 -2.6492 -4.7995
Car -1 -1 -4.8871 604.9152 178.5590 641.2419 205.2658 1.5264 1.5494 3.9575 0.7200 1.8920 44.2030 -4.8715 -4.8323
Car -1 -1 -5.1867 600.3641 179.2586 639.1155 196.0937 1.5512 1.8653 4.6897 0.8931 2.2026 70.9097 -5.1746 -4.8550
Car -1 -1 -4.7226 365.9445 174.1381 386.7729 192.3110 1.5405 1.6960 4.0628 -20.6582 1.6574 63.6686 -5.0354 -4.9209
Car -1 -1 -4.5279 327.7547 174.2939 353.1827 189.9614 1.4427 1.6015 3.7912 -25.6902 1.5837 68.8136 -4.8841 -4.9693
Car -1 -1 -5.5447 814.6722 176.1170 869.2351 199.2314 1.6182 1.5744 3.7272 16.9907 1.8671 53.0888 -5.2370 -5.2599
Car -1 -1 -5.2882 741.4030 184.8286 809.6849 217.5736 1.4893 1.5834 3.6827 8.2159 2.1244 36.2832 -5.0679 -5.2841
Car -1 -1 -5.0366 628.9193 179.1452 659.1340 196.9319 1.5913 1.7142 3.8201 3.1570 2.2028 68.0912 -4.9909 -5.3798
Car -1 -1 -5.2407 292.0375 174.6549 347.6428 199.5145 1.7640 1.7008 4.6928 -21.6209 1.9028 53.6177 -5.6226 -5.4022
Car -1 -1 -4.6460 178.1873 173.7478 210.4948 195.6266 1.4673 1.6836 4.3267 -29.2971 1.5329 50.8925 -5.1662 -5.4206
Car -1 -1 -4.9536 654.5221 179.2307 688.5165 200.7139 1.5195 1.6583 3.8899 4.5589 2.0173 54.3038 -4.8708 -5.4921
Car -1 -1 -4.5584 95.4375 177.1713 142.1042 203.8307 1.5716 1.8240 4.0362 -30.9180 1.8567 45.4683 -5.1530 -5.5078
Car -1 -1 -5.0246 656.1113 178.2824 688.9186 195.6711 1.4481 1.6708 4.1917 5.4547 1.9439 63.7121 -4.9400 -5.5516
Car -1 -1 -4.6814 7.8500 184.6892 41.4259 208.3908 1.5437 1.7192 4.0372 -41.5571 2.4189 51.2477 -5.3603 -5.6209
Car -1 -1 -4.8519 568.0336 176.6015 602.9677 202.2370 1.5046 1.6220 4.0817 -1.6122 1.7499 45.1290 -4.8878 -5.7493
Car -1 -1 -4.4845 581.7053 177.7138 616.7318 199.6025 1.4688 1.6294 4.0574 -0.7567 1.8301 51.5294 -4.4996 -5.8491
Car -1 -1 -4.8349 135.1876 173.8941 174.6028 198.5224 1.5176 1.7318 3.5729 -29.4221 1.5872 46.5570 -5.3961 -5.8629
Car -1 -1 -4.7532 113.6495 178.3328 139.8440 197.8355 1.5713 1.6915 4.1780 -41.2680 2.0549 61.5476 -5.3421 -5.8867
Car -1 -1 -4.5306 0.0000 180.4422 0.0000 205.3795 1.4516 1.6431 4.0403 -41.5877 1.9520 45.4591 -5.2688 -5.8867
Car -1 -1 -4.4788 0.0000 182.6607 0.0000 210.4607 1.5017 1.6484 4.0180 -41.6124 2.1102 42.6407 -5.2490 -5.8867
Car -1 -1 -7.5642 152.2682 0.0000 1241.0000 374.0000 1.5432 1.5893 3.8038 -0.4940 1.6101 1.0040 -7.9392 -5.8867
Car -1 -1 -4.6627 572.8391 177.1790 596.7950 197.2021 1.3983 1.5758 3.9195 -1.8545 1.7288 53.2105 -4.6977 -5.8867
Car -1 -1 -4.2332 54.6693 182.6206 112.0542 204.6601 1.4874 1.6499 4.1689 -38.4902 2.2315 52.8127 -4.8608 -5.8955
Car -1 -1 -4.9809 338.1718 173.8876 383.8823 201.1437 1.7749 1.8715 4.3656 -17.1502 1.8489 49.4929 -5.3131 -7.1384
Car -1 -1 -5.6866 1019.1401 227.5795 1241.0000 374.0000 1.2954 1.4358 2.6415 4.7758 1.8301 5.5825 -5.0059 -7.7717
