Car -1 -1 -7.3323 43.7339 187.7762 298.1681 304.7969 1.3809 1.5995 3.6095 -6.2990 1.6410 10.7827 -7.8507 7.5272
Car -1 -1 -7.7110 494.6424 177.6809 556.5699 224.1449 1.5030 1.6642 3.7430 -2.9648 1.6868 25.6283 -7.8256 5.8058
Car -1 -1 -7.8128 555.8990 176.3934 579.4935 196.7312 1.4559 1.6215 3.6130 -3.1716 1.7299 54.1057 -7.8715 1.9645
Car -1 -1 -7.7425 504.1905 173.2888 534.7064 196.9300 1.6009 1.6920 4.1312 -6.3891 1.6326 51.0124 -7.8668 -1.9326
Car -1 -1 -8.0387 490.1605 178.1669 522.2759 200.7901 1.3430 1.4762 2.9261 -6.5639 1.6876 45.2178 -8.1824 -2.1533
Car -1 -1 -4.8246 1093.0957 191.2081 1143.2155 224.8083 1.4429 1.5649 3.7395 24.6837 2.3895 35.2060 -4.2177 -2.1829
Car -1 -1 -6.0257 99.1737 179.1137 289.0979 245.1143 1.5161 1.6157 3.8332 -10.3049 1.6837 18.0793 -6.5378 -2.4848
Car -1 -1 -6.8251 1040.7467 180.4197 1241.0000 267.0048 1.4569 1.5678 3.8730 10.3158 1.6064 13.2982 -6.1767 -2.6734
Car -1 -1 -2.8999 701.4993 176.5173 754.0349 195.1925 1.6082 1.6842 4.3519 10.4854 1.9431 64.3989 -2.7396 -3.4139
Car -1 -1 -4.7337 961.4185 176.0034 981.7207 195.5992 1.7929 1.6375 3.7091 34.3754 2.1013 68.6958 -4.2718 -3.4890
Car -1 -1 -5.0955 608.5790 181.2083 639.0743 197.6249 1.5183 1.6681 3.8704 1.3094 2.3642 70.9796 -5.0775 -3.5682
Car -1 -1 -4.5720 977.6526 184.4404 1014.0662 209.0678 1.5253 1.6475 3.9229 26.0438 2.3405 48.7092 -4.0840 -3.6875
Car -1 -1 -4.9244 268.6088 182.6574 304.3345 204.5297 1.5016 1.6063 4.0337 -24.0554 2.2570 53.5195 -5.3452 -3.8039
Car -1 -1 -4.6335 632.8524 180.6896 651.7634 196.5467 1.4894 1.5949 3.6585 3.2090 2.2872 71.5773 -4.5893 -4.1726
Car -1 -1 -4.9227 498.2531 174.1808 543.9550 200.0485 1.5832 1.9434 5.0396 -5.9062 1.6746 47.1376 -5.0471 -4.2564
Car -1 -1 -3.5371 923.5205 185.2747 1000.8195 210.9509 1.4937 1.6350 3.8846 21.2871 2.2630 43.7874 -3.0878 -4.4734
Car -1 -1 -4.8211 717.6632 179.8557 744.1994 200.9311 1.4764 1.5261 3.9177 8.9631 2.0183 53.8722 -4.6576 -4.5725
Car -1 -1 -4.4098 100.3102 186.3475 161.3361 212.9322 1.4464 1.7791 4.7446 -29.3788 2.3226 44.3461 -4.9923 -4.7492
Car -1 -1 -4.5503 193.6854 180.7620 252.0731 219.8055 1.4755 1.5460 3.7767 -16.1263 1.8277 30.1291 -5.0383 -5.0775
Car -1 -1 -1.9058 19.2297 188.1451 76.4824 214.8729 1.7468 1.8559 4.4798 -40.1242 2.8789 51.4393 -2.5659 -5.1089
Car -1 -1 -7.7662 165.5188 182.1852 190.9367 200.4623 1.5435 1.6008 4.3761 -39.2483 2.4218 65.6194 -8.3036 -5.2410
Car -1 -1 -5.3056 656.6682 177.2972 715.1005 202.2574 1.5149 1.6546 4.2825 4.8364 1.8173 46.8820 -5.2039 -5.2845
Car -1 -1 -4.7308 142.7884 183.3178 164.8308 199.6081 1.3519 1.6015 4.0803 -40.9982 2.3221 64.7789 -5.2934 -5.5690
Car -1 -1 -5.9405 724.7588 171.9743 953.0947 261.4690 1.5866 1.6884 4.1050 4.5220 1.5707 14.6885 -5.6483 -5.5907
Car -1 -1 -7.4427 514.5701 175.5799 561.1594 200.1404 1.6131 1.6356 4.3188 -4.9927 1.8112 50.2068 -7.5417 -5.6352
Car -1 -1 -4.4200 112.2545 178.8458 192.8769 220.9756 1.5315 1.6344 3.9999 -18.2997 1.7897 28.9841 -4.9792 -5.7495
Car -1 -1 -4.5506 1086.9976 180.9332 1121.7239 201.4276 1.5947 1.7577 4.0531 41.0050 2.2879 59.8553 -3.9527 -5.8306
Car -1 -1 -4.4800 147.7905 179.2851 195.7326 206.0240 1.5391 1.6481 4.0336 -27.1414 1.9570 44.7485 -5.0228 -5.8571
Car -1 -1 -4.5380 0.0000 186.9690 22.2543 212.5334 1.5724 1.6787 4.1333 -41.4573 2.5744 49.0275 -5.2374 -5.8867
Car -1 -1 -4.4588 0.0000 185.8799 0.0000 216.2195 1.5401 1.6569 4.0159 -41.6080 2.3118 40.6180 -5.2530 -5.8867
Car -1 -1 -4.5141 0.0000 184.7515 0.0000 211.3438 1.5250 1.6522 4.0164 -41.6106 2.3095 45.4468 -5.2526 -5.8867
Car -1 -1 -4.7009 1068.6285 175.5951 1091.8416 194.1237 1.5635 1.6701 4.0062 41.4677 1.8130 63.6449 -4.1259 -5.8867
Car -1 -1 -4.6779 1052.8733 178.5507 1076.1616 196.2678 1.5258 1.6665 3.9750 41.3282 2.0602 65.6126 -4.1182 -5.8867
Car -1 -1 -4.9241 1241.0000 170.6400 1241.0000 199.2176 1.5129 1.6525 3.9954 41.4714 1.3954 40.3210 -4.1285 -5.8867
Car -1 -1 -4.6580 105.5935 183.7139 132.3423 203.1703 1.5262 1.6522 4.0176 -41.5950 2.4785 61.1430 -5.2535 -5.8867
Car -1 -1 -4.6013 39.2162 184.6250 74.3746 206.9301 1.5420 1.6574 4.0158 -41.6049 2.4625 54.2951 -5.2530 -5.8867
Car -1 -1 -4.6779 1038.6628 175.1179 1060.8014 192.0125 1.5308 1.6568 3.9958 41.4839 1.7507 68.0722 -4.1328 -5.8867
Car -1 -1 -4.5171 150.8414 178.9077 210.2293 213.0523 1.4479 1.6079 4.0224 -19.9084 1.7470 33.5274 -5.0497 -5.8867
Car -1 -1 -4.9640 1241.0000 167.3432 1241.0000 198.0893 1.4909 1.6461 3.9966 41.4687 1.2234 37.1077 -4.1273 -5.8867
Car -1 -1 -4.6964 162.8849 181.6191 183.9956 198.4572 1.5016 1.6524 4.0494 -41.5954 2.3630 68.7672 -5.2388 -5.8867
Car -1 -1 -4.4895 0.0000 185.5413 0.0000 213.8841 1.5306 1.6557 4.0157 -41.6176 2.3248 43.0343 -5.2552 -5.8867
Car -1 -1 -4.7017 124.2351 183.5863 147.3760 201.8381 1.4790 1.6436 4.0449 -41.4844 2.4498 63.1394 -5.2812 -5.8867
Car -1 -1 -5.0740 704.4976 176.3217 740.0027 194.0393 1.4199 1.6023 4.0998 9.3956 1.7225 60.8461 -4.9219 -5.8879
Car -1 -1 -4.5039 241.8774 182.2975 271.2258 198.7643 1.4033 1.6164 4.0055 -32.3494 2.2959 66.0830 -4.9578 -5.9232
Car -1 -1 -4.7866 303.8618 184.2338 325.1614 201.8680 1.4891 1.5154 3.7886 -26.9021 2.5553 65.5878 -5.1747 -5.9427
Car -1 -1 -4.1904 155.9680 179.8612 245.9176 214.9284 1.4090 1.6305 4.0683 -17.9739 1.7379 31.8515 -4.7008 -5.9662
Car -1 -1 -4.9327 175.1834 183.5809 212.2600 204.1540 1.4131 1.5987 3.7735 -30.9200 2.2370 53.5048 -5.4548 -6.0890
Car -1 -1 -4.4166 112.3305 180.2166 181.6413 211.8030 1.4286 1.6926 4.4001 -23.0761 1.8203 36.0737 -4.9825 -6.2202
Car -1 -1 -4.8501 537.1119 185.2632 560.1690 203.7295 1.4739 1.4868 3.6488 -5.3347 2.5758 62.1442 -4.9359 -6.3254
