Car -1 -1 -7.7400 521.7031 180.3414 555.1016 203.7520 1.3533 1.6547 3.6770 -4.4326 1.8365 44.7453 -7.8386 4.3431
Car -1 -1 -7.8446 588.4642 183.4479 617.6133 208.0784 1.2753 1.5716 3.5852 -0.4160 1.8988 40.6956 -7.8553 4.2380
Car -1 -1 -7.0169 0.0000 201.9546 209.3078 374.0000 1.4943 1.6620 3.6666 -3.7112 1.6977 3.2007 -7.8351 3.6212
Car -1 -1 -4.3931 116.5332 175.5862 160.8991 196.3375 1.5190 1.6479 4.1130 -36.2721 1.7375 55.5931 -4.9692 -1.5054
Car -1 -1 -5.0665 58.9061 183.3761 127.1028 215.0875 1.4833 1.6034 3.7969 -26.3045 2.0424 36.6293 -5.6860 -1.9624
Car -1 -1 -4.1997 679.4235 186.6767 716.0804 204.4244 1.5669 1.6920 4.1206 8.4295 2.9343 69.2327 -4.0796 -1.9917
Car -1 -1 -4.8116 0.0000 181.7247 23.2928 205.4934 1.4676 1.6204 3.7322 -40.2447 2.0786 47.8421 -5.5083 -2.1882
Car -1 -1 -4.1476 10.0866 180.2247 105.5825 214.7927 1.4902 1.6351 4.0958 -26.0063 1.8599 34.1119 -4.7954 -2.4846
Car -1 -1 -4.5753 1046.2085 175.6085 1094.9353 205.2248 1.4249 1.5984 4.0034 23.7016 1.5742 37.1394 -4.0113 -2.7136
Car -1 -1 -4.3116 281.9929 177.2146 337.3334 202.7680 1.5318 1.7270 4.2811 -19.1550 1.8233 46.1334 -4.7034 -2.8403
Car -1 -1 -7.2735 1015.7745 174.4464 1078.2970 200.7704 1.5943 1.6353 3.6593 27.4769 1.6976 45.4165 -6.7327 -2.9811
Car -1 -1 -2.4645 179.4326 176.5337 267.4191 207.5855 1.5819 1.6416 3.9546 -20.4845 1.7824 38.2115 -2.9539 -3.1403
Car -1 -1 -4.4507 216.4335 178.8223 261.9832 204.5196 1.5177 1.5921 3.9432 -23.4429 1.9125 45.6803 -4.9227 -3.4208
Car -1 -1 -5.4552 708.2085 189.8565 767.7647 216.4611 1.5351 1.6384 3.7625 8.1225 2.6723 46.2481 -5.2831 -3.4470
Car -1 -1 -2.3622 0.0000 180.7087 54.1523 215.6034 1.4800 1.6214 3.9156 -27.2125 1.8386 31.9987 -3.0630 -3.4863
Car -1 -1 -3.3209 244.9457 175.2478 317.6638 202.0114 1.7280 1.7173 4.2435 -22.2573 1.8961 48.8428 -3.7466 -3.6929
Car -1 -1 -4.7093 721.5901 183.7763 738.7433 199.9579 1.4741 1.6076 3.7793 11.7100 2.5701 70.4241 -4.5456 -3.7416
Car -1 -1 -1.7934 15.8689 180.9873 63.6913 207.2912 1.5131 1.6071 3.3405 -34.9951 2.0302 44.2192 -2.4601 -3.7940
Car -1 -1 -4.6810 755.4122 200.7316 789.6896 233.6871 1.4080 1.5721 3.6749 8.1399 2.8804 36.1426 -4.4621 -3.9530
Car -1 -1 -4.5960 88.6134 176.2597 132.0589 202.9103 1.5236 1.7078 4.0687 -30.4453 1.7414 44.0090 -5.1985 -3.9608
Car -1 -1 -2.1730 142.4337 175.9045 200.0059 197.4521 1.5990 1.7793 4.1180 -33.8846 1.8411 55.6717 -2.7179 -3.9804
Car -1 -1 -4.2880 444.6638 179.1331 485.3092 200.6299 1.6060 1.6992 3.9140 -11.4804 2.1219 57.2274 -4.4855 -4.0156
Car -1 -1 -8.0428 96.3025 179.3614 132.1871 200.6350 1.6134 1.6550 4.0166 -39.8621 2.1538 57.9476 -8.6434 -4.1708
Car -1 -1 -4.5208 207.0444 179.7289 269.2928 218.5757 1.4865 1.6255 3.7851 -15.6098 1.7951 30.3773 -4.9922 -4.2847
Car -1 -1 -5.0083 774.5713 202.4601 841.9542 244.8456 1.5026 1.6698 3.7404 8.1494 2.8165 30.1300 -4.7476 -4.3648
Car -1 -1 -8.4776 739.6939 198.0254 804.8499 226.3158 1.3752 1.6319 3.8858 9.1022 2.8763 40.9312 -8.2611 -4.5409
Car -1 -1 -5.2965 556.4886 181.6049 605.7761 204.3653 1.5260 1.6531 3.9328 -2.1509 2.1822 52.0533 -5.3381 -4.5956
Car -1 -1 -2.4659 52.7276 174.3925 115.3197 197.6091 1.7773 1.7148 3.6878 -41.0405 1.8991 56.3073 -3.0937 -4.6911
Car -1 -1 -6.3326 1076.3566 167.7754 1185.4951 203.0017 1.5438 1.6858 4.0055 23.9440 1.3210 33.4101 -5.7152 -4.7231
Car -1 -1 -6.8739 314.5534 171.1981 359.7932 191.1921 1.8877 1.6759 3.8314 -26.5179 1.7311 70.1690 -7.2342 -4.8312
Car -1 -1 -4.6107 130.7483 178.5332 168.3878 203.4643 1.4735 1.6279 3.7259 -29.0806 1.8481 45.6011 -5.1759 -4.8902
Car -1 -1 -7.7418 188.6309 175.8649 298.2950 260.6250 1.6767 1.7571 4.2628 -8.3808 1.7559 16.7401 -8.2000 -5.1311
Car -1 -1 -4.8821 127.6230 178.9929 161.2373 199.4354 1.6035 1.6978 3.9906 -38.6772 2.1300 59.8696 -5.4538 -5.2492
Car -1 -1 -4.7918 566.8256 178.4644 589.1720 195.5378 1.4324 1.6525 4.1659 -2.8977 1.9476 64.1304 -4.8371 -5.2533
Car -1 -1 -4.6268 628.9715 181.0827 649.7017 200.2372 1.7131 1.6321 4.0040 2.7883 2.5168 68.4141 -4.5867 -5.3057
Car -1 -1 -7.5172 0.0000 187.8101 389.0385 374.0000 1.4819 1.5804 3.6911 -2.0610 1.5891 3.2228 -8.0511 -5.4354
Car -1 -1 -4.8765 1028.0663 177.8705 1070.5007 204.9234 1.5324 1.6624 3.1851 26.2864 1.8457 43.3212 -4.3345 -5.4489
Car -1 -1 -4.4918 638.0067 183.2518 665.9503 202.3067 1.4715 1.5707 3.5746 3.4806 2.3604 59.7666 -4.4344 -5.5811
Car -1 -1 -4.0493 297.6730 179.3549 367.6111 205.6009 1.3553 1.5416 3.9616 -15.4977 1.7384 40.4292 -4.4134 -5.7118
Car -1 -1 -3.9545 0.0000 181.6558 64.2622 205.7384 1.4101 1.4385 3.7030 -36.7016 1.9887 45.5454 -4.6301 -5.7781
Car -1 -1 -4.4864 597.8318 180.6015 624.9974 197.0403 1.4424 1.6593 4.1565 0.1463 2.1918 67.6090 -4.4847 -5.7930
Car -1 -1 -4.5840 32.7396 177.6511 69.4451 198.2393 1.4408 1.6388 4.1140 -41.5725 1.8121 53.7032 -5.2405 -5.8601
Car -1 -1 -4.7923 584.4258 178.7572 609.9189 199.7252 1.4884 1.6037 3.9516 -1.0297 1.9500 54.4155 -4.8116 -5.8867
Car -1 -1 -4.5730 6.8727 178.6290 46.1586 199.9340 1.4230 1.6295 4.0181 -41.6171 1.8520 51.4979 -5.2502 -5.8867
Car -1 -1 -4.5180 0.0000 179.0358 0.0000 205.5570 1.5218 1.6711 4.1310 -41.5009 1.9226 44.6224 -5.2643 -5.8867
Car -1 -1 -4.7267 183.3181 176.6799 207.8874 196.7683 1.5043 1.6284 3.9269 -32.7500 1.8171 56.9379 -5.2469 -5.9068
Car -1 -1 -7.8717 879.6315 177.6274 915.5624 208.3222 1.6249 1.8085 4.2705 16.3408 1.9127 41.2341 -7.4973 -5.9305
Car -1 -1 -5.8028 911.1414 238.0001 1241.0000 374.0000 1.2434 1.2319 2.7912 4.1346 1.9391 6.1930 -5.2375 -7.7537
