Car -1 -1 -4.0368 0.0000 179.2776 83.7462 239.7613 1.4208 1.5359 3.4032 -15.9184 1.6051 19.0258 -4.7267 4.6918
Car -1 -1 -7.7636 531.4686 178.9997 561.7289 200.5056 1.2816 1.5992 3.5802 -4.0225 1.6868 45.8154 -7.8511 4.3176
Car -1 -1 -7.8529 587.4555 179.4206 619.2335 205.5603 1.2905 1.6088 3.5657 -0.3938 1.6552 38.3133 -7.8636 4.1413
Car -1 -1 -6.7606 171.8807 179.0105 221.9631 195.2733 1.4780 1.6448 3.8429 -39.5938 2.0857 69.1958 -7.2789 -2.0801
Car -1 -1 -2.4797 330.8386 173.9940 389.0641 194.3651 1.6361 1.7418 4.4108 -20.6955 1.7324 59.6575 -2.8125 -2.3371
Car -1 -1 -4.5056 150.9670 174.5869 193.0891 199.8346 1.5118 1.6112 3.2952 -27.4641 1.6246 45.2764 -5.0484 -2.9050
Car -1 -1 -7.2315 876.9603 171.0252 960.5598 209.2271 1.6683 1.6546 3.7759 14.1809 1.5881 33.1995 -6.8315 -3.0998
Car -1 -1 -4.6598 564.0146 174.6346 595.4183 203.4742 1.5812 1.6160 3.8932 -1.7470 1.6887 41.7558 -4.7018 -3.1500
Car -1 -1 -7.8644 294.8815 174.2966 315.8461 192.5801 1.4934 1.5949 3.6932 -25.9059 1.6196 61.2630 -8.2631 -3.2785
Car -1 -1 -4.5226 413.5175 174.6334 437.1927 190.9841 1.5433 1.5782 3.6406 -17.9977 1.7212 70.3743 -4.7723 -3.6551
Car -1 -1 -4.1250 634.5201 178.1537 672.0084 196.4861 1.6105 1.6385 3.7709 3.9946 2.1136 66.5413 -4.0658 -3.7835
Car -1 -1 -3.6591 145.8188 173.6063 223.5819 197.6195 1.6602 1.8071 4.5767 -30.8756 1.7171 52.4705 -4.1890 -3.8726
Car -1 -1 -6.2532 670.1516 182.4643 744.5484 209.4866 1.4282 1.6212 4.0126 5.3724 1.9764 40.0576 -6.1214 -3.8853
Car -1 -1 -2.2178 428.2729 167.5869 500.7118 203.2293 1.7642 1.6158 4.0024 -7.6669 1.5032 37.6449 -2.4177 -3.9450
Car -1 -1 -3.7283 867.9134 165.9241 948.1769 200.6296 1.9604 1.7417 4.0318 17.2907 1.5686 42.0087 -3.3407 -3.9464
Car -1 -1 -7.6769 209.2759 174.8530 242.8226 195.9875 1.5581 1.6421 3.7551 -29.5771 1.7176 55.6188 -8.1638 -4.0833
Car -1 -1 -4.2621 304.5921 173.6369 343.6087 192.7947 1.5783 1.5818 3.8349 -24.3729 1.6469 61.5754 -4.6378 -4.1076
Car -1 -1 -7.8523 424.5214 176.4471 450.3829 199.2839 1.6824 1.8853 4.1533 -13.4360 1.9726 56.0976 -8.0867 -4.2061
Car -1 -1 -4.4472 504.5751 175.2766 533.3923 192.9218 1.4917 1.6718 3.4180 -7.9772 1.7100 63.3029 -4.5723 -4.2514
Car -1 -1 -4.4993 807.1960 191.2444 858.3941 224.5852 1.4702 1.6494 4.1144 11.2610 2.4546 36.4389 -4.2026 -4.2952
Car -1 -1 -4.9812 634.5634 180.0833 681.3837 209.0018 1.5183 1.6945 3.7766 2.6288 1.9482 40.9155 -4.9181 -4.4963
Car -1 -1 -7.0589 319.6073 172.9941 379.8637 197.9902 1.7315 1.7709 4.0046 -18.7983 1.7418 52.1951 -7.4032 -4.5067
Car -1 -1 -4.3645 379.0963 176.1786 413.9631 194.8717 1.5926 1.7063 4.0257 -18.9895 1.8979 64.2676 -4.6510 -4.5072
Car -1 -1 -4.2020 0.0000 177.7095 94.3130 227.0952 1.3918 1.7461 4.7720 -18.9664 1.5653 23.3243 -4.8792 -4.5924
Car -1 -1 -4.3925 298.2678 175.0037 328.3014 191.3470 1.5083 1.5646 3.7174 -28.3543 1.7192 68.9986 -4.7813 -4.7547
Car -1 -1 -4.8601 840.6931 169.8097 869.5848 189.2756 1.5300 1.6297 4.1255 19.9369 1.2904 58.8870 -4.5355 -4.9254
Car -1 -1 -5.4014 656.4541 181.7796 697.8422 200.6146 1.6197 1.6549 3.9227 6.0978 2.4631 66.1138 -5.3103 -4.9391
Car -1 -1 -4.9541 591.5295 177.3268 633.3630 200.5289 1.4111 1.7057 4.4554 0.0697 1.7178 47.1614 -4.9531 -4.9491
Car -1 -1 -4.8266 799.7054 174.6407 825.2614 194.4840 1.6180 1.6320 4.0145 17.1465 1.7747 61.3219 -4.5556 -4.9932
Car -1 -1 -4.6148 543.8690 176.4080 577.9252 202.0472 1.4436 1.6603 3.9135 -2.9272 1.6657 43.1568 -4.6825 -4.9974
Car -1 -1 -4.7004 132.8646 176.3572 162.8763 198.7707 1.5083 1.7412 4.0503 -32.9181 1.7682 51.4153 -5.2677 -5.0201
Car -1 -1 -3.4350 610.7901 181.3473 714.1129 227.2566 1.5397 1.5982 3.3603 1.7987 1.8564 25.7798 -3.3670 -5.0366
Car -1 -1 -4.9657 649.1917 178.1823 687.0237 202.7680 1.6432 1.7718 3.7753 4.0404 2.0352 51.1103 -4.8877 -5.0445
Car -1 -1 -4.5677 574.0828 180.1476 600.4634 200.4485 1.4404 1.4787 3.6794 -1.7130 2.0101 54.4787 -4.5994 -5.0861
Car -1 -1 -4.9215 559.2961 178.8597 584.2780 196.4536 1.4544 1.5014 3.3443 -3.3687 1.9910 62.6933 -4.9754 -5.1062
Car -1 -1 -4.9439 367.3356 176.8141 403.6423 199.1830 1.5236 1.6256 3.9943 -16.2543 1.8206 52.0350 -5.2455 -5.1734
Car -1 -1 -4.6928 154.2345 178.4257 177.5447 197.1341 1.6575 1.7717 3.8741 -41.4148 2.1933 67.3072 -5.2428 -5.2900
Car -1 -1 -6.5200 862.5802 168.0178 939.9184 194.2220 1.7961 1.7358 4.7566 20.3511 1.4643 50.6540 -6.1403 -5.2956
Car -1 -1 -5.0733 623.2191 178.8636 656.1893 193.9690 1.3966 1.8023 4.3791 2.8613 2.0070 70.9547 -5.0335 -5.3615
Car -1 -1 -4.6600 176.7067 171.8417 209.2157 197.0580 1.6117 1.6761 3.8097 -27.8424 1.5467 48.1957 -5.1817 -5.3667
Car -1 -1 -4.6464 523.5198 175.3088 542.5858 192.6709 1.5273 1.5082 3.3694 -7.0025 1.7562 65.6683 -4.7525 -5.4498
Car -1 -1 -6.3557 580.8224 176.9074 641.1865 198.5663 1.5373 1.6205 4.2864 0.0158 1.8376 52.5385 -6.3559 -5.4517
Car -1 -1 -4.7275 778.2072 182.1058 816.2991 216.6752 1.6125 1.7892 3.9881 9.5025 2.1135 36.9518 -4.4783 -5.5236
Car -1 -1 -5.0506 733.2947 180.1830 783.5178 205.5096 1.3860 1.6496 4.0658 8.7104 1.8425 42.8456 -4.8519 -5.5365
Car -1 -1 -4.7271 485.3379 177.2398 504.7128 197.5737 1.5559 1.4799 3.7298 -9.2951 1.9202 58.0208 -4.8856 -5.6072
Car -1 -1 -4.8782 146.3853 169.9837 187.5495 196.7276 1.7488 1.6918 4.4735 -30.4118 1.5608 49.4249 -5.4276 -5.6105
Car -1 -1 -5.4418 249.1518 173.9040 308.8782 199.7084 1.6588 1.5584 3.6735 -22.0305 1.7304 47.9521 -5.8706 -5.6156
Car -1 -1 -4.4263 324.7841 174.0517 357.1842 192.5584 1.5195 1.5425 3.9185 -22.9134 1.6247 61.5117 -4.7817 -5.6268
Car -1 -1 -4.4296 330.0616 174.0635 378.0753 197.8306 1.3605 1.6215 4.2130 -15.4544 1.4371 43.6715 -4.7681 -5.6542
Car -1 -1 -2.2441 0.0000 186.6021 74.9653 374.0000 1.3515 1.5589 4.0880 -5.7017 1.4442 4.0505 -3.1657 -5.6908
Car -1 -1 -2.2070 0.0000 164.8352 53.6219 369.9029 1.6023 1.8955 4.7489 -8.2950 1.5394 6.7395 -3.0759 -5.7455
Car -1 -1 -4.6235 763.4800 183.9229 799.1490 213.9268 1.5552 1.6466 3.8770 9.7481 2.2168 41.0483 -4.3926 -5.7678
Car -1 -1 -4.6267 810.3506 172.4227 838.1692 197.4105 1.8307 1.6987 4.1209 16.3618 1.7988 55.0912 -4.3399 -5.7925
Car -1 -1 -2.2563 0.0000 171.8979 0.0000 301.7474 1.4081 1.5762 3.7813 -9.9447 1.3975 8.7040 -3.0928 -5.8206
Car -1 -1 -7.3171 149.3661 0.0000 1241.0000 374.0000 1.5395 1.5898 3.8047 -0.9084 1.5976 0.9968 -7.9398 -5.8867
Car -1 -1 -8.6433 0.0000 0.0000 1048.7648 374.0000 1.5428 1.5882 3.8035 1.1143 1.5937 1.0044 -7.9392 -5.8867
Car -1 -1 -5.8713 1241.0000 174.3506 1241.0000 374.0000 1.5098 1.6065 3.9598 5.7813 1.5180 2.1289 -4.6977 -5.8867
Car -1 -1 -6.8391 0.0000 0.0000 1241.0000 374.0000 1.5374 1.5876 3.8029 -2.5164 1.6115 0.9973 -7.9397 -5.8867
Car -1 -1 -4.2152 0.0000 175.4292 0.0000 236.8243 1.4507 1.6040 3.9970 -18.7563 1.5271 19.3671 -4.9777 -5.8867
Car -1 -1 -5.7766 0.0000 0.0000 1241.0000 374.0000 1.5135 1.6090 3.9634 3.7630 1.5422 1.7181 -4.6976 -5.8867
Car -1 -1 -4.6728 822.6921 188.9240 848.8610 215.2816 1.5162 1.4548 4.0263 14.4704 2.5938 46.2570 -4.3720 -5.9026
Car -1 -1 -4.3506 753.3791 188.8788 798.6503 216.1591 1.6866 1.7343 3.9408 11.3299 2.8267 49.2232 -4.1263 -7.0395
Car -1 -1 -1.8944 4.6203 170.1524 79.7491 214.4790 1.6486 1.4546 2.9574 -22.2926 1.5478 28.2570 -2.5579 -7.2530
