Car -1 -1 -7.4451 195.8561 182.0367 361.2226 266.1242 1.3931 1.6093 3.6021 -6.3486 1.5959 14.1540 -7.8602 8.4989
Car -1 -1 -7.7213 485.1534 174.5307 549.6680 223.2307 1.5003 1.6705 3.6604 -3.0701 1.5605 24.1908 -7.8467 6.9735
Car -1 -1 -7.6943 515.6423 166.8719 544.1362 187.1714 1.5471 1.6354 3.9179 -6.3168 1.0909 56.9883 -7.8045 1.8582
Car -1 -1 -7.7555 553.0478 173.6250 579.8152 193.2664 1.3892 1.6302 3.4565 -3.1944 1.4474 52.9299 -7.8158 1.4455
Car -1 -1 -4.5785 525.5026 170.1726 552.6046 190.5259 1.6470 1.7271 4.1232 -5.9337 1.4297 60.4781 -4.6762 -1.8233
Car -1 -1 -4.6538 914.7885 176.6535 942.9146 200.5210 1.5928 1.6079 3.7222 22.4518 1.8708 50.8202 -4.2404 -2.7713
Car -1 -1 -5.1968 785.1754 174.5998 832.8560 198.1604 1.6037 1.6360 3.9129 14.1198 1.7331 51.5105 -4.9312 -3.0641
Car -1 -1 -5.4865 928.5518 178.4320 988.4628 200.4725 1.5890 1.6560 4.2215 26.6736 2.0348 55.4317 -5.0405 -3.2714
Car -1 -1 -5.1146 1.1385 179.9261 86.9546 214.3699 1.5331 1.6826 4.3464 -27.2298 1.8898 34.6391 -5.7772 -3.4444
Car -1 -1 -4.7462 739.7685 170.8524 758.3285 186.8866 1.5200 1.6363 4.0400 13.5442 1.3300 70.5232 -4.5575 -3.5521
Car -1 -1 -7.9956 894.3495 174.6483 951.5013 215.1346 1.4921 1.5588 3.6579 12.3390 1.5681 28.7336 -7.5942 -3.5735
Car -1 -1 -7.5698 338.6832 176.6942 391.0176 210.8971 1.6712 1.6964 3.3197 -12.6606 1.8786 37.3283 -7.8949 -3.5880
Car -1 -1 -4.6703 800.5425 165.7617 824.5375 185.0801 1.5496 1.7494 4.5588 16.9375 0.9804 60.3169 -4.3980 -3.6217
Car -1 -1 -7.8101 537.4539 167.5003 560.8061 186.6533 1.4689 1.6822 3.8444 -4.8286 1.0580 57.2901 -7.8941 -3.8081
Car -1 -1 -5.8696 360.4177 173.8919 429.5532 198.3032 1.5971 1.6984 4.1090 -14.4274 1.6680 48.3997 -6.1581 -3.8434
Car -1 -1 -5.5011 566.7094 173.5245 620.1898 195.1329 1.4421 1.5677 3.6712 -1.2064 1.4900 50.0982 -5.5254 -3.9263
Car -1 -1 -6.8467 221.2690 176.7303 351.9166 220.6641 1.4495 1.6322 4.1153 -11.7436 1.6024 26.3510 -7.2625 -4.2533
Car -1 -1 -5.1847 932.1509 177.4838 982.3311 201.8110 1.5819 1.6350 3.5797 23.6904 1.9103 49.4207 -4.7405 -4.4943
Car -1 -1 -4.6287 968.6238 174.7326 999.1273 199.5225 1.8151 1.7640 3.9302 28.6455 1.9643 55.2886 -4.1532 -4.5656
Car -1 -1 -4.6892 928.0311 175.3540 960.7078 203.6319 1.4969 1.5954 4.0002 18.8670 1.6452 40.7230 -4.2585 -4.9974
Car -1 -1 -5.0500 720.8763 175.5681 750.6824 193.8435 1.4904 1.4486 3.3636 10.6033 1.7268 61.1506 -4.8795 -5.1876
Car -1 -1 -4.6376 93.7296 179.4027 125.9802 201.3454 1.4108 1.5297 3.9218 -34.4440 1.8806 49.7120 -5.2411 -5.1973
Car -1 -1 -4.6174 681.2818 173.5311 707.2766 195.6565 1.5702 1.5637 3.7708 6.2305 1.6218 53.3353 -4.5021 -5.2502
Car -1 -1 -4.4929 262.3963 179.1263 292.2615 197.9565 1.5950 1.6017 3.9614 -29.7754 2.1748 64.6257 -4.9233 -5.4115
Car -1 -1 -4.5045 919.6086 174.6488 960.4333 200.6953 1.6407 1.6862 3.9865 21.8827 1.7647 47.8466 -4.0782 -5.4264
Car -1 -1 -4.5525 37.8421 180.8054 78.4742 202.4394 1.5028 1.7402 4.3783 -41.4020 2.1253 54.1816 -5.2028 -5.5423
Car -1 -1 -5.6401 953.4966 175.4460 1023.9534 197.6690 1.4236 1.6154 4.0658 25.5691 1.6069 48.9129 -5.1612 -5.5630
Car -1 -1 -4.3926 273.8139 175.0656 328.6038 201.4983 1.3554 1.5723 3.9737 -16.8158 1.4821 39.3849 -4.7939 -5.5654
Car -1 -1 -4.4787 204.9927 179.4142 257.9520 211.7798 1.5514 1.5663 3.9097 -19.6452 1.9112 37.5182 -4.9584 -5.5804
Car -1 -1 -4.3064 166.2963 180.0047 214.1025 201.0415 1.4288 1.5123 4.0899 -30.5450 1.9705 52.5687 -4.8308 -5.5863
Car -1 -1 -4.7304 1028.6621 182.1936 1059.6042 209.8664 1.7140 1.6852 4.5889 29.2339 2.3756 48.7271 -4.1932 -5.6014
Car -1 -1 -5.0445 896.5321 177.8185 947.0204 203.0870 1.4765 1.5953 4.2136 19.4068 1.8018 45.1676 -4.6415 -5.6500
Car -1 -1 -7.8940 494.4697 166.4539 517.9519 187.8137 1.5089 1.5642 3.3185 -7.6414 1.0565 52.7457 -8.0374 -5.6773
Car -1 -1 -4.1662 125.3726 177.9395 187.5704 199.6371 1.3609 1.5685 4.2007 -30.3343 1.7162 48.3529 -4.7242 -5.7392
Car -1 -1 -4.7222 692.8664 174.7606 711.9628 191.1174 1.3403 1.5670 3.9481 7.8468 1.5083 61.6538 -4.5965 -5.7685
Car -1 -1 -3.1441 821.0790 187.8530 1133.7775 317.2992 1.3985 1.5099 3.4156 4.6073 1.6254 9.5252 -2.7066 -5.8274
Car -1 -1 -4.7894 1173.2683 178.1400 1209.5497 202.9836 1.6753 1.7080 3.9218 41.5386 2.0689 51.6536 -4.1153 -5.8556
Car -1 -1 -4.1265 98.2547 180.4632 161.6053 202.9023 1.3775 1.5715 3.9121 -31.6049 1.8997 47.5809 -4.7104 -5.8867
Car -1 -1 -4.9424 1241.0000 167.2046 1241.0000 196.5023 1.4861 1.6449 3.9974 41.4684 1.1992 38.7184 -4.1267 -5.8867
Car -1 -1 -4.5607 0.0000 181.4846 28.9501 204.6265 1.4784 1.6493 4.0624 -41.5995 2.1006 49.8752 -5.2534 -5.8867
Car -1 -1 -4.8896 1241.0000 174.4097 1241.0000 203.0888 1.6043 1.6873 4.0058 41.4503 1.7007 42.7272 -4.1231 -5.8867
Car -1 -1 -4.7407 1102.8752 174.2627 1129.4093 193.6968 1.5296 1.6550 3.9918 41.4772 1.6491 59.2211 -4.1324 -5.8867
Car -1 -1 -4.4614 0.0000 184.4195 0.0000 213.5434 1.5009 1.6439 4.0087 -41.6105 2.1926 41.0279 -5.2507 -5.8867
Car -1 -1 -4.7611 1122.9218 177.1646 1152.7942 199.1240 1.6381 1.6884 4.0048 41.4821 1.9899 56.8006 -4.1332 -5.8867
Car -1 -1 -4.7162 1078.1001 173.5746 1101.5894 191.5255 1.4965 1.6469 3.9913 41.4764 1.5606 62.4408 -4.1323 -5.8867
Car -1 -1 -4.5336 0.0000 181.4536 0.4657 205.4364 1.4556 1.6333 4.0096 -41.6127 2.0466 47.4680 -5.2507 -5.8867
Car -1 -1 -4.7814 1144.8719 176.8243 1177.8031 199.6661 1.6307 1.6835 4.0016 41.4813 1.9414 54.3884 -4.1328 -5.8867
Car -1 -1 -4.6201 68.3890 180.4699 99.9451 200.5867 1.4873 1.6484 4.0256 -41.6121 2.1127 57.1264 -5.2476 -5.8867
Car -1 -1 -4.4992 0.0000 182.6260 0.0000 208.8837 1.4743 1.6384 4.0106 -41.6118 2.1022 44.2477 -5.2510 -5.8867
Car -1 -1 -5.2342 981.5925 175.4335 1032.6304 195.5317 1.4672 1.6098 4.0415 30.3007 1.6717 55.2357 -4.7350 -5.8867
Car -1 -1 -3.5048 0.0000 188.6585 0.0000 374.0000 1.4913 1.6029 3.9533 -7.0822 1.5900 2.5308 -4.6975 -5.8867
Car -1 -1 -4.7300 1070.0192 180.7431 1097.5247 202.8888 1.5723 1.6614 3.9477 35.9438 2.1947 54.8462 -4.1528 -5.9441
Car -1 -1 -4.5832 13.4331 181.7533 52.5581 202.7398 1.3901 1.6630 4.1965 -41.4805 2.0575 51.9083 -5.2551 -5.9720
Car -1 -1 -4.2879 0.0000 177.1833 0.0000 244.1842 1.3842 1.6042 4.2080 -17.9428 1.5021 17.4495 -5.0796 -5.9805
Car -1 -1 -7.6781 0.0000 185.7892 34.0810 374.0000 1.6508 2.0326 4.6540 -7.8806 1.8365 7.8780 -8.4467 -5.9977
Car -1 -1 -4.4930 99.7914 178.0791 137.3724 199.6177 1.4817 1.5066 3.6091 -35.7619 1.8760 52.5390 -5.0885 -6.0424
Car -1 -1 -5.2012 0.0000 183.7108 40.4035 212.4967 1.4104 1.5488 3.5522 -31.8427 1.9995 37.7832 -5.8981 -6.1538
Car -1 -1 -5.6447 274.5875 179.4820 332.2666 198.8073 1.6337 1.7819 4.4837 -26.9250 2.2281 63.3461 -6.0453 -6.1913
Car -1 -1 -4.6037 915.1845 180.1264 946.4713 203.0565 1.7253 1.8566 4.3036 25.8340 2.3339 58.0922 -4.1876 -6.2503
