Car -1 -1 -7.3802 0.0000 192.2954 383.0718 374.0000 1.4508 1.6507 3.8288 -3.6530 1.6878 6.8895 -7.8528 6.7929
Car -1 -1 -7.7576 503.7005 181.0424 536.5665 205.8118 1.3690 1.6106 3.4396 -5.3236 1.8739 42.7723 -7.8811 4.0406
Car -1 -1 -7.8822 581.7971 181.2409 610.7173 205.7173 1.3382 1.5945 3.5650 -0.8809 1.8532 42.5157 -7.9033 3.1159
Car -1 -1 -4.3810 718.1182 183.6186 748.4462 201.5003 1.4963 1.5647 3.7200 11.0758 2.4927 64.8011 -4.2129 -2.4484
Car -1 -1 -4.5454 700.9865 183.0349 733.5212 206.9102 1.5503 1.6299 4.0180 7.5664 2.2982 50.8593 -4.3991 -2.9313
Car -1 -1 -7.2257 0.0000 175.8464 93.6436 213.0286 1.5958 1.6761 4.0705 -26.1607 1.7424 33.3610 -7.8869 -2.9571
Car -1 -1 -4.0171 113.2653 178.0140 211.6945 213.6414 1.4331 1.6184 3.7619 -19.5083 1.6728 31.5758 -4.5670 -3.0956
Car -1 -1 -4.5607 110.7155 177.1729 150.8056 201.7035 1.5040 1.6146 3.7892 -31.2084 1.7975 47.0228 -5.1442 -3.6073
Car -1 -1 -4.7683 690.6634 182.5069 714.0509 204.6816 1.5667 1.5373 3.7288 6.9233 2.3218 54.5558 -4.6433 -4.1212
Car -1 -1 -4.6362 0.0000 176.7708 30.9879 206.5363 1.5361 1.6137 3.7361 -33.1147 1.7624 39.7515 -5.3276 -4.1554
Car -1 -1 -4.9966 404.3012 176.8414 440.2837 200.0770 1.6321 1.5820 3.7683 -13.9513 1.9380 53.3982 -5.2513 -4.3434
Car -1 -1 -6.5498 528.7766 180.8796 592.2862 204.2581 1.6072 1.7134 4.2794 -3.6108 2.2039 52.1578 -6.6191 -4.3584
Car -1 -1 -4.7192 590.3033 176.6473 608.9739 194.7700 1.5696 1.6396 4.0576 -0.9781 1.9239 65.3968 -4.7345 -4.4397
Car -1 -1 -4.4633 315.9476 177.2353 364.7640 203.9117 1.5151 1.6670 4.7927 -16.4927 1.7986 44.2622 -4.8184 -4.6152
Car -1 -1 -6.6902 0.0000 195.0317 0.0000 374.0000 1.4598 1.4873 3.3096 -4.5546 1.5830 2.2912 -7.7471 -4.6986
Car -1 -1 -5.0377 641.1055 181.5863 685.9319 206.3615 1.5854 1.7244 4.6044 3.6399 2.2239 50.3397 -4.9665 -4.8066
Car -1 -1 -4.3472 525.4323 178.1559 564.7283 198.9825 1.6627 1.8201 4.5499 -5.4857 2.1306 61.2821 -4.4365 -4.8359
Car -1 -1 -4.7045 179.9745 178.5633 239.7509 227.3896 1.5622 1.7422 4.3045 -14.3829 1.7854 25.9338 -5.2068 -4.8701
Car -1 -1 -4.8593 424.6363 177.3064 454.3217 197.7477 1.4611 1.6167 4.0094 -12.9823 1.8115 54.6752 -5.0917 -4.8787
Car -1 -1 -4.0732 0.0000 178.8840 13.0752 217.0554 1.4525 1.6212 3.3703 -26.7692 1.7156 29.7602 -4.8014 -4.9851
Car -1 -1 -4.4414 620.7347 180.8903 657.5855 202.0579 1.4794 1.6735 4.3905 2.2228 2.1129 54.5572 -4.4014 -5.0194
Car -1 -1 -4.7354 671.3212 181.7878 688.5299 197.3355 1.4533 1.6060 3.3925 6.8611 2.3563 71.2052 -4.6401 -5.0322
Car -1 -1 -4.7254 184.6793 176.1361 213.1998 201.1328 1.6489 1.6695 4.0988 -28.7432 1.8877 50.3625 -5.2419 -5.0325
Car -1 -1 -4.8951 140.7773 175.4439 182.9427 199.2209 1.5171 1.6575 4.3526 -30.2980 1.6994 48.6802 -5.4496 -5.0747
Car -1 -1 -4.6745 620.8829 180.7113 640.2024 197.4289 1.5335 1.7288 4.2894 2.0144 2.3242 70.4465 -4.6465 -5.0860
Car -1 -1 -5.0987 568.2202 178.1842 599.9370 196.7607 1.5866 1.5801 3.6531 -2.3785 2.0794 64.7577 -5.1357 -5.1976
Car -1 -1 -5.0117 505.4851 176.3640 542.9274 195.7259 1.3857 1.6170 4.3117 -6.5839 1.6630 54.7716 -5.1311 -5.3266
Car -1 -1 -5.0439 630.2870 179.8387 661.8997 198.4433 1.6042 1.7416 3.7679 3.2356 2.2608 65.8072 -4.9955 -5.3865
Car -1 -1 -4.4314 756.9622 181.3600 786.1334 200.3732 1.6229 1.5935 3.8177 14.6662 2.4189 65.4873 -4.2125 -5.4267
Car -1 -1 -3.7156 0.0000 206.9027 152.5386 374.0000 1.4452 1.5143 3.3711 -3.1247 1.6149 1.8926 -4.6792 -5.4485
Car -1 -1 -5.2830 145.6686 175.2067 205.1972 197.9178 1.6986 1.8461 4.4795 -33.8600 1.8873 56.1622 -5.8236 -5.4511
Car -1 -1 -7.4877 143.1309 173.5039 345.7951 281.7970 1.4306 1.5935 3.6768 -5.5896 1.4423 11.4499 -7.9332 -5.4582
Car -1 -1 -3.8461 17.9347 173.7534 112.1275 202.4012 1.5903 1.6676 4.3905 -32.0277 1.6459 42.5257 -4.4888 -5.4636
Car -1 -1 -4.5516 109.3824 176.0935 200.8455 234.5824 1.6363 1.7928 3.9024 -14.1410 1.7470 22.5693 -5.1063 -5.5550
Car -1 -1 -5.0135 585.4970 177.9981 624.4674 199.1077 1.4292 1.6270 4.2405 -0.4413 1.8174 52.2241 -5.0224 -5.5723
Car -1 -1 -6.2605 465.8113 180.0758 543.6617 213.7400 1.5975 1.6267 3.7284 -5.2205 1.9650 35.7175 -6.4051 -5.6443
Car -1 -1 -5.1681 78.7843 173.9274 136.7726 198.0026 1.6381 1.6845 4.2203 -35.5508 1.7163 51.0142 -5.7745 -5.6969
Car -1 -1 -5.0050 113.7551 175.8004 159.0734 197.7991 1.5647 1.6891 4.2122 -35.4014 1.7925 53.8578 -5.5844 -5.7300
Car -1 -1 -4.6845 123.1467 181.0133 229.0053 262.7816 1.4128 1.6765 4.2319 -9.0550 1.6096 15.1755 -5.2150 -5.8555
Car -1 -1 -3.4692 0.0000 192.8846 0.0000 374.0000 1.4969 1.6037 3.9544 -7.8856 1.6221 2.5301 -4.6974 -5.8867
Car -1 -1 -3.5074 0.0000 196.3026 0.0000 374.0000 1.5115 1.6100 3.9617 -6.2793 1.6448 2.1287 -4.7115 -5.8867
Car -1 -1 -4.5270 0.0000 179.2709 0.0000 203.9476 1.4814 1.6553 4.0921 -41.5169 1.9152 46.6307 -5.2517 -5.8867
Car -1 -1 -7.1460 50.8729 0.0000 1241.0000 374.0000 1.5459 1.5930 3.8061 -1.2990 1.6201 1.0038 -7.9394 -5.8867
Car -1 -1 -4.4575 0.0000 184.1052 0.0000 213.7819 1.5156 1.6499 4.0138 -41.6108 2.1822 40.6226 -5.2517 -5.8867
Car -1 -1 -4.5635 422.9837 177.1818 448.3632 193.8890 1.3761 1.5736 3.9081 -15.0865 1.7627 62.4902 -4.7997 -5.8867
Car -1 -1 -8.9569 0.0000 0.0000 1241.0000 374.0000 1.5075 1.6024 3.8490 3.1370 1.5532 1.3680 -7.8742 -5.8867
Car -1 -1 -4.4823 435.3300 178.1278 466.3415 196.3150 1.3748 1.5685 3.9094 -12.7015 1.8102 57.6465 -4.6985 -5.8867
Car -1 -1 -4.5415 0.0000 181.0674 0.0000 207.1664 1.4756 1.6378 4.0060 -41.4826 2.0033 44.2579 -5.2916 -5.8867
Car -1 -1 -4.5525 0.0000 178.6644 24.2376 201.0033 1.4311 1.6324 4.0171 -41.6166 1.8466 49.4832 -5.2492 -5.8867
Car -1 -1 -5.7810 1241.0000 182.0443 1241.0000 374.0000 1.5248 1.6127 3.9659 4.5730 1.5770 2.1252 -4.6976 -5.8867
Car -1 -1 -4.3819 452.5584 176.7002 489.6257 195.7907 1.4047 1.6197 3.9859 -10.7651 1.7142 56.0209 -4.5712 -5.8867
Car -1 -1 -4.3274 0.0000 180.3648 0.0000 250.2339 1.3453 1.5993 4.3155 -17.1362 1.5426 16.6848 -5.1182 -6.0338
Car -1 -1 -4.7320 304.7523 177.2624 328.1149 197.2907 1.4275 1.5578 3.8184 -22.1848 1.7722 54.3978 -5.1177 -6.0742
Car -1 -1 -4.4709 256.5090 177.2407 296.7520 202.5828 1.5835 1.5012 4.0306 -22.1237 1.8876 47.9410 -4.9014 -6.2432
Car -1 -1 -5.4030 0.4931 172.4038 95.4189 204.9517 1.7032 1.9578 4.0199 -30.5031 1.6793 39.1534 -6.0617 -6.3602
Car -1 -1 -5.7117 892.5923 232.0371 1241.0000 374.0000 1.2865 1.3378 2.7483 4.0785 1.9476 6.5347 -5.1754 -6.8764
Car -1 -1 -7.3707 1007.6370 244.5116 1241.0000 374.0000 1.2953 1.1766 2.6272 5.7560 2.2054 8.0338 -6.7679 -8.2547
