Car -1 -1 -7.6335 386.6247 181.8272 495.5639 257.3248 1.5140 1.6628 3.7683 -3.8431 1.7461 16.8032 -7.8556 7.2016
Car -1 -1 -4.2388 162.8992 181.1788 248.8517 218.3603 1.4164 1.5956 3.7521 -16.8669 1.7870 30.2387 -4.7441 5.5497
Car -1 -1 -7.8390 530.7473 180.1350 556.3712 203.9468 1.5024 1.6583 4.1232 -4.5079 2.0174 48.9410 -7.9308 3.5433
Car -1 -1 -7.6507 411.9783 183.0423 466.2721 218.4458 1.3879 1.5412 3.8715 -7.3978 1.8581 31.3670 -7.8809 2.9702
Car -1 -1 -3.7220 77.4284 180.0314 181.2361 213.1209 1.6062 1.7644 4.3356 -25.4881 2.0110 38.3797 -4.3053 0.5544
Car -1 -1 -4.5568 24.3082 182.9986 78.7655 214.8360 1.5425 1.6519 4.2798 -29.8923 2.1181 38.6821 -5.2115 -1.6389
Car -1 -1 -8.4586 611.5977 180.4941 666.7891 205.1187 1.4688 1.5974 3.9154 1.7971 1.9820 46.4100 -8.4206 -2.8241
Car -1 -1 -4.0519 212.2189 181.4014 275.8781 206.6440 1.4690 1.6416 3.6904 -22.9334 2.0286 45.2929 -4.5185 -2.8622
Car -1 -1 -7.6457 631.7976 181.7075 673.4471 209.3365 1.4559 1.6131 3.9542 2.4635 1.9908 41.4985 -7.5874 -3.0872
Car -1 -1 -4.3373 464.4647 191.5233 512.6348 217.2241 1.4227 1.6377 3.9404 -7.5647 2.6432 45.0846 -4.5031 -3.2760
Car -1 -1 -5.3327 0.0000 180.2162 56.4210 215.8217 1.5795 1.7703 4.4986 -28.7634 1.9408 34.0141 -6.0309 -3.3092
Car -1 -1 -5.3030 435.5924 192.2186 489.3034 217.9231 1.4834 1.5585 3.7370 -9.5339 2.7763 46.3181 -5.5054 -3.6716
Car -1 -1 -4.6481 453.1752 179.2560 478.0924 200.5380 1.5290 1.6029 4.3153 -11.0809 2.0405 55.4343 -4.8449 -3.8532
Car -1 -1 -4.7833 134.2318 187.5370 162.4935 206.5666 1.5385 1.8172 4.3345 -41.0813 2.8898 64.1374 -5.3513 -3.9943
Car -1 -1 -4.6292 20.1815 182.8809 73.0980 216.1569 1.4808 1.6996 4.2901 -27.8575 2.0085 35.7338 -5.2878 -4.0816
Car -1 -1 -6.8562 646.0222 181.5047 724.0943 209.8185 1.4748 1.6365 4.1027 4.1613 1.9771 40.2586 -6.7545 -4.1737
Car -1 -1 -4.7615 669.7473 178.7167 693.2796 199.6431 1.5536 1.6352 4.0684 5.5682 2.0316 56.7981 -4.6647 -4.2296
Car -1 -1 -4.6388 346.7285 180.3020 387.0074 213.0059 1.4989 1.6204 3.9323 -12.1572 1.8933 36.1342 -4.9615 -4.2455
Car -1 -1 -4.8057 410.4024 180.0410 449.8850 209.5713 1.3990 1.6189 3.9206 -9.3879 1.7916 37.3306 -5.0508 -4.3667
Car -1 -1 -4.6136 347.0393 179.8281 371.9788 199.2787 1.5483 1.6134 3.8982 -21.1697 2.1578 61.0111 -4.9465 -4.3822
Car -1 -1 -7.9998 703.7523 179.3374 728.2386 197.6947 1.6535 1.6974 4.2247 10.0211 2.2886 68.5982 -7.8558 -4.4514
Car -1 -1 -4.3181 551.1927 182.3719 583.9124 200.4482 1.5635 1.6461 3.9161 -3.9131 2.4718 66.7604 -4.3769 -4.4814
Car -1 -1 -4.5283 653.7819 182.4131 686.2079 204.8973 1.4499 1.5675 3.9495 4.2004 2.1458 50.4353 -4.4462 -4.5272
Car -1 -1 -4.4708 624.4744 183.2409 652.1326 199.2054 1.4381 1.7067 4.3528 2.7760 2.4840 70.3511 -4.4320 -5.0385
Car -1 -1 -7.7755 898.7094 193.6525 927.9709 219.5212 1.5619 1.5484 3.7686 20.5355 3.0285 48.8596 -7.3805 -5.0711
Car -1 -1 -5.6402 1036.5747 191.3061 1096.4114 213.4453 1.5955 1.6436 3.7984 36.2994 3.1190 57.5147 -5.0801 -5.0759
Car -1 -1 -6.6224 982.3796 192.0155 1033.2292 210.9874 1.5826 1.6073 3.5834 34.9231 3.2962 63.4551 -6.1218 -5.1007
Car -1 -1 -6.6425 240.8192 184.8486 292.7209 204.1615 1.7514 1.8252 4.1889 -33.3955 2.9541 70.2293 -7.0852 -5.1933
Car -1 -1 -4.1763 406.7327 178.8204 458.2564 200.8999 1.5471 1.7218 4.4603 -13.3033 2.0150 54.2312 -4.4161 -5.3064
Car -1 -1 -4.2631 309.5372 180.1091 353.0112 199.6352 1.4254 1.7015 3.7148 -21.6147 2.0077 56.0206 -4.6300 -5.3092
Car -1 -1 -4.6782 0.0000 185.4085 13.3524 209.7280 1.4751 1.8307 4.5422 -41.4189 2.3602 48.5390 -5.3820 -5.3488
Car -1 -1 -7.2544 130.5905 184.7290 265.2390 245.0775 1.4506 1.4269 3.6033 -11.2734 1.8090 19.9342 -7.7637 -5.6044
Car -1 -1 -4.1571 283.0592 179.6521 348.6592 206.2194 1.3936 1.5713 4.0104 -16.6824 1.7998 41.0368 -4.5413 -5.7548
Car -1 -1 -4.7453 1197.2933 180.0447 1231.9371 205.0260 1.6059 1.6858 3.5410 41.3184 2.1170 49.4018 -4.0521 -5.7593
Car -1 -1 -4.5241 71.2249 182.1117 114.5133 204.6888 1.4250 1.6536 4.2099 -35.5490 2.0907 49.6506 -5.1431 -5.8100
Car -1 -1 -4.5128 0.0000 184.2054 0.0000 210.2867 1.5297 1.6487 4.1077 -41.5449 2.2941 46.4149 -5.2402 -5.8622
Car -1 -1 -4.6322 112.0200 184.4172 141.9093 204.5111 1.5898 1.7904 4.3240 -41.5410 2.6218 62.0879 -5.2201 -5.8829
Car -1 -1 -4.8660 1241.0000 169.8487 1241.0000 194.7044 1.4826 1.6441 3.9909 41.4685 1.3030 45.1545 -4.1266 -5.8867
Car -1 -1 -4.7076 166.2608 183.1339 186.9334 199.8129 1.4858 1.6554 4.0852 -41.5298 2.5015 69.1397 -5.2470 -5.8867
Car -1 -1 -4.6801 1046.3273 173.6254 1068.7039 190.2254 1.4853 1.6447 3.9903 41.4750 1.5588 66.8751 -4.1272 -5.8867
Car -1 -1 -4.7809 1145.0131 173.1094 1177.3237 193.9420 1.5078 1.6498 3.9885 41.4749 1.5275 54.3951 -4.1324 -5.8867
Car -1 -1 -4.9319 1241.0000 166.9646 1241.0000 194.7865 1.4576 1.6359 3.9891 41.4681 1.1488 39.9182 -4.1313 -5.8867
Car -1 -1 -4.1807 188.7698 180.8287 229.5348 197.2608 1.5272 1.6609 4.1009 -39.4834 2.3360 71.1407 -4.6860 -5.8867
Car -1 -1 -4.6812 148.6410 184.3710 171.3938 201.7679 1.4868 1.6542 4.1014 -41.6163 2.5869 66.7519 -5.2371 -5.8867
Car -1 -1 -4.4146 285.8577 179.3559 324.7589 199.6332 1.4243 1.5890 3.9571 -22.7959 1.9295 54.0445 -4.8122 -5.8867
Car -1 -1 -4.5866 21.1930 183.1352 58.5398 205.2573 1.4888 1.6425 4.0069 -41.6082 2.2698 52.6898 -5.2527 -5.8867
Car -1 -1 -4.6080 493.5670 177.7355 520.0945 197.7619 1.4484 1.6020 3.9973 -7.8842 1.8353 55.2017 -4.7496 -5.8867
Car -1 -1 -4.3349 525.7529 179.1530 558.0110 195.8787 1.4727 1.6399 3.9935 -6.3363 2.0786 67.2940 -4.4287 -5.8867
Car -1 -1 -4.8930 1241.0000 167.4365 1241.0000 193.5296 1.4690 1.6449 3.9981 41.4669 1.1637 42.7426 -4.1264 -5.8867
Car -1 -1 -4.6397 184.9225 182.9241 209.5420 200.1490 1.4534 1.6457 4.1308 -37.5650 2.4009 65.6930 -5.1577 -5.9783
Car -1 -1 -4.8416 409.7145 181.7799 479.5429 228.0309 1.3823 1.7677 4.5171 -5.8471 1.7204 24.9258 -5.0702 -5.9980
Car -1 -1 -5.4802 1045.0377 243.3348 1241.0000 374.0000 1.1440 1.1489 2.6141 5.5701 1.9518 6.9102 -4.8238 -8.6132
