Car -1 -1 -7.8251 587.5323 180.2723 618.4768 207.3325 1.3557 1.5717 3.6789 -0.3775 1.7756 39.0186 -7.8353 4.2324
Car -1 -1 -7.7786 529.2655 178.8067 559.0005 201.8651 1.3706 1.6035 3.7046 -4.1691 1.7628 45.7159 -7.8695 3.2411
Car -1 -1 -6.2761 281.2606 175.8155 409.5121 225.3956 1.6061 1.6790 4.0436 -9.1518 1.7145 25.0156 -6.6238 -0.9069
Car -1 -1 -4.7352 257.6289 175.3419 289.8802 204.4578 1.6216 1.6412 4.1162 -20.0012 1.7764 42.7714 -5.1705 -0.9958
Car -1 -1 -7.7673 833.6886 171.9035 862.4384 196.9973 1.8504 1.7143 4.7496 18.3954 1.7801 55.7276 -7.4504 -1.9361
Car -1 -1 -4.2468 167.0203 178.6959 240.9240 212.5341 1.5922 1.6774 3.9252 -20.5538 1.9047 36.6365 -4.7552 -2.9185
Car -1 -1 -4.2124 262.1428 176.5032 308.8069 198.8926 1.6487 1.6294 3.8725 -25.0544 1.9406 55.7767 -4.6330 -3.0187
Car -1 -1 -2.5935 397.3845 178.4653 474.7783 207.5856 1.4917 1.6186 3.7560 -9.3869 1.8038 38.8269 -2.8296 -3.1474
Car -1 -1 -4.2601 912.9175 169.7075 982.0835 203.1313 1.6252 1.6669 3.9412 17.2852 1.4719 36.9768 -3.8263 -3.4159
Car -1 -1 -4.6492 162.7885 181.9047 194.8926 204.3933 1.4834 1.7123 3.9788 -30.7538 2.1562 51.4950 -5.1855 -3.5112
Car -1 -1 -5.5760 865.3353 187.3365 940.3108 215.7992 1.4807 1.6371 3.8805 16.8452 2.3609 41.7695 -5.1957 -3.5177
Car -1 -1 -4.9027 404.8234 179.0761 456.2538 214.5887 1.5458 1.6614 3.8702 -8.6098 1.8590 34.2492 -5.1476 -3.5461
Car -1 -1 -4.5077 546.7041 177.9976 578.0533 200.0156 1.6755 1.6759 4.3581 -3.8263 2.1066 58.2430 -4.5734 -3.6134
Car -1 -1 -4.5768 231.0822 178.4887 255.6378 193.1400 1.3544 1.6230 3.8864 -35.7647 1.9204 70.4167 -5.0455 -3.6686
Car -1 -1 -5.0164 133.9841 180.9636 172.7474 199.3893 1.5381 1.7704 4.0708 -40.5292 2.2793 63.9772 -5.5794 -3.6956
Car -1 -1 -4.6120 556.5129 180.8869 577.3793 198.4797 1.6041 1.6474 3.6442 -4.1313 2.3964 69.3375 -4.6717 -3.7095
Car -1 -1 -4.2230 182.8134 178.1814 232.1423 200.2214 1.5202 1.5937 3.6679 -29.2585 1.9212 52.5063 -4.7295 -3.8314
Car -1 -1 -4.1264 415.6196 178.4255 453.1766 194.7292 1.5241 1.6566 4.0058 -17.2802 2.0895 71.0974 -4.3642 -4.1745
Car -1 -1 -4.6574 279.7430 178.9866 320.9482 213.0942 1.4900 1.5885 3.6927 -14.6818 1.7978 34.2480 -5.0599 -4.3006
Car -1 -1 -4.2844 445.6181 178.2975 496.4530 202.9041 1.4812 1.6186 4.2266 -8.9569 1.8500 46.6722 -4.4733 -4.3949
Car -1 -1 -4.2736 408.7437 179.5014 453.3720 201.6936 1.5247 1.7010 3.8406 -13.0840 2.0302 52.8515 -4.5155 -4.4094
Car -1 -1 -2.9226 393.9111 176.9782 470.0109 203.5488 1.5871 1.6729 4.2704 -10.9088 1.8448 44.2561 -3.1632 -4.4749
Car -1 -1 -4.5397 288.6168 179.0114 330.9055 205.5261 1.4452 1.6319 3.9660 -17.6263 1.8249 42.4214 -4.9316 -4.4985
Car -1 -1 -4.1541 264.7777 178.5968 306.0576 197.1877 1.5490 1.5892 3.6807 -28.4239 2.0674 63.2423 -4.5751 -4.5822
Car -1 -1 -8.2796 812.2348 170.9947 863.5782 198.6031 1.9008 1.7771 4.5985 16.3389 1.7725 52.0686 -7.9775 -4.5831
Car -1 -1 -4.8874 672.0620 181.2628 694.1535 197.9565 1.5213 1.5388 3.3732 6.9713 2.3482 69.2452 -4.7880 -4.5978
Car -1 -1 -4.6269 271.4324 176.9026 306.1377 204.2337 1.6413 1.6671 4.3037 -20.5983 1.9138 46.3179 -5.0435 -4.6356
Car -1 -1 -4.7870 583.9311 178.6294 618.1093 206.3321 1.5570 1.7398 4.3444 -0.6291 1.9247 43.7296 -4.8018 -4.8935
Car -1 -1 -7.8662 241.4243 177.5975 294.5611 223.8605 1.4628 1.5682 3.5796 -11.9848 1.6408 25.1677 -8.3068 -4.9044
Car -1 -1 -4.5575 258.5338 178.0574 282.1213 194.5407 1.5390 1.5477 3.5958 -33.1938 2.0614 70.5377 -4.9961 -4.9457
Car -1 -1 -4.1301 57.9640 186.0545 134.8880 213.1346 1.3306 1.6688 3.6267 -27.7608 2.0790 39.0860 -4.7447 -4.9605
Car -1 -1 -1.9136 77.0899 182.0159 123.0527 201.7530 1.4831 1.6974 4.2194 -40.9646 2.2423 57.9025 -2.5273 -5.0322
Car -1 -1 -5.3694 732.0826 183.5931 808.9718 218.6605 1.5575 1.6588 3.8633 7.7688 2.1158 35.4339 -5.1560 -5.0852
Car -1 -1 -4.9999 837.2186 179.2112 876.8137 205.5573 1.5736 1.5028 3.2069 15.5028 1.9887 45.5149 -4.6741 -5.1349
Car -1 -1 -4.4134 124.2475 184.2583 162.9158 205.1222 1.4942 1.5171 3.5723 -35.9826 2.4046 55.7005 -4.9849 -5.1372
Car -1 -1 -6.4484 460.1254 174.8983 546.1697 205.2261 1.5815 1.6720 4.4207 -5.8652 1.6968 39.3014 -6.5960 -5.1484
Car -1 -1 -4.0474 607.3522 178.4426 665.2858 202.0870 1.6315 1.7501 4.6981 1.9626 2.0621 53.2631 -4.0113 -5.1875
Car -1 -1 -4.6222 159.0549 179.6566 194.3873 203.6022 1.5119 1.7250 3.5249 -29.1883 1.9886 48.6331 -5.1605 -5.3797
Car -1 -1 -2.3025 0.0000 166.7980 22.8029 306.5808 1.6010 1.6675 3.9906 -10.1466 1.5314 9.1290 -3.1260 -5.4201
Car -1 -1 -4.6881 627.5291 180.4963 646.5026 199.1767 1.5030 1.5310 3.6687 2.3003 2.1736 61.4663 -4.6513 -5.4244
Car -1 -1 -4.6934 646.0929 176.7091 664.0643 196.1996 1.6514 1.5205 3.9617 3.9977 2.0038 63.9759 -4.6317 -5.4307
Car -1 -1 -5.1775 653.9858 177.9346 689.5832 194.8787 1.4636 1.6011 4.0031 5.5717 1.9416 65.7741 -5.0938 -5.4557
Car -1 -1 -4.6937 778.2082 176.9321 799.9310 199.4527 1.6539 1.5670 3.6903 13.8175 1.9796 55.6934 -4.4522 -5.4935
Car -1 -1 -4.6139 0.0000 184.9172 39.5391 228.4665 1.4609 1.6254 4.3852 -23.2154 1.9623 27.7359 -5.3062 -5.5249
Car -1 -1 -4.8937 268.5720 175.9844 300.2885 196.3819 1.6348 1.7620 3.8517 -27.3724 1.9063 60.5550 -5.3168 -5.6178
Car -1 -1 -4.6883 104.4222 181.7384 130.9171 201.3276 1.5216 1.7218 4.3439 -41.2087 2.2935 60.4183 -5.2850 -5.6936
Car -1 -1 -2.2179 0.0000 185.7027 0.0000 374.0000 1.4494 1.6099 4.2142 -8.2304 1.5779 6.3638 -3.1099 -5.7436
Car -1 -1 -4.3930 578.5317 178.0920 618.9750 200.1538 1.4825 1.6633 4.2280 -0.7888 1.8748 51.8262 -4.4086 -5.7745
Car -1 -1 -4.8860 184.0713 177.3065 223.7400 199.1589 1.4210 1.7651 3.7527 -28.0569 1.7401 49.7506 -5.3974 -5.8131
Car -1 -1 -4.5853 21.1262 182.3989 58.6179 204.5305 1.4937 1.6452 4.0128 -41.6095 2.2188 52.6924 -5.2514 -5.8867
Car -1 -1 -4.6402 63.3323 179.7968 95.0142 201.4277 1.5786 1.6869 4.1809 -41.3993 2.1414 56.3013 -5.2721 -5.8867
Car -1 -1 -4.6915 162.8093 176.9840 184.0395 192.7183 1.4277 1.6424 4.0682 -41.6060 1.8335 68.7827 -5.2339 -5.8867
Car -1 -1 -4.9297 777.0278 179.9132 828.4949 213.9244 1.5436 1.6200 3.9316 9.3909 1.9108 35.5696 -4.6742 -5.8867
Car -1 -1 -4.2353 0.0000 180.2653 0.0000 248.9594 1.3438 1.6694 4.7237 -17.2196 1.5455 17.1583 -5.0147 -6.1166
Car -1 -1 -4.8291 174.7572 178.6878 197.7229 196.1454 1.5415 1.4595 3.2785 -39.1659 2.0940 66.6278 -5.3589 -6.2595
Car -1 -1 -4.6295 81.3720 176.5979 117.8391 202.5059 1.5520 1.5608 4.0096 -32.4923 1.8012 45.9616 -5.2423 -6.2791
