Car -1 -1 -7.4962 256.9907 181.7882 389.3332 252.4017 1.3903 1.6085 3.6448 -6.4435 1.6170 16.4998 -7.8635 8.4829
Car -1 -1 -7.7170 474.5069 177.6649 543.7610 227.7743 1.4522 1.6899 3.8309 -3.1985 1.6193 23.1944 -7.8531 7.2332
Car -1 -1 -7.8560 548.7101 173.9738 571.6553 193.2095 1.3471 1.6122 3.8418 -3.6761 1.4317 52.7317 -7.9256 1.5945
Car -1 -1 -7.7490 520.1342 171.8295 543.2964 188.6469 1.3914 1.5872 3.6916 -6.6722 1.3063 61.5437 -7.8568 0.4926
Car -1 -1 -4.8954 762.4399 181.4428 801.3625 208.3197 1.5560 1.6073 4.2909 10.7105 2.1215 45.3478 -4.6655 -1.0254
Car -1 -1 -6.7400 946.3752 190.0451 1036.6714 218.6440 1.5131 1.6734 4.1248 21.1239 2.4899 40.1256 -6.2591 -2.1885
Car -1 -1 -5.8293 894.1315 189.7852 973.7322 217.4473 1.4499 1.5734 3.9686 18.9077 2.4901 42.3209 -5.4123 -2.9123
Car -1 -1 -4.8649 792.5348 169.4586 815.0965 184.0070 1.3984 1.6060 3.6610 19.0939 1.0718 71.2633 -4.6043 -3.0551
Car -1 -1 -4.8824 775.3702 178.0034 804.9169 199.1645 1.5644 1.6163 3.7064 13.9581 1.9786 56.1749 -4.6405 -3.1008
Car -1 -1 -4.5355 269.1175 177.0536 295.2705 194.9359 1.5670 1.5839 3.5039 -29.9766 1.9619 66.0093 -4.9605 -3.1869
Car -1 -1 -4.7614 742.2992 175.8233 760.6022 190.0631 1.3323 1.5528 3.9475 13.7628 1.6304 70.4348 -4.5695 -3.3493
Car -1 -1 -4.8833 293.7496 178.2045 322.4236 195.5860 1.4995 1.6855 4.4685 -27.6773 2.0062 66.0252 -5.2791 -3.5574
Car -1 -1 -4.3445 485.2756 169.7396 519.3536 188.4977 1.7141 1.8647 4.0068 -10.1414 1.4292 68.0908 -4.4920 -3.7742
Car -1 -1 -4.6637 809.6353 169.4201 828.9206 185.1373 1.5070 1.6560 3.7083 20.6538 1.1775 71.2049 -4.3828 -3.9263
Car -1 -1 -4.6074 184.2946 181.5533 228.3285 214.0011 1.5226 1.5610 3.9527 -20.7429 1.9954 37.1204 -5.1141 -3.9346
Car -1 -1 -6.8858 812.7241 172.9914 862.0389 191.1350 1.5751 1.6480 3.9342 20.1472 1.5873 64.0276 -6.5826 -4.2242
Car -1 -1 -5.9080 889.4608 181.8407 962.3608 210.2050 1.7024 1.6850 3.9684 20.3156 2.3071 46.5705 -5.4995 -4.3705
Car -1 -1 -5.7694 100.8020 176.7667 171.9671 201.0042 1.5793 1.6360 3.6473 -31.6586 1.8458 48.2513 -6.3477 -4.3763
Car -1 -1 -5.3858 768.2557 168.4350 807.4791 183.1276 1.4034 1.6136 3.9823 17.4596 0.9810 71.0645 -5.1461 -4.3773
Car -1 -1 -3.9307 231.5008 178.3430 283.6571 196.9506 1.5984 1.7310 4.3082 -32.0312 2.1152 65.6647 -4.3832 -4.4383
Car -1 -1 -5.0367 388.7018 175.1326 429.9084 199.8642 1.6497 1.6316 3.8728 -14.1298 1.8156 50.5693 -5.3081 -4.4511
Car -1 -1 -5.7819 7.6016 194.1130 121.1851 227.7968 1.3981 1.5699 3.7690 -24.3907 2.3804 32.3079 -6.4248 -4.5533
Car -1 -1 -4.6684 714.4071 176.9292 742.5801 202.6345 1.5631 1.6276 4.2265 7.6922 1.8398 46.8177 -4.5070 -4.5688
Car -1 -1 -4.3816 353.9082 173.1243 390.0728 192.4251 1.5221 1.6687 3.7587 -19.3910 1.5446 58.8473 -4.6988 -4.6013
Car -1 -1 -7.6856 420.8937 174.6745 450.1539 194.7568 1.6813 1.8032 4.1900 -15.2017 1.8452 62.9480 -7.9219 -4.7522
Car -1 -1 -7.4639 436.9919 172.0398 487.1744 199.0730 1.6511 1.7143 4.1113 -9.4505 1.6011 46.2492 -7.6647 -4.7726
Car -1 -1 -4.8353 821.2394 178.0226 851.2126 200.5597 1.7433 1.7869 4.5909 18.5287 2.1854 59.3394 -4.5345 -4.8943
Car -1 -1 -7.7248 0.0000 179.3349 2.8647 202.8898 1.4421 1.6504 4.0760 -41.3897 1.8879 47.5153 -8.4387 -4.9957
Car -1 -1 -4.2567 668.5734 177.1177 707.9753 197.2455 1.5397 1.6014 3.9165 6.3164 1.8954 58.1610 -4.1495 -5.0265
Car -1 -1 -4.6503 691.2114 175.5171 722.7923 203.4296 1.6961 1.7370 5.0243 6.3324 1.8789 46.9779 -4.5176 -5.0737
Car -1 -1 -8.1674 836.2218 177.2568 888.3593 206.5245 1.4873 1.5455 3.8390 13.5920 1.7379 39.1814 -7.8362 -5.1405
Car -1 -1 -3.7883 26.5144 175.5854 118.2209 200.7001 1.4832 1.7031 4.5265 -33.8503 1.6644 45.5477 -4.4248 -5.1922
Car -1 -1 -4.3673 571.9164 175.3667 612.2556 199.0775 1.6120 1.5692 4.1933 -1.2670 1.7998 51.7654 -4.3921 -5.2094
Car -1 -1 -3.9672 518.5443 174.4787 570.5941 197.1635 1.6636 1.6101 4.1195 -5.0057 1.7927 55.3419 -4.0574 -5.2626
Car -1 -1 -5.6376 844.2685 174.6780 900.1073 194.7369 1.6586 1.7527 4.3540 22.5919 1.8218 62.3817 -5.2920 -5.3819
Car -1 -1 -5.6188 322.9690 178.1767 384.5356 201.8649 1.5658 1.6192 3.8078 -17.6703 1.9422 49.6856 -5.9592 -5.4240
Car -1 -1 -4.7130 703.4479 177.2096 724.2963 196.6159 1.5323 1.6606 4.1892 8.6250 1.9082 60.1434 -4.5717 -5.4245
Car -1 -1 -8.4156 1030.1980 122.9743 1241.0000 374.0000 1.5733 1.6791 4.1373 3.1990 1.5309 2.8166 -7.6178 -5.5555
Car -1 -1 -2.1841 0.0000 189.4333 23.8286 374.0000 1.4076 1.5745 4.0536 -6.0105 1.5191 4.0557 -3.1303 -5.6217
Car -1 -1 -8.2322 1175.2946 188.0576 1241.0000 216.9115 1.4721 1.6544 4.2065 34.3472 2.3925 41.4433 -7.5442 -5.6738
Car -1 -1 -8.3254 805.3937 172.7813 867.0076 205.3141 1.6697 1.7043 3.6149 12.1053 1.6657 38.9585 -8.0267 -5.6848
Car -1 -1 -4.6005 0.0000 179.5510 33.1248 203.4173 1.4712 1.4712 3.3689 -39.0089 1.9269 47.3109 -5.2874 -5.6978
Car -1 -1 -4.9314 1222.5574 183.6523 1241.0000 210.3554 1.5969 1.7153 3.6783 41.2987 2.3275 46.8117 -4.2121 -5.7164
Car -1 -1 -5.3470 695.5029 175.3132 745.7185 195.0153 1.4701 1.6699 4.2971 8.6121 1.6709 56.7013 -5.1975 -5.7515
Car -1 -1 -5.2040 893.3109 177.6796 940.9529 198.7632 1.5549 1.6601 4.1202 23.8778 1.9454 56.3139 -4.8053 -5.7599
Car -1 -1 -4.4702 0.0000 180.9167 36.3734 203.0996 1.4274 1.6556 4.1045 -41.5877 2.0131 50.2411 -5.1592 -5.7882
Car -1 -1 -4.7662 1141.1365 179.9384 1173.4788 202.8233 1.6276 1.7255 4.0337 41.4948 2.1866 54.8058 -4.1211 -5.8753
Car -1 -1 -4.8157 685.7108 176.9373 707.8006 193.2430 1.4082 1.5792 3.9236 7.7962 1.7885 65.2769 -4.6977 -5.8867
Car -1 -1 -4.8939 1241.0000 170.7411 1241.0000 197.3264 1.4967 1.6462 3.9856 41.4729 1.3775 42.7383 -4.1272 -5.8867
Car -1 -1 -4.4394 0.0000 184.3227 0.0000 215.4491 1.5392 1.6597 4.0230 -41.6112 2.1997 39.4206 -5.2485 -5.8867
Car -1 -1 -6.9169 0.0000 0.0000 1241.0000 374.0000 1.5443 1.5893 3.8040 -2.1018 1.6320 1.0042 -7.9392 -5.8867
Car -1 -1 -4.9532 1241.0000 167.4165 1241.0000 197.4357 1.4891 1.6462 3.9970 41.4685 1.2191 37.9127 -4.1271 -5.8867
Car -1 -1 -4.5204 0.0000 182.2415 0.0000 209.7331 1.5462 1.6669 4.0759 -41.4708 2.1496 44.2328 -5.2707 -5.8867
Car -1 -1 -4.5861 25.7441 180.2138 62.7349 201.6028 1.4667 1.6412 4.0207 -41.6134 2.0300 53.1036 -5.2485 -5.8867
Car -1 -1 -4.9242 1241.0000 169.8061 1241.0000 198.0771 1.4968 1.6479 3.9943 41.4707 1.3351 40.3220 -4.1287 -5.8867
Car -1 -1 -4.4701 0.0000 184.4814 0.0000 213.3840 1.5205 1.6509 4.0142 -41.6102 2.2289 41.8329 -5.2497 -5.8867
Car -1 -1 -4.5867 380.0393 173.6836 404.5364 193.5069 1.6490 1.6032 3.3716 -18.6911 1.7220 61.9662 -4.8788 -5.9179
Car -1 -1 -8.2026 529.2809 177.4334 589.3756 213.9114 1.4343 1.4369 3.4909 -2.2556 1.6410 30.7302 -8.2758 -5.9409
Car -1 -1 -4.9751 824.0370 177.6018 869.7859 204.5641 1.4850 1.5827 3.8861 13.8281 1.7768 42.4164 -4.6624 -5.9766
Car -1 -1 -4.5847 19.7216 180.9607 60.5969 206.5258 1.6194 1.6540 4.2910 -38.9891 2.1997 49.4091 -5.2502 -6.3181
Car -1 -1 -4.3696 837.6371 178.0254 872.2664 199.9738 1.7064 1.6153 3.4470 19.9644 2.1410 58.8247 -4.0444 -6.3686
Car -1 -1 -5.7084 0.0000 187.8643 13.6554 343.2688 1.6526 1.7689 3.8507 -10.4717 1.8733 9.2769 -6.5398 -6.5913
Car -1 -1 -4.6468 849.6183 181.1996 882.9914 205.8204 1.3578 1.6410 4.1556 15.4671 1.8869 43.5391 -4.3081 -6.9620
