Car -1 -1 -7.3904 134.1165 185.0372 335.1672 282.0390 1.3720 1.5823 3.6204 -6.2923 1.6129 12.4744 -7.8495 8.3134
Car -1 -1 -7.7458 491.7394 175.4018 552.4332 222.6375 1.4943 1.6766 3.8086 -3.0059 1.5888 24.9458 -7.8650 7.4360
Car -1 -1 -7.8031 555.6313 172.8835 580.9841 193.8279 1.5065 1.6793 4.3784 -3.1166 1.5085 54.1007 -7.8607 2.7264
Car -1 -1 -7.8196 510.6352 168.0717 535.2495 191.2339 1.6602 1.6809 4.2765 -6.4975 1.3171 53.9202 -7.9392 -0.2383
Car -1 -1 -4.2720 935.5297 180.0829 989.9544 203.9772 1.4781 1.6338 4.1457 23.3334 1.9756 47.7449 -3.8203 -1.9158
Car -1 -1 -5.2106 701.8118 175.7043 736.4698 192.3508 1.5654 1.6473 3.9894 10.6442 1.8531 70.7477 -5.0622 -3.0955
Car -1 -1 -4.7983 993.0955 181.1769 1019.7511 201.0935 1.5197 1.5655 3.8689 32.2869 2.2227 58.8839 -4.2993 -3.2862
Car -1 -1 -7.5601 242.8320 183.0523 272.5381 199.4505 1.4940 1.6059 3.6313 -34.1812 2.5108 70.0440 -8.0128 -3.4572
Car -1 -1 -6.0660 188.3679 184.4942 245.6447 200.7069 1.4616 1.6135 4.5317 -37.2521 2.5883 68.4596 -6.5629 -3.7910
Car -1 -1 -4.5841 723.5676 174.9767 745.8833 190.8429 1.5006 1.6633 4.0654 12.2835 1.7157 71.0168 -4.4138 -3.8485
Car -1 -1 -4.5299 0.0000 185.9272 54.5552 220.6355 1.5408 1.6334 4.6034 -29.4334 2.2412 36.2611 -5.2083 -4.0817
Car -1 -1 -5.5105 183.2494 179.5796 241.3190 200.6220 1.5823 1.7136 3.8908 -31.1377 2.1208 56.4622 -6.0127 -4.2087
Car -1 -1 -5.1651 946.7513 179.0171 1013.0353 210.0541 1.4942 1.7085 3.3881 18.9114 1.8255 37.1198 -4.6976 -4.2341
Car -1 -1 -7.5865 527.2341 172.2891 565.9339 194.9706 1.6209 1.7183 4.6473 -4.7183 1.5802 54.0022 -7.6736 -4.3240
Car -1 -1 -5.5516 240.7046 177.2553 296.7137 200.5109 1.7743 1.6872 3.8563 -26.9440 2.1295 56.9264 -5.9921 -4.4054
Car -1 -1 -4.8193 0.0000 186.2148 10.7985 217.9480 1.5137 1.6368 3.9375 -32.9699 2.2530 37.9980 -5.5306 -4.4637
Car -1 -1 -8.0541 736.0191 173.4084 764.7311 189.8128 1.5224 1.7891 4.7820 13.4591 1.5774 69.5257 -7.8640 -4.5716
Car -1 -1 -8.1640 804.8538 177.3611 848.6600 201.8066 1.5340 1.6190 4.0582 14.3494 1.8468 48.0785 -7.8761 -4.5735
Car -1 -1 -4.3164 547.0570 175.6462 577.2971 192.5897 1.5269 1.5436 3.6466 -4.4737 1.7960 67.6494 -4.3825 -4.5938
Car -1 -1 -5.2320 943.3219 180.3862 986.7211 197.8563 1.5453 1.7521 4.2969 33.3361 2.2770 67.9212 -4.7779 -4.5966
Car -1 -1 -4.5787 675.3038 173.7677 705.7969 197.5385 1.5768 1.5894 4.0355 5.6073 1.6427 50.1763 -4.4684 -4.6202
Car -1 -1 -4.7009 1070.2560 189.5987 1115.4242 226.5054 1.4653 1.6074 3.7213 21.6671 2.2641 32.4449 -4.1169 -4.7889
Car -1 -1 -4.0416 474.2858 171.8345 521.6236 192.9619 1.5764 1.6030 3.8093 -8.6657 1.5001 55.8897 -4.1950 -4.8411
Car -1 -1 -4.7858 997.2737 178.3609 1019.0809 194.7790 1.5225 1.5978 3.3987 38.6082 2.0712 70.0485 -4.2842 -4.8982
Car -1 -1 -4.4021 0.0000 183.1064 68.4290 213.3459 1.4951 1.5919 4.7154 -31.7294 2.0964 39.8488 -5.0714 -5.1436
Car -1 -1 -4.7255 233.9401 179.4636 257.5045 199.8687 1.5388 1.6433 4.5684 -29.5246 2.0952 58.3756 -5.1922 -5.2365
Car -1 -1 -4.3962 215.5527 183.4905 251.2833 202.6158 1.5020 1.5747 3.7681 -31.7411 2.4282 60.8630 -4.8754 -5.2646
Car -1 -1 -3.3474 595.9459 174.0458 651.1105 194.0161 1.5284 1.5153 4.0933 1.0176 1.6233 56.4850 -3.3299 -5.2866
Car -1 -1 -4.4356 1108.2969 184.2117 1151.9419 206.4693 1.6458 1.8024 3.9803 41.2812 2.5778 57.2828 -3.8140 -5.3304
Car -1 -1 -2.1411 0.0000 185.6960 12.5012 369.1861 1.4897 1.6780 4.1771 -8.6002 1.6365 7.1397 -3.0005 -5.3415
Car -1 -1 -4.9398 1022.4473 179.7024 1058.5054 200.8383 1.5870 1.5945 4.0330 34.3676 2.1552 57.7405 -4.4055 -5.3891
Car -1 -1 -4.3274 861.2830 178.7551 936.9690 217.9935 1.6502 1.6604 4.5528 13.3304 1.9398 33.2314 -3.9495 -5.4342
Car -1 -1 -6.6782 1088.9434 174.0360 1241.0000 273.7792 1.4924 1.5749 3.5449 10.2847 1.5140 12.0977 -5.9861 -5.5138
Car -1 -1 -4.5428 0.0000 185.3508 21.6611 209.4595 1.4824 1.6766 4.2607 -41.4536 2.3695 48.9736 -5.2427 -5.6136
Car -1 -1 -4.0524 218.3131 174.0804 311.9285 205.6261 1.4832 1.7506 4.7174 -17.4017 1.5493 36.6103 -4.4935 -5.6245
Car -1 -1 -4.1822 229.6655 176.3809 301.9387 204.2359 1.4516 1.6614 4.3763 -19.2164 1.6599 40.4257 -4.6237 -5.6492
Car -1 -1 -5.5260 294.0769 169.8034 365.1256 200.3707 1.8320 1.6630 4.0864 -17.4391 1.6488 44.7854 -5.8956 -5.7143
Car -1 -1 -7.8906 357.4107 183.4912 378.5206 200.2329 1.5325 1.8224 4.2104 -23.9428 2.6163 71.2492 -8.2140 -5.7375
Car -1 -1 -4.6805 317.9063 173.2934 342.2469 196.0441 1.5345 1.4729 3.8030 -19.6984 1.5664 50.7835 -5.0490 -5.8231
Car -1 -1 -4.4960 0.0000 184.0121 0.0000 209.0644 1.4719 1.7010 4.3096 -41.5663 2.2298 46.7333 -5.2202 -5.8816
Car -1 -1 -4.3256 175.4682 179.6517 244.6857 210.3311 1.4055 1.6374 3.9670 -19.9134 1.7641 36.0338 -4.8275 -5.8822
Car -1 -1 -4.5117 203.6020 175.8725 252.5370 205.1087 1.5140 1.6342 3.9229 -21.0925 1.6895 39.9115 -4.9954 -5.8853
Car -1 -1 -4.8604 1241.0000 174.2360 1241.0000 200.0470 1.5316 1.6555 4.0083 41.5020 1.6219 45.1674 -4.1208 -5.8861
Car -1 -1 -4.6080 47.9722 183.6420 81.8252 205.0912 1.5103 1.6469 4.0084 -41.6066 2.3659 55.1025 -5.2526 -5.8867
Car -1 -1 -4.9040 1241.0000 172.1794 1241.0000 199.7856 1.5381 1.6588 3.9942 41.4737 1.5002 42.3252 -4.1325 -5.8867
Car -1 -1 -4.7214 1087.3000 172.8420 1111.3879 190.8004 1.4715 1.6416 3.9904 41.4737 1.4703 61.2416 -4.1286 -5.8867
Car -1 -1 -4.4991 0.0000 185.4863 0.0000 213.1506 1.5387 1.6559 4.0165 -41.6076 2.3506 44.2430 -5.2509 -5.8867
Car -1 -1 -4.9346 1241.0000 168.7910 1241.0000 197.4214 1.4839 1.6441 3.9944 41.4702 1.2731 39.5178 -4.1290 -5.8867
Car -1 -1 -4.6983 1063.0809 173.5868 1085.5808 190.9006 1.4915 1.6448 3.9945 41.4768 1.5589 64.4580 -4.1289 -5.8867
Car -1 -1 -4.5817 16.4467 183.2120 54.5563 205.6010 1.4945 1.6437 4.0126 -41.6082 2.2756 52.2907 -5.2514 -5.8867
Car -1 -1 -4.6629 1039.9729 174.2955 1062.8812 190.7165 1.4833 1.6469 3.9940 41.3921 1.6224 67.6609 -4.1161 -5.8867
Car -1 -1 -5.0753 1056.2382 177.3865 1102.1077 198.5076 1.5501 1.6363 4.0612 36.3407 1.9154 56.0365 -4.5028 -5.8867
Car -1 -1 -4.6845 141.6442 180.4097 164.8392 198.5305 1.5471 1.6639 4.0391 -41.4937 2.2560 65.5672 -5.2470 -5.8867
Car -1 -1 -4.6487 98.3976 183.8456 126.1336 203.5276 1.5219 1.6513 4.0110 -41.6046 2.4734 60.3349 -5.2505 -5.8867
Car -1 -1 -4.2787 205.8035 177.6397 281.9282 210.4610 1.3898 1.6041 3.9252 -16.7432 1.6224 33.1196 -4.7437 -5.8867
Car -1 -1 -4.4597 0.0000 185.1407 0.0000 215.1254 1.5424 1.6590 4.0182 -41.6096 2.2773 41.0279 -5.2490 -5.8867
Car -1 -1 -4.6298 76.2664 184.0228 106.7030 204.6090 1.5249 1.6522 4.0125 -41.6050 2.4544 57.9210 -5.2507 -5.8867
Car -1 -1 -4.3020 148.2585 178.9784 225.5553 212.4765 1.3898 1.5788 3.9190 -19.1175 1.6844 32.7170 -4.8275 -5.8867
Car -1 -1 -5.5890 965.1263 178.4334 1018.4948 194.7002 1.4319 1.6472 4.3566 35.6018 1.9711 67.4378 -5.1055 -6.0254
Car -1 -1 -5.0660 981.7586 176.8074 1029.4425 201.4919 1.5112 1.5239 3.6415 25.5056 1.7772 46.6963 -4.5691 -6.0489
Car -1 -1 -4.2430 0.0000 178.9485 0.0000 244.7544 1.4248 1.6169 4.1809 -18.7440 1.5978 18.2759 -5.0338 -6.0525
Car -1 -1 -5.6817 0.0000 180.2192 13.2219 325.5090 1.5724 1.8449 4.4989 -10.9805 1.6828 9.3999 -6.5303 -6.2254
Car -1 -1 -4.9685 677.7471 176.0754 702.2504 193.1413 1.6173 1.5707 3.4195 7.8117 1.9415 70.8682 -4.8596 -6.4382
Car -1 -1 -4.5823 190.2252 180.5112 218.6388 201.7421 1.6655 1.5572 4.0221 -33.8841 2.3281 60.3130 -5.0925 -6.7216
