Car -1 -1 -7.8064 527.3048 181.9265 556.7864 205.7066 1.3943 1.6860 3.5444 -4.2823 1.9889 45.4971 -7.9002 4.9254
Car -1 -1 -7.8745 586.3082 183.9268 616.9962 210.7327 1.3359 1.5852 3.4874 -0.5281 1.9642 39.1911 -7.8885 4.0682
Car -1 -1 -4.3799 3.0750 184.5238 77.0138 218.4918 1.4611 1.5856 3.8858 -27.2422 2.0538 34.5713 -5.0437 -0.2406
Car -1 -1 -5.1302 202.5493 178.7460 240.7658 195.3435 1.5005 1.6404 4.1883 -36.9237 2.0756 68.5350 -5.6230 -0.8126
Car -1 -1 -3.9364 139.6799 181.2408 238.8739 217.0202 1.5465 1.6482 4.1504 -19.9998 1.9723 34.4415 -4.4594 -1.5980
Car -1 -1 -6.3746 777.9913 175.7347 831.0656 198.7904 1.6153 1.6170 3.5496 13.9276 1.8267 51.9220 -6.1143 -1.6087
Car -1 -1 -4.8509 233.9633 181.1722 280.2505 213.6733 1.4641 1.5661 3.5560 -17.3847 1.8939 35.3944 -5.3047 -2.8830
Car -1 -1 -5.7388 0.0000 181.6569 16.8910 234.2280 1.4785 1.6113 3.8653 -20.7322 1.7596 21.8775 -6.4913 -3.4994
Car -1 -1 -7.9817 228.0275 179.0991 298.8192 234.4761 1.5711 1.5732 3.6284 -11.0828 1.7856 22.8611 -8.4289 -3.6096
Car -1 -1 -4.4642 349.1910 181.4040 377.5663 198.1128 1.4788 1.5919 4.0185 -23.2362 2.3093 68.0406 -4.7924 -3.6422
Car -1 -1 -4.5271 83.7240 184.7223 120.0819 204.5285 1.4286 1.6184 4.0368 -39.9850 2.3987 56.8205 -5.1382 -3.7482
Car -1 -1 -3.2033 386.1828 180.9320 453.9335 209.1785 1.5415 1.6699 3.6750 -10.9794 2.0215 41.5292 -3.4606 -3.8589
Car -1 -1 -7.4701 97.3485 182.6653 172.7565 217.5499 1.5035 1.6258 3.9539 -22.5581 1.9991 34.3740 -8.0475 -3.8653
Car -1 -1 -2.7925 292.8840 177.8127 351.5084 201.1189 1.6003 1.5830 3.4997 -20.2378 1.9546 50.7448 -3.1704 -3.9538
Car -1 -1 -5.1541 851.1880 169.6413 903.2169 200.1103 2.0037 1.7143 4.1869 18.2682 1.7921 49.6118 -4.8037 -3.9952
Car -1 -1 -4.6498 231.1431 182.5135 275.4821 218.5325 1.4403 1.5247 3.5194 -15.7026 1.8913 31.7972 -5.1054 -4.0523
Car -1 -1 -4.4547 440.9129 182.9827 484.6559 210.4726 1.5096 1.6161 3.9038 -8.7696 2.1422 43.0886 -4.6547 -4.1372
Car -1 -1 -4.4007 291.5268 176.4996 337.1560 203.0378 1.6486 1.6428 3.9296 -19.3922 1.8980 47.4003 -4.7873 -4.2272
Car -1 -1 -8.1988 894.7379 170.1694 946.1341 197.7860 1.6901 1.6988 4.1782 19.8070 1.5255 46.2924 -7.7971 -4.3024
Car -1 -1 -4.3726 325.5885 178.3337 368.6210 200.4525 1.5300 1.7093 4.0563 -19.2630 1.9473 52.9535 -4.7201 -4.3696
Car -1 -1 -5.0033 109.8021 181.9777 150.1784 201.4051 1.5474 1.7353 4.1852 -40.8641 2.3484 61.3604 -5.5890 -4.4130
Car -1 -1 -4.4180 0.0000 185.6353 33.6898 224.4214 1.4617 1.6902 4.5576 -26.7807 2.0574 31.2190 -5.1229 -4.4870
Car -1 -1 -4.7796 407.1008 180.7002 437.7911 204.4990 1.5007 1.7411 4.3416 -12.9035 2.0626 49.3720 -5.0343 -4.5816
Car -1 -1 -4.5540 16.2025 180.5228 60.2230 207.4464 1.4239 1.4293 3.4450 -32.5254 1.8798 41.0683 -5.2208 -4.6024
Car -1 -1 -3.8446 118.2769 182.8596 194.7590 208.7899 1.4442 1.6612 3.7410 -27.4775 2.0794 43.7920 -4.4024 -4.6287
Car -1 -1 -5.5771 310.2888 179.1954 372.8153 204.6878 1.5863 1.6264 3.6291 -17.5053 2.0111 46.9772 -5.9323 -4.7500
Car -1 -1 -5.9153 50.4008 181.7685 180.4162 218.8730 1.5245 1.6612 4.3912 -21.5708 1.9305 31.5776 -6.5108 -4.8683
Car -1 -1 -3.8220 142.3124 180.2939 202.3918 200.4136 1.6343 1.7667 4.3070 -37.9550 2.3040 62.6543 -4.3650 -4.8815
Car -1 -1 -4.7949 536.1025 177.8253 565.1746 199.2520 1.3848 1.6541 4.1953 -4.1727 1.7432 49.8605 -4.8784 -5.0458
Car -1 -1 -4.5368 170.2702 181.8164 211.0019 208.4571 1.5893 1.6051 3.9292 -27.0538 2.1941 46.5925 -5.0606 -5.0746
Car -1 -1 -4.2559 340.9030 179.5734 410.1371 211.5296 1.5322 1.6916 4.3731 -12.2393 1.9056 37.8437 -4.5670 -5.4008
Car -1 -1 -2.3314 0.0000 171.4841 15.3015 302.0683 1.4971 1.6267 3.9532 -10.2348 1.4811 9.1209 -3.1596 -5.4084
Car -1 -1 -1.9330 156.4095 178.7973 191.8040 195.2509 1.4802 1.5913 3.8721 -41.1434 2.0554 68.0477 -2.4753 -5.4276
Car -1 -1 -8.0409 233.4487 177.5914 322.2411 245.9059 1.5879 1.5030 3.3822 -8.7799 1.7232 18.8364 -8.4721 -5.4294
Car -1 -1 -2.4830 0.0000 175.9750 54.0268 374.0000 1.4788 1.8503 4.9571 -8.5961 1.5140 6.7588 -3.3680 -5.5198
Car -1 -1 -4.5541 0.0000 181.7528 53.3074 214.6566 1.5427 1.6297 3.6106 -29.8184 2.0214 36.8683 -5.2308 -5.7040
Car -1 -1 -5.8720 509.5079 176.0250 567.3464 195.8272 1.7550 1.9045 4.9254 -6.5766 2.0526 66.1407 -5.9710 -5.7052
Car -1 -1 -4.6682 575.2111 180.4162 601.4368 204.1402 1.5140 1.6241 3.7830 -1.4749 2.0489 49.1617 -4.6986 -5.8118
Car -1 -1 -4.5330 611.7999 179.7056 643.2465 200.8366 1.4609 1.6201 4.1522 1.3107 1.9895 53.5048 -4.5091 -5.8245
Car -1 -1 -4.4612 0.0000 184.8913 0.0000 214.2509 1.5107 1.6472 4.0091 -41.6098 2.2306 41.0273 -5.2505 -5.8867
Car -1 -1 -4.4261 0.0000 184.0938 0.0000 216.0672 1.5309 1.6557 4.0197 -41.6118 2.1594 38.2101 -5.2507 -5.8867
Car -1 -1 -7.0089 0.0000 0.0000 1241.0000 374.0000 1.5502 1.5937 3.8081 -1.7120 1.6413 0.9962 -7.9398 -5.8867
Car -1 -1 -4.5776 11.5304 183.2330 50.4916 206.2525 1.5250 1.6522 4.0171 -41.6083 2.3020 51.8867 -5.2511 -5.8867
Car -1 -1 -4.4343 395.7924 180.2483 432.7168 201.2067 1.4362 1.5878 3.9339 -14.3089 1.9974 52.8180 -4.6979 -5.8867
Car -1 -1 -4.4977 449.6118 178.8985 476.7103 195.3716 1.3940 1.5741 3.9179 -13.1075 1.9504 64.4755 -4.6977 -5.8867
Car -1 -1 -4.6883 143.5647 180.6363 166.0467 197.6622 1.4599 1.6376 4.0150 -41.6095 2.1943 65.9743 -5.2494 -5.8867
Car -1 -1 -7.8472 0.0000 0.0000 1110.2590 374.0000 1.5518 1.5948 3.8090 -0.1040 1.6279 0.9959 -7.9398 -5.8867
Car -1 -1 -6.7024 0.0000 0.0000 1241.0000 374.0000 1.5531 1.5905 3.8060 -3.7090 1.6830 1.0036 -7.9390 -5.8867
Car -1 -1 -4.5880 36.7996 182.6430 73.9735 205.5619 1.5804 1.6892 4.1661 -41.3866 2.3412 53.8794 -5.2408 -5.8867
Car -1 -1 -4.3159 0.0000 180.4067 0.0000 259.8556 1.3667 1.5880 4.1337 -15.9296 1.5471 15.0453 -5.1209 -5.9150
Car -1 -1 -7.4086 0.0000 180.9689 32.0773 255.0605 1.6361 1.8208 4.7171 -17.4851 1.8779 19.0056 -8.1454 -6.0200
Car -1 -1 -4.9000 567.6836 183.7233 595.9625 202.9994 1.3813 1.4833 3.9370 -2.2546 2.2581 56.1411 -4.9404 -6.0523
Car -1 -1 -5.0305 54.4123 183.4432 101.1927 204.4035 1.5084 1.7580 3.9642 -41.1072 2.3525 55.6747 -5.6644 -6.0687
Car -1 -1 -4.5210 631.5825 181.6787 654.9258 196.9562 1.4212 1.6434 3.6653 3.2968 2.3180 71.3778 -4.4755 -6.0724
Car -1 -1 -4.7489 369.6105 179.1921 389.3947 195.6955 1.4794 1.6417 4.1298 -21.9604 2.1013 68.6089 -5.0578 -6.1119
Car -1 -1 -4.3415 0.0000 181.6047 0.0000 243.7793 1.3974 1.6081 4.2897 -19.1653 1.6571 19.1490 -5.1204 -6.1698
Car -1 -1 -4.9936 614.9053 183.2112 645.0059 199.9710 1.5178 1.8219 4.2549 1.8915 2.5618 70.4608 -4.9673 -6.4782
Car -1 -1 -4.9462 542.6560 181.5943 573.1903 202.5864 1.4981 1.5575 3.4460 -4.0232 2.1859 54.9330 -5.0194 -6.6661
Car -1 -1 -5.9277 895.4586 313.4814 1241.0000 374.0000 1.3340 1.5301 3.1730 4.1473 2.8166 5.8749 -5.3397 -8.5419
