Car -1 -1 -7.2350 0.0000 194.9185 327.6083 374.0000 1.4861 1.6012 3.7051 -3.6460 1.7010 5.1629 -7.8264 5.9976
Car -1 -1 -7.8578 590.1102 183.3011 619.1622 207.8086 1.2955 1.6018 3.8061 -0.3580 1.9264 41.6852 -7.8669 4.8288
Car -1 -1 -7.8224 517.5518 180.6220 547.4260 206.8313 1.4894 1.6986 3.6968 -4.7267 1.9837 44.0393 -7.9292 3.7567
Car -1 -1 -4.6010 757.7841 176.8769 784.9782 197.7167 1.5921 1.6981 4.1537 13.0286 1.9289 58.2277 -4.3824 -2.2000
Car -1 -1 -5.3654 1129.9884 170.2629 1235.6865 208.7913 1.5237 1.5283 3.7106 23.9525 1.4209 30.3970 -4.7030 -2.2890
Car -1 -1 -4.4582 218.4825 178.0329 256.5478 198.5240 1.5218 1.6511 4.2441 -29.3802 1.9466 56.9741 -4.9326 -2.3396
Car -1 -1 -7.9661 337.5008 173.9835 362.6159 193.5569 1.8117 1.7760 4.5649 -25.0886 1.9240 69.5055 -8.3116 -2.3917
Car -1 -1 -4.6571 865.5183 172.1734 900.0624 201.0963 1.5564 1.6248 4.1451 15.5213 1.5195 41.0529 -4.2984 -3.4134
Car -1 -1 -7.3353 266.2697 178.5578 329.7377 206.4275 1.5834 1.6928 4.2000 -19.0033 1.9487 44.0688 -7.7406 -3.5680
Car -1 -1 -4.7427 178.2504 177.8840 205.6380 199.8237 1.5434 1.6509 4.1354 -31.3160 1.9345 53.9557 -5.2666 -3.6362
Car -1 -1 -4.1388 663.2034 184.7433 714.4776 207.0036 1.4627 1.6743 4.1653 5.6735 2.3521 51.8480 -4.0310 -3.6981
Car -1 -1 -4.8086 438.9931 182.2010 465.4379 203.2246 1.3935 1.5037 3.5751 -11.3141 2.0850 51.4749 -5.0242 -3.7130
Car -1 -1 -5.1828 0.0000 183.0631 31.7756 208.9718 1.4957 1.6210 3.9118 -37.6816 2.1442 44.3481 -5.8843 -3.9018
Car -1 -1 -5.0809 710.7787 190.2027 749.6903 211.9993 1.4524 1.6039 3.6681 8.7842 2.7773 53.1569 -4.9187 -4.1231
Car -1 -1 -7.3010 192.2872 182.2530 257.9824 208.9855 1.4182 1.5739 3.8013 -22.1413 1.9852 41.5986 -7.7877 -4.3138
Car -1 -1 -7.2458 42.6626 183.0096 121.2258 212.6017 1.4817 1.5907 3.7486 -28.7072 2.0613 39.3141 -7.8735 -4.6573
Car -1 -1 -3.4841 47.6118 183.6775 127.0971 208.6340 1.5008 1.6476 3.8904 -34.2003 2.2404 47.2553 -4.1081 -4.8020
Car -1 -1 -6.4880 656.7047 184.0417 705.3735 203.7579 1.5914 1.7330 3.7866 5.9109 2.5460 60.5171 -6.3917 -4.8459
Car -1 -1 -4.5626 464.4843 180.4347 505.0149 208.4038 1.5189 1.7375 4.2277 -7.3491 1.9873 42.4724 -4.7334 -4.8507
Car -1 -1 -5.0611 510.4828 179.5159 545.7809 199.2779 1.4873 1.5729 3.8830 -6.6191 2.0400 57.8014 -5.1750 -5.0007
Car -1 -1 -2.5453 0.0000 195.2549 33.5548 247.2290 1.3699 1.5898 3.5556 -19.2609 2.0521 20.9477 -3.2825 -5.0371
Car -1 -1 -2.2266 179.8581 177.7554 233.2059 199.9409 1.7568 1.6157 4.1911 -33.2440 2.1706 59.3996 -2.7351 -5.0760
Car -1 -1 -6.5375 535.4135 183.1434 590.5906 204.1062 1.5287 1.7752 3.9143 -3.6526 2.3408 55.5093 -6.6034 -5.1004
Car -1 -1 -4.6982 0.0000 181.0251 21.5046 205.1347 1.5035 1.8193 4.4358 -41.0502 2.0823 48.8462 -5.3946 -5.1027
Car -1 -1 -4.6060 173.6310 179.0301 214.4387 211.4828 1.7304 1.6077 3.9788 -23.8630 2.1031 41.4342 -5.1260 -5.1413
Car -1 -1 -4.3760 396.4196 179.8341 445.1923 206.4881 1.7170 1.8915 4.4845 -13.0697 2.2227 50.0020 -4.6307 -5.1536
Car -1 -1 -4.2417 0.0000 177.2529 62.8620 211.2834 1.5763 1.6943 3.7199 -29.2424 1.8072 35.9325 -4.9213 -5.1930
Car -1 -1 -4.6084 240.4194 181.0158 278.1277 206.9718 1.5674 1.7731 4.4229 -23.0350 2.1307 47.4489 -5.0584 -5.2185
Car -1 -1 -4.6904 413.3693 177.7595 433.0195 194.1789 1.4068 1.6303 4.6078 -16.9991 1.8697 65.7018 -4.9429 -5.4016
Car -1 -1 -4.3034 0.0000 184.6965 128.4317 244.4293 1.5535 1.7685 3.9068 -16.3512 1.9440 21.7041 -4.9433 -5.4430
Car -1 -1 -4.4801 88.4106 181.5805 140.1748 210.7033 1.4475 1.5374 3.4498 -26.6805 1.9402 38.8779 -5.0785 -5.4540
Car -1 -1 -4.9343 520.7352 177.7825 551.4492 195.9798 1.4207 1.6667 4.0795 -6.1788 1.8434 59.7241 -5.0373 -5.4741
Car -1 -1 -4.4488 124.0823 177.6888 183.4403 205.0640 1.6750 2.0689 5.0502 -30.1624 2.0134 47.8263 -5.0092 -5.4926
Car -1 -1 -4.7649 572.5860 179.9036 592.9746 196.3421 1.4244 1.6525 4.2546 -2.5626 2.0961 66.5951 -4.8037 -5.4990
Car -1 -1 -4.1332 278.1717 180.0329 357.4942 213.9085 1.6073 1.6912 4.3871 -15.1287 2.0035 37.5345 -4.5142 -5.5164
Car -1 -1 -4.5517 29.7737 183.1579 133.9211 242.9189 1.3685 1.5792 4.2618 -14.2061 1.6798 19.5619 -5.1735 -5.5687
Car -1 -1 -4.5639 858.7057 185.1042 899.9173 214.2424 1.4008 1.5754 3.3077 14.1951 2.0776 38.0538 -4.2099 -5.6114
Car -1 -1 -4.5274 324.2404 177.9534 367.1541 203.5758 1.4536 1.6748 4.4259 -16.1481 1.7819 44.1760 -4.8762 -5.6606
Car -1 -1 -4.5617 422.6818 179.5008 458.7714 203.2777 1.3974 1.6080 4.2487 -10.7254 1.8391 45.8043 -4.7908 -5.7040
Car -1 -1 -4.4288 595.8044 179.5881 625.3812 196.1689 1.4679 1.6724 4.2324 0.0720 2.1233 67.9855 -4.4282 -5.7746
Car -1 -1 -4.4115 615.2465 179.4459 653.9160 200.4831 1.3981 1.6207 4.1019 1.7698 1.8887 51.5352 -4.3778 -5.8096
Car -1 -1 -4.4637 0.0000 179.3074 0.0000 204.2046 1.4928 1.7144 4.3236 -41.5018 1.9316 46.7783 -5.1867 -5.8265
Car -1 -1 -4.6955 418.7517 179.4066 440.0052 197.8884 1.4447 1.6479 4.0404 -15.0339 2.0095 60.0816 -4.9399 -5.8343
Car -1 -1 -3.8030 122.4967 175.7967 181.3854 198.3261 1.6344 1.5302 3.5929 -34.7607 1.8655 54.8020 -4.3662 -5.8534
Car -1 -1 -4.6300 76.3745 182.8042 106.5972 202.7762 1.4850 1.6395 4.0070 -41.6074 2.3130 57.9238 -5.2509 -5.8867
Car -1 -1 -4.6104 52.3626 181.4965 85.4154 201.7146 1.4445 1.6282 4.0041 -41.6104 2.1347 55.5124 -5.2515 -5.8867
Car -1 -1 -4.4950 0.0000 181.8204 0.0000 208.1979 1.4713 1.6398 4.0117 -41.6130 2.0424 43.8442 -5.2514 -5.8867
Car -1 -1 -4.5817 25.4534 181.1594 62.6556 202.4503 1.4539 1.6353 4.0307 -41.6265 2.0897 53.1034 -5.2442 -5.8867
Car -1 -1 -4.4609 0.0000 183.9858 0.0000 213.0561 1.5005 1.6449 4.0108 -41.6111 2.1663 41.0288 -5.2502 -5.8867
Car -1 -1 -4.6793 595.0115 179.7468 618.2335 200.4274 1.4686 1.6290 4.1813 -0.2518 2.0116 54.7599 -4.6843 -5.8957
Car -1 -1 -4.2974 0.0000 182.6859 219.6878 353.5116 1.4670 1.6509 4.0319 -6.2626 1.6128 8.5827 -4.9133 -5.9144
Car -1 -1 -4.9386 540.4823 182.0172 570.3316 199.6906 1.5440 1.8865 4.2331 -5.1808 2.4329 67.7225 -5.0151 -5.9441
Car -1 -1 -7.7950 414.7348 178.0449 432.9814 194.9655 1.5833 1.5162 3.6772 -18.2243 2.1054 70.6643 -8.0468 -6.0856
Car -1 -1 -4.8814 63.0139 180.3371 101.6495 202.5772 1.5162 1.6421 3.8807 -38.3986 2.0798 52.4373 -5.5112 -6.1750
Car -1 -1 -5.0535 376.4398 177.9769 408.0855 198.1882 1.7721 1.6623 3.6254 -20.0222 2.2558 66.2071 -5.3464 -6.1871
Car -1 -1 -4.5394 423.8187 179.5893 465.7412 207.7523 1.4041 1.5826 3.6758 -8.8564 1.7830 38.7467 -4.7630 -6.2837
