Car -1 -1 -7.6647 410.0250 178.5252 508.1254 248.4181 1.5372 1.7120 3.7291 -3.6986 1.6935 18.0468 -7.8647 7.4028
Car -1 -1 -7.6278 400.1318 182.0661 459.8591 221.6603 1.4346 1.5668 3.4385 -7.1281 1.8226 28.6807 -7.8698 3.9174
Car -1 -1 -7.8424 532.9472 180.9532 557.5478 202.1065 1.3519 1.6176 3.6752 -4.4496 1.9281 49.4603 -7.9321 3.2644
Car -1 -1 -3.9955 147.6883 174.6957 228.0137 205.2885 1.5294 1.5958 3.7638 -22.3584 1.6319 38.3101 -4.5210 -1.0324
Car -1 -1 -7.9582 0.0000 178.3441 26.9222 215.9420 1.5004 1.6365 4.1231 -26.7970 1.7543 31.3998 -8.6606 -1.2040
Car -1 -1 -4.3596 226.0543 180.5000 315.5927 230.7484 1.5139 1.5208 3.6947 -11.3146 1.7904 24.2200 -4.7928 -1.3494
Car -1 -1 -2.2266 0.0000 180.8544 22.8088 242.4725 1.4584 1.6320 3.9629 -17.5841 1.6757 18.4947 -2.9796 -1.8027
Car -1 -1 -5.0170 610.1817 179.8523 638.4415 195.6180 1.4717 1.6540 4.0480 1.3654 2.1856 71.4593 -4.9984 -1.8388
Car -1 -1 -3.1440 658.2172 179.4163 714.7360 201.9395 1.5886 1.6817 4.0271 5.5264 2.0756 52.5382 -3.0403 -1.8899
Car -1 -1 -7.8997 651.7385 181.1802 683.5284 209.1312 1.4389 1.5831 3.6154 3.1223 1.9221 40.0670 -7.8231 -3.0485
Car -1 -1 -4.7532 629.5250 178.9476 647.3428 194.7317 1.4952 1.6098 3.7778 2.7838 2.1164 71.6994 -4.7150 -3.2937
Car -1 -1 -5.1147 685.6179 180.2508 727.1422 202.6128 1.5716 1.6559 3.9900 7.1716 2.1497 54.2726 -4.9845 -3.4252
Car -1 -1 -4.8768 296.8973 179.5974 351.6125 218.3010 1.4463 1.4965 3.7446 -11.8312 1.7417 29.6471 -5.2538 -3.5245
Car -1 -1 -7.7723 474.9645 180.2170 510.4007 210.1504 1.5005 1.5929 3.7250 -6.3376 1.9181 39.0322 -7.9327 -3.7748
Car -1 -1 -4.8765 308.7538 177.7730 341.6042 200.0568 1.5795 1.6539 4.0841 -21.4862 1.9641 54.2811 -5.2520 -3.8574
Car -1 -1 -4.8715 1098.3479 194.6719 1136.0503 216.7608 1.4130 1.6315 3.8542 36.7309 3.0595 52.3737 -4.2631 -4.0573
Car -1 -1 -7.8120 444.6118 180.6771 499.6651 226.1945 1.4661 1.7790 3.6857 -4.9134 1.7673 25.8625 -7.9984 -4.1175
Car -1 -1 -5.6381 705.2175 181.5820 766.4332 205.3031 1.4548 1.6157 3.7571 8.2309 2.0534 47.5872 -5.4684 -4.5499
Car -1 -1 -4.5795 526.7744 181.6374 548.2291 198.7084 1.5895 1.6221 3.7413 -7.1282 2.4769 71.0294 -4.6796 -4.6464
Car -1 -1 -4.9069 1193.6534 199.4476 1241.0000 231.0043 1.4544 1.5365 4.0931 33.0006 2.9737 39.0652 -4.2099 -4.8831
Car -1 -1 -4.4088 446.3226 180.9255 504.4070 214.2081 1.4952 1.6542 4.1319 -6.6064 1.9173 35.6091 -4.5914 -4.8990
Car -1 -1 -1.9825 0.5008 179.3740 60.9360 203.2931 1.6039 1.8023 4.2337 -41.0939 2.0817 51.1371 -2.6570 -4.9913
Car -1 -1 -7.8225 935.4562 193.1940 961.6475 216.5574 1.6603 1.7758 4.6172 27.2270 3.3649 58.0201 -7.3864 -5.0241
Car -1 -1 -7.5720 430.3010 175.9571 483.1146 208.3665 1.5894 1.6637 3.9747 -8.0038 1.7605 37.8201 -7.7795 -5.0733
Car -1 -1 -5.2593 100.5091 179.4139 154.7173 202.5543 1.6724 1.6044 3.9284 -36.5265 2.1825 54.5862 -5.8469 -5.1658
Car -1 -1 -4.2341 0.0000 179.3307 62.1307 217.1867 1.6614 1.6121 4.0891 -28.3104 1.9909 34.5731 -4.9166 -5.2023
Car -1 -1 -7.6867 903.5984 189.3229 927.7112 205.2796 1.3638 1.5026 3.6490 28.6433 2.9512 67.6205 -7.2881 -5.2165
Car -1 -1 -4.3658 327.3256 177.3125 364.3390 198.6565 1.5379 1.4782 3.6379 -19.9617 1.8861 54.5715 -4.7151 -5.3005
Car -1 -1 -4.7807 356.6509 179.3191 377.9759 195.1510 1.4081 1.6328 4.1106 -22.9803 2.0387 68.1927 -5.1049 -5.5541
Car -1 -1 -4.3856 337.7036 179.2544 371.8951 196.3249 1.4277 1.6009 4.1786 -22.6155 2.0138 64.0170 -4.7241 -5.6132
Car -1 -1 -4.3279 199.8449 176.9641 254.8423 204.4502 1.7017 1.6559 4.4409 -25.2162 1.9859 47.6500 -4.8125 -5.6666
Car -1 -1 -4.5425 50.9347 179.9537 89.8781 201.9182 1.5788 1.7214 4.1174 -41.4932 2.1467 55.5267 -5.1821 -5.7198
Car -1 -1 -5.0094 1044.4200 190.5490 1084.7249 210.5808 1.5289 1.7146 4.2549 38.5744 3.0894 61.3689 -4.4509 -5.7301
Car -1 -1 -4.9214 450.2190 180.2876 488.1109 202.6489 1.3847 1.6458 4.2576 -9.5376 1.9073 48.4767 -5.1150 -5.8395
Car -1 -1 -4.6428 1074.0446 187.1608 1102.3285 209.2193 1.7290 1.7532 3.7838 40.5740 2.9831 61.2310 -4.0603 -5.8603
Car -1 -1 -4.7523 1119.6659 173.4222 1148.0918 193.1828 1.5056 1.6503 3.9916 41.4748 1.5521 57.2182 -4.1278 -5.8867
Car -1 -1 -4.5498 0.0000 181.9269 27.9046 207.2574 1.6019 1.6859 4.1559 -41.3765 2.2511 49.4375 -5.2442 -5.8867
Car -1 -1 -4.7783 1148.8610 172.2477 1181.4210 193.2385 1.5093 1.6549 3.9978 41.4719 1.4654 54.0027 -4.1263 -5.8867
Car -1 -1 -4.6477 94.9680 182.4033 122.8082 201.5498 1.4769 1.6379 4.0064 -41.6071 2.2981 59.9316 -5.2527 -5.8867
Car -1 -1 -4.6726 125.2082 183.5267 149.8081 202.0919 1.5166 1.6494 4.0102 -41.6042 2.4881 63.5535 -5.2505 -5.8867
Car -1 -1 -4.6985 1060.3527 172.6374 1082.5374 189.3819 1.4561 1.6355 3.9852 41.4744 1.4369 64.8574 -4.1319 -5.8867
Car -1 -1 -4.9219 1241.0000 167.1092 1241.0000 194.9873 1.4763 1.6445 3.9973 41.4673 1.1718 40.3288 -4.1264 -5.8867
Car -1 -1 -4.8491 971.3581 188.7616 1000.3019 207.9249 1.3966 1.5705 3.5557 30.0097 2.7120 57.7405 -4.3725 -5.8886
Car -1 -1 -4.8560 423.3007 179.1787 471.2462 211.4444 1.3930 1.6325 4.1814 -7.8262 1.7128 34.2747 -5.0792 -5.9443
Car -1 -1 -4.8758 244.8320 181.1325 275.3877 201.0720 1.6632 1.7983 4.1483 -31.1969 2.4253 64.2350 -5.3266 -6.1145
Car -1 -1 -4.5900 413.0841 183.8913 456.0270 211.4856 1.3226 1.7109 4.3643 -9.3717 1.9483 38.6610 -4.8267 -7.0112
