Car -1 -1 -7.4157 8.9722 189.3939 391.2030 374.0000 1.4521 1.6719 3.9101 -3.6611 1.6633 7.2600 -7.8690 7.2592
Car -1 -1 -7.7893 500.1662 179.5177 532.5041 204.2740 1.3644 1.6664 3.5695 -5.5237 1.7744 42.5894 -7.9180 4.8845
Car -1 -1 -7.8602 580.5560 180.1917 608.7806 204.6005 1.3455 1.6001 3.6619 -0.9593 1.7987 42.7422 -7.8830 4.4235
Car -1 -1 -4.9512 712.6018 180.1321 745.5806 201.5234 1.6614 1.6990 4.3726 9.7985 2.2871 59.8140 -4.7901 -2.4447
Car -1 -1 -3.4294 731.9366 181.0430 777.4561 200.2548 1.6332 1.6665 3.5803 12.6257 2.3613 63.1809 -3.2335 -2.5396
Car -1 -1 -4.6140 695.3901 182.9966 723.5254 204.6743 1.4652 1.6535 4.1966 7.3243 2.2425 53.0897 -4.4782 -2.5863
Car -1 -1 -4.2145 224.1029 173.9064 294.2953 202.9139 1.5161 1.7000 4.1831 -19.3841 1.5773 39.9971 -4.6634 -3.0662
Car -1 -1 -5.7949 261.0250 173.2314 325.4259 196.2430 1.6331 1.7064 3.9292 -22.9330 1.6606 52.2382 -6.2070 -3.0710
Car -1 -1 -3.8735 96.8421 173.4993 169.4605 197.7522 1.5865 1.6690 4.0843 -32.6584 1.6324 49.5025 -4.4544 -3.5328
Car -1 -1 -4.4743 708.4108 181.0499 733.0204 197.7121 1.5192 1.5352 3.6615 10.7030 2.3334 69.7234 -4.3230 -3.7402
Car -1 -1 -4.6953 532.3950 177.8692 551.2781 197.0549 1.6704 1.6518 3.7083 -6.2069 2.1403 65.7341 -4.7895 -4.0074
Car -1 -1 -4.3277 700.0204 184.0139 746.6219 207.6584 1.4822 1.6688 4.3405 7.8175 2.2858 49.6836 -4.1731 -4.1376
Car -1 -1 -4.9829 474.4033 177.2146 502.1495 194.3974 1.5182 1.5935 3.7230 -11.3172 1.9339 66.8041 -5.1504 -4.1604
Car -1 -1 -4.5178 492.3081 177.8347 516.9042 194.3998 1.4695 1.5988 3.5678 -9.7673 1.9438 66.9256 -4.6625 -4.1675
Car -1 -1 -6.8339 215.6180 161.5855 277.9160 189.8369 2.0088 1.7547 3.7520 -26.8440 1.2073 53.3619 -7.2982 -4.1784
Car -1 -1 -4.8265 502.4811 176.5700 536.2355 202.4551 1.5404 1.6676 4.0197 -5.8171 1.7866 45.7070 -4.9528 -4.2408
Car -1 -1 -4.8615 786.9119 175.5779 820.3224 200.8299 1.6305 1.6212 3.8714 13.0793 1.8229 49.0352 -4.6028 -4.3433
Car -1 -1 -7.2505 84.5483 169.8792 179.7439 208.2685 1.6714 1.6577 4.0621 -22.0723 1.5416 33.4654 -7.8300 -4.3698
Car -1 -1 -4.4996 573.8174 174.0928 611.7809 199.9727 1.5620 1.6043 4.0110 -1.0799 1.6441 45.8736 -4.5235 -4.4001
Car -1 -1 -4.8021 651.7648 178.6114 684.7844 206.1304 1.5942 1.6522 4.3175 3.5403 1.9692 44.8745 -4.7244 -4.4369
Car -1 -1 -7.1093 12.8919 175.2548 126.8728 214.6558 1.5013 1.5783 3.8196 -22.1468 1.6065 29.7182 -7.7456 -4.5832
Car -1 -1 -4.7511 303.9201 175.1144 331.1032 195.7313 1.4819 1.7539 3.8482 -22.1244 1.6588 54.4425 -5.1356 -4.6188
Car -1 -1 -6.8862 0.0000 185.9042 82.2283 374.0000 1.4594 1.4879 3.3649 -3.7705 1.5324 2.3617 -7.8463 -4.6741
Car -1 -1 -3.7945 601.6580 178.7389 660.8974 201.8765 1.5309 1.5595 4.0237 1.4793 1.9570 50.4692 -3.7659 -4.7726
Car -1 -1 -2.8548 453.2704 179.9649 531.8162 208.7040 1.4424 1.6741 3.7418 -6.1610 1.8252 37.8064 -3.0157 -4.7825
Car -1 -1 -4.5827 750.4084 193.6470 788.6549 224.5054 1.5216 1.6279 3.7498 8.9270 2.7433 40.3664 -4.3674 -4.8230
Car -1 -1 -6.4972 0.0000 167.3318 73.8880 191.4373 1.5210 1.6197 4.1157 -38.1573 1.1722 47.6332 -7.1700 -4.8475
Car -1 -1 -2.1559 54.7974 171.5679 142.0173 203.1713 1.5761 1.6071 4.2835 -26.6369 1.5117 37.5103 -2.7702 -4.9576
Car -1 -1 -4.7261 157.0277 171.0077 186.3179 196.6253 1.6940 1.6713 4.1634 -30.3797 1.5716 49.9200 -5.2706 -4.9669
Car -1 -1 -5.6610 22.9664 170.2854 99.8621 197.8566 1.6121 1.6621 3.3066 -32.7280 1.4616 43.0600 -6.3080 -4.9904
Car -1 -1 -6.7917 0.0000 170.7552 48.5881 221.9237 1.7028 1.7313 4.4808 -23.5768 1.6327 26.4122 -7.5155 -5.0940
Car -1 -1 -1.9201 8.5514 167.6868 76.8300 196.0797 1.5541 1.7264 4.2699 -32.5710 1.2709 41.3549 -2.5842 -5.1205
Car -1 -1 -5.1861 364.8502 176.5924 431.2218 206.3760 1.4179 1.6321 3.9387 -10.9014 1.6187 36.8385 -5.4722 -5.2327
Car -1 -1 -4.6659 151.5295 176.2345 180.8747 198.1846 1.5159 1.6428 3.6602 -32.2481 1.7707 52.4468 -5.2151 -5.2783
Car -1 -1 -4.0833 660.0433 183.5568 724.4365 211.7475 1.5311 1.7028 4.1283 4.8934 2.1979 42.8776 -3.9710 -5.3403
Car -1 -1 -4.5456 401.3905 175.0014 427.3433 191.7356 1.5382 1.7148 4.2542 -18.7123 1.7500 69.0873 -4.8094 -5.4166
Car -1 -1 -7.9586 553.9143 177.3748 587.4650 203.1639 1.4957 1.6845 3.6484 -2.4960 1.7861 44.4608 -8.0148 -5.4386
Car -1 -1 -6.6592 0.0000 184.8506 0.0000 374.0000 1.4602 1.5404 3.6226 -5.3200 1.5324 2.4790 -7.7516 -5.4609
Car -1 -1 -4.3163 651.4177 180.8040 695.2763 203.2564 1.5502 1.7651 4.2187 4.7302 2.1667 53.7077 -4.2294 -5.4860
Car -1 -1 -5.0833 325.3193 175.7549 362.9859 195.6603 1.6703 1.7468 4.0580 -23.3547 1.9328 63.2564 -5.4359 -5.5813
Car -1 -1 -5.5533 109.8525 170.4330 217.1806 206.5469 1.7900 1.7306 4.7457 -22.9260 1.6697 37.0372 -6.1046 -5.6626
Car -1 -1 -4.6512 160.4452 181.0729 309.5241 302.5932 1.4350 1.6875 4.4989 -5.6569 1.5902 11.2461 -5.1083 -5.7324
Car -1 -1 -2.5800 153.1299 163.9731 342.1108 231.1478 1.6570 1.8560 4.0735 -9.4654 1.4377 18.9317 -3.0383 -5.7354
Car -1 -1 -4.5901 0.0000 172.9430 0.0000 197.0282 1.4903 1.6942 4.2757 -41.2286 1.4961 46.9077 -5.3085 -5.7379
Car -1 -1 -4.3765 608.5103 177.0486 646.3020 196.4255 1.3764 1.5899 4.0970 1.3263 1.7052 54.4029 -4.3526 -5.7527
Car -1 -1 -4.6565 615.9715 178.8964 633.4808 193.7606 1.4009 1.5437 3.3752 1.4533 2.0111 71.1578 -4.6365 -5.7696
Car -1 -1 -4.4291 140.7415 175.6717 242.9526 223.5194 1.3872 1.7051 4.3461 -13.5044 1.4877 23.5023 -4.9459 -5.8121
Car -1 -1 -7.0090 0.0000 0.0000 1241.0000 374.0000 1.5422 1.5918 3.8063 -1.7122 1.6121 0.9967 -7.9398 -5.8867
Car -1 -1 -4.4995 0.0000 176.2166 0.0000 201.9258 1.4659 1.6493 4.0361 -41.5812 1.6800 43.8573 -5.2553 -5.8867
Car -1 -1 -3.4553 0.0000 193.2238 0.0000 374.0000 1.5001 1.6059 3.9572 -7.0832 1.6161 2.1299 -4.6978 -5.8867
Car -1 -1 -8.1635 0.0000 0.0000 853.6557 374.0000 1.5559 1.5912 3.8074 0.3110 1.6487 1.0039 -7.9390 -5.8867
Car -1 -1 -5.6248 1096.2164 183.2545 1241.0000 374.0000 1.5270 1.6153 3.9691 3.7634 1.5918 2.5217 -4.6977 -5.8867
Car -1 -1 -4.7688 567.3932 177.1178 587.2479 193.1105 1.3865 1.5788 3.9788 -3.0244 1.7867 65.7143 -4.8149 -5.8867
Car -1 -1 -4.3962 84.0737 175.4513 131.2147 198.1661 1.4778 1.5844 3.6498 -34.3388 1.6623 49.3678 -5.0016 -5.9890
Car -1 -1 -4.7541 353.3570 175.9246 373.5911 194.7159 1.5482 1.4994 3.5115 -21.2192 1.8197 61.9777 -5.0829 -6.9300
Car -1 -1 -5.8981 942.8436 262.7525 1241.0000 374.0000 1.2055 1.2919 2.4937 4.5348 2.2020 6.6081 -5.3192 -8.8177
