Car -1 -1 -7.6302 380.6662 184.4162 493.4832 262.4286 1.5155 1.6746 3.8346 -3.8577 1.8104 16.5055 -7.8570 7.7096
Car -1 -1 -4.2928 207.4528 182.2559 281.2156 217.4169 1.4926 1.6131 3.8949 -17.0040 1.9568 33.6703 -4.7575 5.1128
Car -1 -1 -7.8225 532.9990 182.7667 558.2859 205.7595 1.4386 1.5853 3.3728 -4.3162 2.1265 48.3642 -7.9115 2.7038
Car -1 -1 -4.3952 449.8030 199.6888 492.8917 226.2531 1.4945 1.5749 4.0227 -8.9936 3.3172 46.9217 -4.5842 -0.0149
Car -1 -1 -1.9246 0.0000 182.3322 62.0261 215.3774 1.4979 1.6750 4.0423 -28.9014 1.9865 35.4649 -2.6048 -0.4628
Car -1 -1 -2.0523 152.0566 182.2243 218.7495 210.1730 1.5470 1.7150 4.1196 -25.3436 2.1285 42.9779 -2.5826 -2.0441
Car -1 -1 -4.8340 705.5204 183.3360 726.8872 201.0310 1.6159 1.6333 3.3885 10.2040 2.6520 69.6305 -4.6896 -2.4114
Car -1 -1 -1.9674 21.4506 182.6680 97.9591 214.0530 1.4850 1.7035 4.0214 -28.2551 2.0114 36.9769 -2.6166 -2.4979
Car -1 -1 -3.6078 0.0000 182.4456 39.5801 219.1123 1.4989 1.7219 4.0950 -28.8471 1.9653 32.8798 -4.3241 -3.1695
Car -1 -1 -2.1653 117.5894 180.6243 195.0716 210.0375 1.5883 1.7051 4.2159 -26.1083 2.0521 41.4589 -2.7246 -3.1797
Car -1 -1 -8.0776 616.3108 181.9119 658.2064 209.7447 1.4780 1.6029 3.7939 1.4867 2.0257 41.6406 -8.0428 -3.2377
Car -1 -1 -7.7615 417.7465 180.9454 464.5178 219.4712 1.5718 1.6700 4.1606 -7.5841 1.9607 32.5254 -7.9893 -3.8448
Car -1 -1 -4.7443 54.9059 184.7910 94.1892 214.7306 1.5086 1.6326 3.7680 -29.6916 2.2016 39.9237 -5.3807 -3.9229
Car -1 -1 -4.7343 364.2315 181.2874 398.8170 212.6805 1.5062 1.6463 4.2886 -12.1603 1.9786 38.1464 -5.0413 -3.9432
Car -1 -1 -4.4489 347.9503 185.2044 386.2565 208.7607 1.4920 1.5999 3.6219 -16.6465 2.3707 49.5008 -4.7721 -4.1043
Car -1 -1 -4.8214 646.2267 180.1196 681.4174 208.8526 1.5494 1.5776 4.3042 3.0591 1.9960 42.1922 -4.7501 -4.1945
Car -1 -1 -4.4461 206.4273 180.4185 253.6365 207.3807 1.5457 1.5905 3.9656 -23.4816 2.0357 44.6549 -4.9280 -4.2873
Car -1 -1 -7.8981 389.4210 182.9008 422.9972 212.0631 1.4502 1.5906 4.0073 -11.2372 2.0301 39.5153 -8.1738 -4.6028
Car -1 -1 -5.1326 1072.3717 194.6885 1134.5781 222.8544 1.5174 1.6876 3.8724 30.0431 2.9140 44.1086 -4.5385 -4.6044
Car -1 -1 -5.3963 654.3482 184.1720 718.0698 210.1445 1.4463 1.6263 4.1426 4.5824 2.1743 44.2546 -5.2943 -4.6239
Car -1 -1 -4.5678 321.7013 182.8529 372.0367 219.4093 1.4823 1.5852 3.7776 -11.7753 1.9583 32.3651 -4.9145 -4.6464
Car -1 -1 -4.5426 366.2541 182.3075 404.6287 210.7430 1.5458 1.5791 3.4709 -13.1403 2.1231 42.2606 -4.8426 -4.7771
Car -1 -1 -4.7883 693.7372 184.7589 725.8079 210.5925 1.4517 1.6207 4.6244 6.1455 2.2339 45.0722 -4.6542 -4.8371
Car -1 -1 -3.9730 35.7218 185.1631 133.3007 219.9325 1.3854 1.5631 3.4392 -23.1076 1.9586 31.8202 -4.5972 -4.9301
Car -1 -1 -4.8667 886.7316 195.0898 918.1295 215.2573 1.4255 1.6740 4.5113 23.6907 3.3060 58.6470 -4.4852 -5.0159
Car -1 -1 -3.9731 257.5235 180.0308 303.7102 201.7898 1.7312 1.5907 3.4886 -27.6292 2.3523 60.5679 -4.3996 -5.0611
Car -1 -1 -4.6694 114.4560 182.6971 159.5224 218.9753 1.4828 1.5321 3.5398 -21.2510 1.9512 32.4432 -5.2457 -5.1436
Car -1 -1 -4.7964 210.4267 180.3049 250.2524 207.2588 1.4268 1.6901 4.2130 -21.9934 1.8797 41.6589 -5.2797 -5.1489
Car -1 -1 -4.4448 20.9497 185.4643 76.5907 214.4061 1.5063 1.5354 3.9116 -32.2227 2.2677 41.4835 -5.1023 -5.1894
Car -1 -1 -7.1023 1026.9709 193.2656 1089.7343 216.2222 1.5723 1.6409 3.9971 32.9424 3.1109 53.0809 -6.5500 -5.2280
Car -1 -1 -4.6646 78.0543 186.8261 107.5984 208.1802 1.5501 1.7056 4.3683 -41.3237 2.7112 57.6811 -5.2842 -5.2413
Car -1 -1 -4.8528 1014.7916 191.3800 1045.0938 213.3658 1.6929 1.6681 4.0078 35.6581 3.3245 61.3878 -4.3293 -5.3489
Car -1 -1 -4.6503 189.6062 184.1908 222.6792 211.4063 1.6199 1.6080 4.4936 -26.4526 2.4001 47.2984 -5.1581 -5.3930
Car -1 -1 -7.8164 870.0383 192.8253 893.5994 214.1508 1.5868 1.6935 4.1011 22.6271 3.3104 60.0629 -7.4584 -5.4505
Car -1 -1 -4.2449 632.0121 180.8409 671.7896 201.7885 1.5815 1.5674 4.0140 3.3918 2.2493 58.2280 -4.1875 -5.4698
Car -1 -1 -4.7356 497.7158 179.4192 518.4850 197.3714 1.4021 1.6130 4.1594 -8.5457 1.9689 60.1355 -4.8765 -5.6064
Car -1 -1 -7.7452 853.0349 194.6465 881.5583 220.0976 1.6327 1.5270 3.9694 18.5536 3.2679 52.0344 -7.4052 -5.6754
Car -1 -1 -4.7635 1179.2755 178.8221 1213.3470 202.6539 1.5838 1.6648 3.6440 41.2826 2.0208 50.8993 -4.0853 -5.7633
Car -1 -1 -4.6788 393.5631 181.7825 419.3473 202.9175 1.4193 1.6668 4.0347 -14.7834 2.0945 52.4350 -4.9526 -5.8634
Car -1 -1 -4.8328 1194.8409 193.7446 1241.0000 229.7721 1.7450 1.7265 4.6108 33.9120 2.9764 40.1381 -4.1356 -5.8684
Car -1 -1 -4.6209 27.8802 185.4128 62.9087 208.3259 1.5432 1.6612 4.0285 -41.5218 2.5043 53.0912 -5.2824 -5.8867
Car -1 -1 -4.4685 0.0000 185.5894 0.0000 215.1464 1.5331 1.6557 4.0139 -41.6083 2.3018 41.4230 -5.2530 -5.8867
Car -1 -1 -4.5055 0.0000 185.0382 0.0000 212.1959 1.5271 1.6530 4.0118 -41.6080 2.3168 44.6419 -5.2528 -5.8867
Car -1 -1 -4.6921 1057.3546 173.6045 1079.7982 190.5923 1.4823 1.6432 3.9902 41.4754 1.5521 65.2641 -4.1283 -5.8867
Car -1 -1 -4.5336 0.0000 185.0182 0.6835 210.5250 1.5295 1.6560 4.0136 -41.6070 2.3655 47.4612 -5.2507 -5.8867
Car -1 -1 -4.6611 112.1203 184.1059 138.3045 203.4560 1.5366 1.6567 4.0151 -41.6034 2.5357 61.9425 -5.2507 -5.8867
Car -1 -1 -4.7196 1087.2207 172.0856 1111.3253 190.1077 1.4768 1.6470 3.9969 41.4718 1.4135 61.2450 -4.1268 -5.8867
Car -1 -1 -4.4386 0.0000 186.5012 0.0000 218.4201 1.5493 1.6581 4.0157 -41.6080 2.3275 39.0087 -5.2529 -5.8867
Car -1 -1 -4.8575 1239.0968 169.7456 1241.0000 194.2461 1.4885 1.6487 3.9972 41.4693 1.2994 45.9583 -4.1268 -5.8867
Car -1 -1 -4.7867 1156.6537 174.6801 1190.7136 196.8436 1.5578 1.6691 3.9988 41.4747 1.6975 53.1916 -4.1275 -5.8867
Car -1 -1 -4.4642 518.7933 180.4607 549.5843 198.9775 1.4455 1.6433 3.8965 -6.2965 2.0999 60.0526 -4.5687 -5.8867
Car -1 -1 -4.6308 54.8814 187.1294 88.1785 207.5583 1.4200 1.7043 4.2942 -41.4719 2.5648 55.6039 -5.2695 -5.9202
Car -1 -1 -4.9281 400.1239 184.6371 486.6054 233.5591 1.3787 1.7927 4.9227 -5.7452 1.8161 24.1964 -5.1593 -6.0206
Car -1 -1 -5.4557 573.2479 184.3662 616.8582 203.5355 1.5524 1.6461 3.8040 -1.3471 2.5835 62.7061 -5.4776 -6.0257
Car -1 -1 -4.6999 504.1383 182.1961 525.8808 202.7232 1.5003 1.6348 3.9596 -7.4636 2.2605 56.6763 -4.8307 -6.1053
