Car -1 -1 -7.6983 446.4265 184.7820 527.6973 247.2150 1.5419 1.7021 3.6681 -3.4159 1.9087 20.3652 -7.8631 7.3002
Car -1 -1 -7.5963 357.7103 187.9581 438.9156 236.7197 1.3699 1.6155 3.6876 -6.7749 1.8960 23.2861 -7.8769 6.9722
Car -1 -1 -7.7963 539.4994 183.4996 564.9387 204.9940 1.4134 1.5949 3.4712 -4.0790 2.1904 50.9343 -7.8763 2.4683
Car -1 -1 -4.3428 508.4722 179.7864 537.7259 195.4840 1.4687 1.6287 3.7444 -8.5739 2.1729 71.3058 -4.4624 -1.3319
Car -1 -1 -6.4850 0.0000 184.6351 25.6079 235.0386 1.4720 1.6495 4.1446 -22.5352 1.9029 24.2456 -7.2285 -2.5835
Car -1 -1 -5.0682 424.2031 177.7056 470.9754 204.3982 1.5714 1.5853 3.9521 -10.2760 1.8899 45.3237 -5.2903 -2.6434
Car -1 -1 -8.2966 705.9469 184.8611 764.9731 215.7335 1.5376 1.6309 4.0043 6.8049 2.2346 39.7551 -8.1290 -2.9088
Car -1 -1 -8.4512 680.1129 179.9143 780.3468 225.0451 1.4390 1.6384 3.8279 4.1461 1.7109 25.7372 -8.2940 -3.1801
Car -1 -1 -7.7759 640.4869 183.2992 664.3913 203.7095 1.5461 1.6545 3.8088 3.4557 2.4245 58.7011 -7.7180 -3.6196
Car -1 -1 -1.8878 0.0000 186.3754 66.0492 228.9908 1.4160 1.6195 4.0679 -22.1490 1.9528 26.8822 -2.5722 -3.6977
Car -1 -1 -8.0745 734.9736 186.0484 779.7098 215.0219 1.4976 1.6292 4.1051 8.3242 2.2896 41.2537 -7.8775 -3.7828
Car -1 -1 -4.4835 155.4122 184.4825 206.8159 215.4646 1.5517 1.6072 3.7816 -23.5733 2.2245 39.7174 -5.0164 -3.8186
Car -1 -1 -4.7376 498.2639 180.1145 515.7497 196.0049 1.4451 1.5680 3.5911 -9.9252 2.1608 69.2546 -4.8798 -4.0821
Car -1 -1 -4.8744 846.1831 199.3542 888.0389 230.6332 1.4987 1.5970 3.5407 14.0340 3.0236 39.6438 -4.5373 -4.3934
Car -1 -1 -4.8451 756.5497 182.9436 803.0499 216.9849 1.5410 1.6875 4.3540 8.4161 2.0789 36.2404 -4.6193 -4.9975
Car -1 -1 -4.7680 452.1308 179.7352 472.6525 198.6382 1.5746 1.5596 3.8484 -13.0707 2.2011 63.6628 -4.9700 -5.0164
Car -1 -1 -4.9858 1086.4176 201.8636 1147.8827 235.5806 1.4307 1.5341 3.7671 25.2765 2.9651 36.1418 -4.3802 -5.0201
Car -1 -1 -4.3014 59.6597 190.0233 126.2249 218.7207 1.3783 1.4937 3.9027 -28.0234 2.3595 39.1852 -4.9192 -5.2376
Car -1 -1 -4.5852 0.0000 185.2319 26.5831 209.3513 1.4791 1.8314 4.5631 -41.2624 2.3633 49.1430 -5.2811 -5.3337
Car -1 -1 -4.5945 433.1335 178.3592 457.3290 198.1449 1.6399 1.6027 3.9795 -14.3786 2.1361 63.0132 -4.8183 -5.3438
Car -1 -1 -4.5368 9.6456 186.3029 53.0255 207.4980 1.3716 1.7081 4.2426 -41.5435 2.3800 51.8478 -5.2099 -5.4315
Car -1 -1 -7.3442 178.9413 177.8785 242.6875 211.1287 1.7384 1.6644 3.3337 -22.0403 2.0276 39.9025 -7.8462 -5.4753
Car -1 -1 -4.9963 459.6180 180.4008 490.1685 197.2930 1.4251 1.6388 4.0255 -12.2187 2.1270 64.9729 -5.1818 -5.6052
Car -1 -1 -4.6505 179.6793 184.5217 206.3942 203.2099 1.4290 1.6733 4.0646 -34.7169 2.4360 60.1023 -5.1726 -5.6179
Car -1 -1 -4.5728 77.1644 181.7687 112.2112 203.3239 1.4397 1.5398 3.7273 -37.0227 2.1051 51.8647 -5.1905 -5.6618
Car -1 -1 -4.8457 356.3668 182.3883 381.3205 199.8196 1.5234 1.6807 4.1840 -22.6966 2.4483 67.7679 -5.1680 -5.6903
Car -1 -1 -4.5652 358.7220 180.7283 391.5950 202.2276 1.4038 1.6092 4.1557 -16.5457 1.9827 50.8931 -4.8783 -5.7132
Car -1 -1 -4.7127 374.2637 180.3671 404.7905 205.7977 1.3729 1.6392 4.1545 -13.0156 1.8382 42.4933 -5.0085 -5.7237
Car -1 -1 -4.0414 37.5071 183.2600 105.7026 205.6360 1.3936 1.5603 3.9748 -36.3700 2.1265 48.8225 -4.6793 -5.8157
Car -1 -1 -4.4380 132.7615 182.5817 198.8980 217.0580 1.4737 1.6094 4.1066 -21.0399 1.9651 34.2749 -4.9853 -5.8416
Car -1 -1 -4.6107 298.5939 184.6959 327.7242 207.1671 1.4693 1.5215 4.0218 -21.2083 2.3508 51.5822 -4.9993 -5.8420
Car -1 -1 -4.4382 0.0000 185.2492 0.0000 216.4591 1.5210 1.6499 4.0106 -41.6099 2.2277 39.0114 -5.2525 -5.8867
Car -1 -1 -4.6297 90.3836 184.9677 119.7348 204.8172 1.5057 1.6501 4.0401 -41.6420 2.5411 59.5305 -5.2382 -5.8867
Car -1 -1 -4.6088 41.1926 184.7849 75.6612 205.6886 1.4382 1.6386 4.0971 -41.4878 2.3718 54.3021 -5.2591 -5.8867
Car -1 -1 -4.6729 125.1710 183.7393 149.8340 202.4171 1.5247 1.6549 4.0137 -41.6035 2.5156 63.5520 -5.2508 -5.8867
Car -1 -1 -4.5080 0.0000 186.3817 0.0000 214.0596 1.5647 1.6645 4.0202 -41.6058 2.4492 45.0454 -5.2509 -5.8867
Car -1 -1 -4.4778 0.0000 185.9916 0.0000 215.2106 1.5450 1.6555 4.0122 -41.6076 2.3526 42.2277 -5.2527 -5.8867
Car -1 -1 -6.9161 0.0000 0.0000 1241.0000 374.0000 1.5617 1.5943 3.8089 -2.1012 1.6930 1.0020 -7.9390 -5.8867
Car -1 -1 -4.4659 373.0611 181.6899 405.2823 199.5409 1.4060 1.6414 4.1497 -18.6572 2.1790 61.0335 -4.7617 -5.9044
Car -1 -1 -7.7924 171.4084 184.2697 260.8834 255.4888 1.6654 1.8836 3.5509 -10.5819 2.0057 19.5219 -8.2837 -5.9046
Car -1 -1 -5.0084 465.9852 180.0318 512.0486 204.4539 1.4421 1.6871 4.4532 -7.8602 1.9267 46.3687 -5.1758 -5.9174
Car -1 -1 -4.6330 70.2555 187.9521 101.1153 207.2341 1.3761 1.6509 4.0484 -41.4255 2.6144 57.0337 -5.2592 -5.9436
Car -1 -1 -4.5589 313.1073 181.4698 344.8367 202.3129 1.4801 1.6592 4.0356 -21.4662 2.1641 55.1626 -4.9287 -5.9567
Car -1 -1 -4.4302 360.7002 183.6083 391.9864 203.7598 1.6312 1.6348 3.5617 -20.1074 2.5840 62.1381 -4.7422 -6.0080
Car -1 -1 -4.7266 741.1394 189.0729 758.4440 207.0108 1.6360 1.6130 3.4272 13.7030 3.2713 70.9386 -4.5372 -6.0881
Car -1 -1 -4.3286 193.4587 186.3249 249.7137 215.2770 1.6520 1.7744 3.8484 -24.2063 2.5302 45.0480 -4.8195 -6.1013
Car -1 -1 -7.9062 793.4919 172.6938 822.8012 202.0746 1.9540 1.7419 3.9878 13.6888 1.9431 50.1195 -7.6415 -6.8596
Car -1 -1 -4.2427 298.1231 179.5397 339.1404 199.1689 1.5674 1.5489 4.0624 -24.6554 2.1530 61.1322 -4.6249 -7.1984
