Car -1 -1 -7.5815 315.8105 188.8501 470.3625 291.9688 1.5287 1.6888 3.8725 -3.8262 1.8649 13.2385 -7.8584 7.5980
Car -1 -1 -4.1746 66.9242 189.4179 213.1050 254.8863 1.5875 1.7008 3.8793 -13.1731 2.1018 20.4529 -4.7412 6.7623
Car -1 -1 -7.7147 455.3461 188.2157 496.7848 218.4321 1.3883 1.6039 3.4937 -6.8087 2.2082 36.7416 -7.8972 5.0967
Car -1 -1 -4.2941 209.3533 188.2006 291.9150 226.5896 1.5473 1.7222 4.4469 -16.4184 2.2998 33.1399 -4.7512 4.3534
Car -1 -1 -7.8721 550.8760 184.3619 576.7684 208.7202 1.4501 1.5937 3.4937 -3.0379 2.2198 46.4708 -7.9376 2.6837
Car -1 -1 -4.3454 393.9987 186.7837 429.5944 205.1138 1.4870 1.6556 4.1714 -17.5461 2.7633 63.9695 -4.6125 -1.6741
Car -1 -1 -5.3073 265.3625 187.6120 314.4226 208.4363 1.5270 1.7080 3.8114 -25.3703 2.7301 57.1023 -5.7240 -2.3584
Car -1 -1 -3.9035 0.0000 189.6606 85.7162 219.4797 1.5008 1.6431 3.7584 -31.8323 2.4905 40.5239 -4.5663 -2.5788
Car -1 -1 -4.1539 0.0000 192.3893 30.4158 223.7352 1.4559 1.6385 3.5890 -32.4465 2.5295 37.7708 -4.8602 -2.6721
Car -1 -1 -3.6260 703.6473 187.7501 781.4291 213.8333 1.4950 1.7210 4.4325 8.1386 2.4450 44.5422 -3.4471 -2.7564
Car -1 -1 -3.7827 60.2880 187.9714 146.8486 218.0680 1.6291 1.6387 4.1006 -30.4485 2.5859 43.4748 -4.3910 -2.8877
Car -1 -1 -3.3508 787.7500 187.1173 884.0475 220.2428 1.5410 1.6706 4.2574 10.9949 2.2620 35.4651 -3.0533 -3.6126
Car -1 -1 -4.6451 207.4146 187.4482 237.7406 210.4746 1.4783 1.6258 3.9872 -27.4778 2.5571 51.2015 -5.1358 -3.8959
Car -1 -1 -4.6596 305.8975 187.6223 329.6537 207.2471 1.4621 1.5953 3.8818 -23.8884 2.7124 59.0041 -5.0431 -3.9150
Car -1 -1 -4.0962 163.1608 187.6634 222.1014 212.2784 1.5125 1.7262 3.4689 -27.9161 2.5411 48.3204 -4.6179 -4.3086
Car -1 -1 -4.7529 624.8539 182.4713 651.5996 207.6376 1.5593 1.6120 4.2435 1.8238 2.2332 48.4558 -4.7161 -4.3224
Car -1 -1 -6.7095 1009.0622 170.7408 1147.5446 215.1910 1.5562 1.6831 3.8974 16.9605 1.4819 26.3662 -6.1434 -4.3253
Car -1 -1 -5.1517 625.9205 181.9914 666.3104 204.0379 1.5960 1.6212 3.9066 2.7384 2.3330 56.1028 -5.1038 -4.3711
Car -1 -1 -2.9046 735.5687 189.7012 820.4849 220.7617 1.4964 1.6468 4.1098 8.8484 2.4268 38.2085 -2.6794 -4.3954
Car -1 -1 -7.6597 795.3499 194.7199 828.9933 216.8017 1.4566 1.6738 4.1597 15.2076 3.1682 54.2553 -7.3885 -4.4495
Car -1 -1 -4.5569 355.4924 187.9702 385.6730 210.3802 1.4649 1.5145 3.5416 -17.0993 2.5839 51.5579 -4.8760 -4.5307
Car -1 -1 -4.6799 850.8062 194.2808 879.2449 218.7506 1.4238 1.6747 4.5571 17.2025 2.9406 48.6608 -4.3427 -4.6768
Car -1 -1 -6.2347 641.8180 182.7868 687.5763 201.6217 1.5108 1.6692 3.7230 4.5457 2.3518 60.0501 -6.1600 -4.7493
Car -1 -1 -4.4924 498.3022 186.8125 535.6987 211.8746 1.7444 1.9502 4.1968 -7.0436 2.8469 54.8276 -4.6201 -4.8622
Car -1 -1 -4.9229 761.4642 187.9217 801.4346 214.3891 1.4895 1.6048 3.9928 10.5800 2.4689 44.9061 -4.6936 -4.8881
Car -1 -1 -7.5928 177.5998 193.9651 278.2298 256.1938 1.4485 1.5432 3.7428 -10.5768 2.0959 20.1418 -8.0713 -4.9112
Car -1 -1 -4.3544 477.9941 184.5218 511.6773 205.8329 1.8927 1.8076 4.2210 -10.9559 3.0412 68.7920 -4.5122 -4.9803
Car -1 -1 -4.9051 212.7317 187.3058 253.6884 211.2017 1.4576 1.7038 4.0780 -25.4990 2.4755 48.7097 -5.3854 -5.0465
Car -1 -1 -4.2984 830.2557 182.1212 891.6229 213.7613 1.5809 1.7116 3.9743 13.6629 2.1114 39.2880 -3.9666 -5.0792
Car -1 -1 -4.6678 462.9063 184.5302 497.9150 214.9530 1.5251 1.7257 4.1823 -7.1753 2.2081 40.0367 -4.8445 -5.2741
Car -1 -1 -4.4337 97.2824 188.3846 144.8582 215.4821 1.6903 1.6770 3.9542 -33.5715 2.8037 49.6002 -5.0264 -5.7239
Car -1 -1 -4.5338 110.4020 186.0573 161.2768 218.9939 1.6344 1.6657 3.8424 -25.9720 2.3966 39.5765 -5.1116 -5.7468
Car -1 -1 -4.5927 22.5279 193.5067 61.0857 218.3208 1.6038 1.7066 4.2533 -41.4373 3.1755 52.6591 -5.2571 -5.7956
Car -1 -1 -4.6041 103.3195 190.7504 161.3522 229.4365 1.4215 1.6112 4.0972 -20.2997 2.2378 30.7313 -5.1841 -5.8089
Car -1 -1 -4.6230 361.8326 181.0893 400.2559 212.8898 1.6186 1.6750 3.9622 -12.6538 2.0983 39.9358 -4.9283 -5.8266
Car -1 -1 -4.7127 365.8184 183.6797 396.0464 210.3802 1.5100 1.7119 4.1149 -14.2604 2.2155 44.8251 -5.0194 -5.8285
Car -1 -1 -4.6931 1054.7511 172.7065 1076.8286 189.1906 1.4518 1.6325 3.9841 41.4746 1.4385 65.6618 -4.1320 -5.8867
Car -1 -1 -4.5142 0.0000 185.1518 0.0000 211.8736 1.5306 1.6526 4.0099 -41.6077 2.3414 45.4465 -5.2527 -5.8867
Car -1 -1 -4.2020 385.1092 180.0849 437.5856 203.9827 1.4756 1.6364 3.9552 -13.1718 1.9771 47.9499 -4.4690 -5.8867
Car -1 -1 -4.7157 1078.1293 172.0765 1101.4104 189.4187 1.4500 1.6326 3.9861 41.4735 1.3847 62.4441 -4.1318 -5.8867
Car -1 -1 -4.6082 51.8816 186.6019 85.8989 209.3064 1.5966 1.6777 4.0172 -41.6011 2.6948 55.5027 -5.2493 -5.8867
Car -1 -1 -4.6764 1038.6249 173.2091 1060.6261 189.3607 1.4744 1.6400 3.9898 41.4758 1.5086 68.0757 -4.1314 -5.8867
Car -1 -1 -4.4572 566.9308 180.7440 602.0145 202.4657 1.5033 1.6627 3.9498 -1.8825 2.1119 53.5761 -4.4927 -5.8867
Car -1 -1 -4.7336 1096.5802 172.1771 1121.9265 190.4206 1.4643 1.6348 3.9868 41.4741 1.4097 60.0303 -4.1316 -5.8867
Car -1 -1 -4.5225 379.2935 183.4728 414.8975 207.2799 1.5211 1.6361 4.0192 -14.7441 2.2878 50.0346 -4.8080 -5.9254
Car -1 -1 -4.4877 798.9335 190.9714 845.5806 223.9779 1.5285 1.4898 4.0892 11.1626 2.5344 37.9220 -4.2043 -6.0572
Car -1 -1 -4.6854 946.4031 190.6093 969.5850 212.0113 1.5431 1.5687 3.3769 27.4675 2.9905 56.9702 -4.2388 -6.0988
Car -1 -1 -4.9642 438.6844 181.0963 468.7798 200.8854 1.6069 1.6040 3.9820 -13.5917 2.3451 62.5099 -5.1778 -6.1799
Car -1 -1 -5.9456 972.3896 230.2213 1241.0000 374.0000 1.2852 1.5257 3.1677 4.9325 1.9033 6.0330 -5.2852 -6.2866
Car -1 -1 -3.8725 0.0000 189.8387 84.6815 222.0392 1.5654 1.5736 3.6746 -30.7993 2.5307 39.0759 -4.5368 -6.3064
Car -1 -1 -4.7257 426.1068 183.2792 445.8089 202.4915 1.5754 1.6344 4.1017 -15.4204 2.5276 63.7320 -4.9626 -6.6619
Car -1 -1 -4.6086 0.0000 0.0000 1167.2856 374.0000 2.0597 1.9379 4.3660 -0.8378 1.4584 2.7020 -4.8860 -6.9037
Car -1 -1 -8.5920 1105.4879 246.7779 1241.0000 374.0000 1.2230 1.0735 3.3440 6.3511 2.0968 6.8529 -7.8673 -8.5361
