Car -1 -1 -7.4242 79.6237 180.5424 405.4485 359.5891 1.4572 1.6159 3.8461 -3.6827 1.5624 7.9682 -7.8454 7.9795
Car -1 -1 -7.7460 493.0049 176.4213 527.3415 201.4138 1.3745 1.6207 3.3690 -5.7896 1.5896 41.8758 -7.8829 3.7376
Car -1 -1 -7.8904 575.8608 178.2007 604.2012 201.4593 1.3026 1.5574 3.2580 -1.2530 1.6322 42.8559 -7.9199 3.1666
Car -1 -1 -4.5306 447.6729 170.8968 473.1629 188.1822 1.5839 1.6808 3.8809 -14.0987 1.4043 68.0754 -4.7343 0.7572
Car -1 -1 -4.5896 717.5515 178.6796 743.1292 197.7688 1.5879 1.7530 3.9677 10.5941 2.1176 63.4848 -4.4254 -2.0006
Car -1 -1 -7.2916 373.3438 171.6118 413.9819 190.1219 1.7142 1.7236 4.2549 -20.6870 1.5988 69.1004 -7.5817 -2.2582
Car -1 -1 -4.6772 705.1655 181.1261 731.9409 206.2484 1.4988 1.5765 3.9833 7.0008 2.0561 46.5341 -4.5294 -2.4952
Car -1 -1 -3.4891 34.4610 167.6031 116.8601 193.0546 1.5488 1.6596 3.8894 -34.0224 1.2289 45.9847 -4.1234 -3.1303
Car -1 -1 -4.9016 693.9619 180.4735 730.0142 204.4091 1.5362 1.6795 4.2740 6.9657 2.0856 49.8741 -4.7642 -3.6320
Car -1 -1 -4.4063 749.0547 177.2868 781.4114 196.3875 1.5306 1.5991 3.8086 13.0889 1.9166 60.8231 -4.1958 -3.6447
Car -1 -1 -4.7715 584.5757 174.7550 604.7526 192.3193 1.5309 1.6034 3.6616 -1.4325 1.7073 65.1868 -4.7937 -3.6454
Car -1 -1 -8.7843 698.8223 180.0703 750.5229 201.5761 1.5835 1.6225 3.7575 8.8950 2.1655 56.3181 -8.6289 -3.7434
Car -1 -1 -4.1609 619.3297 177.2365 657.0977 193.6964 1.5381 1.7742 4.1932 2.7842 1.9817 70.8499 -4.1222 -3.8207
Car -1 -1 -4.5901 794.6705 174.0750 828.9993 200.1473 1.5795 1.6428 4.0200 12.8941 1.6608 46.0855 -4.3193 -4.0398
Car -1 -1 -4.8213 289.0504 169.8372 317.2619 188.8046 1.4754 1.6843 3.8831 -24.8147 1.2404 58.2299 -5.2227 -4.0683
Car -1 -1 -1.7993 87.8602 166.2452 137.2952 192.9535 1.7234 1.7707 4.5483 -33.6683 1.2967 48.7469 -2.4013 -4.1443
Car -1 -1 -1.9853 196.0560 165.0936 247.6409 190.5413 1.7394 1.6763 4.2139 -27.6378 1.2086 51.2764 -2.4777 -4.1921
Car -1 -1 -7.9558 308.8383 170.4078 336.0020 190.1205 1.5549 1.6935 3.7170 -23.5469 1.3617 58.9543 -8.3344 -4.2660
Car -1 -1 -4.3535 534.8619 177.8312 567.9301 197.4641 1.5048 1.4960 3.5868 -4.7198 1.9194 58.2120 -4.4344 -4.3410
Car -1 -1 -4.4641 407.8979 173.4792 432.4810 187.1706 1.3247 1.5494 3.5040 -18.8580 1.3881 71.7299 -4.7205 -4.4042
Car -1 -1 -7.5421 248.6156 174.2604 283.2980 192.6304 1.6021 1.7208 3.8819 -31.0990 1.7330 65.2776 -7.9853 -4.4753
Car -1 -1 -5.7753 427.7787 173.8309 492.7722 195.1400 1.7231 1.8320 5.0493 -12.4958 1.8064 60.1217 -5.9797 -4.5256
Car -1 -1 -4.5967 427.6536 175.7418 450.6340 193.4910 1.4690 1.5206 3.6164 -14.7258 1.7252 62.2128 -4.8285 -4.5714
Car -1 -1 -4.6385 531.5850 175.0906 556.4196 195.3352 1.4737 1.5948 4.0133 -5.0238 1.6502 54.9915 -4.7295 -4.5772
Car -1 -1 -6.7360 227.0669 167.3637 294.3439 189.0132 1.6369 1.7253 4.4663 -27.4881 1.2215 56.8427 -7.1847 -4.6368
Car -1 -1 -1.6877 55.2577 157.1424 117.0244 204.3452 1.8541 1.6445 4.1288 -22.1691 1.2366 30.4177 -2.3135 -4.6820
Car -1 -1 -5.2062 597.0452 177.1403 631.6171 193.9175 1.5743 1.7447 3.9206 0.3754 2.0082 70.9414 -5.2013 -4.9324
Car -1 -1 -2.8409 183.4700 173.3079 380.1375 238.7698 1.4574 1.6202 3.9400 -7.6941 1.4685 17.1113 -3.2580 -5.0729
Car -1 -1 -6.2153 760.7800 175.7479 816.3724 196.8781 1.6691 1.8013 4.2974 14.5641 1.9112 58.9201 -5.9745 -5.2352
Car -1 -1 -4.5882 239.0874 168.8436 270.2045 188.9844 1.6615 1.8972 4.0509 -30.3869 1.3304 61.7476 -5.0440 -5.2986
Car -1 -1 -2.2045 0.0000 197.8367 490.4532 374.0000 1.4192 1.6259 3.9532 -2.8700 1.6060 3.9744 -2.7995 -5.3061
Car -1 -1 -5.6751 0.0000 161.4559 82.9011 187.7872 1.4268 1.8262 4.2352 -32.1838 0.8089 40.1454 -6.3478 -5.3789
Car -1 -1 -4.5692 91.9823 164.6915 135.4085 191.9688 1.6442 1.6468 4.4367 -31.4985 1.1519 45.8465 -5.1686 -5.5180
Car -1 -1 -4.4909 657.9864 177.7965 691.2525 198.2482 1.4998 1.6552 4.4697 5.0705 1.9024 56.4430 -4.4022 -5.5336
Car -1 -1 -4.3484 120.4495 166.8107 169.0562 189.0760 1.4726 1.5901 3.7134 -32.0134 1.0726 49.7027 -4.9183 -5.5972
Car -1 -1 -4.2090 0.0000 174.5738 8.5467 205.6892 1.4290 1.6875 3.3122 -31.2914 1.5168 35.1379 -4.9329 -5.5985
Car -1 -1 -6.7586 0.0000 128.9278 0.0000 374.0000 1.5206 1.6273 3.8364 -5.3746 1.4639 2.8882 -7.7969 -5.7141
Car -1 -1 -4.9958 662.8482 178.5954 704.1488 204.4341 1.6942 1.7557 4.2193 5.0619 2.1138 50.5374 -4.8971 -5.7403
Car -1 -1 -4.8615 585.9428 175.9270 616.0411 196.2025 1.3962 1.5867 4.1194 -0.7253 1.6288 52.5039 -4.8757 -5.8225
Car -1 -1 -4.6679 552.9205 175.8651 578.4321 196.9227 1.3728 1.5762 4.0613 -3.0468 1.5883 49.6679 -4.7292 -5.8828
Car -1 -1 -4.6682 576.0101 176.3065 601.5120 197.6995 1.3815 1.5701 3.9116 -1.4459 1.6260 49.1965 -4.6979 -5.8867
Car -1 -1 -5.8134 1241.0000 178.8760 1241.0000 374.0000 1.5177 1.6072 3.9609 5.7833 1.5551 2.5282 -4.6971 -5.8867
Car -1 -1 -9.0454 0.0000 0.0000 1241.0000 374.0000 1.5064 1.6010 3.8482 3.9406 1.5434 1.3679 -7.8742 -5.8867
Car -1 -1 -3.6844 0.0000 179.4895 85.2117 374.0000 1.4830 1.6008 3.9520 -3.8675 1.5205 2.1314 -4.6978 -5.8867
Car -1 -1 -7.3171 149.5072 0.0000 1241.0000 374.0000 1.5310 1.5868 3.8013 -0.9086 1.5701 0.9970 -7.9398 -5.8867
Car -1 -1 -5.6004 0.0000 184.0491 0.0000 374.0000 1.5981 1.8356 3.9986 -8.1300 1.7135 6.1168 -6.5049 -6.0593
Car -1 -1 -4.3340 661.0438 177.6252 710.0302 206.7267 1.7690 1.7052 4.2981 4.9290 2.0941 46.9130 -4.2305 -6.6522
