Car -1 -1 -7.2599 0.0000 191.7046 249.4761 338.6852 1.3849 1.5637 3.6502 -6.2957 1.6699 9.0936 -7.8521 7.4734
Car -1 -1 -7.7546 497.4056 179.8663 554.4443 226.2558 1.5309 1.6895 3.8691 -3.0391 1.8056 26.3470 -7.8689 5.3922
Car -1 -1 -7.8272 497.3802 178.9117 524.1613 203.5382 1.5140 1.6395 3.8099 -6.5038 1.9276 47.3179 -7.9635 1.6700
Car -1 -1 -7.8188 554.5526 179.6632 578.4795 200.4320 1.4807 1.6773 3.8941 -3.2926 2.0152 54.6992 -7.8790 1.3506
Car -1 -1 -4.6389 1146.1735 196.6059 1201.7352 235.8846 1.4990 1.6734 4.2087 25.1872 2.6296 32.2300 -3.9808 -1.6904
Car -1 -1 -4.8949 949.1760 192.1159 990.6448 219.5013 1.4823 1.6226 3.4663 21.6580 2.6963 43.5994 -4.4372 -2.9049
Car -1 -1 -7.6825 533.8101 178.7718 564.7890 198.6913 1.4389 1.7358 3.8501 -4.6411 1.9085 55.3000 -7.7662 -3.2682
Car -1 -1 -5.3482 561.1893 179.8138 609.2393 201.5900 1.4462 1.5815 3.5680 -1.8135 1.9561 51.0131 -5.3840 -3.2768
Car -1 -1 -4.6903 258.4676 184.4397 285.1228 208.5529 1.5556 1.6043 3.8103 -23.7109 2.4010 50.6004 -5.1268 -3.3630
Car -1 -1 -6.8130 1195.0875 183.7049 1241.0000 319.0974 1.4962 1.6586 4.1779 10.6143 1.6611 9.5899 -5.9927 -3.4993
Car -1 -1 -5.9417 161.4367 191.3654 215.8518 208.0544 1.4947 1.6656 4.1425 -39.9694 3.2823 68.4871 -6.4685 -3.6756
Car -1 -1 -3.8258 677.4892 181.4226 744.8210 209.1756 1.5523 1.6193 3.8206 6.0182 2.0836 43.0826 -3.6885 -3.7751
Car -1 -1 -5.1769 835.5400 185.6251 890.1496 217.1457 1.6709 1.6972 3.1714 14.3794 2.4314 41.2974 -4.8447 -4.1074
Car -1 -1 -5.3209 322.5691 182.5961 377.3866 207.0766 1.5719 1.5964 3.9019 -17.8979 2.2643 49.5262 -5.6663 -4.2784
Car -1 -1 -4.7273 334.9485 183.7734 353.2095 200.6011 1.4747 1.5571 3.8174 -25.0884 2.5341 67.9662 -5.0800 -4.3641
Car -1 -1 -4.5017 379.3544 175.8495 411.6106 200.1131 1.8858 1.6689 4.2316 -17.4559 2.1386 58.7888 -4.7894 -4.5226
Car -1 -1 -4.1545 956.6493 190.5816 1018.5586 216.3557 1.5584 1.6870 4.1908 25.0415 2.7786 47.8850 -3.6758 -4.5725
Car -1 -1 -4.3501 528.2687 179.6977 570.7244 203.3913 1.5459 1.6490 4.0017 -4.2136 2.0447 50.4708 -4.4334 -4.6272
Car -1 -1 -3.6839 944.9430 187.7027 1027.3636 215.6634 1.4918 1.6417 3.7966 21.0094 2.3434 40.4479 -3.2084 -4.6716
Car -1 -1 -4.4668 19.0787 191.8975 72.3334 221.7657 1.5033 1.5450 3.5319 -31.7975 2.6281 40.7013 -5.1269 -4.7613
Car -1 -1 -4.5032 403.1522 181.0152 440.6896 205.1537 1.5098 1.6482 3.9911 -12.6308 2.0814 48.5341 -4.7569 -4.7780
Car -1 -1 -4.8721 614.1187 180.8336 637.1926 198.2184 1.5838 1.6520 3.6633 1.4596 2.3727 69.4334 -4.8517 -4.7988
Car -1 -1 -4.8006 975.4124 189.7904 1013.3297 217.8563 1.5084 1.6426 4.2004 23.2136 2.5880 43.7541 -4.3162 -4.8093
Car -1 -1 -4.5276 1015.8297 188.1503 1046.9370 206.9141 1.4747 1.7089 3.3752 35.9292 2.8179 61.5373 -4.0018 -4.9829
Car -1 -1 -4.4592 247.8569 186.7332 280.2163 206.4622 1.6260 1.7282 3.6739 -30.7633 2.8985 64.2038 -4.9047 -5.1202
Car -1 -1 -4.6575 401.0154 178.8914 424.0213 197.9424 1.4639 1.5926 4.0338 -16.1233 1.9747 58.9386 -4.9237 -5.1232
Car -1 -1 -4.3582 691.1529 182.4006 734.0651 207.0971 1.6600 1.6602 4.4706 7.5092 2.3880 52.6859 -4.2179 -5.1798
Car -1 -1 -4.8361 108.2918 187.2129 136.4709 205.0321 1.3926 1.5779 3.3469 -41.2898 2.6424 61.0390 -5.4290 -5.2103
Car -1 -1 -4.8325 580.5510 184.1077 602.1702 201.2774 1.4938 1.5855 3.6071 -1.7813 2.5707 67.1671 -4.8594 -5.2496
Car -1 -1 -4.7097 286.6714 179.8875 314.7625 205.7285 1.4810 1.5297 3.7006 -19.0723 1.9334 44.4435 -5.1132 -5.2877
Car -1 -1 -4.5178 708.2692 185.7240 737.5479 206.4825 1.5337 1.5998 3.9586 9.0952 2.6075 58.0876 -4.3638 -5.3826
Car -1 -1 -2.9214 42.8014 176.3499 232.3620 242.2569 1.4465 1.5388 3.5461 -11.2074 1.5365 17.3049 -3.4893 -5.4479
Car -1 -1 -4.4239 223.7283 186.2358 269.1713 208.6089 1.4486 1.7568 4.2747 -25.9976 2.4486 51.6778 -4.8882 -5.4754
Car -1 -1 -4.6899 148.6724 188.9128 172.0269 208.5830 1.6642 1.7400 4.0509 -41.6162 3.1993 66.8026 -5.2455 -5.5330
Car -1 -1 -4.3125 342.1016 180.5299 395.0709 204.5548 1.3542 1.5629 4.1921 -14.7482 1.8470 44.1967 -4.6330 -5.7827
Car -1 -1 -4.7075 1117.2482 182.3651 1144.4442 203.4119 1.5502 1.6972 3.9783 41.2280 2.3312 57.1606 -4.0855 -5.7999
Car -1 -1 -4.2739 47.2533 185.9065 116.7338 216.8756 1.5943 1.6464 3.9765 -29.9595 2.3743 41.0286 -4.9017 -5.8368
Car -1 -1 -4.6268 88.2034 186.6398 119.1548 206.4347 1.4749 1.7120 4.3030 -41.5491 2.6503 59.2430 -5.2365 -5.8539
Car -1 -1 -7.5799 99.2001 182.0325 198.2744 235.6530 1.6116 1.7758 4.1472 -15.6795 1.9540 24.6938 -8.1409 -5.8600
Car -1 -1 -5.0017 282.6271 186.9380 315.2808 206.3395 1.5741 1.5951 3.8877 -27.3998 2.8515 63.4538 -5.4081 -5.8847
Car -1 -1 -4.6082 47.8623 185.1958 81.9283 207.4654 1.5608 1.6600 4.0145 -41.6037 2.5397 55.0989 -5.2528 -5.8867
Car -1 -1 -4.5576 0.0000 185.7266 29.0018 210.4442 1.5582 1.6602 4.0154 -41.6051 2.4860 49.8740 -5.2503 -5.8867
Car -1 -1 -4.0689 45.6834 182.2971 129.4534 211.4444 1.4339 1.6094 3.9151 -27.9832 1.9666 38.7503 -4.6913 -5.8867
Car -1 -1 -4.6605 125.1471 182.9179 150.9103 202.1408 1.5722 1.6812 4.1150 -41.5325 2.4885 63.5182 -5.2378 -5.8867
Car -1 -1 -4.9633 1241.0000 167.4836 1241.0000 197.4728 1.4708 1.6366 3.9868 41.4694 1.2071 37.5028 -4.1318 -5.8867
Car -1 -1 -4.5805 16.2105 186.0059 54.7998 209.7789 1.5734 1.6658 4.0174 -41.6035 2.5653 52.2863 -5.2502 -5.8867
Car -1 -1 -4.5143 0.0000 185.7279 0.0000 212.8250 1.5494 1.6578 4.0145 -41.6065 2.3982 45.4451 -5.2529 -5.8867
Car -1 -1 -4.9011 1241.0000 167.2641 1241.0000 194.2099 1.4868 1.6508 4.0063 41.4605 1.1781 41.9374 -4.1251 -5.8867
Car -1 -1 -4.6993 1060.3148 175.6111 1082.8535 193.6707 1.5538 1.6622 3.9911 41.4824 1.8094 64.8528 -4.1326 -5.8867
Car -1 -1 -8.6436 0.0000 0.0000 1049.2368 374.0000 1.5524 1.5926 3.8066 1.1140 1.6242 1.0024 -7.9391 -5.8867
Car -1 -1 -4.7220 1093.3052 173.2018 1118.2439 192.2424 1.5367 1.6683 4.0066 41.4658 1.5665 60.4386 -4.1232 -5.8867
Car -1 -1 -7.1455 51.0953 0.0000 1241.0000 374.0000 1.5591 1.5944 3.8085 -1.2977 1.6734 1.0020 -7.9391 -5.8867
Car -1 -1 -4.4198 1031.8522 187.3699 1092.8901 220.8937 1.4893 1.5813 3.5918 22.1646 2.2365 35.3773 -3.8644 -5.9437
Car -1 -1 -4.6865 119.9342 186.3474 149.7643 209.5661 1.4311 1.5834 4.0959 -32.3474 2.3901 49.1399 -5.2664 -6.0590
Car -1 -1 -6.0223 0.0000 184.9015 245.5703 284.9131 1.6817 1.8630 4.3994 -9.7660 1.9440 14.1228 -6.6188 -6.2931
Car -1 -1 -4.6218 954.1323 185.3525 981.6151 212.2686 1.8704 1.4959 4.1608 26.9381 2.8485 54.3173 -4.1642 -6.6527
Car -1 -1 -4.5695 179.5302 186.1214 214.6382 212.5647 1.7339 1.6600 3.6413 -29.3477 2.7138 51.3138 -5.0870 -6.8640
