Car -1 -1 -7.0916 0.0000 199.1535 241.3846 374.0000 1.4784 1.6768 3.6175 -3.6821 1.6764 3.6272 -7.8484 4.3552
Car -1 -1 -7.7923 522.0093 177.8653 552.2101 201.6993 1.3869 1.6365 3.6919 -4.5064 1.7098 44.6518 -7.8928 4.0055
Car -1 -1 -7.8784 589.0703 179.5142 619.1913 204.9877 1.3464 1.6103 3.5162 -0.4056 1.7396 40.8541 -7.8887 3.8680
Car -1 -1 -4.8549 252.8218 176.3188 280.0680 193.9342 1.4547 1.6134 3.7407 -29.7452 1.7635 62.3764 -5.2985 -1.9618
Car -1 -1 -7.8526 1063.9666 175.5038 1105.1699 207.9643 1.4977 1.6245 3.6772 23.3512 1.6354 35.5990 -7.2762 -2.2364
Car -1 -1 -3.4139 74.8458 177.7745 144.4044 198.2802 1.5455 1.7117 4.2634 -39.9314 1.9531 57.6178 -4.0179 -2.2990
Car -1 -1 -5.2559 726.5106 183.3486 765.9691 205.8983 1.8541 1.7053 3.7396 11.8861 2.8040 63.2844 -5.0717 -2.5228
Car -1 -1 -8.6590 1134.1849 177.0180 1241.0000 227.2740 1.4997 1.6120 3.5907 19.4347 1.6472 23.7259 -7.9792 -2.6939
Car -1 -1 -6.7092 184.0775 176.9415 235.9620 194.0309 1.4698 1.5945 3.7661 -36.0138 1.8489 64.9930 -7.2137 -2.7099
Car -1 -1 -4.8453 1056.3030 171.5300 1105.7675 204.3632 1.6692 1.6598 4.2700 25.3226 1.6016 38.9682 -4.2728 -2.9855
Car -1 -1 -4.6977 40.8498 174.0945 85.2821 206.5742 1.5331 1.7055 4.4977 -27.6812 1.5996 36.5537 -5.3424 -3.0239
Car -1 -1 -4.4109 720.9454 183.1286 749.1275 200.4902 1.5515 1.6014 3.8069 11.9589 2.5627 68.9756 -4.2404 -3.1497
Car -1 -1 -4.7220 30.5881 178.0182 64.3903 205.1244 1.5497 1.5699 3.7093 -34.2914 1.8777 43.9318 -5.3820 -3.3702
Car -1 -1 -6.0558 1.2010 181.7398 119.1453 219.3643 1.5169 1.6374 3.7992 -23.7911 1.9211 31.3275 -6.7014 -3.4109
Car -1 -1 -3.7654 155.2895 175.1129 245.8469 205.5016 1.6161 1.6917 4.2960 -23.2137 1.7515 41.0200 -4.2778 -3.4794
Car -1 -1 -6.8822 309.2213 165.9298 357.2702 190.5576 2.2730 1.7373 3.9882 -26.3433 1.6336 68.7272 -7.2471 -3.5247
Car -1 -1 -4.7904 77.2513 173.4725 111.4653 196.4928 1.6125 1.7120 4.3421 -37.8435 1.6595 52.8757 -5.4094 -3.8480
Car -1 -1 -4.4667 0.0000 173.9795 64.5113 213.0152 1.6368 1.6793 4.4808 -26.4564 1.6913 32.7788 -5.1419 -3.8906
Car -1 -1 -7.8436 160.1740 177.8162 262.0485 263.0409 1.4950 1.6396 3.4572 -8.1685 1.6096 14.7913 -8.3409 -4.0526
Car -1 -1 -4.6259 550.8773 182.3748 572.0679 197.8856 1.3980 1.6838 4.3125 -4.6872 2.3483 69.8703 -4.6931 -4.1487
Car -1 -1 -4.9033 229.3452 173.4173 276.6459 204.2107 1.6666 1.6809 4.0916 -20.4917 1.7002 41.2665 -5.3619 -4.2189
Car -1 -1 -4.8479 687.4804 182.1041 711.8166 200.7328 1.5711 1.6459 3.9058 7.9917 2.4263 64.7669 -4.7262 -4.3872
Car -1 -1 -3.2116 821.6310 170.4813 885.7303 196.6718 1.6121 1.6820 3.7298 15.3396 1.4657 45.6902 -2.8900 -4.3978
Car -1 -1 -4.6750 678.1047 181.3793 694.9893 196.0086 1.3565 1.5242 3.5603 7.5282 2.2167 70.9567 -4.5702 -4.5116
Car -1 -1 -4.1471 150.7956 174.7121 200.9292 194.7249 1.6546 1.6986 4.2269 -37.3687 1.8200 62.1874 -4.6865 -4.5872
Car -1 -1 -5.0697 664.6218 181.8708 691.9984 198.0185 1.4633 1.4864 3.4931 6.5190 2.3534 69.3666 -4.9768 -4.5959
Car -1 -1 -4.3051 163.8496 176.9422 210.1391 197.0879 1.4593 1.6807 3.7838 -32.2377 1.7821 55.0487 -4.8330 -4.6542
Car -1 -1 -2.5751 420.3774 171.8002 500.0786 199.7499 1.7030 1.8312 4.6870 -9.5088 1.6385 45.6514 -2.7796 -4.6768
Car -1 -1 -4.9134 46.0797 177.9893 90.4051 200.1868 1.5770 1.8379 4.3922 -40.8998 1.9792 54.4020 -5.5559 -4.7653
Car -1 -1 -4.1421 186.9478 176.9122 245.6236 202.4186 1.5652 1.5726 3.7286 -25.5001 1.8390 46.8053 -4.6388 -4.8163
Car -1 -1 -5.1737 1000.0842 172.4711 1073.7609 201.7969 1.6260 1.9316 4.4124 24.8598 1.6045 42.2722 -4.6455 -4.8393
Car -1 -1 -4.8997 393.8056 179.0017 421.3311 197.0739 1.6680 1.8499 4.1151 -19.7930 2.2866 70.3836 -5.1731 -4.8638
Car -1 -1 -4.9973 702.3593 186.9909 744.8662 210.4137 1.3646 1.6212 4.0928 7.2708 2.3221 46.7489 -4.8446 -4.8726
Car -1 -1 -4.2483 0.0000 171.7477 60.6282 207.8130 1.6806 1.6421 4.5006 -29.5666 1.6288 35.9989 -4.9324 -4.8758
Car -1 -1 -7.9363 0.0000 176.9707 25.8454 202.2660 1.6001 1.6815 3.8411 -40.4011 1.8862 48.2382 -8.6309 -5.1482
Car -1 -1 -2.5349 617.6683 179.6213 674.8482 202.6617 1.6599 1.5852 4.1961 2.7100 2.1934 55.0089 -2.4865 -5.2442
Car -1 -1 -1.8677 19.8707 175.3917 66.0391 195.4938 1.3990 1.5674 3.9097 -41.2432 1.5893 52.4222 -2.5320 -5.3141
Car -1 -1 -5.2934 1207.2396 167.8059 1241.0000 206.3127 1.4079 1.6310 3.3489 25.2956 1.2231 28.1567 -4.5668 -5.3852
Car -1 -1 -4.5581 470.4926 177.0852 495.9436 194.4832 1.4301 1.5565 4.0943 -10.9476 1.8077 62.3744 -4.7315 -5.3975
Car -1 -1 -4.8242 615.6748 178.6364 643.3171 201.0590 1.5068 1.5467 3.8066 1.3247 1.9346 51.4620 -4.7991 -5.4527
Car -1 -1 -4.6869 564.0994 177.1638 590.9692 201.6132 1.4225 1.5647 4.1243 -2.0114 1.7021 44.7882 -4.7320 -5.4712
Car -1 -1 -4.7228 587.6875 176.7033 616.0801 201.7465 1.5715 1.8093 4.3699 -0.6019 1.8399 48.1620 -4.7357 -5.5587
Car -1 -1 -4.4922 0.0000 174.5747 38.4622 207.4249 1.8158 1.6840 4.3584 -35.2647 1.9222 42.4502 -5.1825 -5.5856
Car -1 -1 -4.4358 129.9331 170.5618 192.6916 203.3391 1.7795 1.8305 4.7872 -25.8719 1.6547 41.7243 -4.9881 -5.5915
Car -1 -1 -4.4570 630.5724 178.7601 657.4559 196.4765 1.6620 1.7459 3.8084 3.3644 2.2611 71.1505 -4.4103 -5.6779
Car -1 -1 -4.8228 39.4470 177.2156 76.6532 198.6727 1.4138 1.6284 4.1053 -38.6257 1.7307 50.4214 -5.4741 -5.7614
Car -1 -1 -5.2538 184.8406 175.9701 242.6272 197.9321 1.5634 1.7281 4.4560 -29.5712 1.8034 53.7636 -5.7548 -5.8779
Car -1 -1 -7.5566 166.5556 0.0000 1241.0000 374.0000 1.5454 1.5901 3.8004 -0.4954 1.6150 1.0067 -7.9318 -5.8867
Car -1 -1 -4.5722 0.0000 178.2321 0.0000 202.8235 1.4697 1.6611 4.1207 -41.4284 1.8304 46.2498 -5.2999 -5.8867
Car -1 -1 -4.4485 409.4514 176.5469 443.8226 195.3653 1.3585 1.5666 3.8996 -13.9141 1.6488 54.8211 -4.6962 -5.8867
Car -1 -1 -4.4847 598.5908 177.4248 637.0306 201.2229 1.4209 1.6186 3.8721 0.5083 1.7248 45.9492 -4.4742 -5.8867
Car -1 -1 -5.9607 0.0000 191.9178 210.4166 374.0000 1.4585 1.7960 4.4969 -6.9487 1.7048 7.6329 -6.6819 -5.9307
Car -1 -1 -4.4598 381.1064 176.5083 421.5219 203.1517 1.7740 1.7979 3.9104 -14.6004 2.0398 50.5649 -4.7398 -6.0526
Car -1 -1 -5.6788 0.0000 187.6008 83.9814 321.7552 1.3848 1.6421 3.7719 -9.0438 1.5885 8.8399 -6.4605 -6.2733
Car -1 -1 -4.7328 176.9016 175.0865 205.6929 200.9509 1.5776 1.5275 3.7612 -26.9613 1.7270 46.3616 -5.2572 -6.4157
Car -1 -1 -5.5754 936.4173 280.1908 1241.0000 374.0000 1.2982 1.4602 2.6826 4.0219 2.3492 5.5804 -4.9781 -7.9696
