Car -1 -1 -4.2043 152.9387 180.3565 245.7384 219.9386 1.4193 1.6406 3.5368 -16.0468 1.7319 28.3158 -4.7161 5.0189
Car -1 -1 -7.6998 532.5173 180.6116 565.9313 203.0502 1.3321 1.6028 3.4812 -3.8587 1.8442 45.8677 -7.7837 4.8865
Car -1 -1 -7.8453 586.2206 182.1138 618.1110 208.3120 1.2704 1.6011 3.4897 -0.4392 1.7798 37.9718 -7.8574 3.9628
Car -1 -1 -4.4675 68.3825 185.5764 107.5785 206.1190 1.4611 1.6096 3.6651 -40.3429 2.4800 55.7985 -5.0914 -2.5203
Car -1 -1 -5.3872 840.6559 193.9218 916.4712 227.3026 1.5066 1.6482 3.7845 13.7327 2.6530 37.2170 -5.0371 -2.7060
Car -1 -1 -7.2775 978.0568 160.0439 1062.3868 197.3607 1.5871 1.6569 3.4776 18.2848 1.0420 32.2284 -6.7655 -2.9788
Car -1 -1 -8.1300 461.8546 174.2447 506.3839 203.8115 1.6349 1.5989 3.7313 -7.4252 1.7197 42.1160 -8.3039 -3.1368
Car -1 -1 -4.2743 614.9828 178.7680 652.2012 199.1091 1.6846 1.6314 4.2198 2.0857 2.2217 63.3161 -4.2420 -3.2672
Car -1 -1 -4.2582 227.7505 175.2999 289.2342 204.0534 1.6182 1.6403 4.1374 -20.9107 1.7707 43.0303 -4.7084 -3.3659
Car -1 -1 -4.9601 599.6269 177.2379 629.9343 195.8505 1.5580 1.6836 4.2261 0.3600 1.9584 63.7108 -4.9549 -3.6386
Car -1 -1 -4.9025 809.7048 191.0970 845.1642 215.3626 1.5115 1.6286 3.9070 14.9894 2.8268 50.0109 -4.6136 -3.6681
Car -1 -1 -5.1148 844.4629 167.6332 876.8774 185.2550 1.6720 1.6261 3.7871 24.4004 1.1764 70.4085 -4.7827 -3.6833
Car -1 -1 -7.8515 328.7448 175.6812 347.6855 191.9428 1.4697 1.6259 3.5450 -25.5625 1.7428 67.8329 -8.2108 -3.7607
Car -1 -1 -4.5893 93.6213 186.6812 124.6878 206.5079 1.4714 1.6126 3.7491 -40.5343 2.6296 58.4202 -5.1939 -3.8088
Car -1 -1 -4.6930 561.1866 179.1511 585.0757 202.1114 1.4838 1.5691 3.6774 -2.5311 1.9319 49.5130 -4.7442 -4.0939
Car -1 -1 -4.1583 83.3256 178.3141 146.2619 203.6587 1.6714 1.7256 4.1127 -34.6520 2.0696 50.5769 -4.7567 -4.1309
Car -1 -1 -4.2786 81.4714 183.8100 128.6262 205.0641 1.5194 1.5773 3.6560 -38.8164 2.3915 55.5158 -4.8867 -4.1663
Car -1 -1 -4.7133 570.5823 178.9916 589.1836 198.1013 1.7538 1.7383 3.7514 -2.9183 2.3597 69.3572 -4.7556 -4.1713
Car -1 -1 -7.5477 473.2250 175.1906 508.4046 195.9909 1.7186 1.7746 4.3446 -10.2831 1.9278 62.4059 -7.7107 -4.1979
Car -1 -1 -7.7452 170.7773 178.6419 221.6228 214.1693 1.5159 1.6311 3.8514 -19.2145 1.8016 33.5599 -8.2620 -4.2886
Car -1 -1 -7.4637 106.7222 179.7797 192.0818 218.0385 1.4617 1.5895 4.0873 -19.3829 1.7747 30.4948 -8.0261 -4.4478
Car -1 -1 -4.7616 235.2391 179.9909 258.4906 197.0933 1.5696 1.8134 4.5942 -35.6299 2.2929 70.7080 -5.2271 -4.4916
Car -1 -1 -3.6716 760.5661 189.7411 824.3493 214.2013 1.4423 1.5935 3.5939 11.4776 2.5382 45.5696 -3.4270 -4.4944
Car -1 -1 -3.9790 248.2345 180.8205 291.5972 197.0072 1.4995 1.6277 3.9640 -33.4688 2.3075 71.0749 -4.4179 -4.5010
Car -1 -1 -4.1185 67.3599 180.6667 151.8980 211.7232 1.5037 1.6251 4.1224 -26.3008 1.9378 38.0445 -4.7203 -4.5697
Car -1 -1 -2.9650 389.5222 178.6939 469.4214 208.5006 1.5286 1.6651 3.8862 -9.5784 1.8464 38.3410 -3.2086 -4.5994
Car -1 -1 -4.9587 610.3706 180.2979 650.3420 206.4312 1.4510 1.5365 3.6394 1.1360 1.9156 43.1140 -4.9330 -4.7929
Car -1 -1 -8.1939 1012.9945 161.0070 1088.8955 202.6245 1.8160 1.6914 4.2101 20.4454 1.2987 33.7157 -7.6529 -4.8059
Car -1 -1 -4.7517 573.8067 177.9152 599.9646 203.7930 1.5479 1.5086 3.5892 -1.5305 1.8813 45.7252 -4.7855 -4.8722
Car -1 -1 -2.3971 0.0000 187.6180 29.7702 223.1478 1.5989 1.6915 4.4700 -30.3607 2.3147 34.1043 -3.1207 -5.1077
Car -1 -1 -4.3698 377.0872 176.4374 413.4073 195.1588 1.3933 1.5650 3.6939 -16.7420 1.6821 56.3098 -4.6578 -5.1871
Car -1 -1 -4.5274 364.0556 177.1027 399.9565 198.4063 1.3850 1.6168 4.2298 -15.7697 1.6919 49.9795 -4.8317 -5.3248
Car -1 -1 -4.7400 293.0835 176.0328 316.7278 195.6763 1.4475 1.5793 4.2584 -23.8040 1.7046 56.1673 -5.1394 -5.3651
Car -1 -1 -4.6430 471.4922 173.3430 495.3188 192.0178 1.4757 1.6769 3.5369 -10.3403 1.5166 58.9603 -4.8162 -5.3681
Car -1 -1 -4.9605 587.7709 177.7509 626.1718 199.2908 1.4104 1.6504 4.4227 -0.2953 1.7699 50.6609 -4.9667 -5.4498
Car -1 -1 -8.7127 848.9879 162.7805 916.2352 191.7483 2.0488 1.9447 4.4689 20.0986 1.3360 53.4583 -8.3552 -5.4598
Car -1 -1 -4.8612 656.7083 182.1143 688.1477 207.0668 1.6232 1.6353 3.7433 4.2795 2.2928 50.2824 -4.7773 -5.5449
Car -1 -1 -4.7981 44.2498 184.2960 78.7118 205.5290 1.4748 1.7379 4.0031 -41.4149 2.3701 54.4119 -5.4465 -5.5686
Car -1 -1 -4.9940 671.6273 181.3478 696.3781 196.8184 1.4518 1.5396 3.4421 7.2937 2.3154 71.5550 -4.8933 -5.6045
Car -1 -1 -4.9418 648.7158 178.7262 681.7465 201.0548 1.6140 1.6635 3.9378 4.1646 2.0808 55.3202 -4.8676 -5.7392
Car -1 -1 -4.9968 580.6823 178.9617 610.7980 195.4092 1.4469 1.6409 4.4108 -1.3950 2.0384 67.5685 -5.0178 -5.7491
Car -1 -1 -4.8350 546.0890 176.3870 574.1207 196.1006 1.4085 1.6265 3.9930 -3.8276 1.6850 54.4256 -4.9052 -5.7861
Car -1 -1 -5.0177 722.2993 180.5360 766.0669 208.0666 1.6609 1.6737 3.9131 8.5986 2.1798 46.7176 -4.8374 -5.8073
Car -1 -1 -4.8125 658.4095 181.5812 679.2164 196.4818 1.3820 1.6463 4.0519 5.7689 2.2695 71.3580 -4.7326 -5.8342
Car -1 -1 -4.2822 0.0000 179.3821 0.0000 256.7078 1.4174 1.6200 4.1156 -16.6856 1.5801 15.8104 -5.0861 -5.8542
Car -1 -1 -4.0432 434.4690 173.9432 489.4765 195.7102 1.7098 1.8785 4.7849 -12.1654 1.8031 59.4904 -4.2443 -5.8844
Car -1 -1 -4.5672 1.6584 179.4237 42.1009 201.7230 1.4733 1.6459 4.0271 -41.6151 1.9578 51.0917 -5.2483 -5.8867
Car -1 -1 -7.3169 148.9542 0.0000 1241.0000 374.0000 1.5511 1.5943 3.8083 -0.9080 1.6356 0.9959 -7.9398 -5.8867
Car -1 -1 -6.7848 0.0000 0.0000 1241.0000 374.0000 1.5544 1.5922 3.8067 -2.9054 1.6767 1.0028 -7.9390 -5.8867
Car -1 -1 -4.5232 0.0000 182.6786 0.0000 208.1589 1.5134 1.6523 4.0210 -41.6112 2.1777 46.6631 -5.2487 -5.8867
Car -1 -1 -5.8531 0.0000 0.0000 1241.0000 374.0000 1.5200 1.6112 3.9641 4.5671 1.5588 1.7168 -4.6976 -5.8867
Car -1 -1 -8.6433 0.0000 0.0000 1049.0609 374.0000 1.5539 1.5907 3.8068 1.1149 1.6334 1.0038 -7.9391 -5.8867
Car -1 -1 -4.2341 114.5350 183.9561 163.1524 203.6844 1.4582 1.5975 3.9821 -37.6417 2.3776 57.7102 -4.8101 -5.8867
Car -1 -1 -4.4138 377.6613 177.3895 418.4435 198.7477 1.3617 1.5642 3.9035 -14.3115 1.6804 48.7974 -4.6979 -5.8867
Car -1 -1 -4.6337 610.0483 177.6098 638.9849 200.6962 1.4306 1.6090 3.9129 0.9614 1.7572 47.5710 -4.6141 -5.8867
Car -1 -1 -4.3243 0.0000 178.5573 0.0000 277.1931 1.3849 1.5838 4.1724 -13.8804 1.5019 12.6140 -5.1469 -5.8995
Car -1 -1 -4.8387 414.0910 178.7143 445.0450 199.5405 1.3994 1.6412 4.2392 -13.0783 1.8401 52.0341 -5.0841 -5.9095
Car -1 -1 -4.6226 790.1212 175.1927 812.2076 194.1731 1.6587 1.6005 4.0008 17.4200 1.8785 65.7407 -4.3651 -5.9952
Car -1 -1 -4.2750 0.0000 179.3724 0.0000 245.3977 1.4229 1.6095 4.1883 -18.7388 1.6076 18.2356 -5.0667 -6.0068
Car -1 -1 -5.6273 0.0000 184.4662 15.7359 374.0000 1.5776 1.8544 4.1428 -8.4473 1.7060 6.6196 -6.5135 -6.2022
Car -1 -1 -4.9225 385.4727 179.4164 424.9979 206.3354 1.5733 1.6163 3.8447 -12.9152 2.0035 45.2608 -5.1993 -6.2562
Car -1 -1 -5.1370 559.1287 177.7276 599.0151 198.3260 1.5327 1.6423 3.9746 -2.5030 1.9309 56.8484 -5.1812 -6.3071
Car -1 -1 -4.4365 457.9822 177.8748 491.0399 200.0080 1.6029 1.5440 3.6364 -10.3143 1.9983 54.9885 -4.6215 -6.5631
