Car -1 -1 -4.3403 270.8473 180.2636 330.0500 209.2438 1.4003 1.6063 3.6808 -16.1289 1.8061 37.6820 -4.7424 4.4684
Car -1 -1 -7.8292 584.0431 183.3882 616.7115 211.6095 1.3487 1.6202 3.6667 -0.5006 1.9257 37.6999 -7.8430 4.4422
Car -1 -1 -7.7839 533.2774 182.9797 561.8034 205.7340 1.3443 1.5722 3.4652 -3.9752 2.0130 45.9263 -7.8702 3.9604
Car -1 -1 -4.2239 613.1074 184.4665 661.2647 207.7388 1.4337 1.5758 3.9569 1.8448 2.2504 48.6586 -4.1868 -1.9817
Car -1 -1 -7.8862 875.7438 192.1950 910.0602 222.3378 1.4154 1.5553 2.8895 14.6573 2.4659 37.5815 -7.5177 -2.2970
Car -1 -1 -4.3552 305.0818 177.3354 355.3506 200.6600 1.5416 1.8053 4.5988 -19.6815 1.8716 50.8840 -4.7228 -3.1287
Car -1 -1 -4.8267 965.7175 185.8073 1010.1576 216.8208 1.4874 1.6407 3.9134 20.0604 2.2163 38.4967 -4.3501 -3.1391
Car -1 -1 -4.6926 224.3387 180.1331 250.6100 200.3923 1.4240 1.6763 3.8040 -28.0185 1.9923 54.2854 -5.1673 -3.4037
Car -1 -1 -5.3636 1146.6478 194.1699 1241.0000 239.9084 1.4670 1.6781 3.8482 22.1967 2.3193 26.9100 -4.6800 -3.5125
Car -1 -1 -4.3473 621.6322 183.4019 650.6323 201.2251 1.6341 1.6538 3.6122 2.5608 2.6933 70.4906 -4.3116 -3.5897
Car -1 -1 -4.9378 487.3586 178.7220 520.6677 199.8287 1.5024 1.6133 4.1441 -8.1191 1.9660 54.8204 -5.0845 -3.6864
Car -1 -1 -4.5685 386.0614 177.1837 410.5373 195.3457 1.5784 1.6024 3.8422 -19.2592 1.9844 65.6823 -4.8529 -3.7088
Car -1 -1 -4.4095 631.4610 183.2572 674.1373 209.2785 1.5750 1.6632 4.1296 2.8435 2.2943 47.6790 -4.3509 -3.7603
Car -1 -1 -5.2912 185.7295 177.8276 239.1810 198.4906 1.6431 1.7341 4.4768 -33.1329 2.0694 60.0701 -5.7936 -4.1348
Car -1 -1 -4.5210 770.1227 191.4359 813.9144 219.3120 1.4047 1.6847 4.2548 10.5276 2.5369 41.6889 -4.2760 -4.1366
Car -1 -1 -4.6510 439.2245 179.2796 473.3762 209.0372 1.5358 1.6152 4.1092 -8.5749 1.9137 40.3175 -4.8597 -4.1452
Car -1 -1 -4.5598 616.8693 183.9617 644.6678 203.3871 1.4738 1.6838 4.1341 1.7208 2.4219 59.4250 -4.5315 -4.1464
Car -1 -1 -8.0185 897.2599 158.0146 935.7648 182.7208 1.6649 1.8119 4.2468 21.5302 0.6646 50.8987 -7.6205 -4.1579
Car -1 -1 -7.7880 476.4191 173.4981 498.5294 192.3486 1.6840 1.7333 4.4325 -11.3479 1.7455 66.9079 -7.9557 -4.2973
Car -1 -1 -4.7553 341.0975 176.9539 366.2450 197.1446 1.5607 1.7526 4.4289 -21.0591 1.9098 59.1211 -5.0963 -4.4900
Car -1 -1 -4.4819 696.0297 186.5774 734.6917 210.1012 1.4447 1.7248 4.0744 7.1806 2.4204 49.1048 -4.3382 -4.5303
Car -1 -1 -4.7609 791.4834 174.2791 810.6250 190.2912 1.5187 1.6226 3.8419 18.7132 1.6624 70.8465 -4.5041 -4.5377
Car -1 -1 -7.3396 0.0000 191.8445 13.4384 226.7495 1.4249 1.5166 3.4515 -29.4911 2.3497 33.3060 -8.0605 -4.7521
Car -1 -1 -4.3381 239.9907 178.2677 282.6462 200.0336 1.5794 1.6272 3.9062 -26.7224 2.0095 55.3617 -4.7862 -4.8156
Car -1 -1 -4.8230 402.8460 178.6220 437.3987 206.0050 1.5955 1.6377 4.2001 -11.9808 1.9749 45.2445 -5.0808 -4.8877
Car -1 -1 -4.9380 1113.9193 186.1134 1201.8140 234.6523 1.6362 1.7015 4.5764 21.1361 2.1969 28.0909 -4.2986 -4.8958
Car -1 -1 -4.4648 332.1564 177.4074 384.3197 205.9386 1.4543 1.6492 4.5414 -13.8600 1.7202 39.8552 -4.7977 -5.0297
Car -1 -1 -4.9361 242.0161 176.6081 281.3551 200.3896 1.6393 1.7667 3.8504 -25.3722 1.9226 52.4424 -5.3849 -5.0743
Car -1 -1 -5.2077 173.4934 180.9662 235.9682 204.8169 1.4494 1.7220 4.2849 -26.4493 1.9986 46.9981 -5.7181 -5.1675
Car -1 -1 -4.8033 272.6564 177.6992 309.3381 202.7527 1.5272 1.7705 4.9478 -21.1118 1.8637 47.5773 -5.2191 -5.2794
Car -1 -1 -4.9080 589.0674 182.9791 628.7301 207.9516 1.5254 1.8512 4.2187 -0.1580 2.2323 48.1490 -4.9118 -5.4108
Car -1 -1 -2.4362 0.0000 179.1268 54.5932 370.9712 1.4389 1.7841 4.8114 -8.4918 1.5088 6.7861 -3.3133 -5.5776
Car -1 -1 -4.6228 382.2601 177.3652 410.6317 197.8958 1.4383 1.6629 4.0743 -15.8680 1.7870 53.6576 -4.9093 -5.6681
Car -1 -1 -4.4254 213.3119 180.2142 263.3080 204.9711 1.3935 1.6051 4.1267 -22.6688 1.8651 44.0833 -4.8981 -5.7102
Car -1 -1 -4.8632 578.8807 180.5611 621.6473 212.1875 1.6835 1.8355 4.3225 -0.6594 2.1541 41.8047 -4.8795 -5.7362
Car -1 -1 -4.3798 173.2133 180.5789 233.4442 206.9533 1.3580 1.6278 4.3337 -22.9163 1.8185 40.7618 -4.8894 -5.7598
Car -1 -1 -5.1015 692.5015 181.9321 735.0367 205.9960 1.6202 1.6498 3.9974 7.4456 2.3054 52.3371 -4.9616 -5.8043
Car -1 -1 -4.6395 91.1262 181.5460 119.8496 200.9390 1.4906 1.6477 4.0231 -41.6123 2.2334 59.5370 -5.2476 -5.8867
Car -1 -1 -4.5735 6.7906 183.1917 46.2321 205.8618 1.4891 1.6411 4.0078 -41.6087 2.2571 51.4874 -5.2508 -5.8867
Car -1 -1 -7.5633 152.2082 0.0000 1241.0000 374.0000 1.5531 1.5942 3.8073 -0.4944 1.6405 1.0022 -7.9392 -5.8867
Car -1 -1 -4.6403 57.8641 181.3860 89.1496 201.7470 1.4656 1.6497 4.0603 -41.5448 2.1518 55.8994 -5.2773 -5.8867
Car -1 -1 -6.9164 0.0000 0.0000 1241.0000 374.0000 1.5522 1.5928 3.8066 -2.1020 1.6570 1.0028 -7.9392 -5.8867
Car -1 -1 -4.6418 546.8044 178.0885 573.3144 199.3581 1.4108 1.5881 3.9939 -3.5135 1.7939 50.8423 -4.7109 -5.8867
Car -1 -1 -4.8653 344.1382 181.0475 379.2961 205.2794 1.4196 1.5287 3.9193 -15.8192 1.9629 45.7752 -5.1966 -5.8890
Car -1 -1 -4.7846 410.3285 179.3296 440.7025 203.9006 1.5382 1.7059 3.6373 -12.3919 1.9886 48.2183 -5.0352 -6.2342
Car -1 -1 -8.3636 543.9184 189.8475 790.6820 360.9961 1.4210 1.4695 2.7593 0.4117 1.6427 7.8634 -8.3151 -6.6372
