Car -1 -1 -7.5538 286.1798 182.8127 460.3810 294.3916 1.5200 1.6620 3.8118 -3.7871 1.7127 12.0771 -7.8523 7.5146
Car -1 -1 -4.3442 255.0961 180.4643 332.1900 221.3473 1.5814 1.6968 3.8969 -13.3670 1.9251 30.6293 -4.7529 6.1120
Car -1 -1 -7.7332 463.7807 183.3133 503.4162 210.1354 1.2960 1.6491 3.4883 -6.6540 1.8730 38.0403 -7.9057 4.4711
Car -1 -1 -7.8370 558.1154 177.3704 583.3607 200.4463 1.3789 1.5333 3.7072 -2.4923 1.6767 45.7340 -7.8915 2.8234
Car -1 -1 -4.4567 315.7516 179.2841 360.3584 206.5373 1.5357 1.5885 3.8793 -16.4127 1.9420 43.6177 -4.8149 -0.5483
Car -1 -1 -4.9184 1007.2321 176.5484 1080.5177 219.7624 1.4126 1.5323 3.4977 15.3795 1.5543 25.8141 -4.3866 -1.4862
Car -1 -1 -6.9635 181.7604 178.6273 257.4545 203.5609 1.6960 1.8081 4.8043 -28.5173 2.1390 52.8322 -7.4566 -1.6168
Car -1 -1 -4.6708 818.9542 180.6262 855.5989 211.4792 1.4115 1.6027 4.2083 11.4673 1.8274 36.3942 -4.3684 -1.8446
Car -1 -1 -3.6652 87.9268 182.0921 171.4604 207.9756 1.5386 1.6868 4.2314 -31.0869 2.1664 46.7815 -4.2493 -2.4883
Car -1 -1 -4.3171 746.8812 180.8138 791.1730 204.2406 1.4991 1.6072 3.8891 10.9393 2.0688 49.6204 -4.1018 -2.6396
Car -1 -1 -4.9095 632.6758 179.3362 655.9872 195.6875 1.5219 1.5887 3.6477 3.3131 2.1732 70.6036 -4.8632 -2.8110
Car -1 -1 -4.6371 137.6827 190.7572 163.7495 210.2876 1.5777 1.6687 3.8194 -40.8354 3.2214 64.1756 -5.2021 -3.3155
Car -1 -1 -8.0233 946.3616 171.2395 1002.6731 207.2834 1.5078 1.5823 3.9267 16.1884 1.4399 32.2906 -7.5626 -3.3817
Car -1 -1 -2.1714 145.3672 183.8446 229.9457 215.1940 1.4605 1.7074 4.0310 -21.3490 2.0395 36.3955 -2.6989 -3.9932
Car -1 -1 -4.7776 648.3623 177.4362 666.4961 193.1956 1.4892 1.5464 3.5407 4.6249 1.9509 70.9832 -4.7132 -4.0181
Car -1 -1 -4.7296 339.7470 180.8222 381.1245 219.7829 1.5228 1.5887 3.7432 -10.8137 1.8879 31.0622 -5.0623 -4.1104
Car -1 -1 -4.6419 785.7510 182.1219 815.5770 207.0968 1.4718 1.5808 4.0154 12.2287 2.0936 46.2771 -4.3857 -4.5232
Car -1 -1 -4.4467 766.4910 182.7236 807.2725 209.3089 1.4574 1.4901 3.5165 10.5055 2.0694 42.8649 -4.2085 -4.6683
Car -1 -1 -4.5828 121.5154 179.6059 168.2382 206.3475 1.5269 1.8435 4.7167 -28.9619 1.9714 45.0012 -5.1522 -4.7945
Car -1 -1 -4.7443 263.7827 179.3320 291.3824 198.9785 1.3565 1.7300 4.1776 -24.7338 1.8573 53.5612 -5.1752 -4.9108
Car -1 -1 -4.7593 614.7458 180.1330 633.2421 196.7084 1.5000 1.5778 4.0079 1.2949 2.2173 69.1026 -4.7411 -4.9140
Car -1 -1 -4.7258 705.0594 178.5113 732.6954 205.1459 1.5748 1.6527 3.8795 6.8049 1.9477 45.5580 -4.5790 -4.9307
Car -1 -1 -4.4217 262.9247 181.0118 300.0653 201.8608 1.5592 1.6078 4.0471 -26.2551 2.2355 57.7277 -4.8470 -5.0178
Car -1 -1 -4.6928 348.8885 175.0996 374.1369 200.6351 1.8476 1.7297 4.4436 -18.9296 2.0259 55.0043 -5.0231 -5.1123
Car -1 -1 -7.7732 345.2167 182.7038 418.8853 241.0922 1.3246 1.5508 3.2315 -5.8705 1.6035 18.7038 -8.0739 -5.1178
Car -1 -1 -5.0318 845.2411 189.2991 882.0712 210.5674 1.5686 1.6155 4.0234 20.4418 2.9448 58.3702 -4.6972 -5.1607
Car -1 -1 -7.6259 375.8906 179.7949 436.4805 219.0787 1.4490 1.5842 3.5245 -8.1732 1.7453 29.0440 -7.8982 -5.6411
Car -1 -1 -5.8745 196.5872 183.6130 292.0113 215.6053 1.5532 1.6106 4.0048 -18.5129 2.1119 36.5677 -6.3405 -5.6425
Car -1 -1 -4.7909 295.1035 169.7113 313.8591 184.1681 1.3235 1.3809 3.1454 -28.7295 1.0355 67.7678 -5.1906 -5.7552
Car -1 -1 -4.6330 326.4561 181.0694 383.6594 223.1635 1.3821 1.6650 4.1151 -9.4107 1.7115 26.7515 -4.9686 -5.7990
Car -1 -1 -4.5516 277.0984 180.5273 327.1994 211.9867 1.4450 1.6879 4.0400 -15.4780 1.8544 36.3596 -4.9517 -5.8243
Car -1 -1 -4.7130 368.5536 178.8975 407.4066 213.1764 1.4333 1.6062 4.2333 -10.2599 1.7302 33.2259 -5.0106 -5.8295
Car -1 -1 -4.6862 275.9469 181.8644 306.0440 204.9971 1.3816 1.6816 4.0382 -20.7601 1.9953 46.9835 -5.1004 -5.8327
Car -1 -1 -4.6035 107.8458 187.6231 138.9679 208.1179 1.5905 1.7368 4.3537 -41.5735 2.9005 61.6850 -5.1947 -5.8502
Car -1 -1 -4.7001 152.1261 184.3009 173.8258 202.3217 1.5556 1.6634 4.0151 -41.6011 2.6550 67.1660 -5.2531 -5.8867
Car -1 -1 -4.5479 676.7190 178.3590 701.5776 196.4280 1.6695 1.7192 4.4097 7.7420 2.2247 70.4553 -4.4393 -5.8947
Car -1 -1 -5.8774 917.2122 226.5382 1241.0000 374.0000 1.3499 1.3634 2.8511 4.0821 1.8930 5.7358 -5.2844 -7.2801
