Car -1 -1 -4.2524 200.4201 180.9427 278.6589 216.1246 1.4041 1.6284 3.5090 -16.0537 1.7753 31.3698 -4.7222 5.5411
Car -1 -1 -7.8683 585.8946 183.0877 617.9979 211.3719 1.3613 1.6073 3.7496 -0.4950 1.9268 37.9953 -7.8818 3.5295
Car -1 -1 -7.7845 533.0029 182.4972 562.2148 205.8293 1.3793 1.6107 3.5735 -3.9703 2.0171 45.9423 -7.8707 3.5061
Car -1 -1 -4.3126 162.9291 173.5238 235.3798 209.6168 1.6210 1.6384 3.8238 -19.5700 1.6546 34.4727 -4.8258 -0.4758
Car -1 -1 -4.6395 276.0885 177.4149 310.5092 204.7151 1.6121 1.6813 4.2798 -20.0265 1.9150 45.6730 -5.0509 -2.1321
Car -1 -1 -7.2271 472.8067 176.1246 535.8027 206.7270 1.7216 1.6870 4.0372 -6.3083 1.9271 43.2365 -7.3716 -2.3318
Car -1 -1 -5.2083 285.4797 180.2011 329.1393 199.0384 1.5409 1.6813 4.2299 -26.2850 2.1978 62.5512 -5.6048 -2.9592
Car -1 -1 -4.4044 718.5607 188.7628 763.3308 215.4519 1.4313 1.5796 3.7446 7.8320 2.4267 43.1334 -4.2267 -3.0454
Car -1 -1 -4.7225 735.6996 186.2539 753.0844 203.5959 1.5879 1.6393 3.8416 13.2264 2.9485 71.2432 -4.5402 -3.1143
Car -1 -1 -4.5204 84.9144 184.3278 120.1383 203.4803 1.4031 1.5993 3.7407 -40.2990 2.3468 57.3300 -5.1311 -3.2519
Car -1 -1 -4.7173 639.8476 183.5307 667.2464 209.6168 1.5427 1.6878 4.3500 2.7676 2.2662 46.7018 -4.6591 -3.4915
Car -1 -1 -4.4627 302.3319 179.7425 343.2967 203.3363 1.4984 1.6268 4.1056 -19.5587 1.9883 49.2120 -4.8394 -3.7378
Car -1 -1 -4.4419 496.7336 178.0076 534.6108 202.3945 1.6462 1.6760 4.0309 -6.7420 2.0304 51.7142 -4.5713 -3.8871
Car -1 -1 -7.7597 865.0100 187.8784 903.1426 218.0157 1.4371 1.5611 3.8734 14.6480 2.2833 38.5670 -7.3999 -3.9609
Car -1 -1 -4.6688 212.6247 175.8589 256.4348 212.3510 1.6596 1.7221 3.9155 -18.3476 1.8152 35.3051 -5.1453 -3.9696
Car -1 -1 -5.3356 794.7902 185.2404 851.8982 212.6645 1.7189 1.7115 4.0209 14.5033 2.6036 49.3745 -5.0521 -4.0727
Car -1 -1 -7.6702 260.6729 181.0025 298.9516 205.9107 1.5684 1.6340 4.1320 -22.4313 2.1471 49.0750 -8.0972 -4.0968
Car -1 -1 -4.2305 73.4290 180.6485 129.3958 204.0912 1.5586 1.6756 3.8004 -36.1050 2.1339 51.2884 -4.8416 -4.2407
Car -1 -1 -4.7959 676.6060 185.5820 696.4320 202.3250 1.4714 1.5586 3.5308 7.1553 2.7002 67.8973 -4.6918 -4.2772
Car -1 -1 -4.6821 112.2521 183.4886 137.9318 203.5194 1.4711 1.5680 3.9249 -38.4841 2.3457 57.2785 -5.2718 -4.3641
Car -1 -1 -4.5749 815.9239 188.1849 863.7522 225.1971 1.5718 1.6594 4.0736 11.0479 2.3546 34.6574 -4.2695 -4.4605
Car -1 -1 -4.5574 106.4422 185.2013 137.7494 203.2692 1.3817 1.6029 3.6568 -40.4886 2.4407 59.9029 -5.1499 -4.4944
Car -1 -1 -7.3848 242.7139 181.0593 304.5383 207.9833 1.4557 1.6570 3.9748 -19.6523 1.9589 42.2568 -7.8179 -4.5539
Car -1 -1 -4.2387 97.5749 180.8949 154.8955 204.3081 1.5605 1.7434 4.0582 -34.5820 2.1595 51.6589 -4.8264 -4.5732
Car -1 -1 -1.6351 0.8307 185.2718 52.6003 222.7340 1.5514 1.6188 3.6799 -26.7855 2.1526 33.0465 -2.3125 -4.5915
Car -1 -1 -7.0987 635.3718 183.4620 701.4702 209.9552 1.5030 1.6528 4.1855 3.6099 2.1876 44.5679 -7.0190 -4.6342
Car -1 -1 -4.6958 800.9576 173.7556 819.8433 191.5638 1.5957 1.6316 4.0119 18.6169 1.6819 67.0264 -4.4263 -4.6728
Car -1 -1 -4.6852 476.0135 178.3502 501.0420 200.2984 1.4703 1.6536 3.8295 -8.6411 1.8764 51.3520 -4.8515 -4.6840
Car -1 -1 -2.1808 84.5057 182.9901 165.5327 211.2521 1.4500 1.5566 4.2219 -26.6429 2.0266 39.5785 -2.7704 -4.9930
Car -1 -1 -4.5809 471.3561 177.9647 499.5998 196.3982 1.4867 1.8313 4.2642 -10.6061 1.9378 61.5601 -4.7511 -4.9960
Car -1 -1 -4.5353 738.5042 185.1593 778.1157 215.8737 1.6283 1.6379 3.6772 8.6090 2.3764 41.8735 -4.3346 -5.1066
Car -1 -1 -4.6077 406.7638 183.5405 427.0362 200.0294 1.4671 1.4993 3.5050 -18.3108 2.5078 68.4412 -4.8685 -5.1451
Car -1 -1 -4.2523 309.5749 177.4031 353.1283 198.3095 1.7203 1.6337 4.6604 -24.2129 2.1311 62.8110 -4.6190 -5.1641
Car -1 -1 -4.6443 388.0002 179.6129 418.2920 206.3767 1.5771 1.5715 4.0418 -13.1016 2.0252 45.7377 -4.9221 -5.2731
Car -1 -1 -4.3948 455.0252 181.5224 486.3503 197.7593 1.4903 1.7434 4.3806 -13.6727 2.3698 70.9489 -4.5848 -5.3050
Car -1 -1 -2.3518 0.0000 176.9243 17.3539 306.7275 1.4800 1.5592 3.7674 -10.0928 1.5359 9.1185 -3.1732 -5.3138
Car -1 -1 -4.8100 538.6884 177.8393 567.2745 199.8722 1.4841 1.6459 4.0826 -4.1555 1.8561 51.7320 -4.8901 -5.4874
Car -1 -1 -2.3866 0.0000 174.3473 21.9045 350.5216 1.4586 1.6472 4.1678 -8.6352 1.4751 7.0447 -3.2543 -5.4913
Car -1 -1 -4.8052 60.3146 183.7658 94.0280 203.0217 1.3729 1.7339 4.1188 -41.3725 2.2509 55.9568 -5.4398 -5.5760
Car -1 -1 -5.3097 606.2321 183.5923 643.9360 201.5836 1.6448 1.7894 3.9237 1.4276 2.7276 70.6435 -5.2901 -5.5798
Car -1 -1 -7.7650 956.6708 181.9611 1003.7051 224.2750 1.7252 1.5419 4.1519 16.6865 2.1627 32.5204 -7.2952 -5.6511
Car -1 -1 -5.0026 583.1887 180.1678 627.3207 204.3888 1.4890 1.7369 4.4419 -0.4066 2.0010 48.1700 -5.0115 -5.6634
Car -1 -1 -4.5000 570.3619 180.8400 609.0430 208.0925 1.5288 1.5621 3.8852 -1.2183 2.0353 43.7328 -4.5282 -5.6785
Car -1 -1 -6.9189 0.0000 178.2331 11.4406 240.2955 1.5106 1.7356 4.3725 -19.7476 1.6786 20.2627 -7.6849 -5.7941
Car -1 -1 -4.5693 209.4305 178.3806 255.0892 206.5957 1.4226 1.6141 4.2764 -20.6765 1.7429 39.5605 -5.0484 -5.8058
Car -1 -1 -4.8007 402.8782 182.8514 429.9850 205.3998 1.4096 1.4651 3.4373 -13.1036 2.1090 48.6280 -5.0629 -5.8180
Car -1 -1 -4.5937 35.3947 180.4254 71.8224 202.3188 1.5214 1.6676 4.1387 -41.5143 2.1095 53.8707 -5.2480 -5.8867
Car -1 -1 -4.5541 0.0000 182.1377 24.2967 205.7693 1.4949 1.6463 4.0156 -41.6110 2.1588 49.4755 -5.2508 -5.8867
Car -1 -1 -8.0592 0.0000 0.0000 1084.3119 374.0000 1.4996 1.6019 3.8470 0.3246 1.5525 1.3702 -7.8745 -5.8867
Car -1 -1 -4.6655 118.7245 182.7064 144.1550 201.4175 1.5130 1.6515 4.0154 -41.6062 2.3988 62.7518 -5.2492 -5.8867
Car -1 -1 -4.5725 445.0606 177.9674 472.4787 196.6972 1.3956 1.5790 3.9596 -11.9140 1.8128 56.8962 -4.7783 -5.8867
Car -1 -1 -4.2910 0.0000 179.7996 0.0000 249.0916 1.3755 1.6096 4.2756 -17.5456 1.5615 17.0652 -5.0825 -6.0317
