Car -1 -1 -7.4491 131.4540 180.6344 415.9831 342.4650 1.4786 1.6272 3.8011 -3.7310 1.5926 8.6841 -7.8447 7.2946
Car -1 -1 -7.7716 486.6091 177.5902 520.2714 203.8156 1.4154 1.6256 3.5441 -6.1113 1.6989 41.4186 -7.9176 4.5093
Car -1 -1 -7.8575 571.8704 177.5589 599.1716 201.1075 1.3388 1.5785 3.3907 -1.5178 1.6330 43.4353 -7.8927 3.4892
Car -1 -1 -4.4890 429.9601 172.8537 459.6964 193.1912 1.6723 1.6380 3.8982 -14.0123 1.6719 61.2790 -4.7131 2.1489
Car -1 -1 -7.6229 45.0884 176.5204 97.9001 204.5551 1.4738 1.5655 3.6641 -30.1506 1.6892 40.4459 -8.2605 -2.8336
Car -1 -1 -3.7310 198.2916 174.3381 254.5773 193.9337 1.5565 1.6823 3.8224 -31.7158 1.6832 59.7073 -4.2176 -2.9431
Car -1 -1 -4.2398 0.0000 176.5244 49.8961 206.6897 1.4807 1.5747 3.6145 -31.2816 1.6826 37.8212 -4.9275 -3.1678
Car -1 -1 -5.1138 93.5701 170.1017 152.5629 196.0216 1.5675 1.6896 3.9084 -30.6933 1.4007 45.4085 -5.7056 -3.3010
Car -1 -1 -4.0468 441.4611 173.4413 490.8250 192.5539 1.5840 1.7891 4.4955 -12.4014 1.6364 62.3547 -4.2426 -3.3282
Car -1 -1 -4.3888 703.7681 179.6221 749.3784 205.6172 1.5598 1.6555 4.2574 7.5664 2.0193 46.7471 -4.2299 -3.6639
Car -1 -1 -4.7882 97.5202 171.0611 137.8295 200.0098 1.6245 1.6650 4.1194 -29.1467 1.5236 42.6189 -5.3853 -3.8129
Car -1 -1 -3.8951 267.4310 175.2186 314.3803 193.0206 1.5516 1.6561 3.7908 -28.9463 1.7728 65.5079 -4.3099 -3.9647
Car -1 -1 -4.1100 474.8003 175.0379 517.7426 194.1616 1.5442 1.6126 3.9731 -9.5797 1.7347 60.8913 -4.2657 -3.9764
Car -1 -1 -3.3997 56.7932 173.0588 120.8941 198.9078 1.5818 1.6961 2.9715 -33.1353 1.5950 45.8656 -4.0227 -4.0384
Car -1 -1 -7.8228 491.7513 172.0454 509.5498 184.8256 1.2291 1.6302 3.4699 -10.7883 1.1510 71.2110 -7.9728 -4.0491
Car -1 -1 -6.6530 157.0815 167.5964 229.9658 195.4569 1.7443 1.7435 3.7529 -27.2210 1.4148 47.1819 -7.1741 -4.1111
Car -1 -1 -5.1476 505.7760 177.9078 543.9902 198.3306 1.6402 1.7279 3.8982 -7.2650 2.0826 61.1044 -5.2658 -4.2285
Car -1 -1 -6.4139 519.2104 175.0146 579.9684 199.2604 1.7082 1.6984 4.2052 -4.4285 1.8685 52.3408 -6.4983 -4.3476
Car -1 -1 -4.6648 478.7040 176.0426 498.6423 193.8579 1.5551 1.6123 3.7683 -11.0346 1.8536 65.6535 -4.8309 -4.3879
Car -1 -1 -4.4717 361.6662 175.9423 391.1074 194.3779 1.4540 1.5048 3.5235 -19.1971 1.7154 59.3263 -4.7836 -4.4015
Car -1 -1 -7.8217 345.8319 177.2102 380.9413 211.7128 1.5929 1.5233 3.8568 -12.2599 1.8218 35.8992 -8.1489 -4.4373
Car -1 -1 -4.8218 722.0443 177.6301 747.8769 197.7441 1.5974 1.6921 3.9781 10.3823 2.0098 60.3054 -4.6526 -4.5578
Car -1 -1 -7.9187 245.9700 177.7077 363.8853 272.6427 1.3501 1.6293 3.7208 -5.4436 1.4475 12.4962 -8.3223 -4.7267
Car -1 -1 -5.2192 564.0620 176.5946 612.3085 199.9354 1.5561 1.6141 4.0977 -1.6171 1.8314 50.9742 -5.2512 -4.7727
Car -1 -1 -4.6586 463.1437 175.7265 483.8290 193.2060 1.4085 1.5177 3.5896 -11.4713 1.6571 60.6406 -4.8450 -4.7770
Car -1 -1 -4.8671 342.2578 175.8061 373.0999 194.8426 1.4669 1.7100 4.3927 -20.5744 1.7162 58.6654 -5.2032 -4.8655
Car -1 -1 -4.9314 638.9515 175.4580 676.9854 200.9903 1.5284 1.5658 3.9748 2.9554 1.7005 45.7011 -4.8677 -4.9041
Car -1 -1 -5.1678 196.0938 176.9047 245.7224 199.2527 1.6263 1.7609 3.9908 -29.7395 1.9457 55.0680 -5.6612 -4.9624
Car -1 -1 -4.9376 639.2549 175.0971 678.7354 200.2032 1.6051 1.6328 4.8053 3.2391 1.7651 49.0781 -4.8725 -4.9856
Car -1 -1 -2.3709 0.0000 178.0287 9.1913 227.3934 1.4515 1.5800 3.8920 -21.1318 1.6164 22.2097 -3.1255 -5.1067
Car -1 -1 -4.9137 707.7333 179.0523 748.9212 206.9438 1.5652 1.6582 4.0398 7.0345 1.9559 43.4576 -4.7548 -5.1680
Car -1 -1 -4.6279 191.2587 175.6474 252.0631 221.4237 1.5948 1.7020 3.9206 -14.7749 1.7093 27.5349 -5.1167 -5.2552
Car -1 -1 -5.2812 248.1952 174.8125 298.4903 195.6092 1.6096 1.7451 4.0787 -27.1111 1.7718 58.0217 -5.7168 -5.3306
Car -1 -1 -4.6022 732.7240 177.3936 758.5038 200.9422 1.7117 1.5664 3.4884 10.3488 2.0699 55.0760 -4.4179 -5.3893
Car -1 -1 -5.3772 709.0521 177.5809 755.5225 201.1712 1.6513 1.4996 3.5518 8.9469 2.0120 53.1928 -5.2119 -5.4056
Car -1 -1 -4.5488 659.9490 176.3293 698.6555 204.6279 1.6413 1.7462 4.0687 4.2932 1.8662 44.5754 -4.4539 -5.4201
Car -1 -1 -4.5222 219.5109 169.3711 253.5199 189.7661 1.5863 1.7208 3.9347 -30.1282 1.3151 58.2505 -4.9979 -5.4257
Car -1 -1 -2.7585 229.2210 173.5985 401.1885 230.0191 1.5157 1.7354 4.1250 -8.2318 1.5373 20.2783 -3.1399 -5.4895
Car -1 -1 -7.9049 305.8968 172.9909 327.6269 191.4585 1.6962 1.6957 4.3727 -27.9430 1.7094 68.6462 -8.2903 -5.6759
Car -1 -1 -2.4202 266.1492 173.2043 380.5881 211.6093 1.3642 1.5477 3.9528 -10.7877 1.3778 27.0530 -2.7966 -5.7403
Car -1 -1 -4.1810 286.9002 173.6783 363.9509 206.3227 1.5001 1.6149 4.1885 -13.9238 1.5428 35.4637 -4.5529 -5.7417
Car -1 -1 -4.4991 168.3097 178.7978 302.7131 253.3336 1.2819 1.6304 3.7987 -7.5329 1.4202 14.7779 -4.9635 -5.7483
Car -1 -1 -4.6916 157.8672 178.5477 257.3693 252.2618 1.5313 1.9048 4.4942 -9.8729 1.6907 17.7979 -5.1921 -5.7489
Car -1 -1 -4.7187 261.3194 180.1955 346.7154 249.0133 1.3880 1.6770 4.4247 -7.4289 1.5890 17.4210 -5.1168 -5.8464
Car -1 -1 -4.5752 215.1045 172.5855 284.6314 217.1347 1.4881 1.7095 4.0610 -13.0666 1.4789 26.2990 -5.0326 -5.8564
Car -1 -1 -5.4905 0.0000 186.4980 0.0000 374.0000 1.4298 1.6890 3.4116 -7.9045 1.5643 6.1192 -6.3812 -5.9797
Car -1 -1 -4.2314 254.3613 174.4096 330.0474 203.1691 1.3504 1.6129 4.4373 -15.9563 1.4334 36.3941 -4.6421 -6.0180
Car -1 -1 -4.5988 388.3658 174.6408 413.4192 191.9652 1.5260 1.7383 4.2424 -19.1842 1.6954 66.2552 -4.8798 -6.2008
Car -1 -1 -7.7743 298.7081 172.5865 412.5417 251.7381 1.4732 1.9515 4.6430 -5.4684 1.4680 15.9193 -8.1005 -6.2393
Car -1 -1 -5.6841 915.3093 227.8590 1241.0000 374.0000 1.2475 1.3585 2.8056 4.1954 1.8423 6.2497 -5.1160 -6.9169
