Car -1 -1 -7.4619 217.2485 182.2751 370.9325 260.7581 1.3795 1.6131 3.6353 -6.4016 1.5982 14.9435 -7.8607 7.8255
Car -1 -1 -7.7091 481.6316 175.0694 549.1916 225.5680 1.5285 1.6871 3.7633 -3.0935 1.6074 23.9019 -7.8370 7.1936
Car -1 -1 -7.7821 553.7408 173.5816 578.3448 192.6624 1.3530 1.5562 3.5853 -3.2343 1.4081 53.1015 -7.8430 2.2267
Car -1 -1 -7.6238 516.4427 171.1006 547.0467 191.1097 1.5683 1.6460 3.7993 -6.3376 1.4306 58.5405 -7.7314 0.3435
Car -1 -1 -7.7263 890.3268 171.1612 946.1865 213.3940 1.6509 1.6829 3.9817 12.9726 1.5845 30.3496 -7.3263 -0.2222
Car -1 -1 -7.9658 962.7413 183.1510 1089.8655 274.8962 1.4013 1.5657 3.8173 7.5806 1.6238 13.5471 -7.4656 -2.4452
Car -1 -1 -4.3777 787.4814 174.6726 822.6565 194.4906 1.5510 1.6375 3.7411 15.9094 1.7041 58.8460 -4.1153 -2.6647
Car -1 -1 -4.9801 717.0109 176.5597 744.3116 192.0565 1.4615 1.6433 4.0109 11.8385 1.8371 71.1205 -4.8162 -3.1647
Car -1 -1 -7.5485 918.3488 171.4304 991.3345 212.8874 1.5812 1.6589 3.7242 14.0716 1.5266 29.4504 -7.1071 -3.4914
Car -1 -1 -8.1813 784.4739 175.7683 823.4438 198.7036 1.5985 1.6058 3.7869 14.0937 1.8190 52.7250 -7.9219 -3.6171
Car -1 -1 -4.5550 352.6670 178.2829 381.5368 198.1043 1.4857 1.5799 3.8802 -19.2578 1.9315 57.2466 -4.8784 -3.8616
Car -1 -1 -4.9173 775.4770 178.1208 818.6792 205.8175 1.5213 1.6242 4.2232 10.9434 1.8476 42.5947 -4.6680 -3.9440
Car -1 -1 -4.8039 698.6890 178.3654 717.7179 193.9415 1.4210 1.4614 3.7356 9.3551 1.9628 69.0663 -4.6703 -3.9941
Car -1 -1 -4.2258 432.9904 175.8276 470.6727 194.3928 1.5272 1.5820 3.7769 -13.5818 1.7910 62.0386 -4.4408 -4.1231
Car -1 -1 -4.5870 533.4030 181.3308 556.1423 199.1223 1.5044 1.5983 3.5270 -5.8270 2.2830 64.5081 -4.6771 -4.2012
Car -1 -1 -4.2288 545.3126 179.2775 580.5372 197.7240 1.5722 1.5839 3.7962 -4.2277 2.1687 64.9838 -4.2939 -4.2834
Car -1 -1 -4.7915 791.6969 170.9889 815.5520 190.1135 1.5843 1.6543 3.9912 16.5471 1.4295 61.8833 -4.5317 -4.3688
Car -1 -1 -4.2964 337.1814 176.5012 398.0376 207.2190 1.4986 1.5191 4.0179 -12.6444 1.6997 37.7649 -4.6177 -4.4756
Car -1 -1 -4.6245 19.3981 181.3851 61.1491 209.3194 1.4673 1.5314 3.7801 -32.4508 1.9769 41.1242 -5.2895 -4.6448
Car -1 -1 -5.3090 670.6799 175.6932 709.9492 192.4735 1.5279 1.7528 4.0156 7.5808 1.8062 68.6206 -5.1998 -4.8605
Car -1 -1 -4.4155 707.6025 176.2437 749.2455 201.0598 1.5247 1.5199 4.2375 7.7549 1.7565 47.1777 -4.2540 -4.9748
Car -1 -1 -8.0262 498.8485 167.7290 527.5150 187.4353 1.4334 1.5456 3.5973 -7.3619 1.0603 54.4295 -8.1603 -5.0103
Car -1 -1 -4.7194 674.0552 176.0368 694.6920 195.7302 1.4368 1.5169 3.6288 5.6355 1.6879 55.1250 -4.6184 -5.0107
Car -1 -1 -4.7404 257.1758 175.8636 286.9386 201.8352 1.5846 1.6377 3.5342 -21.8012 1.7861 46.4219 -5.1775 -5.0686
Car -1 -1 -4.5568 704.1381 176.1233 734.5045 196.0149 1.4661 1.6846 4.4228 8.5444 1.7317 56.3197 -4.4074 -5.0849
Car -1 -1 -5.9814 1071.1273 153.6866 1241.0000 374.0000 1.5624 1.6031 3.9850 4.1858 1.5444 2.8121 -5.0500 -5.2748
Car -1 -1 -7.1466 204.6165 174.1597 382.8147 239.3889 1.4555 1.8504 4.2371 -7.9414 1.4928 18.4910 -7.5474 -5.3440
Car -1 -1 -4.2966 248.3729 176.0676 296.5063 198.7796 1.4738 1.5757 3.7910 -23.0200 1.7015 49.2730 -4.7318 -5.3663
Car -1 -1 -6.0683 1105.1832 106.5919 1241.0000 374.0000 1.5481 1.7375 5.2317 5.7185 1.4602 3.7020 -5.1080 -5.5291
Car -1 -1 -4.3703 155.2208 177.8486 203.0631 199.8415 1.5072 1.6790 4.2060 -31.4161 1.8870 52.6844 -4.9060 -5.6600
Car -1 -1 -2.2338 0.0000 186.1889 28.9643 374.0000 1.4049 1.5706 4.1143 -6.0204 1.4951 4.0192 -3.1848 -5.6735
Car -1 -1 -5.2216 578.7480 173.0264 627.1901 198.1511 1.7155 1.5717 4.2673 -0.5819 1.7280 51.5382 -5.2332 -5.7178
Car -1 -1 -4.5837 429.4262 170.6703 458.9472 192.1952 1.6835 1.7675 4.5979 -13.4915 1.5124 58.8053 -4.8085 -5.7582
Car -1 -1 -4.7526 691.3263 175.2686 714.2827 194.2321 1.4359 1.6322 4.1507 7.3107 1.6345 57.3148 -4.6267 -5.7588
Car -1 -1 -4.5672 8.7005 182.3388 48.7320 203.8509 1.4093 1.6347 4.1040 -41.3625 2.1131 51.3796 -5.2426 -5.7825
Car -1 -1 -4.7052 921.6197 178.9449 951.5458 203.6496 1.4739 1.6807 4.1121 20.9502 1.8837 46.3610 -4.2836 -5.8213
Car -1 -1 -4.7352 1157.0859 180.4641 1187.6738 203.6156 1.6051 1.6825 3.7170 41.4955 2.1883 53.3312 -4.0771 -5.8516
Car -1 -1 -4.1082 270.4319 173.1300 345.5961 201.1269 1.4641 1.6363 4.4005 -16.7187 1.4801 40.1024 -4.5011 -5.8616
Car -1 -1 -4.4712 0.0000 184.1286 0.0000 212.5189 1.4947 1.6441 4.0089 -41.6105 2.1816 41.8322 -5.2509 -5.8867
Car -1 -1 -4.6934 1054.7194 173.6195 1076.9276 190.5404 1.4856 1.6437 3.9897 41.4763 1.5572 65.6595 -4.1323 -5.8867
Car -1 -1 -4.8355 699.2349 176.1835 723.5043 193.2256 1.3917 1.5753 3.9160 8.6055 1.6851 61.6628 -4.6979 -5.8867
Car -1 -1 -4.5248 0.0000 183.6460 0.0000 209.0041 1.5004 1.6441 4.0100 -41.6096 2.2301 46.6605 -5.2503 -5.8867
Car -1 -1 -4.6131 56.3880 181.1574 89.1443 201.5649 1.4715 1.6393 4.0136 -41.6107 2.1393 55.9135 -5.2508 -5.8867
Car -1 -1 -4.9633 1241.0000 167.5422 1241.0000 197.5712 1.4727 1.6372 3.9877 41.4695 1.2119 37.5026 -4.1318 -5.8867
Car -1 -1 -4.7262 1093.4519 178.6388 1119.1461 199.3579 1.6392 1.7020 4.0142 41.4988 2.1405 60.4247 -4.1270 -5.8867
Car -1 -1 -4.7494 1117.4768 181.1329 1146.7625 202.2443 1.5567 1.7093 4.1429 41.2675 2.2372 57.1286 -4.1266 -5.8867
Car -1 -1 -4.9045 1241.0000 169.6719 1241.0000 196.5309 1.4821 1.6431 3.9904 41.4701 1.3062 41.9326 -4.1284 -5.8867
Car -1 -1 -4.7102 1072.0089 174.4908 1095.1694 192.5767 1.5225 1.6519 3.9888 41.4779 1.6705 63.2446 -4.1322 -5.8867
Car -1 -1 -4.5533 0.0000 182.6412 21.2750 207.3685 1.5467 1.6634 4.0854 -41.4825 2.2411 49.0376 -5.2529 -5.8867
Car -1 -1 -4.4401 0.0000 184.9630 0.0000 216.1556 1.5389 1.6575 4.0198 -41.6104 2.2363 39.4191 -5.2492 -5.8867
Car -1 -1 -4.4972 0.0000 181.8271 0.0000 208.1896 1.4850 1.6447 4.0168 -41.6131 2.0617 44.2508 -5.2490 -5.8867
Car -1 -1 -2.6091 0.0000 163.3530 0.0000 325.0359 1.6804 1.6508 4.1914 -11.1063 1.5814 8.9822 -3.4851 -6.0151
