Car -1 -1 -7.7962 586.7570 182.2296 619.3777 207.7728 1.2571 1.5510 3.4058 -0.3712 1.7799 38.5236 -7.8063 3.9740
Car -1 -1 -7.7451 531.0384 180.5268 562.2080 203.5901 1.3677 1.5976 3.5150 -4.0147 1.8727 45.7445 -7.8326 3.6981
Car -1 -1 -3.6294 153.2157 181.2598 209.0319 198.6923 1.4975 1.6770 4.0999 -39.3649 2.2948 66.2761 -4.1638 -1.6375
Car -1 -1 -7.9277 314.6282 174.1204 366.7944 218.3131 1.6257 1.6535 4.1428 -10.8851 1.6800 28.8977 -8.2853 -1.6551
Car -1 -1 -4.2692 320.9787 176.0286 366.8798 198.6703 1.5630 1.6393 3.8253 -19.2740 1.8017 52.3435 -4.6207 -1.9475
Car -1 -1 -3.9914 263.5216 177.3963 331.2597 202.9782 1.5145 1.6153 4.1216 -19.7589 1.8159 45.7119 -4.3975 -2.1457
Car -1 -1 -7.1230 869.7201 167.8239 945.1393 199.9046 1.7205 1.6952 3.9565 16.5900 1.4505 40.3240 -6.7356 -2.3314
Car -1 -1 -5.3001 704.5652 189.8786 752.4932 212.2704 1.4645 1.6194 3.7406 8.5203 2.7469 52.3267 -5.1402 -2.5082
Car -1 -1 -4.7199 825.8472 173.4875 847.2820 193.4593 1.5545 1.6018 3.8121 18.2701 1.6072 58.3476 -4.4182 -2.7366
Car -1 -1 -4.7134 77.4888 182.0258 126.7868 221.8450 1.5011 1.6000 4.0182 -21.3315 1.9123 30.2739 -5.3232 -2.7771
Car -1 -1 -4.4544 189.0197 178.5859 223.4711 196.4376 1.5240 1.6747 4.3107 -36.5457 2.0612 65.3680 -4.9627 -3.1103
Car -1 -1 -4.6487 250.8638 176.3548 278.5934 197.9056 1.5341 1.6228 4.0122 -25.9375 1.8074 54.2295 -5.0931 -3.2115
Car -1 -1 -8.1268 477.8898 175.8704 507.2447 195.2290 1.6792 1.6602 3.7862 -10.6777 1.9605 65.2985 -8.2886 -3.2854
Car -1 -1 -7.6982 276.3109 176.1188 302.9523 193.3605 1.5009 1.6373 3.8363 -29.1367 1.8071 65.6582 -8.1145 -3.6271
Car -1 -1 -4.6170 60.7794 176.3435 102.6252 204.0819 1.6869 1.7414 4.7698 -34.3777 1.9260 47.0055 -5.2459 -3.6853
Car -1 -1 -4.0822 241.0679 176.1588 290.6393 195.1869 1.5689 1.7744 4.1352 -29.7478 1.8648 62.4532 -4.5253 -3.7952
Car -1 -1 -4.8631 171.1961 177.6431 224.2079 210.1918 1.4975 1.6632 4.4117 -20.7149 1.7517 36.1035 -5.3810 -3.9227
Car -1 -1 -4.1574 289.0592 177.5888 347.8709 201.1437 1.4888 1.6714 4.2898 -19.6573 1.8233 48.7695 -4.5389 -4.0052
Car -1 -1 -4.0889 406.9874 178.2422 457.0629 202.0839 1.6593 1.6422 3.8623 -13.1161 2.0724 53.2636 -4.3296 -4.0229
Car -1 -1 -4.6526 142.9941 178.9659 167.4567 197.0314 1.4892 1.5827 3.6207 -39.5583 2.0373 62.7777 -5.2132 -4.0490
Car -1 -1 -2.2359 211.6490 177.8674 269.7648 199.0916 1.4845 1.6604 4.0243 -27.0692 1.8624 52.8230 -2.7077 -4.0867
Car -1 -1 -7.9709 1038.6040 154.5855 1078.0884 183.0427 1.7592 1.6837 4.1641 29.0156 0.6296 46.8485 -7.4193 -4.3240
Car -1 -1 -4.8354 552.2063 179.2760 576.1351 197.3555 1.4234 1.5305 3.8322 -3.8824 1.9776 60.2705 -4.8998 -4.3520
Car -1 -1 -4.9554 190.5413 180.3879 239.7203 209.5472 1.5168 1.5821 3.6695 -22.1722 1.9580 40.3955 -5.4548 -4.3756
Car -1 -1 -3.9510 788.4907 190.8915 863.8875 221.4457 1.4512 1.6355 3.7876 11.3211 2.4390 37.8739 -3.6634 -4.3899
Car -1 -1 -4.6221 646.4739 181.4292 684.3351 212.9446 1.4986 1.6120 4.1013 2.9006 1.9713 37.6394 -4.5464 -4.3919
Car -1 -1 -4.7172 339.4993 178.5360 367.6666 200.7898 1.3814 1.7034 4.4610 -17.2369 1.7811 48.3966 -5.0579 -4.4501
Car -1 -1 -4.6026 28.8761 183.8503 63.4837 205.5731 1.4287 1.5540 3.5379 -40.0769 2.2395 51.3069 -5.2633 -4.4928
Car -1 -1 -4.4008 380.3525 176.8503 411.5615 194.1735 1.4831 1.6438 3.6090 -19.1004 1.8498 64.4404 -4.6881 -4.6162
Car -1 -1 -4.6409 226.4617 178.6017 252.9620 198.3201 1.5271 1.6767 3.5032 -30.2432 2.0118 58.9498 -5.1133 -4.7857
Car -1 -1 -8.0818 262.8840 175.9475 330.8423 218.1890 1.5187 1.5857 3.9919 -12.3892 1.6487 28.3213 -8.4911 -4.8321
Car -1 -1 -4.5735 223.1824 179.4928 248.2838 196.9832 1.4902 1.5297 3.4919 -33.6112 2.1037 64.8182 -5.0504 -4.8975
Car -1 -1 -5.1745 255.4013 175.2856 307.3340 198.0600 1.5623 1.6749 4.2688 -23.7026 1.7437 51.9191 -5.6011 -4.9815
Car -1 -1 -5.2050 721.4104 183.4969 787.5483 217.3352 1.5125 1.5834 3.7774 7.0102 2.0669 35.5709 -5.0127 -5.0093
Car -1 -1 -4.9806 617.1062 181.1871 646.5461 199.1107 1.4940 1.5783 4.1361 1.8874 2.2626 64.3798 -4.9519 -5.2976
Car -1 -1 -4.7855 2.3577 183.2496 41.7326 204.2637 1.3380 1.8194 4.4370 -41.1242 2.0960 50.3958 -5.4675 -5.4378
Car -1 -1 -4.8502 414.7431 177.0798 441.1570 194.8608 1.4601 1.6725 4.0741 -15.8215 1.8387 62.4977 -5.0974 -5.5028
Car -1 -1 -5.1091 199.9736 179.5835 236.7469 198.2063 1.7121 1.7475 3.9045 -37.8193 2.3788 69.6148 -5.6054 -5.5723
Car -1 -1 -4.8577 633.4889 178.3446 669.9320 207.6002 1.7420 1.6594 4.6646 2.5835 2.1119 46.2598 -4.8028 -5.7166
Car -1 -1 -2.6471 91.5964 178.8312 156.5654 200.4462 1.7725 1.8797 4.1587 -41.0082 2.2864 60.9316 -3.2376 -5.7409
Car -1 -1 -2.0394 15.9032 172.6687 85.0848 203.9376 1.8945 1.7248 4.2239 -35.2480 1.8830 45.4032 -2.6968 -5.7633
Car -1 -1 -4.5336 0.0000 179.6971 6.5668 204.5467 1.5308 1.6670 4.1048 -41.5529 2.0051 47.8473 -5.2461 -5.8867
Car -1 -1 -4.5471 611.9600 179.9048 636.1318 196.0491 1.4425 1.6349 4.1873 1.3472 2.1341 68.6042 -4.5280 -5.8867
Car -1 -1 -5.0688 746.4787 191.4207 793.4852 218.3396 1.5492 1.6260 4.0853 10.2390 2.8033 46.6114 -4.8546 -6.0241
Car -1 -1 -5.0032 722.1772 189.2820 761.4827 212.0649 1.5423 1.7371 4.2959 9.8361 2.8291 54.2976 -4.8256 -6.3434
Car -1 -1 -4.5410 399.6798 172.6682 424.2548 192.2132 1.7725 1.6395 3.4747 -18.4461 1.7554 67.2440 -4.8080 -6.4314
