Car -1 -1 -4.0931 12.8079 177.1409 150.7700 228.6639 1.4288 1.6732 3.4865 -16.0210 1.5699 22.0463 -4.7159 7.1404
Car -1 -1 -7.7573 531.3418 174.9934 563.0142 198.6782 1.4354 1.6595 3.7067 -3.9922 1.5768 45.9257 -7.8439 4.1075
Car -1 -1 -7.8106 585.6747 177.8166 619.1495 203.9214 1.2956 1.6264 3.6420 -0.4005 1.5718 38.3582 -7.8214 3.7926
Car -1 -1 -7.8616 461.0342 165.6071 493.3246 201.5968 1.8543 1.6433 3.9983 -7.2856 1.4806 39.2948 -8.0440 -0.9869
Car -1 -1 -5.6635 223.5011 173.8880 286.2365 194.1330 1.5367 1.6509 4.1955 -27.5916 1.6184 56.0441 -6.1193 -2.1151
Car -1 -1 -4.2987 172.6653 174.3080 209.9554 191.7536 1.5701 1.6400 3.7297 -38.9690 1.7092 67.2064 -4.8226 -2.8186
Car -1 -1 -7.0498 0.0000 175.3529 73.1506 225.9192 1.4603 1.5663 3.7400 -19.4392 1.5463 22.9721 -7.7465 -3.0749
Car -1 -1 -4.4534 388.6716 171.2549 416.7943 189.0240 1.5876 1.6328 3.5233 -19.0156 1.4444 66.2422 -4.7322 -3.6199
Car -1 -1 -5.0199 500.5699 171.9433 534.4313 191.8541 1.5784 1.6349 3.9645 -7.6674 1.5059 59.3410 -5.1481 -3.6471
Car -1 -1 -7.7813 434.2147 173.9467 469.3255 202.2092 1.4636 1.5997 3.8909 -8.6644 1.5263 39.5633 -7.9959 -3.8376
Car -1 -1 -4.7048 643.8162 176.9370 673.3966 205.7024 1.5729 1.6413 4.2120 2.8184 1.8237 42.2266 -4.6391 -3.8867
Car -1 -1 -2.2592 166.3373 176.9189 213.5177 193.6893 1.5718 1.7499 4.0952 -40.7144 1.9740 69.9055 -2.7851 -3.9222
Car -1 -1 -3.9937 80.0794 176.9293 182.7254 213.5730 1.3811 1.5457 3.5259 -19.4680 1.5576 29.4593 -4.5737 -3.9849
Car -1 -1 -4.7182 253.2729 172.6747 283.7878 199.4230 1.5499 1.6119 3.7887 -20.7976 1.5392 43.8653 -5.1588 -4.3312
Car -1 -1 -4.7360 8.8781 178.3908 57.8644 216.3888 1.6253 1.6948 4.3553 -27.0304 1.9008 33.7233 -5.4080 -4.4091
Car -1 -1 -4.3546 0.0000 183.2432 23.2268 219.5644 1.4939 1.6212 3.9371 -28.7035 1.9997 33.0221 -5.0662 -4.4522
Car -1 -1 -4.8169 617.8195 174.8874 654.5019 202.9930 1.5437 1.6722 4.4977 1.4406 1.6690 42.2666 -4.7836 -4.4719
Car -1 -1 -4.6245 624.6887 176.5310 651.4581 198.9472 1.5528 1.6026 4.1967 2.0643 1.8331 52.8791 -4.5861 -4.5576
Car -1 -1 -2.0810 146.2422 175.1070 190.5230 193.5816 1.6370 1.6797 4.0890 -40.4812 1.8485 66.0912 -2.6290 -4.5903
Car -1 -1 -4.4493 230.9693 175.3883 259.5046 191.2930 1.4497 1.5353 3.5545 -34.4947 1.6958 68.2676 -4.9158 -4.6328
Car -1 -1 -4.8004 675.8494 181.5014 696.0861 198.5333 1.5853 1.6283 4.0700 7.4579 2.4638 71.2846 -4.6971 -4.8294
Car -1 -1 -7.2449 0.0000 175.0709 13.6572 221.0311 1.3864 1.5349 3.6770 -21.8919 1.4654 23.8725 -7.9816 -4.8886
Car -1 -1 -5.4385 144.9160 174.9440 214.8270 200.4062 1.6862 1.7765 4.2114 -29.5377 1.8336 49.5125 -5.9742 -4.9793
Car -1 -1 -7.6188 209.9979 171.4540 248.2637 193.9821 1.7087 1.6881 4.4160 -30.0925 1.6022 57.0749 -8.1022 -5.0047
Car -1 -1 -4.4814 801.7973 183.0029 842.9230 210.5318 1.5449 1.6312 3.5888 12.9190 2.1897 43.9028 -4.1976 -5.0756
Car -1 -1 -4.6999 431.1110 173.5541 452.3526 190.9808 1.4842 1.7729 4.2472 -14.8941 1.5481 63.8976 -4.9282 -5.1272
Car -1 -1 -4.3768 0.0000 182.2211 2.4546 206.0267 1.3879 1.6905 4.1030 -40.6715 2.0139 46.0305 -5.0977 -5.2635
Car -1 -1 -4.7774 787.8083 184.0761 821.6869 214.3557 1.4538 1.4707 3.6404 10.1723 2.0745 38.0004 -4.5184 -5.3435
Car -1 -1 -4.4419 139.4383 177.0884 180.2976 200.2358 1.5550 1.5470 3.5919 -31.8692 1.8661 51.1231 -4.9971 -5.3925
Car -1 -1 -4.6036 124.9867 177.6387 159.9145 200.9228 1.4750 1.5977 3.4101 -31.3271 1.8079 48.3650 -5.1760 -5.4084
Car -1 -1 -7.8546 218.5836 175.0486 238.3452 193.0421 1.6176 1.5929 4.1252 -35.7592 1.8296 67.5965 -8.3398 -5.4590
Car -1 -1 -5.2475 705.8909 176.8343 762.6347 201.1614 1.4672 1.6709 4.2308 7.9147 1.7361 46.5351 -5.0805 -5.5515
Car -1 -1 -4.8260 739.6698 176.5033 775.2075 201.1955 1.3873 1.6163 4.1060 8.7557 1.6166 43.2786 -4.6282 -5.5938
Car -1 -1 -2.3334 300.0839 169.5517 354.5245 192.1751 1.6891 1.6173 3.9471 -21.7520 1.4422 55.4368 -2.7059 -5.6129
Car -1 -1 -4.7688 657.0323 178.1603 677.6196 196.0218 1.6033 1.6900 4.3424 5.3712 2.1210 68.2554 -4.6911 -5.6222
Car -1 -1 -4.8348 777.2106 180.6873 814.2958 207.5774 1.5390 1.7172 4.1137 11.4164 2.0473 44.6956 -4.5868 -5.7618
Car -1 -1 -1.9812 130.3366 175.7663 170.6295 192.8665 1.4779 1.6164 3.9360 -41.2609 1.7460 64.7338 -2.5470 -5.7700
Car -1 -1 -4.8826 798.3007 174.8950 824.3914 193.6565 1.5794 1.5645 3.8175 17.5628 1.7634 63.1501 -4.6129 -5.8323
Car -1 -1 -4.5478 0.0000 180.2300 19.8904 203.5923 1.4753 1.6462 4.0334 -41.6095 1.9987 49.0789 -5.2485 -5.8867
Car -1 -1 -4.5050 0.0000 181.1647 0.0000 209.9419 1.6247 1.6976 4.1370 -41.4243 2.1592 44.2227 -5.2549 -5.8867
Car -1 -1 -4.9196 738.9044 175.9607 776.5935 199.3743 1.4242 1.5853 3.9268 9.4125 1.6320 46.3811 -4.7210 -5.8867
Car -1 -1 -6.4492 505.5676 168.2391 544.4270 188.0418 1.5308 1.4908 2.8346 -6.7379 1.1737 56.8880 -6.5668 -5.9368
Car -1 -1 -4.2208 0.0000 175.9746 0.0000 240.4107 1.4140 1.5951 4.0727 -18.7401 1.5019 18.2256 -5.0128 -5.9484
Car -1 -1 -4.4097 652.8602 173.9848 691.3218 198.9151 1.7045 1.5955 4.1246 4.4649 1.7887 51.7426 -4.3246 -5.9731
Car -1 -1 -4.8916 360.0192 172.0178 390.4859 192.5824 1.6352 1.6548 4.2982 -19.4672 1.5684 59.6594 -5.2060 -6.1575
Car -1 -1 -4.8205 386.2313 172.7911 416.9031 197.6465 1.7042 1.6958 3.8847 -14.9650 1.6996 51.5901 -5.1017 -6.1881
Car -1 -1 -5.6330 0.0000 182.2796 16.5417 374.0000 1.5481 1.8124 4.4213 -8.5617 1.6523 6.5842 -6.5283 -6.3023
Car -1 -1 -5.6462 0.0000 192.8966 2.3645 374.0000 1.6737 1.7368 4.0582 -7.3901 1.8593 5.2800 -6.5722 -6.6042
Car -1 -1 -5.8984 979.5966 234.9256 1241.0000 374.0000 1.2146 1.2165 2.7914 4.6313 1.8474 5.8501 -5.2543 -8.5156
