Car -1 -1 -7.5753 324.7631 189.6143 475.1889 288.4242 1.5037 1.6771 3.8589 -3.8051 1.8638 13.5753 -7.8444 8.1958
Car -1 -1 -4.1099 0.0000 187.8225 142.6142 269.8356 1.6275 1.6371 3.9356 -13.1219 2.0225 17.0532 -4.7584 6.5611
Car -1 -1 -7.7301 451.1927 187.5898 493.2651 217.5343 1.3541 1.6412 3.6542 -6.9262 2.1345 36.3508 -7.9176 6.1682
Car -1 -1 -4.2215 164.8780 190.3441 262.1016 232.1066 1.4855 1.5876 4.4489 -16.2485 2.2606 29.7610 -4.7178 3.5046
Car -1 -1 -7.8863 548.0631 184.8865 574.8607 207.4105 1.3342 1.6046 3.7006 -3.2089 2.1450 46.7161 -7.9550 2.6189
Car -1 -1 -4.2863 381.2457 185.5899 420.8384 204.9500 1.4929 1.6601 4.0638 -17.5152 2.5993 60.5725 -4.5670 -0.2916
Car -1 -1 -4.5520 859.7010 184.0137 914.9182 224.5172 1.5056 1.5622 3.8661 11.5443 2.0016 30.0235 -4.1888 -0.6209
Car -1 -1 -4.1981 751.6105 187.6896 803.6394 214.5431 1.4967 1.5492 3.5656 10.2351 2.4406 44.0853 -3.9721 -1.1904
Car -1 -1 -4.8632 732.1191 189.2013 767.0190 213.5952 1.4923 1.6947 4.3056 9.4413 2.6572 49.2480 -4.6756 -1.3029
Car -1 -1 -3.6393 115.2466 189.2491 187.7551 214.7370 1.4559 1.6942 3.4856 -28.9795 2.5366 45.6385 -4.2026 -1.3111
Car -1 -1 -5.1521 814.9753 183.0777 883.8235 216.6602 1.5910 1.7033 4.3797 12.4211 2.1594 37.8513 -4.8379 -1.7874
Car -1 -1 -4.5429 637.2180 180.2195 667.9272 202.1327 1.5522 1.6574 4.1455 3.2436 2.1339 54.8000 -4.4846 -2.0318
Car -1 -1 -4.7484 622.3020 181.7273 646.6580 202.6621 1.4771 1.6902 3.9687 1.7896 2.1725 54.5835 -4.7163 -2.3265
Car -1 -1 -2.2724 250.6151 185.8680 306.5490 206.7407 1.5031 1.7088 4.0532 -25.5867 2.5358 55.6365 -2.7019 -2.4599
Car -1 -1 -2.2270 212.8481 185.2985 270.3708 208.7139 1.6015 1.6698 3.9641 -26.9207 2.5372 52.6611 -2.6978 -2.7140
Car -1 -1 -7.4292 529.9326 183.1615 574.8511 207.9204 1.5800 1.6392 3.8944 -3.9682 2.3228 49.9106 -7.5086 -3.1598
Car -1 -1 -2.8584 0.0000 172.7245 62.1583 210.8678 1.5804 1.6973 4.4610 -26.9891 1.5747 31.5800 -3.5615 -3.2031
Car -1 -1 -2.1215 237.5927 185.7889 288.6924 207.5367 1.5184 1.6596 3.9155 -26.1094 2.5217 54.2258 -2.5686 -3.7254
Car -1 -1 -2.6997 751.9781 190.1545 833.6883 222.8035 1.4894 1.6372 3.6709 9.2082 2.4101 36.6148 -2.4560 -4.2211
Car -1 -1 -4.5697 413.2080 183.7522 450.0137 210.7189 1.4855 1.6110 3.8742 -10.7083 2.1706 43.3749 -4.8108 -4.3413
Car -1 -1 -4.6280 338.4622 186.0543 367.8917 209.7729 1.4390 1.5474 3.4113 -16.9650 2.3447 47.6755 -4.9685 -4.3932
Car -1 -1 -4.5414 418.1411 185.0287 462.0028 214.9178 1.5091 1.7049 4.0943 -9.4481 2.2229 40.2285 -4.7711 -4.5136
Car -1 -1 -4.5300 634.6047 182.5692 662.1950 202.4546 1.6024 1.6631 4.1724 3.3392 2.4740 62.5357 -4.4774 -4.6363
Car -1 -1 -4.7091 189.8109 184.5938 221.2264 209.2970 1.4492 1.7070 4.3303 -26.2639 2.2483 46.8285 -5.2181 -4.7247
Car -1 -1 -5.9046 471.1015 186.2875 532.1966 208.2820 1.5037 1.6156 4.0530 -7.8405 2.4967 52.1015 -6.0537 -4.8728
Car -1 -1 -4.8037 769.5312 192.7951 793.4620 211.2426 1.4563 1.6727 4.2083 15.1325 3.2833 63.9180 -4.5729 -4.9139
Car -1 -1 -4.4524 668.6144 179.9023 709.2654 207.3311 1.7497 1.6897 4.4878 5.4514 2.2579 49.6581 -4.3443 -4.9398
Car -1 -1 -4.4680 213.3317 184.3540 253.6223 208.6964 1.5348 1.6758 3.2819 -25.5393 2.3436 48.9755 -4.9467 -4.9808
Car -1 -1 -4.8340 243.9336 182.3806 279.9163 206.2363 1.5204 1.7543 4.1694 -24.1817 2.2097 49.9954 -5.2827 -5.0219
Car -1 -1 -4.4283 843.9653 195.9366 891.2387 223.2014 1.4311 1.6187 4.1012 15.5795 2.8949 43.6280 -4.0882 -5.1798
Car -1 -1 -4.1416 107.2346 190.1249 180.4417 222.3287 1.4900 1.5489 3.3976 -23.7974 2.4138 36.9062 -4.7113 -5.1927
Car -1 -1 -4.9397 814.9118 192.2270 862.7144 227.8820 1.5677 1.5156 3.2344 11.0687 2.5574 35.2066 -4.6383 -5.3456
Car -1 -1 -5.0232 422.1534 183.4912 456.1173 202.0939 1.4626 1.6469 4.0554 -14.5866 2.3988 61.3629 -5.2560 -5.6175
Car -1 -1 -4.4983 364.9001 180.0512 406.4292 207.0180 1.5551 1.6492 3.9731 -13.8900 2.0216 44.7526 -4.7979 -5.7840
Car -1 -1 -4.8152 367.5111 182.3830 407.9783 212.4955 1.4489 1.6402 4.0770 -11.8813 1.9835 38.3043 -5.1144 -5.8657
Car -1 -1 -4.3410 173.3384 184.2687 237.7213 214.1227 1.4387 1.6522 3.9773 -21.4973 2.0795 38.4458 -4.8482 -5.8847
Car -1 -1 -4.7043 1066.1360 172.8746 1088.6866 189.9175 1.4629 1.6360 3.9845 41.4749 1.4644 64.0522 -4.1321 -5.8867
Car -1 -1 -4.7303 1099.6906 171.1258 1125.2870 189.7026 1.4808 1.6498 4.0020 41.4703 1.3428 59.6393 -4.1252 -5.8867
Car -1 -1 -4.0811 190.5103 182.9772 272.1319 215.8716 1.5520 1.6812 4.0499 -19.6049 2.1075 37.4825 -4.5604 -5.9054
Car -1 -1 -5.6020 899.5029 226.6970 1241.0000 374.0000 1.3669 1.4563 3.0091 4.0918 1.9546 6.2206 -5.0434 -6.2408
