Car -1 -1 -7.6180 362.7843 182.3086 485.9798 266.3384 1.5253 1.6757 3.8244 -3.8626 1.7525 15.4458 -7.8598 6.9343
Car -1 -1 -7.7169 431.8408 182.1269 476.8025 214.3106 1.3738 1.5855 3.4709 -7.2396 1.8285 33.6193 -7.9278 4.6300
Car -1 -1 -4.3555 297.2784 178.9471 347.3929 204.8537 1.4679 1.5456 3.9260 -17.4252 1.8541 43.7905 -4.7324 3.2451
Car -1 -1 -7.8205 535.3774 181.4393 562.0399 203.9406 1.3893 1.6424 3.7302 -4.0673 1.9817 47.9088 -7.9052 2.8746
Car -1 -1 -2.0239 85.0048 177.8197 153.0789 205.9615 1.5304 1.6900 3.9466 -28.3280 1.8279 41.5608 -2.6194 -2.0005
Car -1 -1 -4.8598 447.1591 190.9823 477.4601 213.5838 1.4799 1.6159 3.8416 -10.8423 2.8552 52.6666 -5.0623 -2.1186
Car -1 -1 -5.8717 811.3579 181.6155 920.0133 219.6518 1.5940 1.6895 4.4227 11.7047 2.0242 33.3352 -5.5374 -2.5153
Car -1 -1 -2.0710 46.7663 177.2644 123.4810 206.6096 1.5363 1.7063 4.0452 -29.0719 1.7899 39.9055 -2.6975 -2.5825
Car -1 -1 -5.4664 375.2104 177.2576 446.0659 203.9110 1.5231 1.6585 4.2691 -12.1166 1.8004 43.6528 -5.7360 -2.6616
Car -1 -1 -6.9868 0.0000 180.5497 79.0318 211.7026 1.4503 1.6483 3.9586 -29.5692 1.8642 36.7301 -7.6612 -2.7036
Car -1 -1 -2.1844 136.1703 176.9417 208.4856 203.9236 1.5878 1.6865 4.2472 -27.0800 1.8493 44.5792 -2.7278 -2.7728
Car -1 -1 -2.1805 105.3129 177.1107 181.6467 205.3390 1.5952 1.7227 4.1900 -27.7392 1.8571 42.8469 -2.7524 -3.4544
Car -1 -1 -4.7154 641.5365 180.1474 667.6596 205.6504 1.5446 1.6252 4.2173 2.8644 2.0420 47.0823 -4.6555 -3.4891
Car -1 -1 -8.2750 614.7321 181.1089 657.0328 202.5678 1.4578 1.6172 3.9357 1.8190 2.0858 52.7830 -8.2412 -3.5784
Car -1 -1 -4.7974 625.4648 180.0195 662.7099 209.8209 1.5769 1.7484 4.5492 1.8707 2.0127 41.5988 -4.7533 -3.8239
Car -1 -1 -4.7213 427.4838 179.3749 454.5537 206.3598 1.5414 1.5477 3.7255 -10.3951 1.9584 44.1721 -4.9515 -3.8609
Car -1 -1 -4.9031 752.8758 187.7370 796.7186 217.8010 1.5487 1.6711 4.1664 9.3461 2.4450 41.3621 -4.6831 -3.8746
Car -1 -1 -5.2645 595.5131 179.1085 651.7339 205.7108 1.5930 1.6600 4.1933 0.7901 2.0150 46.4816 -5.2481 -3.9922
Car -1 -1 -4.8966 590.8204 180.3431 631.8088 206.5441 1.4697 1.6825 4.6294 -0.0146 1.9544 44.2933 -4.8975 -4.1083
Car -1 -1 -4.5329 3.6138 190.4495 45.7132 214.1076 1.4653 1.6026 3.7486 -40.3204 2.7273 49.7363 -5.2117 -4.1745
Car -1 -1 -4.7530 124.2116 179.1319 158.8304 204.2971 1.4673 1.6523 4.7493 -29.7359 1.8855 45.6915 -5.3275 -4.4087
Car -1 -1 -4.3255 484.3955 179.1511 515.6968 195.3371 1.5058 1.6414 4.0386 -10.7936 2.1436 70.9580 -4.4763 -4.4470
Car -1 -1 -4.6014 0.0000 189.0958 17.0069 215.7679 1.6208 1.8676 3.9267 -41.4318 2.7633 48.6158 -5.3046 -4.6837
Car -1 -1 -5.2685 192.3669 171.5616 261.9583 200.8955 1.7303 1.7636 4.3376 -23.6168 1.6537 44.4146 -5.7549 -4.7658
Car -1 -1 -4.7751 104.5205 184.8410 133.1289 202.6156 1.3667 1.7301 4.2361 -41.3385 2.4107 60.6561 -5.3715 -4.7834
Car -1 -1 -5.0575 1136.7267 198.6185 1197.1318 229.2054 1.5576 1.6253 3.6691 32.3739 3.1318 42.0979 -4.4061 -4.9833
Car -1 -1 -4.6784 135.0360 183.9305 158.0875 201.7009 1.3951 1.5147 3.4692 -39.0898 2.3581 60.8676 -5.2475 -5.0406
Car -1 -1 -4.7944 367.6120 182.4686 408.3041 212.5057 1.3510 1.6155 3.9709 -11.1523 1.8585 35.9680 -5.0933 -5.1841
Car -1 -1 -7.7351 406.7400 178.3040 463.6695 221.5261 1.4110 1.5682 3.5334 -6.2395 1.6200 25.8652 -7.9699 -5.2024
Car -1 -1 -4.8978 1025.0754 191.8812 1056.3158 213.1521 1.6888 1.6855 3.6110 37.4318 3.3974 62.8207 -4.3631 -5.6009
Car -1 -1 -4.7695 417.2931 179.5005 455.0239 210.3863 1.4521 1.6457 4.1807 -9.0303 1.8144 37.1255 -5.0068 -5.6425
Car -1 -1 -4.2800 591.7855 180.7666 620.0433 197.5081 1.5765 1.5873 3.2442 -0.4006 2.3796 71.4572 -4.2860 -5.6568
Car -1 -1 -4.4788 530.8976 180.8331 571.7216 207.6335 1.4653 1.5675 3.8048 -3.4547 1.9587 42.6403 -4.5596 -5.7738
Car -1 -1 -4.7644 565.8673 180.2447 596.9565 206.8694 1.4750 1.6441 3.9615 -1.7867 1.9378 43.1599 -4.8061 -5.8200
Car -1 -1 -4.6219 946.6497 192.4674 969.3436 211.6125 1.5171 1.4793 3.5486 30.3694 3.2805 62.9799 -4.1750 -5.8581
Car -1 -1 -4.8504 394.8641 179.7872 429.6891 203.0317 1.4205 1.6648 4.1092 -13.1236 1.8992 47.6331 -5.1182 -5.8842
Car -1 -1 -4.6711 83.1426 182.7746 110.6467 202.5832 1.4822 1.6366 4.1542 -41.4928 2.3145 58.3693 -5.2871 -5.8855
Car -1 -1 -4.8847 1241.0000 169.4596 1241.0000 195.4327 1.4911 1.6463 3.9962 41.4702 1.2959 43.5438 -4.1273 -5.8867
Car -1 -1 -4.6898 143.5856 182.7554 166.0461 200.3105 1.4941 1.6419 4.0082 -41.6050 2.4285 65.9685 -5.2508 -5.8867
Car -1 -1 -4.6901 1057.2113 172.9537 1079.8452 189.9940 1.4907 1.6496 3.9974 41.4735 1.4997 65.2678 -4.1263 -5.8867
Car -1 -1 -4.5876 25.7476 183.3921 62.7284 205.5798 1.5042 1.6477 4.0107 -41.6079 2.3107 53.0963 -5.2500 -5.8867
Car -1 -1 -4.1823 34.1160 184.7599 96.5094 208.2280 1.4542 1.5902 3.9401 -36.8090 2.2935 48.8347 -4.8257 -5.8867
Car -1 -1 -4.8487 1228.7677 170.0001 1241.0000 194.0300 1.4868 1.6464 3.9948 41.4697 1.3099 46.7634 -4.1266 -5.8867
Car -1 -1 -4.7057 1074.5226 174.2639 1098.2461 192.9278 1.5622 1.6783 4.0107 41.4735 1.6889 62.8511 -4.1249 -5.8867
Car -1 -1 -4.6736 125.3472 181.3802 149.6617 199.0841 1.4564 1.6324 4.0086 -41.6078 2.2325 63.5578 -5.2515 -5.8867
Car -1 -1 -4.6740 1040.9860 172.7726 1063.3345 189.0449 1.4786 1.6452 3.9971 41.4738 1.4709 67.6824 -4.1264 -5.8867
Car -1 -1 -4.7998 1160.8965 184.5585 1196.4993 207.7371 1.5519 1.6928 3.7483 41.2178 2.4346 52.3972 -4.1365 -5.9035
Car -1 -1 -4.7802 243.5267 180.1921 269.8706 204.3581 1.6902 1.5133 3.7139 -26.3261 2.2558 53.6591 -5.2346 -5.9097
Car -1 -1 -4.5402 0.0000 186.1213 0.0000 213.2564 1.5785 1.6661 4.1489 -41.5094 2.4706 46.3284 -5.2681 -5.9231
Car -1 -1 -4.7535 872.3648 189.1351 898.4147 212.8947 1.4764 1.5029 3.9188 18.9394 2.6472 49.8046 -4.3927 -5.9622
Car -1 -1 -4.9628 537.9312 181.1154 573.2261 201.5043 1.4455 1.6749 4.3154 -4.2458 2.1053 55.3413 -5.0395 -5.9692
Car -1 -1 -4.7428 1120.1299 190.2379 1154.5226 215.5099 1.5728 1.7850 4.1160 36.5609 2.8336 50.1411 -4.1161 -5.9723
Car -1 -1 -4.7089 1130.0229 188.5708 1159.3287 210.9970 1.4773 1.6570 3.6886 38.6941 2.6586 52.2733 -4.0749 -6.0118
Car -1 -1 -4.5124 910.2260 186.7608 934.8569 201.9749 1.3176 1.5008 3.2776 29.2361 2.6526 67.5070 -4.1058 -6.0306
Car -1 -1 -5.3445 1039.0175 188.9120 1093.4523 211.2714 1.7086 1.7392 4.1123 38.0181 3.0969 60.2844 -4.7846 -6.0973
Car -1 -1 -2.5714 0.0000 179.9300 31.7615 310.1417 1.4963 1.8056 4.8591 -11.3598 1.6086 9.9674 -3.4086 -6.2358
Car -1 -1 -4.8637 827.0763 186.8047 847.9674 202.3216 1.4000 1.4780 2.9937 21.8891 2.7752 69.5522 -4.5606 -6.3836
Car -1 -1 -4.4717 373.8514 187.1936 464.0095 239.6894 1.3881 1.6886 4.4533 -5.8770 1.8802 22.5384 -4.7246 -6.3852
Car -1 -1 -4.4267 649.1761 182.2601 683.5494 202.5198 1.5705 1.7192 4.3490 4.7373 2.3886 60.4420 -4.3494 -6.9921
