Car -1 -1 -7.1268 0.0000 196.9917 265.2268 374.0000 1.4661 1.6614 3.7153 -3.6719 1.6599 3.9364 -7.8444 4.5760
Car -1 -1 -7.8054 521.5007 176.5219 550.9690 200.1433 1.3765 1.6351 3.5844 -4.5418 1.6115 44.4493 -7.9070 4.0152
Car -1 -1 -7.8461 589.7097 177.5514 619.4095 202.7474 1.3474 1.6163 3.6431 -0.3355 1.6265 41.0882 -7.8547 3.3474
Car -1 -1 -4.2946 723.7383 180.8369 758.3738 197.9041 1.4901 1.6447 4.1293 12.2142 2.2573 67.1978 -4.1160 -0.1007
Car -1 -1 -5.0622 136.3151 178.2429 180.5042 200.5944 1.5433 1.6387 3.4485 -32.8066 1.9467 52.3489 -5.6199 -1.0569
Car -1 -1 -4.4939 0.0000 176.4909 35.8874 213.8163 1.5014 1.6004 3.9348 -26.6329 1.6708 31.5505 -5.1909 -1.1249
Car -1 -1 -4.6963 449.2835 179.8306 473.9352 202.1880 1.4111 1.5670 3.3871 -9.9720 1.8970 48.4776 -4.8985 -1.6077
Car -1 -1 -5.0476 675.6935 179.3635 706.5554 197.3354 1.5732 1.6258 3.9379 7.4501 2.1944 66.7837 -4.9374 -2.2850
Car -1 -1 -4.8045 357.3730 176.0527 384.3923 197.3836 1.5457 1.6266 3.5767 -18.2272 1.7973 54.8400 -5.1242 -2.4820
Car -1 -1 -3.6392 225.3545 172.9074 282.6003 191.0486 1.5974 1.7325 4.3901 -32.4566 1.6021 65.8377 -4.0958 -2.6473
Car -1 -1 -6.3834 1084.2681 169.6710 1200.0854 206.6250 1.5804 1.6984 4.0508 23.8688 1.4439 32.6098 -5.7561 -2.6638
Car -1 -1 -3.9600 53.8482 177.5968 114.1564 198.0605 1.4891 1.6238 3.7332 -40.3138 1.8655 55.3620 -4.5873 -2.7067
Car -1 -1 -2.9832 183.9429 174.9306 256.1751 200.6727 1.5364 1.6637 3.7180 -24.1140 1.6687 44.6848 -3.4758 -2.7393
Car -1 -1 -5.3164 976.5743 172.5732 1059.4523 206.7280 1.5196 1.5399 3.7284 19.1007 1.5068 34.0320 -4.8090 -2.8358
Car -1 -1 -4.3931 0.0000 169.6483 83.1952 209.7847 1.6684 1.7173 4.2113 -25.3577 1.5349 32.2655 -5.0553 -3.1178
Car -1 -1 -4.4261 110.2371 171.1398 171.4049 201.4473 1.5909 1.7048 4.2757 -26.0589 1.5006 40.1668 -4.9987 -3.3763
Car -1 -1 -5.1990 696.8132 180.3146 729.7079 196.2562 1.4846 1.5952 3.8445 10.1389 2.2423 71.2216 -5.0586 -3.5447
Car -1 -1 -2.5550 0.0000 177.6506 26.2671 229.6830 1.5077 1.6753 4.0879 -20.8854 1.6632 22.2746 -3.3023 -3.8919
Car -1 -1 -5.3444 89.5288 181.1271 171.9402 211.2066 1.4804 1.6123 3.8834 -25.0956 1.9291 37.7297 -5.9283 -3.9821
Car -1 -1 -1.9931 128.7022 175.1732 174.9776 195.7581 1.6478 1.7161 4.1190 -38.1541 1.8464 60.0260 -2.5575 -4.0043
Car -1 -1 -8.0425 918.3088 173.1536 968.6730 203.4364 1.4780 1.6348 3.9404 17.1570 1.4941 37.3649 -7.6154 -4.0349
Car -1 -1 -4.6723 0.0000 175.3047 40.8004 206.0942 1.6822 1.6597 4.2685 -34.2794 1.8320 41.9795 -5.3541 -4.3007
Car -1 -1 -4.6710 13.8734 170.8533 63.3088 205.7874 1.5896 1.6918 4.2891 -27.7347 1.4983 35.0667 -5.3366 -4.3048
Car -1 -1 -4.7923 650.5559 179.0102 680.7966 204.5604 1.5504 1.6241 4.0557 3.5349 1.9667 46.7951 -4.7179 -4.3293
Car -1 -1 -3.6236 1158.7084 155.4438 1241.0000 192.6244 1.6773 1.6259 3.6761 28.1320 0.8916 33.7273 -2.9328 -4.4458
Car -1 -1 -4.4838 196.6701 170.7891 235.2170 192.5603 1.6587 1.7613 4.2499 -31.2351 1.5011 57.2549 -4.9814 -4.5506
Car -1 -1 -5.2493 500.9920 176.7896 555.8545 204.5777 1.4500 1.5264 3.3276 -4.5863 1.6773 39.9417 -5.3634 -4.6935
Car -1 -1 -2.1853 125.5953 169.5089 204.0122 200.4027 1.7908 1.8781 4.3320 -26.9010 1.5966 43.5420 -2.7361 -4.7254
Car -1 -1 -4.5439 464.7834 173.8918 503.9218 199.8055 1.4904 1.6483 4.2566 -7.6050 1.5562 43.8004 -4.7152 -4.7280
Car -1 -1 -4.5546 646.5953 179.7428 668.8348 196.3664 1.4874 1.5438 3.6601 4.5100 2.1562 68.1344 -4.4893 -4.7429
Car -1 -1 -7.6252 27.5358 179.9827 272.8140 357.8694 1.5394 1.5544 3.2052 -4.9495 1.6370 8.1467 -8.1572 -4.7442
Car -1 -1 -3.9931 142.7583 176.8612 206.3916 199.5256 1.4896 1.5638 3.9683 -30.2788 1.7800 50.2550 -4.5332 -4.7879
Car -1 -1 -7.7405 102.2529 171.2138 139.7580 193.1923 1.6654 1.9177 4.8579 -38.7740 1.5409 57.2726 -8.3336 -5.1844
Car -1 -1 -7.8681 877.9636 174.8364 911.2954 204.4073 1.6034 1.7055 3.6159 16.2430 1.7222 41.3818 -7.4969 -5.4010
Car -1 -1 -4.6661 421.8042 176.9938 440.3912 194.3621 1.6294 1.6031 3.4331 -17.4526 2.0436 70.4070 -4.9085 -5.4175
Car -1 -1 -4.4552 0.0000 172.6506 44.8486 206.9715 1.7366 1.6541 4.3433 -32.1098 1.7260 38.8268 -5.1430 -5.5819
Car -1 -1 -4.4502 0.0000 184.0268 0.0000 214.0561 1.5182 1.6521 4.0170 -41.6113 2.1740 40.2250 -5.2493 -5.8867
Car -1 -1 -4.6610 570.7992 177.0281 596.1918 198.1912 1.3977 1.5763 3.9185 -1.8485 1.7004 50.4014 -4.6979 -5.8867
Car -1 -1 -4.5392 0.0000 177.7181 0.0000 203.5277 1.4915 1.6547 4.0483 -41.4953 1.8067 44.6563 -5.2851 -5.8867
Car -1 -1 -4.5347 0.0000 176.9289 24.4262 198.6955 1.4033 1.6297 4.0428 -41.6482 1.6947 49.4860 -5.2317 -5.8867
Car -1 -1 -5.0479 538.8358 176.1130 569.7639 195.0357 1.5681 1.5294 3.7122 -4.8781 1.8592 62.4929 -5.1258 -6.0532
Car -1 -1 -5.1254 732.1842 183.2084 769.8779 200.9618 1.3975 1.6736 4.0032 11.9355 2.3094 61.4265 -4.9349 -6.3079
