Car -1 -1 -7.6763 420.9409 179.9351 513.9494 246.6149 1.5129 1.7067 3.7517 -3.6154 1.7142 18.6576 -7.8658 7.0733
Car -1 -1 -7.5939 391.2646 181.7828 457.9803 223.6975 1.4453 1.5806 3.5931 -7.0167 1.8071 27.4556 -7.8423 4.8863
Car -1 -1 -7.8231 534.3414 181.2180 559.2170 202.2791 1.3558 1.6006 3.6863 -4.3654 1.9549 49.8304 -7.9105 2.6591
Car -1 -1 -1.9171 0.0000 178.0310 60.4518 216.4265 1.5096 1.6857 4.0229 -25.2719 1.7414 30.5964 -2.6034 -1.5583
Car -1 -1 -7.7629 627.3668 179.3211 648.0011 195.9059 1.4927 1.6216 3.8072 2.6329 2.1242 68.4889 -7.7251 -2.3688
Car -1 -1 -7.6707 659.4309 180.4382 705.2842 211.7759 1.4686 1.6346 4.0679 3.7309 1.8807 37.0510 -7.5718 -2.3899
Car -1 -1 -1.8059 29.5229 182.2253 101.6573 218.4838 1.4640 1.6601 4.0952 -24.2836 1.9057 32.0839 -2.4499 -2.9352
Car -1 -1 -7.7440 693.0191 178.7317 725.5798 206.1304 1.6078 1.6182 3.8590 6.2371 1.9933 45.2962 -7.6086 -3.2856
Car -1 -1 -4.0393 489.0523 180.0573 536.4276 201.1058 1.6052 1.6363 4.0731 -7.8921 2.2123 58.6764 -4.1728 -3.3049
Car -1 -1 -4.1703 367.0174 178.2645 416.9898 201.7886 1.6479 1.7299 4.0251 -16.1946 2.0665 53.7035 -4.4622 -3.3432
Car -1 -1 -7.3241 226.8792 182.4638 327.4903 228.9596 1.4308 1.5285 3.5885 -11.3847 1.7861 24.8377 -7.7502 -3.6261
Car -1 -1 -5.9001 742.3101 181.8462 796.8389 202.6048 1.5308 1.6224 3.8391 12.4475 2.2562 56.4785 -5.6847 -3.6699
Car -1 -1 -4.8170 0.0000 185.0973 13.3640 219.9795 1.4859 1.7588 4.2788 -29.9020 2.1036 34.3182 -5.5300 -4.2893
Car -1 -1 -7.0900 106.0271 181.1582 198.0111 213.0300 1.4146 1.5854 3.7971 -22.2090 1.8415 35.0963 -7.6509 -4.4090
Car -1 -1 -4.5501 668.5386 180.5884 695.7130 201.2637 1.5564 1.5675 3.9049 5.7995 2.1999 57.9682 -4.4514 -4.5889
Car -1 -1 -4.7049 1083.4656 196.0755 1117.6936 223.9359 1.5648 1.7560 4.2577 31.6000 3.1346 46.5330 -4.1120 -4.7496
Car -1 -1 -2.3746 519.4048 182.4404 575.7823 204.9002 1.5780 1.6398 4.2949 -4.7600 2.3266 54.3784 -2.4619 -4.8552
Car -1 -1 -7.7468 687.6074 180.9836 729.8738 213.6709 1.4561 1.6446 3.9321 4.8394 1.8771 35.2939 -7.6122 -4.8771
Car -1 -1 -4.7576 393.6799 177.1150 426.9596 203.8429 1.5264 1.7743 4.1398 -12.2961 1.8001 44.1633 -5.0280 -4.8935
Car -1 -1 -4.5421 104.2058 180.4585 151.9561 206.8705 1.5227 1.7059 4.8232 -30.4186 2.0301 45.6183 -5.1277 -4.9278
Car -1 -1 -4.6029 31.7336 181.1471 70.6137 203.6486 1.5375 1.7886 4.4804 -41.3484 2.1786 53.4322 -5.2593 -4.9682
Car -1 -1 -7.7998 931.4575 191.4272 957.0741 211.8034 1.3300 1.5135 3.5343 24.3157 2.7306 52.5058 -7.3689 -5.2342
Car -1 -1 -7.5206 287.2108 180.3270 335.2765 202.6112 1.4756 1.7495 4.6611 -21.3776 2.0358 51.7471 -7.9108 -5.2818
Car -1 -1 -3.9926 213.0689 180.1162 271.1269 204.2784 1.6691 1.6504 3.8982 -27.0853 2.2253 53.1948 -4.4618 -5.3419
Car -1 -1 -6.5697 313.0031 177.8082 380.0056 201.7441 1.6233 1.6589 4.2085 -18.8626 1.9907 51.6419 -6.9185 -5.3657
Car -1 -1 -4.5715 315.2293 180.0780 345.1903 199.8893 1.4691 1.6521 4.1259 -22.2026 2.0646 57.3047 -4.9399 -5.4281
Car -1 -1 -4.5670 675.8361 181.7154 714.9602 209.6651 1.4343 1.6104 4.1535 4.8219 1.9603 40.6449 -4.4503 -5.4613
Car -1 -1 -7.8412 942.0034 193.1770 971.0522 221.5726 1.6195 1.6143 3.8518 22.1752 2.9798 46.2200 -7.3971 -5.4812
Car -1 -1 -3.7038 1012.7028 192.5152 1073.9185 212.5928 1.6561 1.7853 4.2338 37.3604 3.3794 62.3110 -3.1664 -5.5224
Car -1 -1 -4.8425 400.9425 177.8398 425.6295 194.1704 1.3892 1.6241 4.0915 -17.7492 1.8527 64.9219 -5.1087 -5.5314
Car -1 -1 -4.5043 697.5916 179.3074 729.1732 199.0689 1.4756 1.6546 4.2895 8.2751 2.0118 57.6779 -4.3630 -5.6662
Car -1 -1 -4.4925 402.1259 178.5335 455.6795 209.5959 1.3616 1.6287 4.0431 -8.6029 1.6482 34.4139 -4.7361 -5.7023
Car -1 -1 -4.2176 259.6411 180.2170 306.9008 203.2073 1.6713 1.6587 3.9255 -25.2164 2.2606 55.7624 -4.6407 -5.7171
Car -1 -1 -4.4933 712.4873 179.4261 743.0834 200.7336 1.5028 1.5091 3.6666 8.8314 2.0132 54.0939 -4.3328 -5.7480
Car -1 -1 -4.3479 208.9010 180.0904 253.6372 200.7204 1.4499 1.6491 4.0214 -28.4501 2.0148 54.2699 -4.8290 -5.7984
Car -1 -1 -4.9235 457.0854 180.3733 501.3861 207.1799 1.4598 1.6835 4.5205 -7.8929 1.9333 43.0546 -5.1042 -5.8063
Car -1 -1 -4.6085 256.8470 177.3014 292.4854 200.1257 1.3460 1.6156 4.1524 -21.1921 1.6407 45.6435 -5.0412 -5.8263
Car -1 -1 -4.1302 226.6452 180.1544 270.2614 196.6643 1.4307 1.6362 4.0456 -33.2820 2.1244 66.4930 -4.5929 -5.8264
Car -1 -1 -4.6087 65.0260 181.6765 97.2414 201.0192 1.4079 1.6225 4.0506 -41.5009 2.1267 56.6483 -5.2389 -5.8267
Car -1 -1 -4.5575 4.0437 181.1462 46.0134 204.4982 1.5333 1.6740 4.2224 -41.4906 2.1475 51.2194 -5.2359 -5.8422
Car -1 -1 -4.9671 579.0689 180.2605 615.1267 200.9446 1.4345 1.6365 4.3967 -1.0430 2.0130 54.0509 -4.9868 -5.8567
Car -1 -1 -4.6039 223.4395 178.2814 262.0935 204.2246 1.4654 1.6568 4.0553 -22.3001 1.8115 43.8608 -5.0720 -5.8671
Car -1 -1 -4.8921 988.0635 189.7951 1023.3819 211.4626 1.3680 1.5362 3.5923 27.6417 2.6001 50.5442 -4.3946 -5.8700
Car -1 -1 -4.4836 433.5341 178.5576 486.9698 210.9276 1.4180 1.6293 3.9517 -7.0890 1.7046 34.3071 -4.6862 -5.8867
Car -1 -1 -4.5170 0.0000 183.1830 0.0000 208.6341 1.4807 1.6387 4.0078 -41.6105 2.1675 45.8559 -5.2511 -5.8867
Car -1 -1 -4.9313 1241.0000 167.3940 1241.0000 196.3376 1.5003 1.6511 4.0028 41.4682 1.2169 39.5240 -4.1258 -5.8867
Car -1 -1 -4.7326 1096.5211 171.8894 1121.9268 190.2797 1.4761 1.6429 3.9907 41.4729 1.3984 60.0323 -4.1306 -5.8867
Car -1 -1 -4.4505 0.0000 184.2359 0.0000 214.2713 1.5173 1.6507 4.0157 -41.6110 2.1854 40.2244 -5.2496 -5.8867
Car -1 -1 -4.6903 1057.2286 173.1189 1079.8461 190.1828 1.4918 1.6494 3.9965 41.4739 1.5162 65.2671 -4.1266 -5.8867
Car -1 -1 -4.5417 0.0000 184.2280 10.3232 208.9079 1.5101 1.6465 4.0090 -41.6082 2.3045 48.2681 -5.2505 -5.8867
Car -1 -1 -4.6728 125.2600 182.8662 149.7524 201.1082 1.4932 1.6423 4.0074 -41.6055 2.4046 63.5550 -5.2507 -5.8867
Car -1 -1 -4.6562 105.5383 181.5196 132.0863 199.9012 1.4518 1.6315 4.0083 -41.6087 2.2115 61.1430 -5.2519 -5.8867
Car -1 -1 -4.6752 1041.0568 173.1223 1063.3032 189.3179 1.4700 1.6418 3.9921 41.4743 1.4957 67.6802 -4.1276 -5.8867
Car -1 -1 -4.4900 0.0000 182.7020 0.0000 209.4220 1.4711 1.6367 4.0081 -41.6120 2.0930 43.4434 -5.2509 -5.8867
Car -1 -1 -4.7056 1074.5404 173.7119 1098.1887 192.1776 1.5489 1.6730 4.0103 41.4732 1.6259 62.8527 -4.1248 -5.8867
Car -1 -1 -4.6987 0.0000 183.5427 37.7947 217.0213 1.4980 1.4179 3.2573 -28.7811 2.0431 35.0987 -5.3819 -5.9011
Car -1 -1 -4.5857 450.5247 179.0989 491.4737 208.8633 1.4970 1.6660 4.2707 -7.5642 1.8565 39.3885 -4.7747 -5.9589
Car -1 -1 -5.0630 432.8667 182.5508 508.4643 220.2449 1.4252 1.7479 4.4233 -6.0728 1.8708 30.8327 -5.2564 -6.1335
Car -1 -1 -6.4232 647.8882 178.0438 689.8341 195.8245 1.5245 1.6575 3.4700 5.1226 1.9865 63.3393 -6.3433 -6.2726
Car -1 -1 -4.7642 1061.8795 187.7756 1090.1619 208.7602 1.3058 1.4437 2.9919 31.5274 2.3514 48.9140 -4.1949 -6.4203
Car -1 -1 -4.4230 697.9266 183.0345 744.8643 211.0718 1.4241 1.5740 3.7905 6.2117 2.0198 40.1885 -4.2713 -7.0863
