Car -1 -1 -7.5158 286.6060 179.0300 405.4005 243.4033 1.4156 1.6380 3.6887 -6.5101 1.5858 18.0689 -7.8574 7.5935
Car -1 -1 -7.6990 467.1130 175.8190 539.9879 229.3903 1.5154 1.6855 3.7133 -3.2722 1.6152 22.4835 -7.8425 7.0604
Car -1 -1 -7.7886 547.1673 173.5251 572.3386 192.5699 1.3278 1.5902 3.5545 -3.6351 1.3777 52.2110 -7.8581 2.0266
Car -1 -1 -7.6527 520.5483 172.3783 546.2465 188.9515 1.4449 1.5872 3.7121 -6.8736 1.4031 64.8288 -7.7582 0.6384
Car -1 -1 -5.0163 760.2415 176.7767 792.5070 197.1562 1.6006 1.5944 3.5014 13.5807 1.9318 59.1732 -4.7922 -0.3289
Car -1 -1 -7.8986 843.1848 181.2927 912.6789 240.4781 1.4378 1.6063 3.7870 7.3370 1.6972 20.1579 -7.5550 -0.9414
Car -1 -1 -7.9936 835.7186 178.5237 895.2118 222.2569 1.4408 1.5524 3.2721 9.0799 1.6584 25.9804 -7.6615 -2.0122
Car -1 -1 -4.2141 703.0445 178.1797 737.7286 194.8038 1.5187 1.6076 3.9425 10.6067 2.0450 69.2894 -4.0633 -2.0407
Car -1 -1 -8.2319 770.9601 177.7514 851.3112 221.1151 1.4590 1.5521 3.7753 7.2931 1.6531 26.6840 -7.9685 -2.7096
Car -1 -1 -4.3992 0.0000 179.4035 27.0600 203.2578 1.4575 1.7378 4.0651 -40.2389 1.9085 47.5099 -5.0993 -3.1018
Car -1 -1 -4.5093 920.1775 191.1877 960.1503 217.6288 1.4527 1.5529 3.5449 20.1959 2.6224 44.1538 -4.0835 -3.1992
Car -1 -1 -3.3484 733.1472 177.8022 778.5552 194.0781 1.5526 1.6225 4.0794 14.1381 2.0391 70.1614 -3.1507 -3.3883
Car -1 -1 -4.9227 563.1185 177.9708 587.7081 192.8521 1.3995 1.6282 4.0029 -3.4740 1.9213 71.4738 -4.9714 -3.4856
Car -1 -1 -5.0157 836.9193 183.1418 889.3821 211.6991 1.5235 1.6601 4.3319 14.7107 2.1569 42.2593 -4.6834 -3.7064
Car -1 -1 -7.6814 773.2068 179.8123 856.9501 240.3289 1.4696 1.6247 3.7934 5.7298 1.6826 20.0572 -7.4077 -3.8500
Car -1 -1 -4.6305 580.4190 177.5356 599.0190 192.7295 1.4482 1.5599 3.6404 -2.0130 1.9257 71.7794 -4.6588 -3.9626
Car -1 -1 -4.3483 1.7208 177.3359 53.8398 200.8068 1.4872 1.5541 3.5408 -39.0005 1.7994 48.3785 -5.0242 -4.1034
Car -1 -1 -6.9956 830.2161 177.4137 880.5657 196.1314 1.5188 1.6362 3.8953 20.6402 1.9119 60.7656 -6.6700 -4.1726
Car -1 -1 -4.7428 520.5308 173.2613 543.7700 192.8215 1.3839 1.5806 3.8169 -5.7911 1.4147 53.1324 -4.8512 -4.1756
Car -1 -1 -7.8140 327.2594 174.1134 346.9368 190.0771 1.5264 1.6613 4.0650 -27.0414 1.6547 71.5262 -8.1745 -4.2110
Car -1 -1 -5.0819 149.4161 172.9026 199.1858 195.8890 1.6437 1.7168 4.3432 -32.4259 1.6472 53.6129 -5.6238 -4.2635
Car -1 -1 -4.6735 21.3582 178.7016 55.0943 201.2530 1.5222 1.7389 4.1007 -41.1854 1.9609 51.9987 -5.3410 -4.3698
Car -1 -1 -4.7167 130.7219 174.8733 161.8680 197.9182 1.5626 1.8111 4.8608 -33.3840 1.7146 51.9019 -5.2862 -4.4414
Car -1 -1 -2.5474 328.7191 174.7345 386.8596 196.7934 1.6898 1.6692 4.0907 -19.8812 1.8411 56.8313 -2.8827 -4.5301
Car -1 -1 -4.6350 501.7897 168.4180 523.4606 188.1905 1.6012 1.5294 3.4705 -8.1239 1.2417 60.2070 -4.7688 -4.6822
Car -1 -1 -7.9628 538.6296 174.4010 561.1015 192.8594 1.6037 1.6023 3.8917 -5.4750 1.7473 65.0962 -8.0467 -4.6824
Car -1 -1 -5.3819 381.8544 169.7670 425.1026 188.1530 1.5676 1.6046 3.8499 -18.1536 1.3041 63.2928 -5.6603 -4.7738
Car -1 -1 -4.3707 374.7065 176.8222 414.8784 201.1111 1.5284 1.4809 3.4295 -14.2213 1.8002 47.7260 -4.6591 -4.8192
Car -1 -1 -4.9314 773.2669 178.7812 805.9910 196.5828 1.4137 1.7975 4.1871 15.0687 1.9304 60.8214 -4.6901 -4.9715
Car -1 -1 -5.3130 796.5192 177.8788 837.6837 195.8867 1.5294 1.6269 3.8743 18.4588 1.9932 64.5462 -5.0361 -5.0117
Car -1 -1 -4.3697 322.7425 171.3597 358.3366 189.5620 1.5894 1.7776 3.9482 -24.2439 1.4586 64.9892 -4.7256 -5.1173
Car -1 -1 -2.6215 0.0000 178.7565 38.8504 306.2603 1.6161 1.5921 3.7113 -10.9650 1.7123 10.5295 -3.4145 -5.1473
Car -1 -1 -4.8299 761.8497 179.8016 798.9354 208.3192 1.5101 1.5904 3.9862 9.6594 1.9273 41.2850 -4.6022 -5.2617
Car -1 -1 -4.8206 1030.7814 186.4057 1055.3801 203.9508 1.5137 1.5375 4.0579 40.6130 2.8267 67.7598 -4.2830 -5.2731
Car -1 -1 -4.3423 285.5232 172.0512 336.3530 198.5089 1.4401 1.4529 3.6358 -17.0098 1.3961 41.1053 -4.7326 -5.3005
Car -1 -1 -3.0471 254.1340 170.2732 396.7843 221.7952 1.5589 1.6627 4.1196 -9.0586 1.4805 23.1896 -3.4160 -5.3306
Car -1 -1 -4.3506 738.3459 178.7876 780.7078 201.2709 1.5542 1.5966 4.4767 11.0839 2.0123 53.4202 -4.1476 -5.3846
Car -1 -1 -2.0791 0.0000 180.3811 7.7702 357.6102 1.4207 1.6481 3.8974 -8.3946 1.5072 7.1039 -2.9289 -5.4383
Car -1 -1 -5.1725 553.0134 174.6727 594.2889 195.2563 1.5826 1.6138 4.2054 -2.9946 1.7343 58.0982 -5.2242 -5.4781
Car -1 -1 -5.2524 658.5591 178.8022 696.0460 194.6801 1.4632 1.6987 4.2452 6.5151 2.0628 70.4826 -5.1610 -5.5491
Car -1 -1 -7.6630 502.5308 167.5481 527.5208 184.9545 1.6774 1.7338 3.9840 -9.4058 1.1658 71.5721 -7.7935 -5.6748
Car -1 -1 -2.2230 0.0000 179.2744 10.9663 374.0000 1.3875 1.5379 4.0059 -6.0461 1.4302 3.9916 -3.1790 -5.6826
Car -1 -1 -4.7700 1186.4500 183.3734 1221.8398 207.2226 1.5381 1.6709 3.8592 41.4179 2.3025 50.3977 -4.0854 -5.7212
Car -1 -1 -5.1237 770.2084 175.1726 817.0798 197.4916 1.4199 1.5736 3.9863 12.2352 1.5820 48.4346 -4.8781 -5.7446
Car -1 -1 -4.6493 664.2930 172.5860 690.8276 197.2181 1.7127 1.6468 4.5367 4.9282 1.6938 52.5389 -4.5567 -5.7537
Car -1 -1 -1.7000 0.0000 177.3652 0.0000 203.9250 1.5798 1.6580 4.0510 -41.1258 1.8763 45.5271 -2.4319 -5.7590
Car -1 -1 -4.7264 1112.8898 180.4366 1140.3203 202.5505 1.6739 1.7268 3.8374 41.5353 2.3059 58.1042 -4.1086 -5.7599
Car -1 -1 -4.7298 1074.4799 177.9867 1098.9607 196.9130 1.5645 1.6982 3.8923 41.4858 2.0264 62.8805 -4.1491 -5.8015
Car -1 -1 -4.8844 1241.0000 168.6107 1241.0000 193.7597 1.4578 1.6352 3.9850 41.4692 1.2116 43.9408 -4.1314 -5.8867
Car -1 -1 -4.9217 1241.0000 166.3614 1241.0000 193.3504 1.4442 1.6333 3.9887 41.4671 1.0964 40.7241 -4.1310 -5.8867
Car -1 -1 -4.6163 71.9181 178.6022 103.2630 197.7997 1.4390 1.6384 4.0339 -41.6338 1.9142 57.5307 -5.2407 -5.8867
Car -1 -1 -4.8927 854.0868 177.2466 883.9656 196.5125 1.4919 1.6045 3.9222 21.0687 1.8626 58.8805 -4.5510 -5.8867
Car -1 -1 -4.9622 1241.0000 166.4496 1241.0000 196.4522 1.4715 1.6377 3.9908 41.4685 1.1571 37.5051 -4.1307 -5.8867
Car -1 -1 -4.8505 1239.0935 171.6342 1241.0000 196.7029 1.5239 1.6508 3.9741 41.4630 1.4495 45.9711 -4.1201 -5.8867
Car -1 -1 -4.3653 679.5306 176.9398 715.2620 195.3915 1.5311 1.7219 4.3959 7.6785 1.9024 63.2653 -4.2454 -5.9148
Car -1 -1 -4.2043 257.2171 168.8057 308.1955 191.7584 1.6278 1.5914 4.1851 -24.1458 1.3404 53.3228 -4.6278 -6.2043
Car -1 -1 -8.2335 577.5002 168.3369 611.4359 192.5775 2.0090 1.6386 3.7263 -1.3882 1.6343 61.8334 -8.2562 -6.5393
Car -1 -1 -7.6084 726.4750 176.4547 776.1053 206.9994 1.4736 1.5840 4.1343 7.3642 1.6716 37.5377 -7.4166 -6.7327
