Car -1 -1 -7.5751 298.5595 185.4367 464.9953 292.5623 1.5012 1.6980 3.8705 -3.7877 1.7529 12.5113 -7.8641 7.8997
Car -1 -1 -4.2951 210.6536 181.4967 302.1739 229.3453 1.6279 1.6353 3.9357 -13.2782 1.9780 27.2609 -4.7449 6.4336
Car -1 -1 -7.7509 461.6985 184.1843 501.1857 212.1772 1.3306 1.6617 3.6723 -6.7080 1.9523 37.7199 -7.9261 5.0127
Car -1 -1 -7.8493 555.3210 180.4520 581.3925 203.0412 1.3414 1.5926 3.6585 -2.6805 1.8449 45.9741 -7.9077 3.4974
Car -1 -1 -4.3482 280.8442 180.9440 341.8506 213.1316 1.6328 1.6572 4.3852 -16.4703 2.1050 39.9267 -4.7375 3.3118
Car -1 -1 -5.3065 787.9062 180.0199 852.8038 210.0451 1.6368 1.6398 4.1192 12.3073 2.0816 42.6021 -5.0277 -0.2486
Car -1 -1 -4.5513 411.2646 180.8209 434.6679 197.6859 1.5592 1.6338 3.7403 -18.2559 2.3584 70.4751 -4.8042 -1.3607
Car -1 -1 -4.9977 738.3785 182.8173 774.6236 205.9826 1.4634 1.4851 3.4505 9.8548 2.1630 48.8997 -4.8005 -2.0272
Car -1 -1 -9.1617 966.8740 168.0673 1083.7023 209.7141 1.5662 1.6367 3.7843 16.6128 1.3859 29.0456 -8.6469 -2.0559
Car -1 -1 -4.2317 38.0560 189.2433 104.6370 217.9298 1.5031 1.5323 3.7696 -31.3385 2.5030 42.0522 -4.8693 -2.8235
Car -1 -1 -2.9563 875.6969 171.7114 995.3914 209.4171 1.5089 1.6644 4.4339 13.8136 1.4629 30.8176 -2.5388 -2.8566
Car -1 -1 -4.3091 771.1268 183.7614 822.6219 209.5173 1.4825 1.6331 4.2086 11.8003 2.2033 45.5330 -4.0577 -3.4559
Car -1 -1 -4.8286 396.6468 180.3940 419.2784 197.8385 1.6092 1.6701 4.0929 -19.8352 2.3706 70.6815 -5.1015 -3.6340
Car -1 -1 -3.7504 139.1888 182.3305 204.1532 206.8141 1.5384 1.6400 3.4249 -29.5635 2.2026 48.7026 -4.2938 -3.9373
Car -1 -1 -4.6594 149.3740 190.3176 173.7116 210.1519 1.6608 1.6863 4.0686 -41.2921 3.3220 66.4609 -5.2138 -4.1294
Car -1 -1 -4.7714 604.6680 180.4652 622.4551 195.4292 1.4037 1.5412 3.6981 0.3122 2.1774 71.4919 -4.7675 -4.2758
Car -1 -1 -4.6243 643.8937 178.7012 663.7849 196.1819 1.5614 1.5481 3.6936 4.1153 2.1253 67.6865 -4.5643 -4.2983
Car -1 -1 -4.7749 435.5457 179.9932 462.0049 202.5133 1.5299 1.6297 3.9935 -11.7967 2.0704 52.5208 -4.9952 -4.3135
Car -1 -1 -4.8285 324.9447 179.4829 361.4823 208.3253 1.8345 1.8540 4.3132 -18.3031 2.3088 49.3122 -5.1825 -4.5309
Car -1 -1 -2.2089 376.7780 179.3970 442.0120 204.7378 1.4509 1.5677 4.3587 -12.3787 1.8699 44.2804 -2.4803 -4.7504
Car -1 -1 -4.2936 422.5930 179.5845 455.5106 196.2561 1.5474 1.6180 4.1020 -16.7701 2.2285 70.8829 -4.5254 -5.0546
Car -1 -1 -5.0538 642.3489 181.9840 682.4844 202.6428 1.4817 1.7219 4.4369 4.0027 2.2227 56.2125 -4.9836 -5.0588
Car -1 -1 -4.3900 208.9487 184.2130 273.0873 214.0033 1.4940 1.7532 4.8658 -20.7138 2.1736 40.6528 -4.8589 -5.1223
Car -1 -1 -7.8519 361.4787 186.1596 423.9652 240.4469 1.3490 1.5807 3.3774 -6.2611 1.7640 20.6771 -8.1429 -5.1992
Car -1 -1 -4.7988 86.4931 181.5163 135.2217 209.7691 1.5070 1.9428 5.0867 -29.5854 2.0497 42.6496 -5.4025 -5.2732
Car -1 -1 -4.8753 328.5302 180.9653 372.4166 210.9668 1.5385 1.6913 3.9141 -14.5617 2.0148 40.2702 -5.2205 -5.2739
Car -1 -1 -4.3907 206.0275 189.5314 240.4596 209.3955 1.5869 1.5842 3.5811 -33.6013 3.0803 62.7270 -4.8810 -5.2897
Car -1 -1 -4.8230 317.2640 179.4978 379.2023 226.0968 1.6288 1.8012 4.3975 -10.3673 1.9106 28.2668 -5.1719 -5.4261
Car -1 -1 -6.0231 496.1301 180.5528 559.6201 201.5261 1.4995 1.7330 4.3915 -6.1101 2.0840 53.6311 -6.1364 -5.4449
Car -1 -1 -7.1028 103.2286 175.5301 387.9419 303.7166 1.6694 1.6373 4.2386 -5.6459 1.7211 11.7598 -7.5422 -5.4717
Car -1 -1 -4.4705 326.8746 181.7930 387.5866 215.8576 1.3967 1.6594 4.1142 -11.4517 1.8294 32.8241 -4.8040 -5.5731
Car -1 -1 -4.2099 704.6740 183.1048 753.6756 206.9307 1.7044 1.8089 4.5036 9.2546 2.5321 55.9512 -4.0474 -5.6148
Car -1 -1 -4.9058 541.6198 179.2816 568.8862 196.1506 1.4245 1.6556 4.2448 -4.9831 2.0227 64.9237 -4.9824 -5.6653
Car -1 -1 -4.9884 386.3955 179.8783 420.0258 198.7065 1.5206 1.7080 4.1849 -17.8711 2.1472 62.1640 -5.2675 -5.6950
Car -1 -1 -4.5301 36.7281 188.9946 76.7274 212.6716 1.6157 1.6989 3.9156 -41.5865 2.8772 54.2733 -5.1817 -5.7207
Car -1 -1 -4.6315 351.0358 178.8725 385.1221 204.5448 1.4464 1.6360 4.0615 -14.6815 1.8298 43.8350 -4.9532 -5.7324
Car -1 -1 -4.6309 340.6718 181.1909 380.8953 210.3031 1.3795 1.6490 4.0808 -12.9719 1.8390 37.6192 -4.9612 -5.7339
Car -1 -1 -4.5535 2.1830 189.2031 44.7094 213.3977 1.5377 1.6870 4.1936 -41.5234 2.7465 51.1223 -5.2333 -5.8175
Car -1 -1 -4.5710 237.9786 180.5372 273.6159 204.7066 1.5411 1.6405 4.0232 -24.3027 2.0915 49.5504 -5.0251 -5.8342
Car -1 -1 -4.6596 129.8411 187.6129 155.1699 207.1084 1.5812 1.6667 4.1344 -41.4979 2.9367 64.0727 -5.2327 -5.8521
Car -1 -1 -4.3317 361.4643 181.1194 433.3548 215.6426 1.4056 1.6636 4.2022 -9.5439 1.8035 32.5886 -4.6148 -5.8765
Car -1 -1 -4.7277 1093.4532 172.7846 1118.3324 191.0533 1.4766 1.6416 3.9919 41.4745 1.4707 60.4365 -4.1288 -5.8867
Car -1 -1 -4.6935 1054.7168 173.6642 1076.9379 190.6154 1.4880 1.6451 3.9911 41.4764 1.5638 65.6591 -4.1324 -5.8867
Car -1 -1 -4.6542 101.8762 184.6119 129.1958 204.6461 1.5565 1.6601 4.0159 -41.6025 2.5809 60.7305 -5.2529 -5.8867
Car -1 -1 -4.5166 0.0000 185.7919 0.0000 212.6605 1.5502 1.6595 4.0172 -41.6065 2.4107 45.8513 -5.2508 -5.8867
Car -1 -1 -4.7104 1072.0382 173.3291 1095.0865 190.9001 1.4858 1.6440 3.9912 41.4758 1.5285 63.2455 -4.1324 -5.8867
Car -1 -1 -4.6230 68.3856 184.7223 99.9404 205.9156 1.5438 1.6602 4.0148 -41.6039 2.5183 57.1147 -5.2505 -5.8867
Car -1 -1 -4.7470 1112.8514 172.8195 1140.3573 192.0507 1.4899 1.6457 3.9952 41.4749 1.4870 58.0215 -4.1290 -5.8867
Car -1 -1 -4.5820 364.3425 180.1831 395.8038 202.2725 1.4592 1.6149 4.0172 -16.2965 2.0003 51.1883 -4.8890 -5.8867
Car -1 -1 -4.5417 0.0000 184.7365 10.3757 209.6784 1.5236 1.6524 4.0116 -41.6073 2.3535 48.2666 -5.2506 -5.8867
Car -1 -1 -4.5448 663.8305 177.7016 691.6652 196.2314 1.5973 1.7238 5.1039 6.2459 2.0604 66.2907 -4.4516 -5.9380
Car -1 -1 -4.6767 370.4172 180.5668 420.0284 223.5679 1.4780 1.6757 4.2629 -8.2682 1.8001 27.8874 -4.9627 -5.9735
Car -1 -1 -2.3747 263.8729 175.2939 308.5841 193.1589 1.5818 1.5964 3.6164 -29.4651 1.8080 65.6244 -2.7954 -7.0577
Car -1 -1 -5.8541 920.6383 235.7539 1241.0000 374.0000 1.2280 1.1472 2.8208 4.2639 1.9050 6.2726 -5.2803 -7.8264
