Car -1 -1 -7.5333 244.3759 187.7149 445.9781 312.7231 1.4867 1.6718 3.8805 -3.8172 1.7528 10.9899 -7.8610 7.5942
Car -1 -1 -7.7581 472.2114 188.3745 508.2393 215.0045 1.3072 1.6115 3.4404 -6.5101 2.1893 39.2537 -7.9219 5.4744
Car -1 -1 -4.4197 343.4882 184.1585 395.2522 212.6192 1.4732 1.7273 3.8933 -13.6004 2.1442 40.8815 -4.7393 3.8057
Car -1 -1 -7.9018 560.7092 184.9613 588.9044 208.5129 1.3476 1.5834 3.3624 -2.2529 2.1290 44.8363 -7.9523 3.6392
Car -1 -1 -5.1979 105.4002 186.3361 161.6263 209.6615 1.4934 1.6820 3.7510 -32.8815 2.4530 49.7340 -5.7798 -1.9594
Car -1 -1 -7.2983 721.9821 188.6784 766.1364 210.4522 1.5251 1.6240 3.6927 10.2583 2.7780 55.2303 -7.1162 -2.2774
Car -1 -1 -4.8668 749.3743 188.1948 783.7806 215.0347 1.5451 1.5272 3.9904 9.8774 2.5639 45.8975 -4.6568 -2.7722
Car -1 -1 -4.3182 0.0000 185.8839 47.1115 221.4622 1.6036 1.6836 4.2799 -30.4732 2.3038 36.4940 -5.0104 -3.1290
Car -1 -1 -4.8311 744.0219 186.6695 773.5821 210.8249 1.5709 1.6408 3.2817 10.3637 2.5716 50.5741 -4.6308 -3.3263
Car -1 -1 -4.7451 369.7616 181.8363 390.5084 200.2812 1.4928 1.5880 3.6442 -19.8955 2.2929 62.3101 -5.0533 -3.4038
Car -1 -1 -4.7143 445.8587 182.4905 470.6828 204.8948 1.4627 1.6506 3.7925 -10.7313 2.1689 50.8754 -4.9215 -3.5338
Car -1 -1 -3.8509 139.5500 184.6203 207.1665 209.0170 1.5918 1.6110 4.0391 -31.0221 2.4641 51.3411 -4.3924 -3.7058
Car -1 -1 -4.7807 769.7310 186.6320 801.0104 211.4574 1.4799 1.7067 4.2576 11.5218 2.4340 47.7405 -4.5459 -3.7607
Car -1 -1 -4.7849 392.1849 183.7771 414.7440 203.9558 1.4855 1.4801 3.1400 -16.2822 2.3701 56.7196 -5.0636 -4.1934
Car -1 -1 -4.1158 381.8602 177.8900 424.2761 196.8214 1.5622 1.6144 3.9365 -17.9840 2.0149 62.7898 -4.3939 -4.2132
Car -1 -1 -4.8231 716.0495 190.9178 740.7782 211.6889 1.5275 1.5688 3.5595 9.4671 3.0257 58.0388 -4.6629 -4.4897
Car -1 -1 -5.1341 691.2315 188.0175 736.4583 212.1222 1.3933 1.5833 3.4040 6.5269 2.3965 45.8956 -4.9944 -4.5537
Car -1 -1 -4.6723 516.3914 183.7118 541.7060 207.4677 1.5626 1.6345 4.0109 -5.7614 2.3667 51.3999 -4.7839 -4.6689
Car -1 -1 -2.6846 57.7351 185.1778 144.4551 208.6478 1.4873 1.7023 4.4353 -33.9207 2.3296 48.1479 -3.2960 -4.8137
Car -1 -1 -5.1330 394.5168 181.1909 438.3508 203.7100 1.5785 1.6661 4.0649 -14.6112 2.2292 54.2375 -5.3953 -4.9303
Car -1 -1 -4.9412 281.3395 185.4239 318.4481 206.0656 1.6463 1.9354 4.8464 -27.1984 2.7900 63.1463 -5.3466 -5.2503
Car -1 -1 -4.7636 609.8801 181.6082 632.4705 201.8866 1.4784 1.5460 4.3153 0.8170 2.1923 56.6771 -4.7497 -5.2808
Car -1 -1 -4.7862 155.0187 183.2768 194.9834 207.8670 1.4887 1.9418 4.9668 -29.2922 2.2259 48.4659 -5.3276 -5.3924
Car -1 -1 -4.5994 363.5803 181.9776 389.8065 200.9351 1.4619 1.6713 3.4386 -19.1577 2.2345 59.2719 -4.9110 -5.5015
Car -1 -1 -4.7800 827.6849 192.2981 849.3002 210.0243 1.4414 1.6015 3.5852 20.4806 3.2403 64.8365 -4.4760 -5.5590
Car -1 -1 -4.4650 305.2354 182.6796 355.1071 212.7143 1.3736 1.4968 3.5348 -13.9572 1.8893 36.0493 -4.8322 -5.6483
Car -1 -1 -4.7922 542.3932 187.5377 562.5692 205.3457 1.5215 1.5683 3.6820 -5.3697 2.9201 66.7949 -4.8726 -5.7153
Car -1 -1 -4.5661 289.9142 184.4006 361.8948 233.4152 1.4863 1.7286 4.1551 -9.8357 1.9239 25.1424 -4.9359 -5.7541
Car -1 -1 -4.6964 327.1145 184.3483 355.3826 208.7541 1.4401 1.6488 4.0228 -17.4197 2.2197 46.7906 -5.0513 -5.7784
Car -1 -1 -4.8735 538.9810 182.6024 569.2926 205.4924 1.5883 1.6459 3.9175 -4.2421 2.3453 53.9515 -4.9521 -5.7904
Car -1 -1 -4.5329 296.3237 178.8087 356.6714 219.9454 1.5729 1.6699 3.9385 -11.8560 1.8398 30.2861 -4.9034 -5.8056
Car -1 -1 -4.6914 315.1784 181.5573 346.3384 209.7251 1.5468 1.6479 4.0426 -16.6882 2.0933 43.1501 -5.0587 -5.8194
Car -1 -1 -4.4868 307.2810 180.6299 364.5322 216.1690 1.5023 1.6275 3.9716 -12.6801 1.8853 33.4869 -4.8465 -5.8623
Car -1 -1 -4.6422 91.1535 184.7788 119.9033 205.1820 1.5515 1.6604 4.0143 -41.6030 2.5705 59.5285 -5.2502 -5.8867
Car -1 -1 -4.6075 47.9190 183.8070 81.8783 205.4485 1.5233 1.6514 4.0105 -41.6066 2.3920 55.1027 -5.2521 -5.8867
Car -1 -1 -4.5381 561.0378 180.7955 593.7759 203.7358 1.4922 1.6328 3.9138 -2.2662 2.0691 50.3952 -4.5833 -5.8867
Car -1 -1 -4.5809 16.2600 185.3938 54.7443 208.8873 1.5577 1.6614 4.0179 -41.6045 2.5035 52.2871 -5.2507 -5.8867
Car -1 -1 -4.6414 311.8157 181.4160 377.9195 234.5661 1.4522 1.6399 4.0812 -8.2547 1.7461 22.6054 -4.9882 -5.8867
Car -1 -1 -4.9182 481.7599 180.1861 513.7379 200.7610 1.4676 1.6203 4.0433 -8.6513 2.0504 55.1980 -5.0733 -5.8867
Car -1 -1 -7.4920 516.1486 186.4183 651.9963 287.6103 1.4206 1.2292 3.2822 -0.3712 1.6855 12.3511 -7.5227 -5.8885
Car -1 -1 -4.5416 415.6938 179.4146 445.8094 199.6234 1.4772 1.6196 3.9743 -13.9241 2.0057 56.1083 -4.7841 -5.9237
Car -1 -1 -4.7254 384.7194 177.5614 408.7132 195.8261 1.4217 1.8369 4.1074 -17.6528 1.8245 59.5498 -5.0127 -6.0397
Car -1 -1 -4.4663 396.4617 184.2443 421.5665 199.9799 1.4681 1.6256 3.3618 -19.9003 2.6231 71.4816 -4.7372 -6.0652
Car -1 -1 -4.9318 444.8412 181.7173 477.1046 205.2394 1.6516 1.5490 3.9825 -11.2993 2.3458 54.4049 -5.1360 -6.4591
Car -1 -1 -4.6926 266.8814 188.3870 287.2347 207.5350 1.5588 1.5621 3.5453 -29.4442 2.9741 63.8192 -5.1236 -6.7130
