Car -1 -1 -7.7810 528.4076 179.2404 557.9008 202.3226 1.3697 1.6065 3.4679 -4.2171 1.7879 45.5343 -7.8733 4.3362
Car -1 -1 -7.8556 586.5627 179.4806 616.9915 207.6192 1.4204 1.5721 3.5694 -0.4902 1.7954 39.0648 -7.8687 3.9016
Car -1 -1 -5.1405 935.1412 171.3587 994.4531 198.6092 1.6009 1.6887 4.1605 21.7549 1.5128 44.4888 -4.6887 -0.1671
Car -1 -1 -5.2768 719.3096 191.2472 773.7791 216.7463 1.4923 1.6723 3.9149 8.8846 2.7552 47.4246 -5.0934 -2.0530
Car -1 -1 -5.2587 227.4046 177.6792 267.9419 193.2486 1.4549 1.6390 4.1035 -35.3388 1.9367 70.3133 -5.7231 -2.4267
Car -1 -1 -2.2841 355.6360 175.4942 457.4678 216.6955 1.5942 1.6598 4.3152 -8.5485 1.7107 30.0389 -2.5594 -2.7253
Car -1 -1 -5.5973 520.1661 177.8926 572.9414 198.6648 1.5798 1.6461 4.0728 -5.1078 1.9944 57.5875 -5.6858 -3.0231
Car -1 -1 -6.7406 1133.7734 145.7712 1241.0000 207.1256 1.6347 1.6794 3.7265 17.3418 0.9128 20.4801 -6.0451 -3.4509
Car -1 -1 -2.5282 93.6104 181.9339 153.3353 201.1497 1.5804 1.8008 3.8696 -41.2396 2.3618 61.1757 -3.1195 -3.6883
Car -1 -1 -4.4309 27.0745 179.8732 94.6977 214.0840 1.5588 1.6348 3.9340 -27.2462 1.9283 35.8799 -5.0770 -3.8238
Car -1 -1 -3.0172 812.0452 193.7618 895.1096 225.5744 1.4917 1.6529 3.9220 12.6194 2.6246 37.5152 -2.6959 -3.9453
Car -1 -1 -4.8183 664.7556 182.2901 685.5847 198.4072 1.4637 1.6364 3.3691 6.2074 2.3907 69.2131 -4.7296 -4.0360
Car -1 -1 -4.6967 367.3753 176.7124 388.4320 196.2009 1.5469 1.6104 4.1600 -19.4141 1.8813 60.3765 -5.0068 -4.0999
Car -1 -1 -4.6334 253.4328 180.1904 303.7955 220.6034 1.5027 1.5589 4.1133 -13.6664 1.8281 29.8277 -5.0600 -4.2094
Car -1 -1 -4.1617 407.7040 178.1452 448.5329 194.7067 1.5225 1.8031 4.4271 -17.6721 2.0548 70.2367 -4.4076 -4.4204
Car -1 -1 -4.0828 258.9041 178.1173 299.0623 193.6691 1.4544 1.6119 3.8791 -32.5129 1.9866 70.9348 -4.5114 -4.4226
Car -1 -1 -4.7491 679.0745 182.7702 696.3826 198.1038 1.4361 1.5769 3.3751 7.6698 2.4431 71.5618 -4.6433 -4.4599
Car -1 -1 -4.6532 397.0441 175.5056 418.7672 194.1778 1.6346 1.6780 3.9533 -18.4407 1.8841 65.8737 -4.9254 -4.5462
Car -1 -1 -4.9510 815.0843 181.5981 857.9592 206.4587 1.4955 1.7003 4.2285 14.6852 2.0920 47.0875 -4.6510 -4.5608
Car -1 -1 -4.6866 258.6719 176.9785 298.6608 213.3309 1.5815 1.6017 3.8803 -15.5805 1.7874 33.9658 -5.1140 -4.5656
Car -1 -1 -4.7115 929.3823 164.7980 956.0930 189.8205 1.7077 1.6667 4.2094 23.7077 1.1576 51.5039 -4.2825 -4.6293
Car -1 -1 -7.7311 648.0880 181.8492 692.5189 217.1153 1.4800 1.5767 4.0701 2.8171 1.9246 33.5315 -7.6487 -4.6446
Car -1 -1 -4.7231 584.7892 178.2610 614.9102 206.3305 1.5950 1.7475 4.3069 -0.6823 1.9408 44.0140 -4.7390 -4.6645
Car -1 -1 -4.5499 97.4018 177.4739 142.6228 205.7704 1.5053 1.5620 3.5448 -27.7876 1.7797 40.9537 -5.1432 -4.6982
Car -1 -1 -4.3462 358.9042 176.2280 401.3945 201.1739 1.7019 1.6244 3.8645 -16.4566 1.9528 51.7378 -4.6530 -4.7060
Car -1 -1 -3.2047 871.5482 172.3301 939.6133 199.7604 1.7485 1.7160 4.0333 19.3342 1.7148 47.4446 -2.8203 -4.8052
Car -1 -1 -4.5263 149.0450 179.6909 206.1336 217.2936 1.6740 1.6552 4.0073 -20.9748 2.0265 35.0745 -5.0622 -4.9158
Car -1 -1 -7.9796 94.7845 181.6347 125.6606 201.9656 1.5589 1.6241 3.7129 -40.8497 2.2989 58.9116 -8.5840 -4.9639
Car -1 -1 -4.6786 436.2408 179.6338 462.8996 205.7022 1.5514 1.5298 3.8942 -10.2382 2.0033 46.0640 -4.8965 -5.0257
Car -1 -1 -4.3464 91.4308 180.0207 173.7781 215.6060 1.4345 1.7762 3.8325 -21.0826 1.7723 31.9776 -4.9256 -5.0437
Car -1 -1 -3.7006 922.8219 171.6742 993.2820 197.5877 1.6427 1.6283 3.8356 22.4967 1.5677 46.7669 -3.2551 -5.0446
Car -1 -1 -7.8525 621.1163 176.5393 649.2223 205.0141 1.6869 1.6852 3.9373 1.5423 1.9279 45.2580 -7.8192 -5.1595
Car -1 -1 -5.0565 655.7955 178.8569 692.2188 197.7468 1.5692 1.7106 4.7414 5.6061 2.1227 64.0465 -4.9701 -5.2974
Car -1 -1 -4.8172 394.8979 176.3983 423.4333 196.9398 1.4062 1.5864 3.9266 -14.6017 1.6729 52.2416 -5.0887 -5.3215
Car -1 -1 -2.5824 230.7624 178.7395 303.9632 203.9097 1.4704 1.5336 3.7552 -20.7084 1.8336 43.5915 -3.0237 -5.3281
Car -1 -1 -5.7684 251.7712 177.2650 300.6377 195.1226 1.6355 1.5431 3.8936 -31.2143 2.0534 67.4725 -6.2004 -5.3571
Car -1 -1 -4.6255 64.5173 179.6122 102.7893 206.0745 1.5248 1.5832 3.7627 -32.5377 1.9615 44.6296 -5.2528 -5.4352
Car -1 -1 -4.7719 299.5896 175.9109 325.5688 197.9136 1.5290 1.5315 3.8510 -21.8124 1.7611 52.7826 -5.1623 -5.4382
Car -1 -1 -5.1254 672.4404 179.5980 711.1431 200.6443 1.6548 1.7035 4.1063 6.7716 2.2394 60.3634 -5.0147 -5.4558
Car -1 -1 -2.3669 0.0000 177.8560 35.6275 321.8528 1.6254 1.6941 3.9433 -10.0027 1.6949 9.1368 -3.1828 -5.4887
Car -1 -1 -4.7587 682.9741 184.1219 706.8365 203.2089 1.5354 1.8515 4.6688 7.3809 2.5604 63.2602 -4.6436 -5.5439
Car -1 -1 -2.1462 0.0000 173.1185 24.5521 347.7734 1.4441 1.7834 4.6741 -8.7675 1.4468 7.1503 -3.0144 -5.5694
Car -1 -1 -2.3058 593.4633 176.6705 654.0218 201.3684 1.6873 1.6821 4.6771 0.9157 1.9760 52.3231 -2.2889 -5.6153
Car -1 -1 -4.6459 459.8965 181.1121 484.6834 200.9449 1.4116 1.6093 3.7338 -10.4788 2.0623 54.9299 -4.8339 -5.6580
Car -1 -1 -3.9953 118.0127 184.0275 172.3827 204.3525 1.5624 1.6645 3.8433 -38.4249 2.5182 59.7132 -4.5653 -5.7237
Car -1 -1 -3.9348 0.0000 181.5403 24.0773 254.1404 1.4652 1.7322 4.8195 -17.1526 1.7055 17.5608 -4.7009 -5.7551
Car -1 -1 -4.3353 336.3213 177.5151 393.9879 204.6695 1.3895 1.5865 4.1492 -13.4493 1.6597 39.7612 -4.6598 -5.8333
Car -1 -1 -4.3321 337.9922 178.3352 384.9727 200.0123 1.3282 1.5395 3.9756 -16.2464 1.7022 47.2565 -4.6618 -5.8677
Car -1 -1 -4.3435 420.1747 177.6770 462.7776 198.5332 1.4839 1.6856 4.3496 -12.7350 1.8641 54.6589 -4.5716 -5.8825
Car -1 -1 -3.9671 0.0000 178.5789 37.0454 249.4465 1.6294 1.9226 5.0075 -18.4753 1.8037 19.5046 -4.7186 -5.8867
Car -1 -1 -7.0089 0.0000 0.0000 1241.0000 374.0000 1.5412 1.5898 3.8046 -1.7123 1.6137 0.9967 -7.9398 -5.8867
Car -1 -1 -4.4504 410.1896 178.3891 443.5443 197.0409 1.3780 1.5683 3.9102 -14.3077 1.8257 56.4396 -4.6979 -5.8867
Car -1 -1 -3.5048 0.0000 188.9598 0.0000 374.0000 1.4917 1.6025 3.9533 -7.0819 1.5923 2.5311 -4.6975 -5.8867
Car -1 -1 -8.1634 0.0000 0.0000 853.2434 374.0000 1.5420 1.5885 3.8033 0.3101 1.5989 1.0041 -7.9392 -5.8867
Car -1 -1 -4.6550 139.0906 178.0264 163.5252 194.4901 1.4151 1.6380 4.0690 -41.6643 1.9004 65.5625 -5.2194 -5.8867
Car -1 -1 -4.6020 39.8909 182.3848 75.4250 205.0945 1.5821 1.6756 4.0841 -41.5273 2.3276 54.2804 -5.2529 -5.8867
Car -1 -1 -3.7069 0.0000 187.0330 66.1751 374.0000 1.5010 1.6066 3.9593 -4.2768 1.5894 2.5236 -4.6977 -5.8867
Car -1 -1 -4.6987 157.7132 177.4400 178.8126 193.3495 1.4245 1.6362 4.0287 -41.6163 1.8700 67.9942 -5.2464 -5.8867
Car -1 -1 -4.5402 134.9949 180.2078 169.7695 199.0791 1.4014 1.6029 4.4752 -36.6333 2.0145 57.8085 -5.1032 -5.8905
Car -1 -1 -4.7878 588.5364 178.8154 615.1110 200.3702 1.4439 1.5940 3.9645 -0.6495 1.8860 51.5081 -4.8008 -5.9075
Car -1 -1 -4.5864 404.4666 175.4332 436.8573 197.7601 1.4434 1.6361 4.0891 -12.9137 1.6269 49.2724 -4.8417 -5.9469
Car -1 -1 -4.2866 0.0000 181.1533 0.0000 266.0015 1.3477 1.6176 4.4000 -15.1166 1.5384 14.2618 -5.0918 -5.9878
Car -1 -1 -4.7402 75.2585 183.2704 103.7865 204.3068 1.5397 1.7222 4.1679 -41.2743 2.3959 57.1496 -5.3636 -6.1807
Car -1 -1 -5.3980 0.0000 192.7378 3.5251 308.4911 1.4924 1.7425 4.0522 -11.7039 1.8132 10.6483 -6.2180 -6.3753
Car -1 -1 -5.9851 961.3460 227.1525 1241.0000 374.0000 1.2297 1.3667 2.7921 4.4667 1.7766 5.7433 -5.3499 -7.0259
