Car -1 -1 -7.5948 335.2581 186.1694 474.8724 280.2832 1.4994 1.6288 3.8445 -3.8341 1.7924 13.9663 -7.8587 7.6712
Car -1 -1 -7.7189 447.3212 183.7230 490.3208 214.4529 1.3890 1.6109 3.6939 -6.9966 1.9571 35.8402 -7.9107 6.0314
Car -1 -1 -3.9799 0.0000 188.5112 45.1367 285.1855 1.4795 1.5985 3.9319 -13.0616 1.8187 13.6662 -4.7329 4.0747
Car -1 -1 -4.2016 105.5074 188.4882 216.4782 234.5172 1.4484 1.5615 4.1909 -16.2311 2.0633 26.2712 -4.7507 3.5963
Car -1 -1 -7.8563 545.5392 181.7851 571.0713 203.6458 1.3185 1.5908 3.5411 -3.3948 1.9205 46.8345 -7.9287 2.1374
Car -1 -1 -4.4009 368.5523 181.2255 403.5343 200.4169 1.4254 1.5847 3.6942 -17.6953 2.1087 57.0658 -4.7006 1.4379
Car -1 -1 -3.4850 715.7996 185.2571 795.6086 213.4797 1.5421 1.6874 4.1820 8.3287 2.2760 41.5710 -3.2893 0.2603
Car -1 -1 -3.9231 242.0367 181.3666 299.6555 204.0492 1.5441 1.5764 3.8004 -24.7481 2.1899 52.7153 -4.3604 -0.7592
Car -1 -1 -4.6464 640.2098 178.3730 665.7846 201.1060 1.5784 1.6227 4.1129 3.1797 2.0020 53.2796 -4.5876 -0.7805
Car -1 -1 -2.1446 180.1257 184.4666 238.2560 207.8917 1.5013 1.6383 3.8945 -27.5419 2.3242 49.5093 -2.6503 -0.8302
Car -1 -1 -6.8433 771.3955 187.0953 843.3119 214.2933 1.4526 1.5781 3.6862 11.2167 2.2907 41.1837 -6.5798 -1.9848
Car -1 -1 -7.9458 618.8745 178.5073 647.1392 201.4841 1.5948 1.6880 4.3551 1.6317 2.0304 53.4032 -7.9159 -2.4639
Car -1 -1 -2.0585 39.2934 187.6991 111.9170 216.1711 1.5174 1.7116 4.0012 -31.0000 2.4108 41.8001 -2.6937 -3.2324
Car -1 -1 -4.6061 102.3488 187.1976 143.3524 214.7139 1.5007 1.6397 3.9442 -29.4775 2.4114 43.6973 -5.1969 -3.3296
Car -1 -1 -4.5646 212.0982 191.7911 240.5447 211.0514 1.5687 1.6919 4.0321 -34.6726 3.3381 65.2436 -5.0516 -3.3545
Car -1 -1 -2.6840 763.1540 187.2113 851.1528 221.2650 1.4878 1.5709 3.8040 9.4614 2.2192 34.9238 -2.4223 -3.4658
Car -1 -1 -4.6945 431.5964 184.9840 450.3330 202.6589 1.4704 1.5706 3.7195 -15.1611 2.5916 64.7293 -4.9241 -3.6379
Car -1 -1 -4.8366 223.7830 182.7665 257.6205 205.7010 1.5052 1.6548 4.0712 -26.3467 2.2400 51.3603 -5.3087 -3.7920
Car -1 -1 -4.7685 725.9521 190.2832 750.2416 210.4090 1.4574 1.6888 3.8528 10.1909 2.9005 57.7452 -4.5953 -3.9274
Car -1 -1 -2.2661 153.8927 183.7042 217.7271 207.1328 1.4725 1.6025 3.8041 -28.2718 2.2156 48.0421 -2.7958 -3.9324
Car -1 -1 -6.7039 0.0000 187.6062 82.9719 222.4053 1.6843 1.6995 4.0163 -31.1757 2.5246 38.9404 -7.3758 -4.0660
Car -1 -1 -4.6772 508.5617 183.5012 530.5632 204.7084 1.5389 1.5757 3.1069 -6.9724 2.3829 55.5994 -4.8018 -4.0982
Car -1 -1 -4.5997 721.2104 188.3344 749.6210 210.3971 1.4917 1.6371 4.3579 9.4569 2.7075 54.3626 -4.4290 -4.1970
Car -1 -1 -5.0216 285.2035 179.7009 331.3700 202.7180 1.5681 1.7937 4.6490 -22.1916 2.0922 52.9082 -5.4173 -5.0758
Car -1 -1 -4.6867 629.7931 180.1144 657.2541 206.2500 1.4565 1.5510 3.4512 1.9924 1.9065 42.9730 -4.6413 -5.1464
Car -1 -1 -4.4755 487.9383 180.9287 512.9131 197.8483 1.5768 1.6102 3.6823 -10.7649 2.3919 70.9632 -4.6259 -5.5405
Car -1 -1 -4.6528 365.7174 181.6980 403.5472 209.3532 1.3242 1.6649 3.9647 -11.8618 1.8160 38.0302 -4.9536 -5.6108
Car -1 -1 -4.5930 815.5356 191.2060 840.6241 209.9708 1.3948 1.5565 3.7739 18.0327 2.9640 59.6663 -4.3015 -5.7146
Car -1 -1 -4.7046 1092.8699 180.5645 1118.2690 201.1807 1.6288 1.7117 3.7376 41.5572 2.2970 60.5407 -4.1057 -5.8066
Car -1 -1 -4.3497 243.5425 184.6676 279.6394 202.0780 1.4616 1.6423 3.9674 -31.5497 2.5656 65.3978 -4.7978 -5.8587
Car -1 -1 -4.7038 1068.8926 173.3457 1091.7499 190.7297 1.4797 1.6446 3.9921 41.4747 1.5242 63.6542 -4.1287 -5.8867
Car -1 -1 -6.0888 1010.6970 240.3973 1241.0000 374.0000 1.2247 1.3820 2.7016 4.9930 1.9234 5.9914 -5.4194 -7.6248
