Car -1 -1 -7.8475 584.3753 180.0508 614.6053 205.6989 1.3204 1.5975 3.4781 -0.6102 1.7352 39.8714 -7.8632 4.7657
Car -1 -1 -7.7785 523.7133 178.5103 553.2225 201.3147 1.3430 1.5796 3.4903 -4.4726 1.7103 45.1293 -7.8772 3.7283
Car -1 -1 -7.7827 33.6674 176.6369 98.5356 221.2428 1.5258 1.6596 3.7714 -20.3532 1.6780 27.0614 -8.4229 -0.6708
Car -1 -1 -4.9365 735.2857 193.1433 777.5198 220.2833 1.4534 1.6525 3.9286 8.7534 2.7348 43.5959 -4.7404 -1.4447
Car -1 -1 -5.2481 711.0398 190.2868 760.6363 213.7472 1.4945 1.6679 3.9789 8.8666 2.7863 51.3236 -5.0786 -2.1762
Car -1 -1 -4.3380 818.9296 179.4621 868.6730 205.0531 1.5606 1.7065 4.1550 15.3168 2.0128 47.2585 -4.0269 -2.2935
Car -1 -1 -3.9752 99.5820 175.3613 164.1138 198.5791 1.5955 1.6375 3.9722 -34.4899 1.7836 52.1238 -4.5575 -2.8563
Car -1 -1 -5.6183 0.0000 176.5606 21.0737 228.9804 1.5327 1.6229 3.8714 -20.8224 1.6515 22.2025 -6.3657 -2.9646
Car -1 -1 -5.2885 639.4329 181.2666 684.4047 202.1266 1.4860 1.6104 3.7979 3.8972 2.1522 55.1068 -5.2188 -2.9691
Car -1 -1 -4.8268 196.5429 175.3464 229.2056 197.7832 1.5712 1.6540 4.0985 -29.3136 1.7620 53.1567 -5.3288 -3.3141
Car -1 -1 -3.3715 129.5435 175.0404 188.3602 194.4112 1.6511 1.7459 4.1408 -40.0292 1.8512 64.0529 -3.9284 -3.3441
Car -1 -1 -4.5695 176.3216 172.9167 206.6743 190.3108 1.4616 1.6960 4.2553 -36.4788 1.4669 62.9350 -5.0931 -3.3551
Car -1 -1 -4.6439 877.4963 175.4480 906.8041 199.5684 1.4844 1.5282 3.8036 18.3306 1.6600 46.8898 -4.2737 -3.7242
Car -1 -1 -4.2562 318.6761 179.1866 353.5557 194.5265 1.4385 1.6616 3.9333 -27.0686 2.0826 71.3820 -4.6176 -3.7718
Car -1 -1 -4.9824 68.5348 180.2187 116.2192 201.4271 1.5403 1.8524 4.6161 -40.2857 2.1346 56.0835 -5.6033 -3.8335
Car -1 -1 -5.0906 205.4915 175.5296 242.6770 193.6859 1.6886 1.7474 4.1898 -37.3282 1.9543 69.7219 -5.5807 -3.9377
Car -1 -1 -3.7972 924.4205 195.7078 1026.4258 232.7198 1.4465 1.6008 3.6674 15.4949 2.4559 30.7412 -3.3349 -3.9605
Car -1 -1 -5.3286 147.5595 174.7782 202.0371 196.2683 1.5505 1.6438 3.7058 -32.4933 1.6977 53.8238 -5.8697 -3.9787
Car -1 -1 -3.9486 141.2200 171.2675 216.4773 194.8092 1.5600 1.7980 4.6229 -29.9621 1.4546 50.2681 -4.4839 -4.0084
Car -1 -1 -5.0379 935.1685 176.0441 977.1144 200.9629 1.7538 1.7122 3.5977 25.4135 1.9968 53.1512 -4.5944 -4.0399
Car -1 -1 -4.3150 179.6265 175.4333 234.0388 200.8501 1.5525 1.6506 3.9697 -25.9694 1.7260 46.5555 -4.8216 -4.1796
Car -1 -1 -4.6407 498.7624 173.4024 524.3621 196.2625 1.7110 1.7000 3.8661 -7.6440 1.7548 56.0827 -4.7759 -4.1922
Car -1 -1 -7.8271 839.2542 180.3984 869.9200 209.9356 1.6246 1.6335 3.7930 14.5048 2.0934 42.8019 -7.5030 -4.2416
Car -1 -1 -4.6091 847.2396 178.3920 874.9077 200.6281 1.5451 1.5696 3.5850 18.4605 1.9671 53.0662 -4.2765 -4.2906
Car -1 -1 -7.0162 61.9329 176.7365 164.3113 212.5201 1.6118 1.6929 3.9886 -24.0905 1.8119 35.1026 -7.6143 -4.3372
Car -1 -1 -4.2835 379.9548 173.7760 461.6761 209.9149 1.5643 1.7436 5.1242 -8.8335 1.6109 34.0441 -4.5359 -4.4048
Car -1 -1 -4.9389 587.4221 177.1503 625.4971 200.0168 1.4025 1.6360 3.9384 -0.3103 1.6955 47.1520 -4.9459 -4.4467
Car -1 -1 -4.7822 185.0605 173.8858 214.5791 196.0499 1.6273 1.6878 4.1406 -31.5323 1.7094 55.3726 -5.2980 -4.7265
Car -1 -1 -5.9958 345.8503 177.9789 390.9739 195.3551 1.6559 1.7106 3.8377 -23.5039 2.1610 70.2262 -6.3179 -4.8500
Car -1 -1 -4.3345 462.7769 176.0866 510.8237 203.6990 1.5351 1.6285 3.4383 -7.2252 1.7330 42.3976 -4.5026 -4.9241
Car -1 -1 -6.0124 780.3787 180.1148 850.3809 202.1583 1.5325 1.6229 4.7154 15.1282 2.0883 53.3424 -5.7379 -5.1706
Car -1 -1 -4.7670 215.9057 173.3018 239.4003 190.1622 1.4366 1.6303 3.7564 -33.7537 1.4771 63.6170 -5.2532 -5.2125
Car -1 -1 -6.6619 846.9612 175.9974 914.9984 199.5563 1.6305 1.9310 4.0958 19.1623 1.8578 51.2210 -6.3062 -5.3066
Car -1 -1 -4.5921 82.6999 177.0963 120.6288 197.9921 1.3931 1.7158 4.0739 -36.0426 1.7067 51.1975 -5.2032 -5.3681
Car -1 -1 -7.2573 279.7041 171.4259 319.4929 187.2095 1.4876 1.6804 3.8383 -30.1059 1.3527 70.0475 -7.6620 -5.5681
Car -1 -1 -4.7492 600.3447 177.6603 619.6204 193.5034 1.4172 1.6504 4.4656 -0.0516 1.8861 68.1781 -4.7504 -5.6124
Car -1 -1 -4.6199 572.5164 177.9280 601.9968 200.9408 1.4993 1.6640 4.2660 -1.5698 1.8669 50.1484 -4.6515 -5.7142
Car -1 -1 -4.5380 406.6054 177.6180 429.7586 192.2350 1.3527 1.5265 3.8526 -18.6099 1.8280 70.0493 -4.7970 -5.7768
Car -1 -1 -4.7911 543.3405 179.9289 563.4927 196.7663 1.4699 1.5545 3.8522 -5.2782 2.1436 66.7164 -4.8701 -5.8745
Car -1 -1 -4.6820 41.4573 178.7179 72.2454 201.3817 1.5885 1.6906 4.1994 -41.3119 2.0442 53.9111 -5.3336 -5.8867
Car -1 -1 -4.6419 94.8554 176.9207 122.9079 194.7321 1.4027 1.6291 4.0217 -41.6192 1.7524 59.9488 -5.2468 -5.8867
Car -1 -1 -4.7515 899.8924 176.5212 926.1187 197.8632 1.5119 1.6393 4.0084 22.6178 1.7971 54.0221 -4.3573 -5.8867
Car -1 -1 -7.1456 51.0679 0.0000 1241.0000 374.0000 1.5481 1.5920 3.8054 -1.2983 1.6340 1.0028 -7.9392 -5.8867
Car -1 -1 -4.4916 0.0000 181.1273 0.0000 207.1109 1.4789 1.6521 4.0615 -41.5785 2.0152 44.6215 -5.2389 -5.8867
Car -1 -1 -4.7932 570.4713 177.8823 592.1783 194.3039 1.4159 1.6331 4.2476 -2.6660 1.8893 65.7697 -4.8339 -5.9491
Car -1 -1 -4.7977 688.4012 184.0475 710.5692 203.1404 1.5550 1.5952 3.7450 7.7472 2.5599 62.8942 -4.6762 -5.9762
Car -1 -1 -2.3396 0.0000 178.3196 18.5695 364.6474 1.4501 1.7103 4.6359 -8.6789 1.5088 6.7360 -3.2309 -6.0124
Car -1 -1 -5.0752 373.8220 176.5581 409.2687 193.8950 1.5015 1.6342 4.3946 -19.9398 1.8499 65.6859 -5.3691 -6.1230
Car -1 -1 -5.0740 667.3030 181.0704 699.2005 200.0558 1.7475 1.7692 4.0658 7.1001 2.5750 70.5024 -4.9746 -6.1734
Car -1 -1 -5.0555 557.3012 176.4845 593.1863 196.5023 1.5276 1.6225 4.0058 -2.8591 1.8300 58.0055 -5.1049 -6.4185
