Car -1 -1 -7.6026 354.1829 181.9263 483.8673 268.4822 1.5296 1.6925 3.7897 -3.8653 1.7423 15.0461 -7.8507 7.1010
Car -1 -1 -7.7040 434.0645 180.8775 480.2859 212.8956 1.3926 1.6087 3.6806 -7.2266 1.7936 34.2089 -7.9111 4.4195
Car -1 -1 -7.8543 537.4520 180.3091 563.7839 203.3050 1.4181 1.6675 3.8161 -3.9642 1.9315 47.7452 -7.9371 2.7777
Car -1 -1 -4.4670 318.3515 176.6363 362.5318 201.7776 1.5462 1.7292 4.2231 -17.6099 1.8049 47.2278 -4.8223 1.8191
Car -1 -1 -3.6280 0.0000 177.0955 88.3926 209.6536 1.5620 1.7060 4.0458 -29.7493 1.7944 37.3835 -4.2968 -1.2001
Car -1 -1 -3.9396 240.2369 175.9916 304.4574 199.7893 1.5850 1.7080 4.1190 -23.7630 1.8156 50.8710 -4.3748 -1.9302
Car -1 -1 -4.2020 101.2046 174.7124 171.9592 203.8414 1.5815 1.6342 4.0291 -27.1655 1.6934 41.5011 -4.7788 -2.9996
Car -1 -1 -4.9567 221.2460 177.5597 263.4561 201.1106 1.5202 1.6754 3.9393 -25.2430 1.8555 49.4245 -5.4270 -2.9997
Car -1 -1 -4.5035 736.9348 192.4304 771.4127 214.7956 1.4566 1.6800 4.1121 10.6181 2.9573 53.1022 -4.3079 -3.1619
Car -1 -1 -4.6247 641.7574 179.5651 670.7030 203.9494 1.5364 1.6255 3.7525 3.1114 2.0058 48.5267 -4.5616 -3.2887
Car -1 -1 -1.7254 0.0000 186.8706 20.5432 247.8069 1.3948 1.5645 3.8146 -17.1783 1.8023 19.1725 -2.4492 -3.3995
Car -1 -1 -3.7834 144.8348 176.6168 223.3499 203.2194 1.5536 1.6675 4.0069 -26.4688 1.7989 44.9227 -4.3134 -3.5288
Car -1 -1 -8.0749 747.3145 189.8585 791.7734 217.9549 1.4882 1.6653 4.2985 9.4024 2.5517 42.9833 -7.8617 -3.8461
Car -1 -1 -4.9187 626.3123 182.4610 660.3519 205.4231 1.3685 1.5133 3.3740 2.0678 2.0082 46.2835 -4.8748 -3.9166
Car -1 -1 -3.3958 800.1470 184.8704 890.9308 216.4575 1.5090 1.6372 4.0325 11.6883 2.1255 36.1076 -3.0858 -4.0541
Car -1 -1 -7.7244 532.6536 178.9060 563.7758 203.1730 1.6135 1.6727 4.1937 -4.3683 2.0603 51.1705 -7.8096 -4.2328
Car -1 -1 -7.9097 1097.5817 195.5935 1135.1703 223.3390 1.5398 1.7078 3.9834 31.9835 3.0474 45.7019 -7.3028 -4.4705
Car -1 -1 -4.0861 489.2914 180.4239 546.9846 204.2208 1.4627 1.6544 4.2113 -6.0887 1.9897 48.0219 -4.2119 -4.5700
Car -1 -1 -5.4453 254.2058 175.9371 317.4810 200.2480 1.5892 1.6970 3.9952 -22.1162 1.8057 49.1536 -5.8663 -4.8310
Car -1 -1 -7.6000 304.7579 168.6036 341.2605 193.7572 1.8513 1.6820 3.8149 -21.8943 1.5382 55.1008 -7.9768 -4.9430
Car -1 -1 -4.9220 1046.4954 192.2314 1080.0450 213.5365 1.6459 1.6615 3.7626 38.5784 3.3530 61.5260 -4.3648 -5.0844
Car -1 -1 -7.8753 405.4665 178.4321 455.2751 221.8520 1.3711 1.5737 3.5391 -6.3526 1.5803 25.1906 -8.1203 -5.1550
Car -1 -1 -4.8267 651.0156 182.3054 676.0945 202.7172 1.5558 1.6085 3.7365 4.2956 2.3488 58.6577 -4.7545 -5.2100
Car -1 -1 -7.9205 1069.2123 194.1579 1103.4038 223.6106 1.6998 1.5773 3.7393 30.6647 3.1343 46.5760 -7.3419 -5.2406
Car -1 -1 -4.8937 325.3672 178.6217 352.9817 195.8588 1.4493 1.5966 4.0595 -24.1667 1.9798 64.2563 -5.2523 -5.2964
Car -1 -1 -7.8817 1076.0389 190.5260 1104.0503 214.2818 1.5930 1.6053 3.6387 35.3811 2.9459 53.2821 -7.2987 -5.4263
Car -1 -1 -4.4707 565.0184 181.5329 605.8171 207.1576 1.3571 1.5319 3.5727 -1.4027 1.8778 41.4096 -4.5049 -5.4739
Car -1 -1 -4.9910 1098.6914 192.6115 1147.5723 218.4511 1.6359 1.7383 4.1693 36.4348 3.1044 51.3832 -4.3775 -5.4868
Car -1 -1 -4.7967 967.9493 196.0762 999.1030 220.8345 1.4156 1.4716 3.8289 24.3326 2.9989 47.1531 -4.3236 -5.5660
Car -1 -1 -4.6563 381.5008 177.8670 418.2070 205.0400 1.3151 1.6179 4.1417 -11.0308 1.5937 37.9326 -4.9378 -5.5947
Car -1 -1 -5.0511 597.3477 182.4791 629.1141 200.8233 1.4329 1.5250 3.6579 0.2128 2.2649 60.4141 -5.0481 -5.6552
Car -1 -1 -7.5200 300.3372 177.7408 371.6082 216.8229 1.5233 1.6048 3.9695 -11.5766 1.7440 30.6283 -7.8789 -5.6589
Car -1 -1 -5.2703 359.5211 182.9360 491.7134 232.4810 1.3428 1.8476 4.6466 -5.9467 1.6921 22.7487 -5.5237 -5.7304
Car -1 -1 -4.8302 321.2988 178.3473 358.1027 204.7208 1.5033 1.6613 3.8878 -16.5957 1.8549 44.1148 -5.1883 -5.7427
Car -1 -1 -4.2450 414.4348 177.1534 481.1941 205.3965 1.4111 1.6780 4.5118 -8.7517 1.6585 39.1723 -4.4638 -5.8221
Car -1 -1 -4.7200 1069.2903 176.1765 1092.6454 195.2585 1.6088 1.6806 3.9226 41.5023 1.9113 63.6694 -4.1447 -5.8225
Car -1 -1 -4.7547 809.9091 194.5854 833.2460 215.1847 1.4526 1.6026 3.7863 16.7103 3.2359 57.1915 -4.4725 -5.8738
Car -1 -1 -4.6060 32.8934 181.8631 68.6981 204.0498 1.5223 1.6626 4.1046 -41.4117 2.2168 53.4651 -5.2627 -5.8867
Car -1 -1 -4.7736 1137.5542 172.2087 1168.5826 192.3237 1.4799 1.6398 3.9858 41.4738 1.4321 55.2016 -4.1320 -5.8867
Car -1 -1 -4.6795 1046.2830 172.8586 1068.6940 189.3378 1.4790 1.6451 3.9959 41.4738 1.4791 66.8772 -4.1267 -5.8867
Car -1 -1 -4.6345 80.2479 181.5853 109.8285 200.9576 1.4568 1.6333 4.0057 -41.6092 2.1882 58.3249 -5.2522 -5.8867
Car -1 -1 -4.8316 1209.0317 168.8900 1241.0000 191.8120 1.4695 1.6429 3.9979 41.4686 1.2150 48.3751 -4.1262 -5.8867
Car -1 -1 -4.6132 56.4648 182.2156 89.4330 202.3178 1.4383 1.6412 4.1023 -41.5400 2.1908 55.8390 -5.2506 -5.8867
Car -1 -1 -5.3225 209.7632 174.1494 276.5675 201.0736 1.6489 1.6835 4.2371 -23.4822 1.7344 46.0974 -5.7916 -5.8931
Car -1 -1 -5.1058 358.8103 179.0233 429.4533 217.5521 1.5317 1.6255 3.7269 -9.4433 1.8154 31.2680 -5.3972 -5.9040
Car -1 -1 -4.2993 0.0000 182.1666 0.0000 242.7324 1.3542 1.5912 4.2480 -19.1241 1.6297 19.0984 -5.0784 -5.9307
Car -1 -1 -7.9652 845.8198 185.1218 874.0478 204.9235 1.4131 1.6210 4.1333 19.4659 2.4090 56.4003 -7.6350 -5.9606
Car -1 -1 -4.8159 435.3861 180.3130 466.4507 203.4562 1.4767 1.6533 4.3221 -11.0592 2.0156 49.8421 -5.0335 -6.0060
Car -1 -1 -4.5045 1079.2856 183.5294 1114.4470 203.0882 1.5222 1.6440 4.0715 40.7205 2.4446 60.3555 -3.9137 -6.0490
Car -1 -1 -4.9881 387.9809 180.6431 465.5390 221.6658 1.4228 1.7244 4.7488 -7.3580 1.7565 28.4543 -5.2394 -6.0792
Car -1 -1 -2.8654 417.4182 169.7389 472.7455 196.8242 2.0904 1.6630 3.9284 -12.9411 1.8497 56.6204 -3.0894 -7.1761
Car -1 -1 -5.9654 979.9520 237.8645 1241.0000 374.0000 1.1898 1.2745 2.7402 5.0115 1.9158 6.5772 -5.3371 -8.1405
