Car -1 -1 -7.8390 584.9970 179.8557 615.0513 204.9301 1.2971 1.5950 3.4621 -0.5676 1.7020 40.0232 -7.8536 4.2634
Car -1 -1 -7.7834 523.5836 178.8120 552.6855 200.7402 1.2867 1.5686 3.4700 -4.4863 1.6729 45.0506 -7.8824 3.8704
Car -1 -1 -4.3094 315.2686 174.2148 363.0004 197.1866 1.5647 1.6928 4.1528 -19.2998 1.6655 51.5089 -4.6664 -1.2280
Car -1 -1 -5.0202 843.9421 183.2132 893.5259 212.8736 1.4984 1.5950 3.3261 14.0024 2.0868 39.3170 -4.6810 -1.9772
Car -1 -1 -4.6018 448.2318 175.8418 482.4698 204.0466 1.5574 1.5687 3.6130 -8.4329 1.7392 42.1043 -4.7987 -2.6308
Car -1 -1 -5.1440 156.2712 174.2690 204.1587 194.2920 1.6083 1.7311 4.4571 -35.9098 1.7300 60.2132 -5.6800 -2.8138
Car -1 -1 -4.4062 28.4144 180.2241 74.3323 201.9438 1.4862 1.6249 3.6391 -40.7761 2.0447 52.7105 -5.0623 -3.0317
Car -1 -1 -4.9841 117.9146 175.9586 155.0425 195.4765 1.6274 1.6925 3.9950 -41.2131 1.9055 62.7363 -5.5636 -3.2151
Car -1 -1 -4.7106 722.7773 177.4146 740.4442 195.0653 1.6596 1.6666 3.8475 11.9336 2.1204 70.9286 -4.5450 -3.4292
Car -1 -1 -6.5411 839.8292 174.9967 906.7034 203.7903 1.7032 1.6621 3.5020 15.9031 1.8359 43.8074 -6.1955 -3.4817
Car -1 -1 -4.0578 139.1519 173.4527 207.6627 196.7746 1.5012 1.7041 4.2798 -29.4533 1.5432 48.7820 -4.5988 -3.5445
Car -1 -1 -4.6077 1018.5363 178.6189 1061.9789 209.2131 1.5037 1.6405 3.3048 22.6240 1.8212 37.9632 -4.0741 -3.5592
Car -1 -1 -6.3174 204.0573 176.6853 282.8982 205.0049 1.6092 1.6931 4.1404 -21.9614 1.8476 43.2091 -6.7854 -3.5969
Car -1 -1 -4.8136 555.2268 174.9315 589.5483 202.6923 1.5693 1.6437 4.0419 -2.3337 1.6996 43.2300 -4.8676 -3.7273
Car -1 -1 -5.4706 485.0912 177.8192 525.6785 195.4134 1.6440 1.6407 3.9612 -10.2354 2.1407 70.3489 -5.6149 -3.7439
Car -1 -1 -4.7785 1052.0605 175.4971 1098.0731 207.8270 1.5548 1.7239 3.6731 23.7800 1.6976 37.0555 -4.2120 -3.9354
Car -1 -1 -7.9672 578.2335 175.7779 612.8107 203.0110 1.5346 1.6263 3.9003 -0.9451 1.7174 43.1395 -7.9895 -3.9379
Car -1 -1 -4.0005 20.0869 182.9456 81.0135 205.1705 1.4518 1.5266 3.3778 -39.0639 2.1810 50.4308 -4.6571 -4.2469
Car -1 -1 -4.3250 549.8711 179.7731 580.1140 197.4327 1.5232 1.5463 3.4812 -4.0858 2.1704 65.6189 -4.3873 -4.3179
Car -1 -1 -7.7962 935.0123 168.2194 969.6360 195.7026 1.5396 1.6317 3.9664 20.1844 1.2797 42.5518 -7.3563 -4.3531
Car -1 -1 -7.8017 314.5692 178.0968 348.7856 206.4596 1.4897 1.5971 3.8902 -15.7138 1.8009 40.7695 -8.1677 -4.3966
Car -1 -1 -4.8913 892.9292 180.0697 936.2234 209.3194 1.4914 1.5477 3.6670 16.6665 1.9078 39.7117 -4.4971 -4.5209
Car -1 -1 -4.5231 30.0692 179.0006 81.3067 209.8267 1.5818 1.5483 3.7997 -30.6079 1.9387 39.8871 -5.1745 -4.5298
Car -1 -1 -8.1204 850.8788 172.5603 889.0922 194.5748 1.5266 1.6060 3.9109 18.6697 1.5059 52.0461 -7.7781 -4.6499
Car -1 -1 -4.5043 785.5493 179.8789 819.8377 202.2379 1.5058 1.6275 3.8909 13.8939 2.0324 52.0174 -4.2452 -4.6581
Car -1 -1 -4.2882 322.1536 176.2281 354.5584 191.4700 1.4437 1.5770 3.7678 -26.7560 1.7850 71.1282 -4.6470 -4.6626
Car -1 -1 -5.3852 140.3760 172.9530 212.1294 198.9671 1.5558 1.6645 4.0243 -26.8714 1.5618 44.6485 -5.9245 -4.7652
Car -1 -1 -7.7157 237.5601 174.3744 261.8788 189.9534 1.4800 1.6387 3.7291 -35.4211 1.6335 70.9690 -8.1773 -4.7747
Car -1 -1 -5.1678 964.6292 168.2586 1015.9579 194.0006 1.6919 1.6175 3.7216 25.8872 1.3896 49.3040 -4.6870 -4.8008
Car -1 -1 -4.5259 933.3279 191.2369 986.6740 227.4818 1.5079 1.5925 3.8885 16.5516 2.4289 34.1234 -4.0784 -4.8119
Car -1 -1 -4.5439 198.8539 170.7933 230.0810 189.3430 1.5428 1.7253 3.8915 -34.0377 1.3711 62.1317 -5.0434 -4.8681
Car -1 -1 -7.3554 456.7188 176.1298 515.3785 203.8397 1.4943 1.6271 3.9721 -7.1107 1.6925 41.5604 -7.5242 -4.9061
Car -1 -1 -7.8875 992.3239 171.1798 1030.7847 201.9573 1.6040 1.6993 3.8319 21.9985 1.5164 39.6966 -7.3850 -4.9771
Car -1 -1 -4.2460 331.3434 184.2070 384.2018 211.2287 1.5952 1.6245 3.8922 -16.1668 2.3561 46.3417 -4.5802 -4.9830
Car -1 -1 -4.5152 128.5139 175.8556 169.3081 198.7340 1.4581 1.5938 3.8013 -31.0228 1.6685 48.5865 -5.0811 -4.9870
Car -1 -1 -4.6341 112.8870 172.1320 150.0851 196.9444 1.4835 1.6093 4.3082 -30.0948 1.4401 45.4156 -5.2167 -5.0272
Car -1 -1 -5.1477 930.8464 170.9072 978.6443 191.4352 1.4113 1.6434 3.7334 24.5036 1.2772 51.4790 -4.7059 -5.0379
Car -1 -1 -4.9939 192.2423 174.6156 227.3891 190.6037 1.4379 1.7766 4.2132 -37.4645 1.6075 67.4735 -5.4992 -5.2581
Car -1 -1 -7.1210 951.0460 171.3342 1006.5608 193.8364 1.5751 1.6166 3.5250 26.4900 1.4684 51.8945 -6.6516 -5.2836
Car -1 -1 -2.0921 255.0343 171.7359 297.1512 189.0901 1.5865 1.6740 4.3106 -31.4558 1.4840 67.8923 -2.5247 -5.3147
Car -1 -1 -6.1221 626.5842 178.7804 684.0983 201.4089 1.7079 1.7631 4.2678 3.5375 2.1825 56.4873 -6.0604 -5.5810
Car -1 -1 -4.6266 572.8997 177.3760 601.9521 200.1013 1.4610 1.6364 4.2000 -1.5357 1.7836 49.3818 -4.6580 -5.6057
Car -1 -1 -4.7385 0.0000 182.9831 32.8436 204.6764 1.3787 1.7684 4.2086 -41.3045 2.1115 50.0514 -5.4260 -5.6805
Car -1 -1 -5.6447 713.4407 183.2594 759.4932 202.8281 1.6287 1.6304 3.8010 11.1777 2.5800 64.0524 -5.4732 -5.7364
Car -1 -1 -4.3168 600.1292 177.7484 644.1427 199.4882 1.4553 1.6658 4.1784 0.8848 1.8200 51.5622 -4.3001 -5.7492
Car -1 -1 -4.6158 98.8035 176.2902 129.5277 195.4818 1.5255 1.7042 4.3567 -41.5536 1.8244 60.5039 -5.2157 -5.8636
Car -1 -1 -4.4891 0.0000 180.8064 11.6641 206.5976 1.5857 1.6835 4.1905 -41.4559 2.1391 47.9924 -5.1989 -5.8866
Car -1 -1 -7.1458 51.2773 0.0000 1241.0000 374.0000 1.5460 1.5908 3.8046 -1.2981 1.6277 1.0032 -7.9392 -5.8867
Car -1 -1 -4.6238 76.1732 177.6182 106.7064 196.4242 1.4257 1.6348 4.0234 -41.6207 1.8222 57.9380 -5.2447 -5.8867
Car -1 -1 -4.2932 0.0000 177.9529 54.2164 211.6573 1.5894 1.8390 3.6141 -30.1795 1.8618 36.6113 -4.9791 -6.0433
Car -1 -1 -4.2490 617.9113 178.3593 654.8118 197.7715 1.4851 1.4516 3.7721 2.1384 1.9452 58.3396 -4.2130 -6.1489
Car -1 -1 -5.6336 0.0000 180.6325 14.4583 374.0000 1.5795 1.8958 4.1269 -8.3811 1.6647 6.5182 -6.5233 -6.2195
Car -1 -1 -7.8666 951.3547 168.4387 980.6856 194.3394 1.6422 1.6773 4.6752 23.7102 1.3620 48.2211 -7.4123 -6.2407
Car -1 -1 -4.3857 511.7627 178.5245 539.2451 195.0191 1.5479 1.5123 3.9364 -8.3258 2.1237 71.2245 -4.5020 -6.6871
Car -1 -1 -4.6465 268.2873 173.1268 298.1188 201.4058 1.7795 1.5447 3.6368 -21.4675 1.7979 47.4151 -5.0698 -8.6537
