Car -1 -1 -7.6636 405.5253 181.1486 504.2371 251.4706 1.5005 1.6631 3.8258 -3.7409 1.7266 17.7748 -7.8687 7.2322
Car -1 -1 -4.0575 0.0000 183.4385 100.5973 241.5345 1.4307 1.6626 3.6649 -16.4734 1.7552 20.2919 -4.7331 5.7970
Car -1 -1 -7.6302 403.2279 183.4220 462.2326 221.3964 1.4056 1.5855 3.5635 -7.2181 1.8636 29.4983 -7.8686 2.9708
Car -1 -1 -7.8207 532.2509 181.1735 557.3685 203.2735 1.4071 1.5875 3.7401 -4.4523 1.9972 49.2928 -7.9107 2.2114
Car -1 -1 -4.7646 317.9576 180.6181 362.4317 217.9286 1.4616 1.6041 3.7162 -11.7270 1.8181 31.1319 -5.1224 -0.6372
Car -1 -1 -3.8075 654.1552 183.2273 703.7776 204.0520 1.4886 1.6174 3.5047 5.2212 2.3000 54.8290 -3.7135 -1.4072
Car -1 -1 -2.7409 325.0701 179.8886 425.5777 213.5766 1.4809 1.6287 4.0762 -10.7711 1.8132 33.1233 -3.0533 -1.8680
Car -1 -1 -5.1543 83.6785 180.2827 160.5487 212.8760 1.5456 1.6923 4.0252 -24.9203 1.9420 36.7723 -5.7467 -2.6969
Car -1 -1 -3.3209 624.3144 182.5170 691.6779 208.3402 1.4631 1.6145 3.7432 2.7743 2.0478 42.6608 -3.2569 -3.5275
Car -1 -1 -4.0485 166.1613 177.6615 241.2752 207.3302 1.5310 1.5710 3.8594 -22.4219 1.8102 39.9182 -4.5577 -3.5442
Car -1 -1 -4.7358 700.9014 178.3648 726.7859 204.1423 1.7362 1.7248 4.2740 7.3804 2.1482 51.7703 -4.5955 -3.5509
Car -1 -1 -5.2883 114.5158 178.2622 195.4044 210.0127 1.5827 1.6774 4.0658 -24.0931 1.8803 38.1334 -5.8489 -3.5807
Car -1 -1 -7.5701 223.4578 178.7706 312.3429 229.7321 1.5600 1.6833 3.9607 -11.6088 1.7789 24.6562 -8.0064 -3.9741
Car -1 -1 -4.7282 481.4475 184.5190 512.7235 213.6706 1.5255 1.6902 3.6509 -6.5223 2.2236 41.2559 -4.8845 -4.0329
Car -1 -1 -7.3202 123.1178 180.6787 260.8195 246.7577 1.5700 1.5268 3.6802 -11.1368 1.8005 19.4363 -7.8349 -4.0397
Car -1 -1 -4.9110 460.8211 183.7285 507.5974 215.2316 1.5279 1.6721 4.2192 -6.8619 2.1471 38.8309 -5.0852 -4.2676
Car -1 -1 -4.3658 309.1970 180.7059 350.8178 200.4343 1.4075 1.7239 3.9305 -21.3296 2.0277 55.0401 -4.7342 -4.2693
Car -1 -1 -4.6381 435.6788 185.3862 477.1931 217.2754 1.5949 1.9411 4.2866 -8.5097 2.3304 40.1115 -4.8463 -4.3037
Car -1 -1 -7.8230 1099.6801 196.3280 1133.7235 224.2042 1.5915 1.7055 4.2108 33.0667 3.1949 47.0945 -7.2145 -4.4519
Car -1 -1 -4.4320 410.0703 178.5006 468.4448 210.4320 1.4324 1.6821 4.1619 -8.2967 1.7244 35.2372 -4.6620 -4.4822
Car -1 -1 -2.5850 100.5514 183.6218 185.7327 211.0409 1.5718 1.6883 3.9635 -27.7567 2.2251 42.9226 -3.1564 -4.4835
Car -1 -1 -4.8452 402.9143 183.0653 449.1077 216.7779 1.3588 1.5311 3.5961 -8.3023 1.8421 32.2187 -5.0959 -4.7239
Car -1 -1 -7.9613 935.4147 195.2340 966.7590 219.3907 1.5279 1.6101 3.7661 24.2532 3.1872 51.4643 -7.5238 -5.1724
Car -1 -1 -4.6822 110.5381 182.8414 137.0440 200.9266 1.4163 1.7324 4.3029 -41.2960 2.2962 61.3092 -5.2731 -5.2047
Car -1 -1 -4.8803 549.2971 185.7803 576.1089 206.9451 1.5385 1.5434 3.4034 -3.7602 2.5837 56.5242 -4.9469 -5.3161
Car -1 -1 -5.5970 1077.2480 192.0792 1149.1545 218.6539 1.7277 1.7654 4.0693 36.3521 3.1793 52.2906 -4.9928 -5.3474
Car -1 -1 -4.2145 474.8151 177.2660 523.1169 200.6866 1.5516 1.5503 4.1954 -7.8034 1.8761 50.8793 -4.3663 -5.4334
Car -1 -1 -4.7391 941.8776 189.0527 966.0975 209.7969 1.5403 1.6675 3.5778 27.8925 2.9006 58.6312 -4.2976 -5.4738
Car -1 -1 -4.9300 422.6282 184.6164 495.5878 229.1043 1.3969 1.7066 4.1920 -5.5858 1.8592 26.1133 -5.1392 -5.5070
Car -1 -1 -5.2796 1046.1921 196.0127 1110.8612 222.9705 1.6043 1.7126 4.0648 31.3510 3.2251 48.4716 -4.7089 -5.5404
Car -1 -1 -4.8914 415.5443 179.3985 451.4951 201.4421 1.3640 1.6323 4.0388 -11.8394 1.8199 48.1174 -5.1317 -5.5821
Car -1 -1 -4.7754 324.7505 181.0476 349.3925 199.9073 1.4844 1.6941 4.0340 -23.0785 2.2003 60.8791 -5.1366 -5.6433
Car -1 -1 -4.7871 85.4722 183.4697 116.6983 203.0029 1.4658 1.7798 4.0369 -41.3649 2.3586 58.5790 -5.4000 -5.6797
Car -1 -1 -4.0974 62.2841 182.5897 123.3662 205.4484 1.4281 1.5448 3.5769 -34.6445 2.1049 48.3946 -4.7163 -5.7169
Car -1 -1 -4.7620 1088.0928 183.5444 1115.4309 204.1384 1.6151 1.7012 3.8434 41.3968 2.5470 60.8342 -4.1672 -5.7239
Car -1 -1 -4.7858 173.8616 181.6058 204.9084 206.4910 1.6441 1.6245 3.9081 -29.9019 2.2900 51.1991 -5.3123 -5.7999
Car -1 -1 -7.8657 987.2344 188.6825 1012.8680 209.7425 1.3490 1.5374 3.5285 27.5185 2.5102 51.0256 -7.3741 -5.8021
Car -1 -1 -4.4158 624.6934 178.7297 660.1663 199.2106 1.4904 1.6251 4.1010 2.5287 1.9639 55.9766 -4.3713 -5.8330
Car -1 -1 -4.7013 1068.7231 172.4695 1091.6532 189.9037 1.4869 1.6502 3.9995 41.4724 1.4538 63.6593 -4.1262 -5.8867
Car -1 -1 -4.7673 1130.1776 173.2839 1160.4131 193.5402 1.5101 1.6521 3.9927 41.4754 1.5444 56.0033 -4.1326 -5.8867
Car -1 -1 -4.5479 0.0000 185.0281 15.0131 209.9868 1.5367 1.6538 4.0111 -41.6065 2.3937 48.6643 -5.2527 -5.8867
Car -1 -1 -4.5142 0.0000 184.6861 0.0000 211.1836 1.5200 1.6494 4.0098 -41.6082 2.3001 45.4473 -5.2527 -5.8867
Car -1 -1 -4.7920 1164.5905 174.6825 1200.0973 197.7801 1.5978 1.6883 4.0126 41.4731 1.7356 52.3883 -4.1255 -5.8867
Car -1 -1 -4.6960 149.4275 182.0145 171.1676 199.0577 1.4723 1.6374 4.0101 -41.6061 2.3469 66.7735 -5.2516 -5.8867
Car -1 -1 -4.5716 1.6995 185.1558 42.0048 209.0284 1.5457 1.6569 4.0114 -41.6054 2.4529 51.0769 -5.2528 -5.8867
Car -1 -1 -4.6769 131.3966 181.5913 155.1217 198.9821 1.4477 1.6303 4.0207 -41.6215 2.2527 64.3621 -5.2493 -5.8867
Car -1 -1 -4.8554 446.5143 180.5241 479.5760 202.3125 1.4043 1.6633 4.3040 -10.3437 1.9647 50.4363 -5.0570 -5.8921
Car -1 -1 -4.4344 377.9173 179.2296 417.0180 202.0846 1.6886 1.8363 4.2884 -16.6585 2.2079 56.6592 -4.7194 -6.0624
Car -1 -1 -5.1050 894.5602 194.2218 952.7050 221.7431 1.3758 1.6491 3.9025 17.7387 2.6501 41.0765 -4.7006 -6.1586
