Car -1 -1 -7.8497 586.4078 179.5068 615.6002 204.6347 1.3052 1.5536 3.4537 -0.5337 1.6908 40.1292 -7.8634 4.3592
Car -1 -1 -7.7312 521.8189 177.4546 555.3410 200.8483 1.3773 1.6589 3.5442 -4.4460 1.6752 44.9773 -7.8295 3.8013
Car -1 -1 -6.7889 0.0000 212.1374 106.3239 374.0000 1.4307 1.5721 3.6748 -3.6901 1.6483 2.1154 -7.7841 0.4484
Car -1 -1 -4.4329 363.1084 174.5112 398.1666 195.2854 1.6610 1.7296 4.0474 -19.0683 1.8033 60.0620 -4.7394 -1.0743
Car -1 -1 -7.4035 307.2092 176.0032 355.6192 199.6671 1.5483 1.6409 3.7375 -19.1434 1.7732 49.6549 -7.7699 -2.0412
Car -1 -1 -4.7141 36.8018 177.9422 66.0476 199.8273 1.4931 1.6242 3.8450 -40.4171 1.8750 52.1826 -5.3707 -2.5028
Car -1 -1 -1.8675 144.2540 172.4610 183.9985 191.8846 1.5521 1.6860 4.0544 -36.8929 1.5204 59.6290 -2.4197 -2.5156
Car -1 -1 -7.6891 0.0000 209.3894 458.1814 374.0000 1.4018 1.5424 3.8005 -1.7361 1.6253 2.3704 -8.2715 -3.0776
Car -1 -1 -1.9799 164.5513 173.6173 209.4656 193.4063 1.5871 1.6765 4.2335 -35.1840 1.6522 59.9426 -2.5090 -3.2137
Car -1 -1 -4.6001 0.0000 182.8452 36.7652 206.2634 1.4520 1.7220 4.0943 -40.1431 2.1576 48.7910 -5.2861 -3.2248
Car -1 -1 -3.3796 852.5229 172.4769 935.5006 202.6686 1.7055 1.7111 4.1922 16.3850 1.6839 41.8835 -3.0095 -3.4191
Car -1 -1 -5.3088 706.3391 177.9459 747.7501 200.3553 2.0721 1.7697 4.4607 11.3212 2.5841 70.2011 -5.1500 -3.4275
Car -1 -1 -2.7439 313.0908 177.8537 389.4257 202.1556 1.4949 1.6619 4.2414 -16.3916 1.8180 45.7200 -3.0866 -3.5309
Car -1 -1 -4.5666 955.1451 186.9065 1007.5678 223.4045 1.4956 1.6103 3.9221 17.0983 2.1826 33.2230 -4.0955 -3.7674
Car -1 -1 -4.5442 643.2476 178.9956 673.7205 202.6602 1.6614 1.6375 3.9423 3.6262 2.1375 53.8576 -4.4779 -3.8240
Car -1 -1 -4.6107 927.0737 171.8046 967.4607 200.5805 1.5792 1.7122 4.2726 19.5740 1.5213 41.8704 -4.1765 -3.9716
Car -1 -1 -4.7332 272.4985 175.0016 302.9895 199.0416 1.4870 1.7394 4.4156 -21.2478 1.6349 47.4229 -5.1526 -4.0725
Car -1 -1 -4.7564 308.8048 179.2472 346.9508 209.9332 1.5579 1.7739 4.5503 -15.7576 1.9344 40.0879 -5.1290 -4.1298
Car -1 -1 -4.8658 488.4217 174.9237 513.1304 192.3855 1.5091 1.6154 3.9256 -9.8859 1.7013 64.9737 -5.0165 -4.1654
Car -1 -1 -4.1965 503.0866 175.1226 539.9313 192.2985 1.4859 1.6037 3.8585 -7.9641 1.6967 65.0614 -4.3181 -4.2322
Car -1 -1 -2.5193 84.4037 174.7156 145.2350 194.6148 1.6352 1.6780 3.9618 -41.4040 1.7929 60.3425 -3.1188 -4.2797
Car -1 -1 -7.0439 281.8871 171.9272 332.9864 190.4397 1.6685 1.6933 4.4653 -28.2305 1.5847 67.4164 -7.4393 -4.3398
Car -1 -1 -7.7070 0.0000 182.0434 47.4220 213.5443 1.5056 1.5822 3.8574 -30.7820 2.0124 37.7531 -8.3877 -4.5165
Car -1 -1 -1.9339 115.2048 175.2958 158.8772 195.5416 1.6692 1.8721 3.8983 -40.5788 1.8847 61.8511 -2.5128 -4.5786
Car -1 -1 -5.2438 948.9344 176.1239 1001.1735 200.2273 1.6192 1.6165 3.7147 25.6535 1.8582 50.8948 -4.7796 -4.6798
Car -1 -1 -4.7216 223.5564 176.8617 254.3543 204.3880 1.5292 1.5565 3.4359 -21.9076 1.7755 42.5157 -5.1951 -4.7559
Car -1 -1 -4.4373 170.8223 173.3131 214.4840 196.8636 1.5098 1.6072 3.5928 -27.8951 1.5415 48.2719 -4.9591 -4.7573
Car -1 -1 -5.1734 375.4644 173.6209 412.9248 192.5210 1.6578 1.6650 3.9676 -19.6269 1.7292 65.4710 -5.4638 -4.8243
Car -1 -1 -4.0028 473.4595 175.9983 529.9361 203.3143 1.5094 1.5472 3.1937 -6.3099 1.7000 42.0401 -4.1513 -4.8953
Car -1 -1 -7.9527 444.8870 173.7225 481.2905 203.2056 1.6336 1.6793 4.2483 -8.7124 1.6871 42.3913 -8.1545 -4.8996
Car -1 -1 -4.6675 573.3148 177.4813 601.8521 200.5690 1.4457 1.7155 4.4291 -1.4897 1.7695 48.3007 -4.6987 -4.9246
Car -1 -1 -5.4509 811.4868 175.2044 882.5266 199.2995 1.5442 1.7732 4.8891 16.0835 1.7131 49.3406 -5.1379 -5.0778
Car -1 -1 -4.3145 616.9373 177.4416 656.1989 198.9054 1.6189 1.6462 4.1777 2.1368 1.9992 57.6196 -4.2781 -5.1017
Car -1 -1 -4.6824 679.4284 182.9966 697.0733 199.5078 1.4803 1.5730 3.6482 7.4792 2.4763 68.9573 -4.5753 -5.1539
Car -1 -1 -4.5604 117.5777 169.7677 167.0380 198.4990 1.6807 1.8825 4.6143 -28.9225 1.4999 44.6984 -5.1322 -5.1636
Car -1 -1 -4.4360 79.5204 172.3032 138.1805 200.8149 1.6423 1.7720 4.4680 -30.4718 1.6103 43.9619 -5.0394 -5.2130
Car -1 -1 -4.7860 640.4718 178.2172 663.3904 196.5908 1.4802 1.6181 4.5457 3.5282 1.9559 61.7500 -4.7296 -5.2162
Car -1 -1 -3.8823 13.2877 178.8298 105.8173 209.8427 1.5250 1.5750 3.8447 -29.1436 1.8588 38.2980 -4.5296 -5.3972
Car -1 -1 -4.6479 189.8697 174.8906 227.6600 204.8463 1.6529 1.6732 3.9772 -23.4813 1.7780 42.2623 -5.1526 -5.6274
Car -1 -1 -2.1499 0.0000 179.9684 19.6063 209.1684 1.7999 1.8712 4.4471 -40.8924 2.2750 46.7132 -2.8662 -5.6324
Car -1 -1 -5.2871 250.8771 169.4199 295.0555 188.5380 1.7172 1.7334 4.1279 -31.1610 1.4085 66.6413 -5.7232 -5.6724
Car -1 -1 -7.6266 280.0098 173.8639 377.9091 235.4212 1.6434 1.7554 4.4288 -8.3255 1.6767 21.6520 -7.9900 -5.7404
Car -1 -1 -4.5125 120.0512 168.8850 163.9777 197.3134 1.7823 1.6877 3.8030 -30.6574 1.5331 47.3137 -5.0851 -5.7938
Car -1 -1 -4.8758 923.1469 174.0632 958.8286 196.0391 1.4636 1.6310 3.9302 23.0345 1.5513 50.3962 -4.4496 -5.8867
Car -1 -1 -4.6092 60.2823 176.5873 92.8942 195.7519 1.4169 1.6345 4.0263 -41.6236 1.7192 56.3318 -5.2435 -5.8867
