Car -1 -1 -7.4472 107.9209 179.5490 410.3994 351.6589 1.4985 1.6453 3.8186 -3.7125 1.5934 8.3411 -7.8550 7.6259
Car -1 -1 -7.7727 490.3453 176.3093 523.1815 201.5801 1.3801 1.6008 3.4744 -5.9587 1.5879 41.6735 -7.9142 5.0209
Car -1 -1 -7.8836 573.7979 177.3702 601.7301 200.4525 1.3036 1.5620 3.4951 -1.4012 1.5852 43.2430 -7.9162 3.5771
Car -1 -1 -4.6125 439.1694 173.2819 462.4851 190.9996 1.5375 1.6405 4.1559 -14.3000 1.5770 64.8787 -4.8288 -0.7788
Car -1 -1 -5.0085 46.7220 169.2895 107.3892 198.0513 1.6009 1.7057 4.1879 -31.1535 1.4022 42.0962 -5.6427 -1.1168
Car -1 -1 -5.4110 0.0000 169.6752 22.1626 220.6484 1.5045 1.6306 3.5931 -20.6043 1.4104 22.3434 -6.1501 -1.5847
Car -1 -1 -2.3559 0.0000 169.7942 85.0699 198.6629 1.5775 1.6990 3.7089 -31.8921 1.4100 40.4960 -3.0199 -3.4258
Car -1 -1 -4.4478 224.5959 171.9503 260.8873 191.2135 1.5373 1.6566 4.1118 -30.3909 1.4649 59.7650 -4.9166 -3.6318
Car -1 -1 -4.6646 722.0378 176.8036 744.3216 197.7009 1.7075 1.7006 4.0468 10.5759 2.0580 61.9299 -4.4966 -3.6673
Car -1 -1 -7.9701 328.6779 172.1535 351.8890 187.8744 1.4929 1.6587 4.1872 -26.4931 1.4260 70.7588 -8.3273 -3.7275
Car -1 -1 -4.9622 259.4357 168.9969 299.3815 193.9285 1.7679 1.7307 4.0731 -24.4761 1.4941 53.2932 -5.3910 -3.9103
Car -1 -1 -7.9368 576.1777 173.9751 598.0539 191.8963 1.5677 1.6606 3.8765 -2.1240 1.6722 65.3928 -7.9695 -3.9583
Car -1 -1 -8.9199 1174.4713 174.5745 1241.0000 230.8470 1.5745 1.6146 3.5065 19.7732 1.6318 22.2299 -8.1999 -3.9924
Car -1 -1 -7.6621 371.2013 173.4117 397.3797 189.3112 1.5069 1.6606 4.2906 -22.1142 1.5630 70.7621 -7.9641 -3.9953
Car -1 -1 -6.0030 0.0000 173.5871 81.7155 200.3947 1.5710 1.7063 3.9574 -34.8170 1.6169 43.9070 -6.6707 -4.0078
Car -1 -1 -4.5403 620.2485 175.1997 643.7546 192.3748 1.5912 1.6163 3.9397 2.1286 1.8236 69.5088 -4.5102 -4.0382
Car -1 -1 -4.7845 712.3592 181.8970 743.1398 208.2026 1.5169 1.6018 3.9320 7.2703 2.1063 45.0281 -4.6260 -4.2515
Car -1 -1 -4.8988 604.7835 178.4549 627.9156 194.1429 1.4320 1.5558 3.6904 0.5623 1.9841 69.2097 -4.8911 -4.3130
Car -1 -1 -7.4647 86.7403 169.3972 152.8504 198.2494 1.6441 1.8117 4.2177 -29.3948 1.4469 43.3656 -8.0577 -4.3765
Car -1 -1 -8.0007 276.8752 170.3645 307.4480 194.1332 1.7778 1.6033 4.0404 -24.7695 1.5913 56.1052 -8.4149 -4.4164
Car -1 -1 -4.4274 234.6423 169.8381 283.1096 193.4811 1.4982 1.7205 4.4208 -23.3342 1.3068 48.0430 -4.8775 -4.4591
Car -1 -1 -5.2901 260.5689 174.4417 299.5717 191.9159 1.6441 1.6097 3.8263 -31.9922 1.8014 69.9022 -5.7181 -4.5755
Car -1 -1 -4.5994 313.7480 170.4796 336.7952 186.4516 1.5225 1.6518 4.1268 -27.9963 1.2959 70.9878 -4.9739 -4.6536
Car -1 -1 -4.3453 700.8568 180.7729 731.2993 196.5203 1.4097 1.5611 3.9566 10.1257 2.1878 68.8187 -4.2002 -4.6820
Car -1 -1 -3.7961 276.0930 170.8462 340.7875 194.6895 1.5572 1.7327 3.8003 -20.5414 1.4258 49.2026 -4.1899 -4.6859
Car -1 -1 -4.2403 680.7625 179.2762 723.8686 201.6114 1.6436 1.6370 4.1709 7.2434 2.1659 56.5355 -4.1140 -4.8794
Car -1 -1 -4.6679 732.9107 174.7974 758.9434 197.4615 1.7311 1.8583 4.7124 10.9463 1.8939 58.0482 -4.4829 -5.1829
Car -1 -1 -5.2004 726.4965 178.6467 771.9359 201.2815 1.5458 1.6112 3.8577 10.0339 1.9831 52.4222 -5.0127 -5.2985
Car -1 -1 -4.6800 649.5259 176.6152 672.6674 199.4058 1.6170 1.5996 4.2856 3.8376 1.9105 54.1379 -4.6100 -5.3867
Car -1 -1 -5.4587 707.9868 179.7825 753.8520 200.9930 1.5685 1.5257 3.5607 9.4087 2.1292 56.5100 -5.2950 -5.5460
Car -1 -1 -7.4514 369.5707 173.8283 414.7906 198.9818 1.6845 1.6876 3.7538 -15.2002 1.7550 50.4316 -7.7430 -5.6533
Car -1 -1 -4.8901 13.1498 174.8035 75.0844 208.6067 1.5025 1.6162 4.1454 -26.9640 1.6002 34.2855 -5.5529 -5.6738
Car -1 -1 -3.8701 223.2679 169.5836 289.8488 194.4890 1.6557 1.5862 4.1558 -24.5427 1.4380 50.1915 -4.3230 -5.7311
Car -1 -1 -4.8168 226.0241 177.9585 342.7208 264.8546 1.4000 1.6310 4.3403 -6.5694 1.5161 14.1770 -5.2441 -5.8760
Car -1 -1 -4.2466 179.6618 174.3244 236.6781 202.0518 1.6568 1.5674 3.8259 -25.1652 1.7527 45.2632 -4.7517 -5.9236
Car -1 -1 -7.4588 216.2848 173.4184 254.7440 191.7515 1.6592 1.6168 4.4357 -35.1068 1.7137 67.7187 -7.9357 -5.9323
Car -1 -1 -5.6806 206.0814 173.4666 396.9807 235.2391 1.5419 1.9049 4.4301 -8.2880 1.5593 19.4188 -6.0795 -5.9347
Car -1 -1 -5.6894 0.0000 183.7652 0.0000 374.0000 1.5452 1.7450 3.5206 -8.1481 1.6566 6.0073 -6.6033 -6.0872
Car -1 -1 -8.8100 981.0638 284.7039 1241.0000 374.0000 1.1893 1.1050 3.6680 5.6850 2.6401 7.4460 -8.1792 -9.7816
