Car -1 -1 -7.6167 367.8429 186.3231 489.3179 267.1674 1.4848 1.6950 3.8558 -3.8687 1.8159 15.8231 -7.8535 7.3533
Car -1 -1 -7.8838 534.1039 182.3273 559.5502 205.7691 1.4546 1.5792 3.4584 -4.2680 2.1088 48.0455 -7.9724 2.9564
Car -1 -1 -7.7199 429.2081 184.1419 473.5244 217.6138 1.3860 1.4945 3.7517 -7.2617 1.9338 33.1083 -7.9347 2.2171
Car -1 -1 -4.3182 270.6065 182.3419 327.9096 210.4941 1.4505 1.6275 3.7271 -17.3228 2.0048 40.3085 -4.7220 1.7309
Car -1 -1 -1.9728 33.8698 182.7454 105.4355 213.0592 1.5013 1.6613 3.9330 -28.9271 2.0530 38.5573 -2.6133 -1.0526
Car -1 -1 -6.8757 177.8898 180.2282 252.9870 206.2134 1.5144 1.6530 3.8778 -24.7609 1.9990 45.3447 -7.3733 -1.0713
Car -1 -1 -5.2298 437.8549 192.5465 483.3883 217.3988 1.5955 1.5773 3.6176 -10.6523 3.0432 51.1768 -5.4345 -1.8660
Car -1 -1 -4.5503 653.0062 177.0169 681.3868 200.3522 1.7996 1.6693 4.0579 4.6528 2.1498 58.5882 -4.4720 -2.0154
Car -1 -1 -4.5622 88.2849 185.4332 132.9996 213.0907 1.5063 1.6152 4.0615 -30.0456 2.3017 43.4600 -5.1644 -2.2254
Car -1 -1 -2.3347 0.0000 183.7586 71.8136 215.3559 1.5139 1.6974 4.0223 -29.7452 2.0805 36.4181 -3.0161 -2.7992
Car -1 -1 -5.0511 653.6225 180.6487 686.4219 199.5221 1.5128 1.5991 3.8351 5.0618 2.2002 61.5946 -4.9700 -3.1378
Car -1 -1 -2.9377 687.8317 184.7284 763.9664 210.5019 1.4357 1.6271 4.2504 6.8875 2.1696 43.0979 -2.7809 -3.1498
Car -1 -1 -4.3771 57.5625 188.5606 100.9357 208.4948 1.4020 1.6297 3.5010 -40.9233 2.6553 55.6737 -5.0088 -4.1360
Car -1 -1 -3.7329 81.2684 183.0352 173.5681 212.8302 1.5164 1.6364 4.0758 -26.9710 2.1175 40.4199 -4.3185 -4.1410
Car -1 -1 -7.2233 33.2901 183.2062 141.0639 223.6232 1.4398 1.6086 3.6138 -20.5240 1.8737 28.4483 -7.8440 -4.5551
Car -1 -1 -3.6058 0.0000 182.4327 39.4379 216.0943 1.4539 1.6387 3.6119 -29.6631 1.9349 34.2739 -4.3155 -4.6547
Car -1 -1 -7.5891 674.2447 179.9914 706.7753 199.9785 1.5947 1.6846 4.3458 6.8834 2.2264 61.5635 -7.4788 -4.7099
Car -1 -1 -4.6634 647.0515 182.2925 676.7944 207.5587 1.4489 1.6631 4.0045 3.2443 2.0649 45.0248 -4.5925 -4.7754
Car -1 -1 -4.2194 344.5868 180.0247 395.7763 204.4619 1.5884 1.6097 4.1628 -16.7065 2.1105 50.3739 -4.5384 -4.8393
Car -1 -1 -3.1354 614.8641 180.4754 671.4834 201.6761 1.6032 1.7237 4.3404 2.5570 2.2072 56.2333 -3.0907 -4.9389
Car -1 -1 -7.1678 1014.2751 192.1650 1069.5469 212.2266 1.6067 1.7802 4.3083 37.3147 3.3181 62.3836 -6.6315 -5.0007
Car -1 -1 -5.0943 60.2219 181.4476 130.0280 212.4850 1.4713 1.6329 3.7357 -26.3441 1.9300 36.8407 -5.7118 -5.1536
Car -1 -1 -7.7882 414.1270 179.4022 464.3528 221.2496 1.4052 1.5723 3.5550 -6.2993 1.6643 26.7004 -8.0182 -5.1852
Car -1 -1 -4.6785 465.8091 178.7638 487.6146 200.6275 1.7062 1.6271 4.6824 -11.0831 2.2177 60.0583 -4.8605 -5.2932
Car -1 -1 -7.7821 837.4046 191.2636 860.3642 212.3841 1.5927 1.5506 3.9259 19.9302 3.1823 60.2016 -7.4645 -5.3762
Car -1 -1 -4.7800 382.0130 179.2180 405.6401 197.5318 1.4718 1.6589 4.1652 -18.5627 2.0362 61.7860 -5.0710 -5.4554
Car -1 -1 -7.9569 1053.4343 185.8709 1086.2574 207.3679 1.4520 1.6238 4.1238 34.0914 2.4588 53.6173 -7.3935 -5.6849
Car -1 -1 -4.7431 1073.1354 179.6487 1098.0522 197.9970 1.5027 1.6749 3.9803 41.3388 2.1140 62.8084 -4.1635 -5.7618
Car -1 -1 -5.1233 359.8399 180.0927 400.2603 201.0718 1.6390 1.7024 4.0983 -19.1505 2.2610 59.9241 -5.4317 -5.7619
Car -1 -1 -4.8726 1241.0000 170.4901 1241.0000 196.9795 1.5498 1.6744 4.0125 41.4683 1.4112 44.3496 -4.1243 -5.8867
Car -1 -1 -4.9011 1241.0000 168.4242 1241.0000 195.8006 1.5105 1.6602 4.0062 41.4670 1.2658 41.9377 -4.1251 -5.8867
Car -1 -1 -4.6548 105.3940 183.4229 132.2563 202.6089 1.5060 1.6478 4.0080 -41.6052 2.4326 61.1403 -5.2504 -5.8867
Car -1 -1 -4.7920 1164.5964 175.3803 1200.2046 198.8030 1.6162 1.6938 4.0153 41.4771 1.8068 52.3884 -4.1254 -5.8867
Car -1 -1 -4.6336 83.5702 184.8481 113.3549 205.3236 1.5335 1.6586 4.0369 -41.6159 2.5453 58.7261 -5.2481 -5.8867
Car -1 -1 -4.6668 500.7913 179.0758 522.0192 197.0878 1.4234 1.5851 3.9684 -8.2597 1.9623 60.4820 -4.8023 -5.8867
Car -1 -1 -4.5848 21.4979 185.9412 59.4486 209.6220 1.5790 1.6651 4.0467 -41.5438 2.5732 52.6663 -5.2504 -5.8867
Car -1 -1 -4.4503 141.7046 184.8567 180.8479 204.8729 1.4548 1.6378 4.0472 -35.5540 2.4425 57.2211 -5.0044 -5.8968
Car -1 -1 -4.7471 954.3174 190.3573 978.1344 211.6978 1.6328 1.6487 4.3417 30.2141 3.1764 61.3265 -4.2918 -5.9276
Car -1 -1 -4.7274 1010.2548 188.3492 1031.8125 205.4071 1.3771 1.5901 3.7314 36.3685 2.7932 63.9357 -4.2128 -5.9804
Car -1 -1 -4.3772 323.7805 183.5240 366.2695 205.7818 1.4247 1.6001 3.7842 -18.3063 2.1907 49.9152 -4.7273 -6.0336
Car -1 -1 -4.7365 1186.4070 186.7341 1219.7688 210.8104 1.5259 1.6788 3.5655 40.9164 2.5220 49.8707 -4.0528 -6.0359
Car -1 -1 -4.7681 398.7754 178.8447 437.4966 210.6706 1.4328 1.6113 4.0707 -9.5229 1.7453 35.4904 -5.0288 -6.0492
Car -1 -1 -4.1023 0.0000 184.1970 20.6663 259.3529 1.6089 1.7012 4.3572 -17.4801 1.9338 18.4107 -4.8546 -6.0623
Car -1 -1 -4.6416 387.4311 183.0097 462.7305 240.3828 1.3465 1.7018 4.2324 -5.0478 1.6585 19.9555 -4.8868 -6.0949
Car -1 -1 -8.0185 963.2930 191.3882 1002.7524 221.1934 1.7249 1.6255 3.8648 23.9188 2.9712 46.4419 -7.5462 -6.1199
Car -1 -1 -4.9964 388.6657 186.9440 482.7968 236.6950 1.3694 1.7670 4.5983 -5.8656 1.8788 23.6703 -5.2373 -6.4119
Car -1 -1 -4.6163 661.0674 183.1245 686.7687 203.7156 1.4531 1.6045 3.6909 4.8587 2.2613 54.8361 -4.5290 -7.5993
Car -1 -1 -4.0177 600.5550 179.4070 650.0038 200.2447 1.5665 1.6829 4.1595 1.2298 2.1095 57.7001 -3.9969 -7.8827
