Car -1 -1 -7.4133 49.7795 181.6198 400.8853 374.0000 1.4844 1.6166 3.9141 -3.6606 1.6009 7.6491 -7.8470 8.2124
Car -1 -1 -7.7818 495.9676 178.1977 529.5181 202.8178 1.3545 1.6992 3.5323 -5.6958 1.6809 42.2996 -7.9152 4.0115
Car -1 -1 -7.8785 578.3051 178.2634 607.1030 202.5991 1.3578 1.6152 3.6051 -1.0998 1.6930 42.9162 -7.9045 3.8119
Car -1 -1 -4.1130 743.7192 179.9830 785.0498 199.7992 1.6138 1.6381 3.7673 13.2653 2.2449 62.0158 -3.9037 -1.8071
Car -1 -1 -7.8204 457.6618 174.0581 475.5025 189.2311 1.4509 1.6054 3.6947 -14.1588 1.5728 71.2607 -8.0161 -2.3194
Car -1 -1 -7.9524 581.3522 174.6054 613.5105 201.8025 1.6427 1.6498 4.0276 -0.8769 1.7590 45.9470 -7.9718 -2.5188
Car -1 -1 -4.4452 0.0000 175.7255 46.4646 213.6771 1.5025 1.5808 3.7996 -25.7490 1.6335 30.9333 -5.1353 -2.7535
Car -1 -1 -4.5920 290.9043 170.4811 315.1159 187.1862 1.5336 1.6584 3.8315 -29.0504 1.3155 68.3125 -4.9929 -3.1022
Car -1 -1 -3.6475 0.0000 171.0301 94.8429 198.9393 1.5104 1.6870 4.0669 -32.1605 1.4114 41.2491 -4.3067 -3.1901
Car -1 -1 -6.6321 65.4018 172.2277 139.4799 196.1245 1.5466 1.6515 3.7535 -34.2413 1.5058 48.7083 -7.2424 -3.4374
Car -1 -1 -5.4832 755.7918 177.6316 804.6515 197.1148 1.5231 1.6371 3.9394 13.9802 1.9311 59.5506 -5.2541 -3.4732
Car -1 -1 -3.9568 340.7525 173.5928 385.3183 190.5688 1.5423 1.6656 4.0191 -23.2214 1.6138 67.9177 -4.2853 -3.5826
Car -1 -1 -5.0672 435.9458 172.6856 467.4014 188.3911 1.4961 1.6572 4.2184 -15.6175 1.4798 70.9559 -5.2833 -3.8562
Car -1 -1 -3.5670 779.5861 175.8050 848.8032 202.0231 1.6436 1.6611 3.9703 13.1314 1.8385 46.6078 -3.2945 -3.9133
Car -1 -1 -4.6865 706.9485 183.7543 734.0725 208.3114 1.4918 1.6850 4.2852 7.3700 2.2521 48.0928 -4.5359 -3.9470
Car -1 -1 -4.6754 700.3321 182.6271 724.7833 204.8344 1.4639 1.5894 3.9553 7.3179 2.1892 51.4853 -4.5355 -3.9943
Car -1 -1 -5.7521 439.0521 175.4743 497.1388 194.3618 1.6296 1.7749 4.8526 -12.6770 1.8690 64.3492 -5.9462 -4.3340
Car -1 -1 -4.6151 540.6324 178.5130 562.9072 197.2910 1.5619 1.5936 3.6375 -5.0761 2.0696 62.9498 -4.6957 -4.5022
Car -1 -1 -4.8926 717.4872 180.5585 745.4652 201.3737 1.6324 1.6053 3.9371 10.0436 2.2943 60.0331 -4.7281 -4.6465
Car -1 -1 -4.9017 645.0803 180.1134 682.8174 205.8700 1.5561 1.6445 4.4174 3.4389 2.0535 47.1731 -4.8299 -4.6763
Car -1 -1 -5.0139 533.6035 177.2918 570.6338 199.9604 1.5107 1.5647 3.7158 -4.1503 1.8358 50.8915 -5.0953 -4.6794
Car -1 -1 -4.7929 145.2394 165.7728 182.9504 191.1043 1.5692 1.7449 4.4069 -29.1059 1.1303 46.9900 -5.3451 -4.8836
Car -1 -1 -4.4917 333.2446 171.7257 360.7126 187.8559 1.4761 1.5814 4.0762 -24.8235 1.3726 68.1518 -4.8400 -4.9094
Car -1 -1 -4.6509 228.9624 173.5749 259.9348 199.4053 1.5116 1.4816 3.3658 -22.3721 1.5573 44.1673 -5.1175 -4.9518
Car -1 -1 -5.8473 298.5181 168.3557 380.3731 195.3490 1.6511 1.6925 4.5046 -16.9287 1.3757 45.1555 -6.2043 -4.9728
Car -1 -1 -4.8382 650.7603 176.3812 686.0787 206.5061 1.7069 1.5767 4.3724 3.4441 1.9307 43.6248 -4.7605 -5.1706
Car -1 -1 -5.0229 0.0000 163.4496 36.4815 191.6728 1.6452 1.6222 4.0827 -36.7144 1.0967 43.8404 -5.7172 -5.2068
Car -1 -1 -4.9958 318.1393 170.3452 357.4176 193.3896 1.6932 1.6781 4.2993 -20.9024 1.5086 55.2398 -5.3562 -5.2401
Car -1 -1 -4.8598 773.5114 177.7720 800.3295 195.1681 1.4107 1.6330 4.1207 15.0990 1.8464 61.8392 -4.6218 -5.3631
Car -1 -1 -2.2890 289.8892 171.0692 348.8156 193.1144 1.5650 1.6671 4.1863 -21.3527 1.4380 52.9134 -2.6710 -5.3993
Car -1 -1 -5.2701 249.4657 171.5818 295.9270 191.2424 1.6038 1.7250 3.9234 -28.3890 1.4997 60.6502 -5.7064 -5.4361
Car -1 -1 -6.6883 0.0000 174.2681 0.0000 374.0000 1.4754 1.5641 3.6788 -5.3214 1.4845 2.8756 -7.7241 -5.5054
Car -1 -1 -5.1486 126.8758 169.3015 184.8577 192.9185 1.6378 1.8233 4.4729 -32.7892 1.3912 52.0192 -5.7088 -5.6348
Car -1 -1 -7.7453 170.6653 178.9619 307.6260 277.0144 1.2837 1.5282 3.5604 -5.8449 1.3982 11.6218 -8.2026 -5.7237
Car -1 -1 -3.7367 0.0000 184.0945 76.9305 374.0000 1.4969 1.5388 3.6074 -3.9145 1.5617 2.3725 -4.7123 -5.7324
Car -1 -1 -4.3669 606.5583 178.2294 649.3438 199.4716 1.4187 1.6836 4.3846 1.3079 1.8213 51.7274 -4.3422 -5.7880
Car -1 -1 -4.3881 627.8756 179.5621 666.6833 202.2085 1.4984 1.6185 3.7990 2.6450 1.9917 51.0272 -4.3371 -5.7962
Car -1 -1 -4.8879 587.1470 176.5250 617.3382 196.2473 1.4179 1.5960 4.0926 -0.6572 1.7075 54.8355 -4.9002 -5.8008
Car -1 -1 -4.6696 577.6030 177.0309 601.9225 197.6715 1.3972 1.5759 3.9179 -1.4453 1.7070 51.6089 -4.6979 -5.8867
Car -1 -1 -7.3169 149.1331 0.0000 1241.0000 374.0000 1.5407 1.5909 3.8046 -0.9083 1.6012 0.9962 -7.9398 -5.8867
Car -1 -1 -5.7151 1224.9689 182.2235 1241.0000 374.0000 1.5257 1.6136 3.9669 4.5674 1.5840 2.5213 -4.6976 -5.8867
Car -1 -1 -4.4893 0.0000 176.2377 0.0000 201.5429 1.4425 1.6432 4.0312 -41.6220 1.6579 43.8586 -5.2456 -5.8867
Car -1 -1 -5.5822 1004.0422 180.0843 1241.0000 374.0000 1.5143 1.6095 3.9631 2.9662 1.5552 2.1275 -4.6976 -5.8867
Car -1 -1 -5.3267 0.0000 180.6076 0.0000 371.7601 1.5165 1.7846 3.9431 -8.7198 1.6007 6.8350 -6.2135 -6.3345
Car -1 -1 -5.7993 159.5965 174.6573 385.2132 246.0145 1.5688 1.9599 4.4206 -7.8818 1.6138 17.0209 -6.2274 -6.3395
Car -1 -1 -4.8967 1144.0742 242.0021 1241.0000 374.0000 1.4916 1.7086 3.1329 5.2958 2.1957 5.5680 -4.1643 -7.0589
Car -1 -1 -5.8434 891.6666 241.9150 1241.0000 374.0000 1.2315 1.2506 2.7676 4.1335 2.0088 6.6275 -5.3072 -7.7973
