Car -1 -1 -4.3155 239.3276 187.3652 370.2253 248.5905 1.3702 1.6625 4.3024 -8.0320 1.8020 19.3282 -4.7050 7.4014
Car -1 -1 -4.5008 441.9986 178.9448 487.7118 205.9932 1.4443 1.7393 4.1848 -8.3353 1.8128 41.5809 -4.6978 5.0100
Car -1 -1 -4.1846 172.1742 183.7617 273.8429 225.1063 1.4234 1.6849 3.9664 -14.8838 1.8757 27.9221 -4.6706 0.0418
Pedestrian -1 -1 -7.2308 76.9823 182.5920 108.6934 235.1521 1.7380 0.6250 0.6163 -17.4455 2.0696 24.2830 -7.8488 -0.3019
Car -1 -1 -4.3444 314.0972 181.3150 371.9604 209.7244 1.4639 1.6414 4.2024 -14.9586 1.9639 40.5536 -4.6960 -1.0976
Car -1 -1 -5.3168 629.6097 177.0961 695.5429 207.2828 1.5175 1.6126 3.8942 2.7417 1.7585 38.9456 -5.2475 -1.1607
Pedestrian -1 -1 -8.5741 629.8245 174.6682 650.1764 209.8743 1.7065 0.6741 0.7494 1.4357 1.7968 35.5295 -8.5347 -2.1536
Car -1 -1 -7.4132 305.3867 166.7416 346.0645 194.1337 2.4593 1.8045 4.4102 -26.3744 1.9102 67.0419 -7.7869 -2.1588
Car -1 -1 -2.0418 0.0000 203.0883 55.5551 236.3289 1.4860 1.6797 4.0553 -30.4132 3.0903 36.7123 -2.7303 -2.1695
Car -1 -1 -7.9294 163.8156 153.9850 195.3353 182.6841 2.1529 1.7993 4.3299 -33.7094 0.7371 56.4160 -8.4660 -2.1832
