Car -1 -1 -4.4693 460.3190 178.0345 495.2351 205.2094 1.9882 1.7027 4.1520 -10.1909 2.4032 55.7243 -4.6498 2.3091
Car -1 -1 -7.7899 332.6868 185.8246 394.3083 237.9397 1.5265 1.6997 4.1041 -8.3002 2.0050 24.4326 -8.1146 1.1894
Pedestrian -1 -1 -8.2348 761.8489 174.5921 777.4528 205.5919 1.7333 0.6820 0.6077 8.9741 1.8320 40.7388 -8.0200 0.3055
Cyclist -1 -1 -5.6385 974.8967 183.6115 1025.6864 231.8600 1.6843 0.5999 1.5897 14.2201 2.0904 26.4126 -5.1500 0.1017
Car -1 -1 -2.7288 0.0000 190.0199 75.2528 230.3646 1.6197 1.6711 3.9759 -26.0352 2.3996 31.4531 -3.4162 -0.1255
Pedestrian -1 -1 -6.6327 0.0000 183.2529 19.6631 232.0233 1.7860 0.5919 0.6428 -22.6853 2.1815 27.0324 -7.3262 -0.4189
Cyclist -1 -1 -7.9998 670.4131 182.0117 685.2157 218.7608 1.5399 0.4095 1.5924 2.9041 1.9489 31.4420 -7.9092 -0.7076
Cyclist -1 -1 -7.9399 1148.7211 182.1112 1162.4659 217.6010 1.6262 0.3873 1.4521 25.7792 2.0734 34.1562 -7.2980 -0.8498
Pedestrian -1 -1 -7.9858 1097.0792 179.0300 1129.1283 245.2309 1.8121 0.6558 0.6284 14.0667 1.9889 20.2591 -7.3864 -0.9446
Pedestrian -1 -1 -4.0883 1213.6721 164.3280 1241.0000 226.5878 1.8246 0.6350 0.6301 18.5404 1.5744 21.5296 -3.3845 -0.9625
Car -1 -1 -4.9959 1132.1469 182.4320 1201.8591 217.5406 1.5251 1.6380 3.7191 26.4785 2.0095 34.4804 -4.3456 -1.5238
Car -1 -1 -5.4989 179.6071 194.0363 263.4904 223.4812 1.4773 1.6340 4.0937 -21.3182 2.6783 39.5482 -5.9908 -1.6329
Car -1 -1 -4.4409 287.3121 191.4541 330.4710 215.8191 1.4828 1.6695 4.1450 -20.5680 2.8106 49.3644 -4.8341 -1.7365
Pedestrian -1 -1 -6.0129 1028.1875 172.5646 1067.5251 239.5496 1.7892 0.6125 0.7900 11.9449 1.7812 19.7697 -5.4766 -2.0480
