Car -1 -1 -4.4088 350.5486 182.0949 429.6244 226.6147 1.4851 1.7148 3.9004 -8.1209 1.8537 26.8433 -4.7003 7.3424
Car -1 -1 -3.9087 246.1818 177.2831 295.9882 195.4179 1.5104 1.5965 3.9497 -29.6852 1.9115 63.2631 -4.3461 -0.4566
Pedestrian -1 -1 -6.9132 385.5588 177.5055 409.8865 214.5357 1.6896 0.7570 0.7935 -9.9266 1.9094 33.6040 -7.1987 -0.8376
Car -1 -1 -4.5631 253.2283 185.0994 284.7060 207.0570 1.4770 1.5534 3.6089 -24.8778 2.4035 52.6616 -5.0027 -0.8942
Pedestrian -1 -1 -6.4327 984.9844 165.5669 1021.5766 259.7096 1.7991 0.7253 0.5222 7.6847 1.6595 14.2170 -5.9466 -1.4211
Car -1 -1 -4.5652 624.9639 179.3721 665.0057 210.0759 1.4677 1.5604 3.5669 1.8085 1.8206 37.1987 -4.5176 -1.5787
Car -1 -1 -7.9019 643.8649 177.8459 682.0938 212.6220 1.5345 1.6128 3.9440 2.4318 1.7859 34.3973 -7.8326 -1.6522
Car -1 -1 -4.6206 628.1227 175.2295 656.8840 199.5574 1.5222 1.5694 3.5935 2.1355 1.6842 47.4015 -4.5763 -2.0523
Cyclist -1 -1 -3.0713 380.7339 176.2716 415.7429 213.9383 1.7507 0.6328 1.5468 -10.0363 1.9141 34.0951 -3.3559 -2.0883
Pedestrian -1 -1 -2.1563 336.1298 185.1449 350.6912 212.7885 1.7614 0.6859 0.5697 -17.3298 2.5662 46.8161 -2.5094 -2.1293
