Car -1 -1 -4.4507 360.6096 184.7823 414.5022 218.9815 1.4729 1.5876 3.4462 -10.4722 2.0644 34.0464 -4.7473 6.1442
Car -1 -1 -4.3456 216.0222 189.1193 333.2123 246.9363 1.4608 1.7062 4.4063 -9.9739 2.0014 21.7455 -4.7714 5.7027
Car -1 -1 -8.3176 888.3031 170.7799 942.3957 198.0232 1.6441 1.6084 3.7730 19.1443 1.5186 45.4809 -7.9218 1.0740
Car -1 -1 -7.9084 480.6206 176.0010 506.9575 200.9517 1.6780 1.6277 3.9033 -8.2978 1.9098 51.1313 -8.0688 0.0393
Car -1 -1 -5.1718 843.1392 177.9530 891.0819 202.4303 1.7046 1.6742 4.1063 18.8907 2.0959 53.2772 -4.8332 -0.7357
Cyclist -1 -1 -7.6650 0.0000 182.2636 17.5702 232.4753 1.7353 0.4226 1.7760 -21.9893 2.0874 26.1450 -8.3594 -0.7538
Car -1 -1 -4.6997 935.2902 182.3454 957.3548 202.4399 1.5568 1.6160 4.0725 28.0286 2.3765 60.1510 -4.2660 -1.3370
Pedestrian -1 -1 -7.7952 975.5882 166.9818 995.4930 214.3282 1.7917 0.6491 0.5710 14.3812 1.5692 27.7159 -7.3214 -1.3793
Car -1 -1 -4.6386 248.6023 186.7602 275.9818 207.7539 1.5394 1.6742 4.3153 -28.0724 2.7072 58.2899 -5.0859 -1.8676
Car -1 -1 -4.7369 206.9196 194.1780 239.0566 222.1911 1.4833 1.6139 3.8512 -23.3610 2.8279 43.4344 -5.2281 -1.9694
Car -1 -1 -5.6626 814.6237 176.4375 875.2460 200.7802 1.5284 1.5182 3.5994 15.4756 1.7747 47.7582 -5.3515 -2.0726
Car -1 -1 -5.3317 881.6468 181.1107 927.0592 199.6252 1.5037 1.6060 4.0209 25.4807 2.2449 62.6550 -4.9476 -2.0740
