Car -1 -1 -4.2011 251.8422 188.7203 320.5018 218.4955 1.4628 1.6951 4.0164 -17.7820 2.3821 39.7402 -4.6197 0.8422
Car -1 -1 -7.1623 114.7668 190.1021 221.6596 231.4439 1.4790 1.6283 3.8711 -18.0012 2.2336 29.5450 -7.7057 0.7451
Car -1 -1 -5.2150 586.5124 183.3969 646.4473 212.7201 1.5331 1.6666 4.1045 0.2775 2.1714 41.5075 -5.2090 -0.5103
Car -1 -1 -7.7819 70.2800 188.8278 113.4697 220.2813 1.5291 1.6225 3.9033 -28.1881 2.4449 39.2885 -8.4012 -0.5407
Car -1 -1 -4.2412 181.4866 190.4086 263.3914 225.8209 1.4350 1.6329 4.1192 -17.8464 2.2969 33.3666 -4.7293 -0.8942
Car -1 -1 -4.7300 628.8918 184.4401 654.1123 209.2134 1.5204 1.5940 3.4382 2.0167 2.3131 47.6454 -4.6885 -0.8968
Car -1 -1 -4.7728 161.7000 188.7293 193.3388 213.5597 1.5270 1.6188 3.8347 -29.4402 2.6502 49.0221 -5.3115 -0.9610
Car -1 -1 -4.7765 1227.1733 131.2292 1241.0000 222.7318 1.5267 1.6592 4.1637 13.2523 0.8319 14.1812 -4.0352 -1.0903
Car -1 -1 -7.4555 296.5943 175.6172 393.3404 236.8733 1.9329 1.7275 3.9572 -9.0896 2.0359 24.9706 -7.8016 -1.6338
Cyclist -1 -1 -7.2576 78.3430 189.6288 114.2948 231.8348 1.6222 0.3476 1.5900 -20.7878 2.3185 29.1651 -7.8727 -1.8243
Car -1 -1 -4.7932 637.0363 184.2004 674.7211 214.9148 1.4823 1.6507 4.3389 2.3611 2.1238 38.6238 -4.7333 -1.9706
