Car -1 -1 -4.5153 382.9909 184.5722 428.4179 215.8902 1.4786 1.6227 3.3262 -10.4822 2.1083 37.0731 -4.7894 5.4816
Car -1 -1 -4.3502 268.6078 188.1232 365.1466 237.7427 1.4601 1.6701 4.1464 -9.9029 2.0247 24.6042 -4.7296 4.6819
Car -1 -1 -4.8132 485.3311 176.4206 513.6014 199.3087 1.5816 1.6337 4.0846 -8.1414 1.8527 52.7227 -4.9661 0.3391
Car -1 -1 -4.6757 261.0032 184.9422 290.3960 210.8091 1.5220 1.5723 3.8268 -21.5154 2.3346 46.4559 -5.1075 -0.0115
Cyclist -1 -1 -6.5387 130.5207 182.2898 175.4210 220.5289 1.8143 0.7371 1.7407 -22.5520 2.2906 35.5590 -7.1008 -0.3362
Car -1 -1 -4.9571 264.8323 177.1364 301.7515 201.1511 1.7871 1.6899 4.1278 -25.6839 2.1354 56.6004 -5.3816 -1.3897
Car -1 -1 -4.7706 798.4980 175.4894 823.6952 196.8153 1.6673 1.7339 4.2559 16.4431 1.8916 59.2332 -4.5015 -1.7192
Car -1 -1 -4.2492 269.9653 179.4772 315.4117 203.3953 1.8900 1.7326 4.3218 -26.5369 2.4646 60.4365 -4.6616 -1.7289
Car -1 -1 -6.3567 564.1969 179.7165 611.0229 195.6437 1.4555 1.6068 4.2927 -2.1447 2.1102 67.8460 -6.3885 -1.9801
Car -1 -1 -5.0977 842.7151 172.5723 887.9937 200.1809 2.0184 1.7157 4.3835 19.3616 1.9975 54.9798 -4.7612 -2.1597
