Car -1 -1 -4.5100 447.9004 180.9028 489.1704 210.2966 1.5258 1.5376 3.7764 -7.9023 1.9972 40.3885 -4.7024 3.7146
Car -1 -1 -4.4930 500.9857 180.8381 529.0170 198.6423 1.4697 1.6028 4.0606 -8.3503 2.1956 63.5328 -4.6235 1.0892
Car -1 -1 -6.2366 15.2052 199.8056 98.3975 228.5638 1.5301 1.6767 3.9083 -33.3305 3.2242 43.5619 -6.8869 -0.4654
Cyclist -1 -1 -4.2931 984.1474 163.9305 1044.5623 248.1754 1.7505 0.4892 1.7601 8.7715 1.5648 15.7206 -3.7927 -0.9635
Car -1 -1 -7.3438 145.9254 187.1019 257.5216 231.0106 1.4273 1.7635 4.2412 -15.1336 2.0011 26.9540 -7.8515 -1.1626
Pedestrian -1 -1 -8.0584 240.2106 185.4069 256.8589 221.1758 1.6915 0.6134 0.5850 -17.4927 2.3045 34.8354 -8.5210 -1.2601
Car -1 -1 -7.4557 613.5020 178.6444 656.0576 201.2030 1.5329 1.6412 4.0627 1.8116 1.9702 52.3412 -7.4218 -1.3137
Pedestrian -1 -1 -6.0395 679.0842 174.1091 694.1608 201.6886 1.8039 0.5836 0.8761 5.0289 1.8872 47.6553 -5.9355 -1.3736
Car -1 -1 -4.4605 98.4967 191.5242 138.2632 214.3797 1.5152 1.5759 3.5226 -36.0202 2.9335 52.8998 -5.0562 -1.4227
Cyclist -1 -1 -7.8880 1195.4803 183.6569 1241.0000 374.0000 1.6780 0.5313 1.5485 5.0991 1.7777 5.8992 -7.2008 -1.4943
Car -1 -1 -4.5917 0.9873 186.7036 41.5449 211.6073 1.5426 1.6472 4.2045 -40.2608 2.5327 49.3798 -5.2732 -1.7814
Car -1 -1 -4.3922 359.0294 184.5443 404.5222 208.8297 1.4556 1.6171 4.1538 -14.9445 2.2563 47.3480 -4.6967 -1.8907
Car -1 -1 -6.6102 628.5760 179.6701 691.2917 202.2837 1.5247 1.6736 4.0817 3.4711 2.0168 50.7861 -6.5428 -2.1114
