Car -1 -1 -4.6474 617.1638 185.3193 644.9362 210.2463 1.5245 1.6053 4.0067 1.4124 2.3939 48.2687 -4.6189 -0.1084
Car -1 -1 -4.8958 597.3862 183.4712 629.9655 207.1224 1.5529 1.6040 4.0266 0.1897 2.3403 51.4077 -4.8927 -1.2517
Car -1 -1 -4.8151 622.0782 186.6351 656.2576 215.1472 1.4899 1.5709 3.8130 1.5988 2.3204 41.5460 -4.7776 -1.5550
Car -1 -1 -7.9605 636.2332 184.0847 680.1910 220.4196 1.5160 1.6084 3.7921 2.1217 2.0629 33.2267 -7.8980 -1.5925
Car -1 -1 -4.7704 620.8169 183.7320 647.4956 207.2129 1.5478 1.6591 4.1131 1.6580 2.3562 51.5644 -4.7390 -1.8197
Car -1 -1 -4.0607 0.0000 198.2349 133.6548 249.3160 1.4393 1.7230 4.1100 -18.4192 2.3715 24.4459 -4.7013 -1.8438
Cyclist -1 -1 -7.8100 313.4511 183.5472 328.9079 223.4439 1.7610 0.5818 1.8105 -13.3647 2.2685 33.3089 -8.1892 -1.8955
Pedestrian -1 -1 -8.1600 1065.0216 167.5235 1098.9377 233.6129 1.7528 0.6238 0.5580 12.6885 1.6111 19.4870 -7.5903 -2.0350
Pedestrian -1 -1 -3.8769 1024.5492 195.0159 1097.8402 353.3763 1.3909 0.4021 0.4068 4.0875 1.6020 6.6423 -3.3459 -2.1541
Car -1 -1 -8.0082 311.3290 188.6590 356.8979 223.8993 1.5379 1.5582 3.4319 -13.4760 2.3463 35.0467 -8.3732 -2.1754
