Car -1 -1 -4.5849 1041.2371 187.6374 1081.2225 215.4584 1.4909 1.5586 3.7174 26.6663 2.4042 42.6563 -4.0298 0.7082
Car -1 -1 -7.8332 351.9310 182.6202 401.9825 229.6624 1.5777 1.6761 4.2360 -8.8387 1.9791 27.4098 -8.1428 0.2120
Car -1 -1 -2.7442 775.2030 179.4747 849.6735 208.6044 1.6422 1.6830 3.9733 12.1194 2.0578 43.4278 -2.4743 0.0278
Car -1 -1 -1.8006 0.0000 200.4040 60.5202 237.5015 1.5208 1.6113 3.5071 -27.3511 2.8783 33.8438 -2.4766 0.0198
Pedestrian -1 -1 -5.2173 655.5690 175.3634 674.0019 210.9941 1.6846 0.5632 0.8037 2.5879 1.8066 34.6654 -5.1440 -0.7014
Cyclist -1 -1 -6.8170 1001.2191 166.3663 1059.9409 221.2721 1.8260 0.4255 1.7310 14.0627 1.6100 24.2209 -6.2968 -0.7816
Cyclist -1 -1 -4.7821 1127.4105 168.8936 1151.4357 220.9314 1.7354 0.5461 1.5872 18.1951 1.6030 24.8802 -4.1567 -0.8921
Pedestrian -1 -1 -6.0292 759.9071 171.9343 776.5406 202.2469 1.7413 0.5973 0.8209 9.1526 1.6882 41.9004 -5.8161 -1.0246
Car -1 -1 -4.5297 54.2595 193.3794 106.7764 226.2363 1.5100 1.5644 3.6181 -27.5524 2.6351 37.5905 -5.1591 -1.1020
Car -1 -1 -7.7465 463.4553 173.7007 492.3140 203.7560 2.3974 1.8932 4.4436 -10.9603 2.4702 59.9689 -7.9269 -1.3282
Car -1 -1 -4.1485 230.9501 194.5301 295.1640 221.7796 1.4259 1.7082 3.7123 -20.5352 2.7696 42.7933 -4.5938 -1.3617
Car -1 -1 -7.4059 1113.7141 180.0956 1192.3601 213.6765 1.4764 1.5851 3.5490 25.4835 1.8317 33.9063 -6.7660 -1.5101
Pedestrian -1 -1 -6.4468 956.1658 171.2844 981.8478 220.5414 1.7468 0.5550 0.7435 12.8636 1.6908 25.9599 -5.9918 -1.5888
Pedestrian -1 -1 -4.5342 259.0926 159.3266 298.6507 251.4333 2.0754 0.6578 1.0708 -7.7720 1.7703 16.8581 -4.9607 -1.7423
Cyclist -1 -1 -3.6278 1060.7661 170.5405 1117.1495 218.2885 1.7926 0.6529 1.6806 18.1878 1.7054 27.4916 -3.0488 -2.1254
