Car -1 -1 -4.4608 408.1520 181.3101 464.9004 215.4028 1.4317 1.5933 4.0140 -7.9755 1.8457 33.3247 -4.6944 6.0492
Car -1 -1 -4.5611 485.6380 179.3493 514.2237 199.1674 1.4503 1.6140 3.9977 -8.5483 1.9732 56.1134 -4.7119 1.4704
Car -1 -1 -7.5949 612.6408 176.0086 650.5212 201.9461 1.6631 1.6627 3.7325 1.4675 1.8849 48.7826 -7.5655 -0.1615
Pedestrian -1 -1 -5.1731 198.2124 182.3144 219.1485 221.2114 1.6558 0.5726 0.6354 -17.4700 2.0718 31.3336 -5.6784 -1.0408
Car -1 -1 -4.4460 380.3318 177.6864 418.2107 202.1299 1.6407 1.6153 3.8611 -14.9168 1.9960 51.1440 -4.7287 -1.2787
Car -1 -1 -4.4301 2.4649 184.7196 51.2347 210.0982 1.5160 1.5389 3.5013 -37.7928 2.3167 46.7998 -5.1068 -1.4553
Car -1 -1 -7.9928 637.6297 178.1206 682.3018 210.9650 1.5085 1.6482 4.1122 2.3861 1.7858 35.9271 -7.9276 -1.6573
Cyclist -1 -1 -4.8806 1104.8795 176.0149 1160.3016 280.2651 1.6698 0.4976 1.5338 8.8994 1.7273 12.4051 -4.2703 -1.6733
Car -1 -1 -7.4565 277.0905 182.7946 351.3158 214.0301 1.4222 1.8001 4.7111 -14.9747 1.9604 36.7250 -7.8415 -2.1009
Car -1 -1 -7.2834 628.2489 176.0265 681.6135 201.0549 1.5743 1.6282 4.0326 3.0002 1.7944 48.0269 -7.2219 -2.1731
