Car -1 -1 -4.7910 489.2764 179.5470 513.7190 200.1192 1.4570 1.5278 3.7566 -8.2384 1.9799 54.4063 -4.9409 0.6934
Car -1 -1 -2.5614 70.2265 187.5409 212.4452 232.6275 1.4903 1.6449 3.9162 -16.3611 2.0208 25.2389 -3.1320 0.5941
Car -1 -1 -4.7752 640.5239 176.6563 676.7957 207.1441 1.5481 1.6881 4.3313 2.5609 1.7666 39.3459 -4.7112 0.3579
Car -1 -1 -4.6445 81.4317 184.1982 112.2155 205.6929 1.5425 1.6697 4.2433 -40.0887 2.4641 56.3941 -5.2605 -0.7031
Car -1 -1 -4.3863 165.0731 189.4526 212.0977 212.0728 1.4943 1.6668 4.4372 -31.1645 2.7772 53.4393 -4.9123 -0.9863
Car -1 -1 -7.9980 650.4698 180.7372 703.0389 219.0556 1.4498 1.6306 3.7984 2.6682 1.7990 30.0417 -7.9110 -1.1393
Pedestrian -1 -1 -7.9026 304.5502 181.3475 315.3308 210.7962 1.6680 0.5377 0.7700 -17.3380 2.1629 41.5993 -8.2955 -1.1891
Car -1 -1 -4.6264 628.0558 176.6081 656.5456 200.0997 1.5707 1.6573 4.3623 2.3035 1.8488 51.2394 -4.5822 -1.2886
Car -1 -1 -4.4652 621.2477 177.2942 666.1108 204.9122 1.5327 1.6733 4.3227 2.0326 1.8118 43.0968 -4.4189 -1.4991
Pedestrian -1 -1 -4.9856 119.7647 182.0616 144.5003 230.1549 1.7410 0.5733 0.7982 -17.7838 2.0886 26.7817 -5.5674 -2.0210
