Car -1 -1 -4.7195 461.9637 174.3684 486.9773 205.6764 2.1804 1.7253 4.1849 -9.9400 2.2953 52.6841 -4.9055 1.0040
Pedestrian -1 -1 -5.0778 1193.1033 181.4126 1241.0000 259.5943 1.7747 0.6247 0.8193 14.2254 1.9815 16.9731 -4.3895 -0.4718
Cyclist -1 -1 -7.9918 685.4756 180.7505 699.4056 222.6349 1.5772 0.3300 1.5140 3.1720 1.8941 28.2187 -7.8818 -0.5055
Pedestrian -1 -1 -6.8219 803.0817 167.3471 822.4842 204.7241 1.8091 0.6157 0.6960 9.8811 1.5423 35.3130 -6.5517 -0.5885
Car -1 -1 -5.9291 223.5531 189.7321 368.8311 248.9645 1.5194 1.6101 3.3213 -8.6163 2.0054 19.9019 -6.3333 -0.8290
Car -1 -1 -4.3271 271.7263 191.3714 325.0467 218.8093 1.5685 1.6761 4.1938 -19.9142 2.8085 46.2133 -4.7323 -1.1759
Pedestrian -1 -1 -9.1918 1097.1615 165.0021 1127.0778 232.7750 1.7645 0.5806 0.5374 13.2968 1.5598 19.1799 -8.5932 -1.5518
Cyclist -1 -1 -3.2736 1193.1168 165.9970 1241.0000 226.0824 1.8480 0.6459 1.7957 19.6914 1.6368 22.9488 -2.5712 -1.8297
Pedestrian -1 -1 -7.7241 783.8624 171.6484 797.6354 206.3225 1.7808 0.6195 0.6284 9.3467 1.7185 37.4612 -7.4819 -1.8723
Cyclist -1 -1 -7.5477 323.3770 176.2885 362.9858 242.0531 1.8313 0.5564 1.8367 -7.8335 1.9360 21.1193 -7.8993 -1.9804
