Car -1 -1 -7.8468 381.6787 181.6635 425.4616 221.3206 1.5063 1.6702 4.1818 -8.7851 1.9074 30.6381 -8.1242 2.6204
Car -1 -1 -7.7452 465.4011 174.1716 491.5927 202.0629 2.3110 1.7843 4.0851 -11.3011 2.4279 62.0834 -7.9249 0.9049
Car -1 -1 -4.9982 814.5072 185.5605 859.3731 213.9614 1.4328 1.4966 3.1470 12.3057 2.1543 39.4027 -4.6982 -0.0447
Pedestrian -1 -1 -8.4763 646.1760 175.5903 662.7519 207.4058 1.6463 0.5959 0.6573 2.2919 1.7912 37.8484 -8.4168 -0.8656
Car -1 -1 -7.7620 269.0018 176.6313 301.6161 205.5673 1.9351 1.7179 4.2713 -22.9969 2.2146 51.1510 -8.1829 -1.1201
Car -1 -1 -4.7866 595.5012 177.7837 621.3810 199.7028 1.5990 1.6813 4.2636 -0.1856 1.9950 55.8137 -4.7904 -1.7041
Pedestrian -1 -1 -6.3171 915.3947 174.2163 930.6555 218.8283 1.7844 0.4753 0.5478 12.6201 1.8398 29.2000 -5.9134 -1.8352
Car -1 -1 -4.7236 1040.2491 176.2343 1074.1443 203.9947 1.5052 1.5991 4.0346 25.8122 1.7107 41.7858 -4.1738 -1.9180
Car -1 -1 -4.9220 996.4335 177.6133 1047.4613 206.6293 1.5115 1.6446 4.1179 23.0192 1.7930 40.5213 -4.4089 -2.0174
Car -1 -1 -5.0981 722.2607 180.7709 761.9272 202.4096 1.5664 1.6164 4.0300 10.1625 2.2033 55.9346 -4.9198 -2.1851
