Pedestrian -1 -1 -7.8318 94.0388 177.4319 113.8735 219.5648 1.8483 0.7093 0.6643 -22.6391 2.0555 32.2285 -8.4405 1.7534
Car -1 -1 -7.3188 176.3001 192.6995 263.3170 227.6886 1.4085 1.6743 4.1282 -18.0500 2.3881 33.5266 -7.8096 0.0258
Car -1 -1 -4.5397 616.2742 186.7402 645.7881 209.6985 1.4935 1.5209 3.4412 1.4869 2.5101 51.0006 -4.5113 -0.6523
Cyclist -1 -1 -7.9514 744.4720 187.0457 760.3582 226.8387 1.6685 0.4981 1.9007 6.2459 2.3150 31.9147 -7.7607 -0.9896
Car -1 -1 -4.8293 631.3798 182.9301 669.4207 214.8560 1.5768 1.5933 3.8431 2.0875 2.1465 38.8472 -4.7766 -1.2302
Pedestrian -1 -1 -3.9673 1126.4354 188.3562 1168.2971 257.0112 1.5949 0.5096 0.6306 12.7628 1.9711 17.2137 -3.3383 -1.5782
Car -1 -1 -4.2371 286.0844 190.4071 345.1838 217.7844 1.5014 1.6713 4.0997 -18.0689 2.6328 44.4012 -4.6219 -1.6942
Car -1 -1 -4.7502 608.8184 182.8155 641.9992 214.0050 1.5316 1.6173 3.8677 0.7422 2.0915 38.6270 -4.7318 -1.9561
Cyclist -1 -1 -7.6557 136.8387 183.8821 154.3713 222.5374 1.6763 0.3469 1.6356 -21.0047 2.1866 32.5852 -8.2248 -1.9861
Car -1 -1 -2.2447 177.4674 183.4190 242.6986 207.8068 1.5775 1.7027 4.1616 -27.5377 2.3270 49.6259 -2.7492 -2.0773
