Car -1 -1 -4.3420 206.2826 181.0317 343.5453 253.5907 1.6500 1.7514 4.5525 -8.7695 1.8942 19.2496 -4.7647 6.9403
Car -1 -1 -4.4899 392.6321 186.4407 447.8571 218.6405 1.4616 1.8057 4.3312 -9.6325 2.1954 36.7956 -4.7446 2.9824
Car -1 -1 -4.5682 448.0872 183.2986 480.1680 206.6579 1.4826 1.6332 3.7340 -9.9787 2.2251 49.4097 -4.7669 2.3504
Car -1 -1 -4.7088 514.9416 176.9165 535.4842 197.3086 1.5893 1.6158 3.9187 -6.9621 1.9331 59.0845 -4.8259 0.8565
Car -1 -1 -7.8579 598.1316 179.5267 615.5533 196.4771 1.5320 1.6091 3.5882 -0.3294 2.1813 68.4351 -7.8631 0.3359
Car -1 -1 -4.5147 479.4653 180.7832 521.3852 207.7017 1.4852 1.6756 4.2832 -6.5465 1.9844 43.2743 -4.6644 0.1282
Car -1 -1 -4.8461 1074.6174 163.8362 1227.7100 270.2448 1.5922 1.6065 3.7152 9.3426 1.4570 12.8145 -4.2275 -0.5570
Pedestrian -1 -1 -7.6081 911.8751 162.8767 930.3380 199.8416 1.7729 0.6901 0.6440 15.0819 1.2941 35.0720 -7.2053 -0.9077
Car -1 -1 -7.7220 301.1009 185.6477 353.2512 225.1853 1.5907 1.6649 4.0472 -12.7396 2.2067 32.5927 -8.0922 -1.4549
Car -1 -1 -4.6704 799.8425 180.4316 820.8302 199.2495 1.5753 1.6441 3.9681 17.8442 2.2724 64.2652 -4.4012 -2.0928
Cyclist -1 -1 -5.0730 902.9191 180.8032 924.4318 212.4328 1.7085 0.6147 1.4765 16.8276 2.1582 40.0986 -4.6789 -2.1060
