Car -1 -1 -4.3794 310.0939 182.7126 405.9781 236.1742 1.5236 1.6668 4.0920 -8.0721 1.8706 23.3674 -4.7090 7.7482
Car -1 -1 -7.4019 258.7435 183.3260 339.3857 217.8725 1.4654 1.7750 4.3460 -14.6444 1.9930 34.1629 -7.8044 -0.0047
Car -1 -1 -4.6236 512.9285 177.0308 533.8373 193.7901 1.5199 1.6220 4.0192 -8.2120 1.9278 68.4833 -4.7429 -0.4148
Car -1 -1 -4.9054 235.1268 184.8087 272.8538 208.8465 1.5601 1.6417 4.0949 -25.2589 2.4412 51.0703 -5.3629 -0.7556
Car -1 -1 -7.5194 267.2329 171.2678 308.1064 198.6744 2.1310 1.7387 4.1604 -25.9871 2.0074 58.2488 -7.9375 -1.1697
Car -1 -1 -4.2858 233.1034 181.0784 275.8829 199.9512 1.5070 1.6409 4.3098 -30.3558 2.2347 61.6915 -4.7416 -1.2647
Car -1 -1 -7.8419 642.8598 175.6357 681.3292 213.0635 1.5804 1.6394 3.8613 2.3391 1.7140 32.7540 -7.7719 -1.3649
Pedestrian -1 -1 -8.1391 190.4337 180.2212 213.4014 221.7242 1.7048 0.6554 0.7545 -17.1881 2.0191 30.3125 -8.6514 -1.9844
Car -1 -1 -4.4719 291.3666 192.3143 327.5695 214.5876 1.4693 1.5810 3.8825 -22.1364 2.9587 53.1981 -4.8648 -2.0899
Car -1 -1 -2.5343 269.0392 181.4349 339.9722 207.4000 1.5432 1.6214 3.8204 -19.0073 2.0905 44.8568 -2.9332 -2.1579
