Car -1 -1 -4.3660 261.6679 188.7770 344.7095 237.7256 1.4964 1.6085 3.2495 -10.4980 2.0801 24.8029 -4.7630 6.4604
Car -1 -1 -4.1449 0.0000 197.1494 164.2871 307.6905 1.4109 1.6937 4.5193 -9.8892 1.9118 12.5581 -4.8018 4.8285
Car -1 -1 -7.9011 459.7067 180.8805 489.1740 206.5461 1.5272 1.6733 3.8549 -8.7662 2.0649 46.2962 -8.0877 1.8013
Car -1 -1 -4.6772 1002.4705 179.9806 1037.3142 208.4383 1.5342 1.6447 3.7879 23.8335 1.9686 41.9681 -4.1642 0.0434
Car -1 -1 -7.7920 747.4227 171.8006 774.2872 195.9210 1.5822 1.5906 3.4310 10.2799 1.5128 49.1935 -7.5875 -0.3535
Car -1 -1 -2.9000 913.1307 184.9647 984.3345 210.3131 1.4382 1.5773 3.6989 20.7842 2.2130 44.4044 -2.4653 -1.6827
Cyclist -1 -1 -7.9469 637.0172 177.0550 643.2501 199.0900 1.6165 0.3284 1.4658 2.2211 1.9347 53.9566 -7.9065 -1.7835
Car -1 -1 -3.2498 882.5183 183.9480 961.2475 212.4928 1.4908 1.6709 3.8495 17.2195 2.1278 40.0957 -2.8474 -1.9232
Car -1 -1 -4.1635 201.4908 192.7212 275.2148 222.4775 1.4576 1.6878 4.2705 -20.7754 2.6319 40.4666 -4.6355 -1.9402
Car -1 -1 -5.1755 969.8056 183.8802 1020.6711 206.3064 1.5118 1.6333 4.0281 28.0198 2.3474 52.6704 -4.6895 -1.9480
Cyclist -1 -1 -7.3525 140.7987 187.5428 168.2577 224.7371 1.6896 0.4148 1.5255 -21.5915 2.4005 34.1621 -7.9128 -1.9481
Cyclist -1 -1 -7.7842 766.0012 171.8925 772.3941 197.1516 1.6574 0.3130 1.5556 10.5908 1.5940 48.1354 -7.5693 -2.1322
