Car -1 -1 -4.2310 36.8542 193.6625 242.9037 280.6770 1.4663 1.7382 4.6328 -9.9236 1.9864 15.6705 -4.7882 6.7915
Car -1 -1 -4.4161 302.8224 187.8590 368.5416 229.4527 1.4445 1.5251 3.0834 -10.5383 2.0551 27.7901 -4.7759 6.0248
Car -1 -1 -7.8514 468.0230 179.9822 493.3210 204.0639 1.4911 1.5883 3.8463 -8.6142 1.9842 47.9115 -8.0288 1.9141
Car -1 -1 -4.8893 230.7150 189.5007 265.3499 213.0115 1.6136 1.6605 4.0420 -27.4635 2.9226 54.6339 -5.3534 0.0829
Car -1 -1 -4.7028 953.9274 181.9329 977.1090 202.6503 1.5323 1.6033 4.0995 28.3025 2.2828 57.4783 -4.2478 -0.3579
Car -1 -1 -4.7531 869.6348 186.1360 893.4675 206.3498 1.4855 1.6160 4.0629 21.7934 2.5944 58.0738 -4.3963 -0.7314
Pedestrian -1 -1 -7.3053 1201.2020 183.1742 1241.0000 242.4334 1.6857 0.6473 0.7433 17.8485 1.9933 21.0999 -6.6107 -0.9023
Cyclist -1 -1 -7.9531 1211.7819 174.0118 1241.0000 313.9923 1.6257 0.3948 1.5886 7.9390 1.6413 9.1597 -7.2555 -1.0291
Cyclist -1 -1 -6.4633 985.6840 171.3346 1036.3655 216.1263 1.7886 0.6436 1.7140 16.2687 1.7276 29.3871 -5.9624 -1.0934
Cyclist -1 -1 -2.1461 114.6663 179.7753 179.6799 251.6048 1.8623 0.6687 1.6934 -12.5541 2.0552 19.4899 -2.7124 -1.4091
Pedestrian -1 -1 -4.0416 1062.6282 183.3716 1092.3873 237.5996 1.7107 0.5564 0.5956 15.0210 2.0548 23.2623 -3.4747 -1.9736
Car -1 -1 -6.9568 788.4058 176.7682 851.1898 202.9154 1.5579 1.5962 3.5217 12.9965 1.8085 44.8266 -6.6768 -2.0291
Car -1 -1 -4.5395 865.1234 181.0774 900.7180 206.8176 1.6609 1.6475 4.0687 18.9578 2.2565 50.1163 -4.1803 -2.1848
