Car -1 -1 -8.0097 636.3887 174.8573 672.8494 204.0551 1.6384 1.5940 3.6376 2.5565 1.7617 42.6343 -7.9507 0.2076
Car -1 -1 -7.8900 395.9294 180.6472 437.3610 217.4038 1.5542 1.7141 4.1973 -9.1292 1.9425 33.7244 -8.1529 0.1229
Car -1 -1 -7.7923 468.3474 174.4818 490.6421 201.8272 2.3872 1.7401 4.0841 -11.8133 2.5392 65.3721 -7.9708 -0.0781
Car -1 -1 -4.9228 582.8222 178.0506 613.4489 199.1833 1.6226 1.6596 4.1149 -1.0296 2.0606 58.6688 -4.9407 -0.3780
Car -1 -1 -7.4914 28.7041 178.5803 92.5602 207.8227 1.5666 1.6224 3.9568 -31.6266 1.9134 41.6136 -8.1383 -0.9291
Car -1 -1 -7.8508 419.6173 182.2927 437.3678 200.1319 1.5850 1.5821 3.5144 -17.1217 2.4992 68.0115 -8.0969 -1.1804
Car -1 -1 -5.0893 1079.2946 181.9651 1144.4595 211.8216 1.5065 1.5916 3.9361 27.5381 2.0350 39.7814 -4.4877 -1.7879
Pedestrian -1 -1 -9.0327 905.7988 179.5519 926.5623 213.0107 1.8375 0.6044 0.9083 17.0941 2.2170 40.3757 -8.6354 -2.1133
Cyclist -1 -1 -6.5403 0.0000 194.3060 51.6084 246.8864 1.7727 0.6317 1.6039 -21.1278 2.5654 25.8394 -7.2208 -2.1711
Pedestrian -1 -1 -6.3096 913.9777 178.6834 923.7959 211.6066 1.7757 0.5241 0.4763 16.8110 2.0961 39.3637 -5.9092 -2.1874
Pedestrian -1 -1 -8.2523 1046.7831 171.9264 1071.7247 215.2807 1.8292 0.7154 0.6252 19.1311 1.7897 30.8057 -7.7013 -2.1938
