Car -1 -1 -4.2539 82.5649 190.0122 169.0774 230.9114 1.5339 1.5883 3.6292 -20.4342 2.3055 30.5566 -4.8395 -0.3478
Car -1 -1 -4.8539 610.2007 182.8493 643.7306 208.4522 1.5751 1.6677 4.0856 1.0553 2.2717 48.1796 -4.8327 -0.7984
Car -1 -1 -2.3968 282.7595 186.7042 349.5352 210.9656 1.4862 1.6469 4.0048 -19.3168 2.4232 47.3574 -2.7825 -0.9261
Car -1 -1 -4.8003 649.9919 186.6332 694.5044 222.3988 1.4551 1.6569 4.0201 2.7365 2.1220 32.9235 -4.7188 -1.0231
Car -1 -1 -4.7740 634.2208 182.9025 662.8616 207.6067 1.5314 1.6623 4.0090 2.5120 2.2329 48.3795 -4.7230 -1.0565
Car -1 -1 -6.5132 162.9388 187.2330 264.5402 224.0968 1.5162 1.6298 3.8066 -18.1271 2.2112 33.0152 -7.0122 -1.9222
Car -1 -1 -7.6747 0.0000 187.8172 59.2474 231.4531 1.6290 1.5763 3.7325 -24.5394 2.2995 30.3345 -8.3507 -1.9862
Pedestrian -1 -1 -4.0037 30.5186 187.1446 62.8397 239.3266 1.7954 0.6289 0.6413 -19.8274 2.3037 25.3452 -4.6626 -2.0633
Car -1 -1 -4.2692 339.5513 186.6998 392.3678 211.1324 1.4932 1.6939 4.3283 -16.4952 2.4744 48.8963 -4.5933 -2.1218
Car -1 -1 -5.6081 291.7324 188.0933 363.2631 213.5696 1.4838 1.6597 4.0036 -17.6735 2.4649 45.0760 -5.9802 -2.1629
