Car -1 -1 -4.5920 460.0894 176.1645 490.7664 209.4527 2.2416 1.6842 3.8003 -9.4877 2.4839 50.9261 -4.7757 0.3148
Car -1 -1 -7.7516 266.5276 185.6375 350.5470 253.3544 1.5550 1.6662 4.1501 -8.1243 1.9420 19.6351 -8.1396 -0.3878
Pedestrian -1 -1 -7.8694 797.4910 171.4795 812.5791 208.2063 1.8004 0.7095 0.6319 9.6227 1.7327 35.7638 -7.6091 -0.4221
Car -1 -1 -7.5185 285.9529 185.9604 347.3100 221.2841 1.5222 1.6043 3.5776 -13.8986 2.1776 34.2728 -7.9014 -0.7053
Cyclist -1 -1 -3.7646 914.9488 170.6343 954.5836 210.7174 1.8084 0.5977 1.6092 14.8125 1.7080 33.0103 -3.3466 -1.3991
Pedestrian -1 -1 -7.4467 0.0000 183.2795 25.7834 237.9749 1.8200 0.6636 0.5721 -20.4343 2.1793 24.5171 -8.1363 -1.5728
Car -1 -1 -4.6215 600.2732 181.1300 627.7428 203.8440 1.5413 1.6418 4.1072 0.2997 2.1690 52.6302 -4.6164 -1.6318
Pedestrian -1 -1 -3.8287 1136.5123 163.4789 1189.1638 237.3224 1.7665 0.6134 0.8145 13.4114 1.5419 17.5848 -3.1857 -1.6748
Pedestrian -1 -1 -8.3222 1180.8855 158.8106 1241.0000 251.3862 1.8365 0.6562 0.7934 12.2323 1.5576 14.7708 -7.6408 -1.9286
Car -1 -1 -4.5258 65.1328 182.4513 120.4990 218.0054 1.5989 1.5548 3.6360 -25.4043 2.0970 35.4915 -5.1437 -2.0149
Car -1 -1 -4.2096 77.5814 187.4482 149.8264 219.5107 1.6939 1.6646 4.1887 -28.9921 2.5920 42.2546 -4.8083 -2.0868
