Car -1 -1 -4.2087 20.9391 198.0537 253.0468 301.7581 1.4180 1.5988 4.2436 -8.2789 1.9498 13.0763 -4.7643 6.6116
Car -1 -1 -4.4451 352.8975 179.8922 428.5517 228.1424 1.7116 1.7460 4.3768 -8.5744 2.0104 28.4481 -4.7357 5.7274
Car -1 -1 -4.4672 445.4623 184.7220 486.8727 209.8773 1.4566 1.6224 4.1475 -9.1225 2.2458 45.8844 -4.6628 2.5464
Car -1 -1 -4.7183 481.1725 182.4963 502.9945 203.2322 1.5712 1.6950 4.0097 -9.6406 2.3844 58.7593 -4.8806 1.4234
Car -1 -1 -7.8537 610.0736 179.0662 627.7208 195.4970 1.4728 1.6165 3.7207 0.8151 2.0738 67.9612 -7.8422 0.4631
Car -1 -1 -7.6317 1179.5273 190.0911 1241.0000 374.0000 1.4677 1.6535 4.0709 6.0449 1.6349 5.2777 -6.8066 -0.2324
Car -1 -1 -4.6770 529.0293 177.1709 548.4270 195.8960 1.5801 1.5735 3.8047 -6.2925 1.9728 63.7337 -4.7754 -0.4030
Car -1 -1 -4.5969 477.5841 182.0626 519.6803 213.8237 1.4532 1.6211 4.2141 -5.5938 1.9445 36.3865 -4.7489 -0.5086
Pedestrian -1 -1 -4.1007 101.7392 196.6707 134.4821 259.1482 1.3572 0.4341 0.4291 -10.9959 1.8943 16.0598 -4.6936 -0.5271
Pedestrian -1 -1 -5.0035 0.0000 186.1874 18.9058 243.3879 1.7463 0.5817 0.5617 -19.0383 2.1712 22.6117 -5.6977 -0.7382
Car -1 -1 -8.1292 751.6487 179.2565 813.6531 215.0203 1.4551 1.6529 3.9242 7.5491 1.7572 32.0718 -7.9007 -0.9750
Car -1 -1 -6.0777 475.1777 182.1078 538.3185 205.0255 1.4697 1.6308 3.9051 -6.8665 2.0965 47.9654 -6.2196 -1.2789
Car -1 -1 -5.0068 809.3453 174.2059 843.2010 194.3121 1.6162 1.6319 3.9071 17.9797 1.7324 60.2217 -4.7183 -1.5830
Car -1 -1 -3.4900 76.3628 185.7907 172.2771 217.9737 1.5019 1.5934 3.7974 -25.0647 2.2059 37.2827 -4.0788 -1.6933
Cyclist -1 -1 -7.6479 1060.8650 124.0483 1097.3134 206.3162 1.8975 0.3948 1.7957 11.2882 0.7715 17.4227 -7.0806 -1.7236
Car -1 -1 -4.5636 487.0988 179.8723 527.9426 210.1659 1.5796 1.6528 4.4123 -5.7784 1.9982 40.8608 -4.7037 -1.7455
