Car -1 -1 -4.5003 454.9577 177.1173 493.2111 209.7974 2.1285 1.7543 4.1320 -9.3262 2.4338 49.6286 -4.6856 -0.1572
Car -1 -1 -7.8229 240.7175 186.2142 319.4230 261.0851 1.5659 1.6030 3.8746 -8.1552 1.9365 17.9353 -8.2446 -0.5726
Pedestrian -1 -1 -3.9837 1193.7393 153.5335 1241.0000 238.5572 1.8370 0.5790 0.9237 13.5226 1.4193 15.9438 -3.2898 -0.7492
Car -1 -1 -4.2772 197.8815 199.1250 263.5368 231.3001 1.4137 1.5400 3.6646 -19.2022 2.8145 36.6148 -4.7575 -0.9969
Car -1 -1 -6.6820 109.8433 182.3795 195.0640 211.4183 1.5660 1.7064 3.8658 -26.8236 2.1521 42.3449 -7.2440 -1.0442
Cyclist -1 -1 -3.8415 88.1320 190.7885 133.8060 234.5138 1.6623 0.5851 1.4702 -19.9857 2.3989 28.8614 -4.4431 -1.2197
Car -1 -1 -4.2615 56.4344 183.4692 141.5671 220.5903 1.6095 1.6722 4.1932 -24.5191 2.1528 34.7470 -4.8726 -1.4667
Car -1 -1 -5.6604 111.3232 195.1704 219.2945 230.3504 1.5289 1.6527 4.0833 -20.6805 2.5970 33.5694 -6.2093 -1.4839
Pedestrian -1 -1 -8.1074 1157.7092 179.8483 1183.1621 234.9417 1.7746 0.5533 0.4802 18.3192 2.0068 23.6541 -7.4551 -1.7288
Car -1 -1 -6.8808 659.7953 179.4222 756.6045 215.3482 1.4753 1.6427 4.0090 4.3045 1.7799 31.8607 -6.7483 -1.7512
Car -1 -1 -4.8275 612.9283 180.8118 645.0765 205.6100 1.5081 1.6383 4.0936 1.1700 2.0534 47.3503 -4.8035 -2.0133
