Car -1 -1 -4.5819 460.4188 174.8978 490.7234 202.4911 2.0940 1.8139 4.3598 -10.6578 2.2623 57.3099 -4.7653 0.9556
Car -1 -1 -7.8239 344.9478 182.8466 398.6450 232.8012 1.5822 1.6935 3.9560 -8.5003 1.9694 25.8440 -8.1391 0.9103
Car -1 -1 -3.5780 201.2192 187.3555 280.5690 214.7305 1.5163 1.5930 4.0382 -22.6118 2.4472 44.2516 -4.0483 -0.7355
Car -1 -1 -4.4709 145.1285 183.1574 192.9113 210.5287 1.5086 1.5865 3.7639 -26.4518 2.1561 43.3325 -5.0164 -0.8117
Car -1 -1 -4.8717 578.0408 181.7067 605.3216 202.3857 1.5450 1.5980 3.7325 -1.5209 2.2756 57.5877 -4.8984 -0.8952
Car -1 -1 -4.8485 596.0697 179.2438 625.3611 202.0043 1.6158 1.6460 4.2789 -0.0153 2.1197 54.7070 -4.8493 -1.4546
Car -1 -1 -8.2102 1100.8616 172.8666 1183.1097 211.1201 1.5436 1.6008 3.8220 22.8230 1.5439 31.1725 -7.5831 -1.4791
Cyclist -1 -1 -7.7270 805.4813 178.7127 818.1598 211.2406 1.6764 0.4312 1.8106 10.7183 1.9956 38.4343 -7.4576 -1.4895
Car -1 -1 -5.7479 183.7702 189.1495 270.8874 217.6001 1.5420 1.6586 4.1170 -21.7943 2.4911 41.1065 -6.2330 -1.5255
Pedestrian -1 -1 -8.0455 810.9872 179.3506 826.5027 210.3694 1.7379 0.6895 0.8874 11.8473 2.1119 41.0965 -7.7673 -1.5951
Pedestrian -1 -1 -4.6854 1164.6954 176.1235 1188.1470 230.7654 1.7413 0.5893 0.5047 18.3382 1.8489 23.4210 -4.0278 -1.5962
Car -1 -1 -7.3469 1103.8613 178.8444 1190.3719 211.0427 1.5253 1.7001 4.1843 27.0886 1.8412 36.4354 -6.7119 -1.6668
Pedestrian -1 -1 -7.3763 992.3817 169.7898 1023.7911 231.3011 1.7902 0.6355 0.5514 11.7645 1.7007 21.4166 -6.8803 -1.6863
Car -1 -1 -5.1378 750.5049 188.8589 795.4324 213.1128 1.5116 1.5898 3.7657 11.1240 2.6566 49.6237 -4.9192 -1.7724
Cyclist -1 -1 -7.9190 1218.6272 150.4861 1241.0000 224.0198 1.7305 0.4886 1.8089 15.4001 1.2038 17.8517 -7.2155 -1.8026
Car -1 -1 -4.8631 1160.1948 162.0085 1212.6438 194.5328 1.6576 1.6162 3.9120 30.9403 1.1046 38.8734 -4.1947 -2.0448
Cyclist -1 -1 -5.2532 1167.3983 179.5248 1207.8198 220.2504 1.6933 0.6246 1.5873 24.8292 1.9882 31.0991 -4.5846 -2.1011
Pedestrian -1 -1 -7.1970 1000.9769 167.6325 1019.3448 209.0773 1.8130 0.5713 0.4220 17.6523 1.5843 31.9102 -6.6961 -2.1562
