Car -1 -1 -4.5312 460.1755 182.0796 499.5695 209.3899 1.5323 1.6316 4.2084 -7.9157 2.1217 44.0135 -4.7086 3.5154
Car -1 -1 -4.5563 505.5016 181.2772 528.8577 197.9411 1.4590 1.5668 3.9238 -8.6297 2.2659 67.1621 -4.6840 1.0774
Car -1 -1 -6.0393 87.8075 199.6343 155.1937 225.1496 1.5002 1.5742 3.3108 -31.4331 3.2730 46.4683 -6.6317 -0.0393
Car -1 -1 -4.3178 613.4146 179.0642 654.8623 201.2311 1.5547 1.6493 4.1224 1.8237 2.0389 54.0674 -4.2848 -0.2310
Pedestrian -1 -1 -5.7917 1.3525 192.7549 40.3757 252.7798 1.7526 0.6351 0.6900 -17.7516 2.3610 21.6936 -6.4716 -0.5162
Car -1 -1 -4.5825 21.8529 191.5766 61.3195 215.6682 1.4986 1.6453 4.0655 -39.6934 2.8629 50.4218 -5.2470 -0.8522
Car -1 -1 -4.2306 123.2327 198.3390 190.3714 229.5162 1.5573 1.6328 3.8856 -25.8889 3.0866 41.3071 -4.7879 -0.8869
Car -1 -1 -4.4468 366.7705 182.1675 409.1246 207.5616 1.5682 1.6409 4.2779 -14.8358 2.2193 48.3078 -4.7436 -1.1250
Car -1 -1 -4.7550 647.8515 184.3576 687.0464 218.5924 1.4029 1.5971 3.6703 2.5090 1.9532 32.6772 -4.6798 -1.1274
Car -1 -1 -7.4895 319.4971 185.0679 380.6445 213.4894 1.4663 1.7442 4.7196 -14.9406 2.2112 41.6468 -7.8323 -2.0305
