Car -1 -1 -4.5925 498.5349 179.1481 524.2818 198.7105 1.4869 1.5861 4.0438 -7.9409 2.0119 58.1860 -4.7280 0.9800
Car -1 -1 -4.5776 201.1481 184.9294 235.8377 210.3584 1.5647 1.5601 3.6216 -26.1586 2.4046 48.2367 -5.0724 0.5605
Car -1 -1 -4.7307 98.2695 182.9960 124.0244 204.0588 1.5734 1.6358 4.0887 -40.2144 2.4198 58.0967 -5.3342 -0.3247
Car -1 -1 -6.1515 200.1095 192.1172 287.5067 223.7268 1.4672 1.6154 3.7664 -18.5083 2.4797 36.5547 -6.6176 -0.5220
Car -1 -1 -4.7788 311.7501 180.3980 343.5553 205.8103 1.4727 1.5946 4.0164 -17.7748 1.9681 45.2519 -5.1513 -0.6522
Car -1 -1 -4.3245 376.9420 178.7389 422.9466 202.8306 1.6159 1.6823 4.2364 -15.0070 2.0549 51.6644 -4.6061 -0.8420
Car -1 -1 -4.4187 678.7062 189.2794 722.1837 216.1049 1.5071 1.6330 3.9821 5.6916 2.5875 45.3230 -4.2953 -0.8696
Car -1 -1 -5.0264 657.1600 178.7368 741.2938 226.2788 1.5115 1.7191 4.2565 3.0266 1.7395 25.7540 -4.9114 -0.9869
Car -1 -1 -7.3970 206.3355 184.1029 300.5339 223.0155 1.4723 1.7474 4.6163 -15.1865 1.9905 30.9479 -7.8501 -1.3356
Car -1 -1 -4.3303 199.8799 184.7887 239.9297 205.1335 1.5536 1.6125 3.7486 -32.0539 2.5671 59.3405 -4.8240 -2.0642
