Car -1 -1 -4.4685 334.9583 186.7801 392.3622 224.5403 1.4631 1.5751 3.2837 -10.5299 2.0923 30.9139 -4.7946 6.2207
Car -1 -1 -4.2941 142.8290 190.0881 291.3187 259.0250 1.4593 1.7197 4.3024 -9.9422 1.9554 18.5803 -4.7799 6.2018
Car -1 -1 -7.8442 476.6575 179.6507 501.5134 203.9683 1.5641 1.6198 3.8609 -8.3194 2.0499 49.5777 -8.0100 1.7280
Car -1 -1 -4.4779 847.2771 177.1789 889.7222 204.0475 1.6320 1.6642 4.2250 16.7602 1.9254 46.7676 -4.1363 -0.0230
Car -1 -1 -4.4852 267.3071 189.9735 305.8449 214.6773 1.5172 1.6006 3.6506 -21.9230 2.7245 48.9526 -4.9046 -0.8751
Pedestrian -1 -1 -4.1443 166.8209 189.3506 197.2231 240.3279 1.4628 0.5761 0.5216 -12.5895 1.9522 21.1507 -4.6759 -1.1457
Car -1 -1 -4.7791 795.9977 182.0098 825.5121 207.3641 1.5209 1.5917 3.4177 12.8495 2.1331 46.4391 -4.5114 -1.4063
Car -1 -1 -3.7061 861.3437 179.7574 924.2331 202.1847 1.5155 1.6471 3.8249 19.8042 2.0111 50.6591 -3.3359 -1.9874
Car -1 -1 -7.2983 173.8816 184.1618 295.4009 236.9508 1.4810 1.6084 3.9276 -11.9237 1.8749 23.1340 -7.7698 -2.0385
Car -1 -1 -5.1812 871.2225 182.5075 909.0377 200.6555 1.5372 1.6567 3.7517 25.2220 2.4346 65.1429 -4.8138 -2.1542
