Car -1 -1 -4.4055 311.4241 187.4272 391.6275 231.3058 1.4740 1.7302 4.0842 -9.8468 2.0746 27.6824 -4.7447 4.3470
Car -1 -1 -4.0821 0.0000 180.8726 148.7011 327.5521 1.5630 1.7500 4.4024 -8.7382 1.7010 10.1892 -4.7782 3.3574
Car -1 -1 -4.5495 402.3106 183.1599 443.7678 212.2050 1.4881 1.6619 3.6604 -10.4023 2.0893 40.2109 -4.8015 2.9968
Car -1 -1 -4.7598 494.9699 176.2408 519.4100 198.2627 1.5730 1.6277 4.0258 -7.8005 1.8377 54.3253 -4.9021 0.8070
Car -1 -1 -4.6079 456.7469 181.3030 498.2608 211.0146 1.4487 1.7349 4.4623 -7.0928 1.9293 38.7747 -4.7881 -0.4474
Car -1 -1 -7.9371 266.1698 176.1402 292.6299 198.0395 1.6978 1.6356 3.9598 -26.9480 1.9745 58.7037 -8.3659 -0.4829
Car -1 -1 -4.9800 846.6450 178.8720 883.8237 201.5048 1.6564 1.6701 4.1538 19.7511 2.1415 56.0696 -4.6434 -0.8708
Car -1 -1 -6.3837 569.6436 178.5028 616.8495 194.2670 1.4407 1.6098 4.2910 -1.6117 1.9793 67.7691 -6.4078 -1.0721
Car -1 -1 -4.7363 280.8284 185.5989 308.2213 210.3477 1.5122 1.5897 3.8046 -21.1642 2.4010 48.2706 -5.1478 -1.2628
Car -1 -1 -2.8883 807.6954 176.3380 867.6835 199.3609 1.5473 1.5799 3.7409 15.9400 1.7996 50.6538 -2.5855 -1.8078
Pedestrian -1 -1 -8.4722 971.9296 176.9953 993.8602 219.0957 1.7730 0.6179 0.5636 15.8576 1.9512 30.7746 -8.0009 -1.9248
Car -1 -1 -4.4801 894.8673 176.3370 932.0588 200.2599 1.6058 1.5960 3.8298 21.4625 1.8616 51.0383 -4.0845 -2.1548
