Car -1 -1 -4.3540 212.3139 189.5830 310.4967 244.9496 1.4588 1.5802 3.3489 -10.4607 2.0041 21.7954 -4.7971 5.8863
Car -1 -1 -4.0273 0.0000 198.9417 58.0622 343.3450 1.3955 1.6506 4.0421 -9.8023 1.8253 9.8107 -4.7986 2.4108
Car -1 -1 -4.9360 444.3138 179.8028 484.7988 206.9713 1.5599 1.6285 3.8823 -9.0673 2.0095 44.6095 -5.1358 0.1878
Car -1 -1 -4.6344 970.4509 183.0037 998.6685 205.6871 1.5783 1.5893 3.9564 28.1236 2.3698 54.1846 -4.1584 -0.3016
Pedestrian -1 -1 -6.0381 1124.4059 169.1222 1169.0306 234.7006 1.7799 0.5439 0.8950 14.8971 1.6783 20.1010 -5.4078 -0.3809
Car -1 -1 -4.4259 722.7834 175.1881 751.5107 195.1574 1.6341 1.4998 3.4397 10.8112 1.8383 61.3552 -4.2527 -0.8462
Car -1 -1 -6.1792 919.4395 184.6049 996.1016 211.0150 1.4492 1.6252 3.9590 20.6010 2.1749 42.8540 -5.7343 -1.1988
Pedestrian -1 -1 -7.1119 1121.6250 177.0254 1144.6731 230.0583 1.7244 0.4868 0.3783 17.1921 1.8632 23.7818 -6.4924 -1.7363
Car -1 -1 -8.0146 742.9621 172.5362 776.2651 198.7759 1.6673 1.5745 3.6853 9.8189 1.6468 47.7212 -7.8133 -1.7798
Car -1 -1 -4.5727 170.0532 188.5000 215.2184 219.7135 1.4830 1.5597 3.7727 -22.1693 2.3590 38.3697 -5.0939 -1.9844
