Car -1 -1 -4.5264 504.4236 180.3675 532.0839 199.3290 1.5223 1.6247 4.0479 -7.8240 2.1854 61.6365 -4.6526 0.9605
Car -1 -1 -3.1859 35.8378 194.6548 174.2935 241.4374 1.5340 1.7063 4.2105 -19.1617 2.4216 27.4324 -3.7913 0.1447
Car -1 -1 -7.1959 106.2202 188.3421 232.6298 236.1507 1.4694 1.7119 4.0301 -15.5357 2.0646 25.6395 -7.7363 -0.4314
Car -1 -1 -7.1223 237.7844 180.2433 288.5878 200.2387 1.6920 1.6621 4.3271 -31.2361 2.3818 65.0742 -7.5685 -0.8777
Car -1 -1 -7.9688 652.7315 180.1897 704.8820 218.1697 1.4763 1.7354 4.2111 2.8371 1.8127 30.9940 -7.8790 -0.9771
Pedestrian -1 -1 -8.1485 1159.2391 164.2985 1218.0809 261.4355 1.7277 0.6841 0.6270 10.5540 1.5752 13.2484 -7.4872 -1.0021
Car -1 -1 -4.5815 111.0383 183.7491 142.3809 203.9818 1.5517 1.6336 4.1114 -40.1094 2.4894 59.9154 -5.1695 -1.5768
Pedestrian -1 -1 -7.7042 250.1629 187.3720 265.3589 221.9115 1.7832 0.6256 0.6719 -18.5916 2.5560 38.0128 -8.1566 -1.6539
Car -1 -1 -7.4855 233.8825 184.6888 310.8926 221.0582 1.4673 1.6903 4.3915 -15.2780 2.0422 32.8178 -7.9184 -1.7183
Pedestrian -1 -1 -5.5820 483.0639 177.7983 494.1931 198.8910 1.7920 0.5677 0.7539 -10.4434 2.2192 61.9423 -5.7487 -1.8792
Pedestrian -1 -1 -7.4041 775.7101 165.0243 800.3384 212.5011 1.7724 0.6374 0.7757 6.7261 1.4798 27.4383 -7.1667 -1.9189
Car -1 -1 -4.7055 641.7163 178.9117 673.4009 209.3997 1.5311 1.6264 4.0477 2.5490 1.8768 39.1364 -4.6415 -2.1804
