Car -1 -1 -4.3810 192.1931 187.3016 257.6358 224.0366 1.5737 1.6079 3.7714 -18.3421 2.3031 34.4596 -4.8673 0.2478
Pedestrian -1 -1 -7.7743 243.0735 183.8972 259.6406 221.3870 1.8240 0.6888 0.6022 -17.8065 2.3771 35.7523 -8.2337 -0.3894
Car -1 -1 -4.6924 637.5248 177.2763 669.2728 209.1374 1.6576 1.6783 4.2145 2.4241 1.9176 40.3063 -4.6333 -0.7091
Car -1 -1 -4.7074 151.9773 186.0044 173.5115 204.4521 1.5169 1.5931 4.0222 -39.9830 2.7310 64.4996 -5.2607 -0.7466
Pedestrian -1 -1 -7.1697 0.0000 187.0597 25.9565 228.4809 1.7864 0.6688 0.6799 -26.3065 2.4168 31.6942 -7.8584 -0.9479
Car -1 -1 -4.9325 642.2518 178.3698 693.5145 210.9989 1.5344 1.7138 4.2239 2.8501 1.8331 36.8929 -4.8566 -0.9705
Car -1 -1 -5.8062 620.7900 177.6070 671.0724 195.2142 1.5412 1.6875 4.2930 3.2497 1.9872 65.9402 -5.7575 -1.1519
Car -1 -1 -4.4432 301.3072 185.6052 354.9633 215.6763 1.4732 1.6606 4.2044 -15.3356 2.2070 39.3667 -4.8128 -1.6384
Car -1 -1 -4.6070 198.2138 183.7979 224.0153 202.0584 1.5743 1.6674 4.1721 -37.0999 2.6264 67.1438 -5.1103 -1.8679
Pedestrian -1 -1 -8.4142 836.7484 176.4398 865.6145 236.3658 1.7748 0.6131 0.5741 7.2220 1.8844 21.7643 -8.0986 -2.1336
Car -1 -1 -4.7857 620.4628 179.5861 647.4485 205.2066 1.5118 1.4440 3.2270 1.4325 1.9474 45.0813 -4.7547 -2.1910
