Car -1 -1 -4.5086 428.9213 181.8995 477.4285 212.9762 1.4536 1.6539 3.9517 -7.9903 1.9406 36.8869 -4.7209 3.9710
Car -1 -1 -4.6448 494.1814 178.3076 516.9205 197.8250 1.5323 1.6110 3.7763 -8.6342 1.9978 59.6791 -4.7882 1.3735
Car -1 -1 -4.5387 52.2034 195.7489 98.8752 224.5438 1.5226 1.6091 3.8835 -32.2514 2.9718 43.5838 -5.1730 -0.7261
Car -1 -1 -7.3926 613.4397 177.6441 660.1848 201.1599 1.5429 1.6424 4.0303 1.8856 1.8915 50.3855 -7.3559 -0.7838
Car -1 -1 -4.5092 143.4320 193.3856 181.5450 217.5636 1.5214 1.5799 3.5733 -31.4018 3.0182 50.6628 -5.0619 -0.9403
Car -1 -1 -4.7182 634.6819 178.1362 664.0258 206.0526 1.5360 1.6463 4.1578 2.2696 1.8632 42.6166 -4.6659 -1.5404
Car -1 -1 -4.2009 141.4384 186.6828 192.5101 208.9290 1.5328 1.5957 3.8093 -33.1474 2.6054 54.0496 -4.7491 -1.7332
Pedestrian -1 -1 -7.1267 215.4843 183.8398 242.6221 221.5270 1.6869 0.6742 0.8991 -17.5190 2.1987 33.1153 -7.6103 -1.8804
Car -1 -1 -6.1316 627.6579 176.6754 690.0714 200.1363 1.5300 1.6720 3.9988 3.2829 1.7942 48.7090 -6.0652 -1.9016
Cyclist -1 -1 -7.8365 1051.1936 164.5319 1074.5338 253.0539 1.6316 0.3670 1.5926 8.7797 1.4779 14.0695 -7.2885 -2.0627
