Car -1 -1 -7.8503 369.4119 181.7712 416.0507 225.2891 1.5666 1.6752 3.8251 -8.7292 1.9490 28.8953 -8.1416 3.4442
Cyclist -1 -1 -8.2374 793.7578 183.8187 811.5729 214.4284 1.6136 0.3553 1.6191 10.4869 2.2254 39.4524 -7.9801 -0.0506
Car -1 -1 -4.6479 466.2671 175.0871 490.0039 201.1496 2.0925 1.6904 4.2055 -11.0443 2.2862 60.4913 -4.8281 -0.5639
Car -1 -1 -5.7245 958.1559 184.3002 1034.5623 212.3994 1.4639 1.5453 3.5517 21.8998 2.1458 41.0813 -5.2383 -0.7929
Pedestrian -1 -1 -7.3378 1017.9918 177.9626 1040.6052 218.9402 1.7816 0.6510 0.6071 18.5007 2.0103 31.9133 -6.8170 -1.3852
Pedestrian -1 -1 -7.3988 750.8281 175.2533 765.8455 205.5234 1.8049 0.6601 0.6738 8.9216 1.9510 43.5657 -7.1986 -1.4449
Pedestrian -1 -1 -7.6970 738.9136 172.1615 751.5100 201.0566 1.8099 0.6859 0.6850 8.5185 1.7662 45.6312 -7.5141 -1.5072
Pedestrian -1 -1 -7.8213 1057.7080 173.1160 1079.0471 218.9547 1.8198 0.7103 0.6297 18.4495 1.8302 29.1099 -7.2615 -1.5446
Pedestrian -1 -1 -5.0396 932.9305 164.7437 954.7275 211.8430 1.7804 0.5438 0.7471 12.7522 1.4735 27.6734 -4.6123 -1.6322
Car -1 -1 -4.6277 1081.7795 175.6591 1121.4851 203.8666 1.5762 1.6369 3.8741 29.1138 1.7499 42.7413 -4.0333 -1.7921
Car -1 -1 -5.0271 1027.7297 183.5352 1077.9708 209.1663 1.5194 1.6427 3.8158 28.4477 2.2380 46.5209 -4.4816 -1.8309
Car -1 -1 -5.1095 1176.9917 191.8694 1241.0000 228.5255 1.4780 1.6114 3.9489 28.0839 2.4145 33.4208 -4.4156 -1.9589
