Car -1 -1 -4.1482 0.0000 198.0144 133.7520 296.9030 1.4044 1.5203 3.2565 -10.2197 1.9098 12.8057 -4.8118 5.4886
Car -1 -1 -7.8881 427.3402 180.6840 459.7866 210.6217 1.5214 1.6089 3.9520 -9.2777 1.9769 39.8912 -8.1156 2.3783
Pedestrian -1 -1 -5.9115 776.9799 168.1653 794.3577 200.3817 1.8298 0.6725 0.7808 10.0629 1.5632 41.4808 -5.6755 0.1154
Car -1 -1 -4.9221 987.3745 181.5231 1027.3063 205.2070 1.5223 1.6059 4.0419 27.5139 2.1503 50.1291 -4.4231 -0.4146
Cyclist -1 -1 -3.9582 97.4294 187.0264 131.9937 220.2370 1.6602 0.5512 1.5799 -25.8283 2.4145 37.5954 -4.5571 -0.4640
Cyclist -1 -1 -4.5311 284.9031 187.8206 302.1000 226.9009 1.6909 0.4422 1.5276 -14.3419 2.3837 32.6212 -4.9427 -0.5539
Car -1 -1 -4.2946 188.7328 185.2800 237.5776 210.6781 1.6618 1.6134 3.8256 -28.0760 2.5757 51.1125 -4.7950 -0.7270
Car -1 -1 -4.8919 1024.7621 184.2763 1065.6241 209.7498 1.4970 1.6044 3.5882 27.7302 2.2580 46.1243 -4.3539 -0.7296
Car -1 -1 -3.9041 839.2482 179.8983 893.9252 201.7760 1.5300 1.6185 3.6843 18.7896 2.0610 52.9193 -3.5651 -1.4531
Car -1 -1 -3.3961 6.9066 189.2154 139.9386 229.5231 1.5157 1.6684 4.3288 -23.0864 2.2713 31.1295 -4.0303 -1.4958
Car -1 -1 -4.7630 962.5328 177.6571 1003.3212 211.4565 1.5736 1.6020 3.9251 18.6684 1.8291 36.3127 -4.2919 -1.5906
Car -1 -1 -4.8860 834.0095 182.5929 862.1841 201.9383 1.5167 1.5924 3.8626 19.9426 2.3620 60.6306 -4.5702 -1.9500
