Car -1 -1 -4.2790 115.5665 183.9785 298.0787 272.8922 1.6209 1.6994 4.6588 -8.7607 1.9058 16.1223 -4.7702 5.4868
Car -1 -1 -4.4934 433.9897 183.4121 471.3117 209.2159 1.5418 1.6062 3.5626 -10.0976 2.2460 46.3588 -4.7071 4.0597
Car -1 -1 -4.4603 373.3799 185.3891 432.8234 221.0357 1.4947 1.6596 4.3020 -9.6874 2.1219 33.9511 -4.7366 3.8359
Car -1 -1 -7.9304 591.6738 179.8504 611.3748 196.6510 1.5176 1.6019 3.5090 -0.8480 2.1992 68.5100 -7.9431 1.4151
Car -1 -1 -4.7032 508.3839 176.8594 529.3865 198.2682 1.6247 1.6058 3.8355 -7.2704 1.9547 57.5024 -4.8288 0.2699
Car -1 -1 -8.2600 764.7711 178.9347 801.2526 200.4784 1.8306 1.7303 3.9950 15.4263 2.3927 64.6211 -8.0272 -0.5009
Car -1 -1 -4.7558 1220.2275 163.5851 1241.0000 299.1629 1.5555 1.5875 3.6619 9.6132 1.4488 10.1910 -4.0144 -0.6915
Car -1 -1 -4.6038 476.9435 181.8162 512.7249 210.3850 1.5113 1.5925 4.2038 -6.6313 2.0548 41.6484 -4.7612 -1.2025
Car -1 -1 -4.6045 903.2116 178.0430 942.8264 210.1888 1.6622 1.6042 4.1244 17.4432 1.9668 40.2062 -4.1983 -1.8707
Car -1 -1 -3.9363 105.5728 186.6644 195.6237 223.8813 1.5825 1.5425 3.5268 -21.5716 2.2685 33.9682 -4.4988 -1.9569
