Car -1 -1 -4.2461 52.3280 194.4048 210.7095 272.9573 1.4273 1.5514 3.2650 -10.3106 1.9484 15.7511 -4.8182 6.1869
Car -1 -1 -8.0087 433.0633 180.3002 471.7914 209.3631 1.5445 1.6019 3.8085 -9.1329 1.9935 41.4691 -8.2246 1.0856
Car -1 -1 -4.9130 624.6888 175.5704 659.4988 199.5705 1.6200 1.6354 4.3568 2.2113 1.8222 51.5014 -4.8708 0.4934
Car -1 -1 -5.3707 1015.3718 179.9513 1092.0439 209.9558 1.7385 1.7216 4.4340 27.6451 2.2053 45.1934 -4.8251 0.1540
Car -1 -1 -5.2367 754.0444 184.5869 802.5187 209.2701 1.6005 1.6301 3.7993 11.7630 2.4597 50.7963 -5.0110 -1.3820
Pedestrian -1 -1 -6.2065 772.1265 170.7104 784.3946 201.4143 1.8171 0.6126 0.6704 10.0154 1.6900 43.0947 -5.9802 -1.5484
Car -1 -1 -4.7149 386.3175 188.3260 408.8129 209.0996 1.4605 1.6218 4.0798 -16.5682 2.7116 56.1725 -5.0008 -1.5875
Car -1 -1 -4.9693 1100.9669 178.7391 1160.4902 210.4179 1.5078 1.5731 3.6898 26.6456 1.8263 37.0902 -4.3505 -1.9688
Car -1 -1 -4.8065 888.7423 183.6425 925.2540 212.3773 1.5325 1.6084 3.6429 17.1773 2.1889 41.9414 -4.4209 -2.0855
Car -1 -1 -4.7443 985.2782 180.8782 1012.0728 203.3407 1.4921 1.5462 3.6534 27.5799 2.0846 51.3249 -4.2541 -2.0934
Pedestrian -1 -1 -7.7475 140.7436 172.1548 161.0231 216.0976 1.9219 0.6917 0.6592 -20.4021 1.8911 32.0065 -8.3114 -2.1153
