Car -1 -1 -7.7295 400.6744 180.8324 445.7939 215.3725 1.5405 1.6412 4.0320 -9.1005 1.9533 35.2554 -7.9808 2.8524
Car -1 -1 -4.4671 467.7500 175.0252 496.3087 199.6572 2.1919 1.6923 3.9268 -11.7926 2.3980 66.5809 -4.6421 1.3299
Car -1 -1 -7.5367 839.3112 181.0676 886.6278 209.5124 1.5841 1.6048 3.7301 15.1738 2.0990 43.2885 -7.2022 0.3477
Pedestrian -1 -1 -5.2175 1194.2809 184.9240 1224.0242 225.2903 1.6906 0.6590 0.8315 25.6615 2.2161 30.9669 -4.5308 0.2441
Car -1 -1 -1.9030 65.4556 195.5404 127.6827 225.2389 1.5251 1.6943 4.1183 -29.8213 2.8993 41.8262 -2.5196 -0.4293
Cyclist -1 -1 -8.0935 637.3275 174.6549 649.2510 202.9270 1.6447 0.3465 1.5498 1.9359 1.7534 42.8695 -8.0492 -0.9231
Pedestrian -1 -1 -8.0719 905.7603 174.8938 926.3598 215.7527 1.7807 0.7163 0.6250 13.4637 1.8715 31.8538 -7.6759 -1.2135
Pedestrian -1 -1 -4.8124 42.5198 188.5018 62.3143 228.1113 1.7649 0.6426 0.8069 -25.5979 2.4929 33.0693 -5.4674 -1.2656
Pedestrian -1 -1 -8.0498 1210.5199 172.1965 1238.0828 219.8279 1.8664 0.7268 0.6114 24.3955 1.8404 28.7165 -7.3511 -1.6008
Car -1 -1 -5.1779 1059.4613 182.9103 1126.0509 211.1711 1.4883 1.5707 3.9206 27.6270 2.0946 41.4876 -4.5942 -1.7306
