Car -1 -1 -4.1983 0.0000 184.0549 234.7999 296.4331 1.5837 1.7108 4.6538 -8.7560 1.8225 13.0229 -4.7811 6.9311
Car -1 -1 -4.4103 343.0173 187.2656 414.5271 226.5491 1.4767 1.7358 4.1386 -9.7846 2.1314 30.7175 -4.7166 3.4702
Car -1 -1 -4.6158 420.9662 183.4690 455.7534 211.9130 1.5739 1.6764 3.7855 -10.3113 2.2413 43.3982 -4.8482 2.4599
Car -1 -1 -4.7938 499.2895 176.9420 525.0227 198.3388 1.5694 1.6457 4.0620 -7.6418 1.8981 55.9091 -4.9294 0.9479
Car -1 -1 -4.5726 464.2816 182.2124 505.3915 211.2201 1.4618 1.6439 4.4337 -6.9207 2.0099 40.0467 -4.7431 -0.3430
Car -1 -1 -7.7585 587.9785 178.4181 609.0483 195.3046 1.5263 1.6367 3.9528 -1.0844 2.0707 68.5939 -7.7747 -0.6918
Cyclist -1 -1 -8.0027 1094.5161 176.3701 1143.3905 281.6443 1.5876 0.3989 1.5389 8.1808 1.6482 11.7133 -7.4056 -1.1593
Pedestrian -1 -1 -5.4600 409.7931 182.4534 423.7755 209.1425 1.7656 0.5382 0.7541 -13.0114 2.4158 48.4686 -5.7213 -1.3560
Car -1 -1 -4.8381 289.2328 185.3081 321.8671 209.4299 1.5238 1.5944 3.9640 -21.1074 2.4209 49.8782 -5.2369 -1.4295
Pedestrian -1 -1 -5.0308 926.9298 183.7897 946.2394 220.1848 1.8280 0.6670 0.8451 16.6871 2.3949 36.9685 -4.6105 -1.5415
Car -1 -1 -7.9749 481.9332 174.5883 516.0146 204.0957 1.8316 1.6893 4.3849 -7.3717 1.9509 47.4026 -8.1287 -1.8338
