Car -1 -1 -4.2896 149.1288 195.4288 314.3709 277.9294 1.4729 1.6720 4.1584 -8.2780 2.0441 16.1530 -4.7570 7.5769
Car -1 -1 -4.4544 382.0494 181.1073 447.2380 224.0403 1.6922 1.6903 4.2960 -8.4521 2.0759 31.4175 -4.7156 6.5222
Car -1 -1 -4.6566 491.1363 183.6549 512.1328 203.1886 1.5657 1.5819 3.5508 -9.2662 2.5168 61.7132 -4.8055 1.7500
Car -1 -1 -4.7306 459.8453 184.0896 486.5050 208.0733 1.4750 1.6853 4.1515 -9.2913 2.2665 48.6451 -4.9188 0.6938
Car -1 -1 -7.9143 611.2432 179.2080 631.0416 195.9992 1.5010 1.6316 3.7623 1.0021 2.1152 67.8669 -7.9000 -0.1375
Car -1 -1 -4.5411 483.5739 182.2558 528.0498 212.7547 1.4549 1.6479 3.9377 -5.4144 1.9710 37.6399 -4.6835 -0.1768
Car -1 -1 -4.7892 531.5299 177.8792 552.4403 196.5956 1.6127 1.5934 3.7607 -6.1957 2.0805 65.2267 -4.8839 -0.3137
Cyclist -1 -1 -4.3273 977.6476 170.0997 1031.3242 246.0821 1.7325 0.6194 1.4851 9.3418 1.6694 17.1650 -3.8367 -0.7940
Pedestrian -1 -1 -4.3300 980.8886 175.9734 1040.5571 301.2710 1.6106 0.4971 0.6644 5.3313 1.6540 9.6990 -3.8411 -0.9591
Car -1 -1 -2.5204 484.0958 179.9521 549.1624 202.9390 1.5260 1.6790 4.3805 -6.6144 2.0426 50.7704 -2.6497 -1.9708
