Car -1 -1 -4.2772 275.7232 185.7731 346.7444 216.0067 1.3939 1.7496 4.2592 -15.3758 2.1000 37.2865 -4.6662 1.5184
Car -1 -1 -2.4059 0.0000 196.0855 47.5875 234.7353 1.5397 1.6650 3.8781 -26.5350 2.5561 30.6921 -3.1146 -0.3770
Car -1 -1 -3.0951 153.1573 186.8032 256.2905 220.9593 1.4945 1.6806 4.2306 -19.3860 2.1968 34.6475 -3.6022 -0.4999
Car -1 -1 -7.3966 623.9222 179.3205 684.2625 209.3119 1.5963 1.7074 4.4321 2.5783 1.9913 41.7644 -7.3359 -0.8387
Pedestrian -1 -1 -3.7520 0.0000 190.6526 25.7841 235.8853 1.8317 0.7935 0.6991 -25.0050 2.5826 30.0100 -4.4424 -0.8521
Pedestrian -1 -1 -7.8934 753.3329 171.7301 774.9798 228.1929 1.7990 0.6528 0.7674 4.9498 1.7629 23.4221 -7.6885 -0.9475
Pedestrian -1 -1 -2.4756 671.9877 175.9729 686.3761 201.8746 1.7753 0.6018 0.7908 4.7678 1.9935 50.0614 -2.3817 -0.9645
Car -1 -1 -4.6972 636.0844 178.9568 664.7503 205.7134 1.5732 1.7264 4.4301 2.5563 1.9789 45.7296 -4.6422 -0.9962
Pedestrian -1 -1 -6.4161 417.3365 175.2301 424.7884 195.2036 1.8478 0.6290 0.5937 -17.6316 2.0703 67.2497 -6.6719 -1.5395
Cyclist -1 -1 -7.8297 681.1359 178.9224 689.4503 211.9378 1.6334 0.3881 1.5900 3.8057 1.9495 36.8088 -7.7281 -1.5601
