Car -1 -1 -7.8684 581.8943 170.6919 602.2653 189.4451 1.5572 1.6843 3.9592 -1.5898 1.3774 61.9269 -7.8943 0.8845
Pedestrian -1 -1 -5.7704 280.7317 173.9288 291.3906 196.1441 1.9012 0.6738 0.5818 -27.9229 1.9940 62.1463 -6.1913 -0.0973
Pedestrian -1 -1 -6.2148 220.6789 176.9585 237.5584 216.5141 1.6965 0.6288 0.6080 -16.6350 1.8773 31.4408 -6.6982 -0.1452
Car -1 -1 -4.3866 332.4662 175.0846 389.2154 204.0304 1.5337 1.7333 4.3047 -14.0133 1.6659 40.7186 -4.7163 -0.2827
Car -1 -1 -4.9399 637.2067 172.5465 671.6315 195.1264 1.6110 1.6499 4.1599 3.2289 1.5888 53.6682 -4.8805 -0.6329
Car -1 -1 -2.9482 575.0325 175.0401 663.7473 206.7887 1.5155 1.6543 4.1682 0.4499 1.6276 35.8470 -2.9363 -0.6713
Car -1 -1 -4.3619 653.3039 179.1149 697.1021 204.4451 1.4760 1.5607 3.6709 4.0742 1.8837 45.0227 -4.2727 -1.0812
Car -1 -1 -4.1228 619.4244 177.5007 665.5972 198.9814 1.4368 1.5269 3.5835 2.2977 1.7771 50.9796 -4.0784 -1.3492
Pedestrian -1 -1 -9.0256 1161.9305 181.8384 1176.9548 209.3979 1.7565 0.6931 0.5428 36.1420 2.3422 46.6582 -8.3701 -1.8408
Pedestrian -1 -1 -5.3091 0.0000 179.6766 13.8752 231.3285 1.7403 0.5243 0.4697 -20.9152 1.9766 24.7104 -6.0063 -1.9799
Car -1 -1 -4.8067 331.2274 180.8275 363.5460 204.9770 1.4849 1.6367 4.1773 -17.5675 2.0407 48.0825 -5.1556 -2.0425
Car -1 -1 -5.3286 1126.8508 179.9286 1198.6852 204.7315 1.5422 1.6333 4.2659 36.8264 2.0362 48.2530 -4.6800 -2.0905
Car -1 -1 -4.4903 661.0960 175.7575 686.9505 192.1140 1.4909 1.5936 4.1004 6.1101 1.7760 68.7429 -4.4023 -2.1568
