Car -1 -1 -7.8472 578.3395 170.9201 607.8945 198.6736 1.5115 1.6098 3.6976 -0.9901 1.4059 41.1583 -7.8715 3.3092
Car -1 -1 -7.7874 542.7222 170.9256 569.8206 193.8548 1.5238 1.6171 3.8572 -3.7101 1.3954 49.8865 -7.8616 2.8812
Pedestrian -1 -1 -5.0112 0.0000 168.2277 25.3795 221.4365 1.8737 0.6420 1.0262 -21.6734 1.7105 25.9587 -5.7019 0.8732
Car -1 -1 -3.5543 155.4656 184.1239 269.7584 220.0758 1.5034 1.6419 4.4045 -18.5718 2.0665 33.8236 -4.0534 0.2034
Pedestrian -1 -1 -8.7152 675.7387 165.6297 693.0995 198.2771 1.7875 0.6158 0.7324 4.0854 1.3916 39.9822 -8.6145 -0.1162
Car -1 -1 -4.6245 289.0789 173.9415 318.9903 196.4270 1.6156 1.7059 4.2056 -23.0182 1.7006 54.3244 -5.0237 -0.4455
Car -1 -1 -4.4304 362.2370 175.6782 406.7629 201.2156 1.5194 1.6770 3.7776 -14.1189 1.7037 45.2542 -4.7315 -1.0649
Car -1 -1 -7.5465 202.0748 180.6712 256.3130 209.4368 1.5293 1.6415 3.9356 -21.8992 2.0020 41.5723 -8.0289 -1.4189
Car -1 -1 -5.4679 1210.1306 186.3153 1241.0000 220.9059 1.4988 1.6705 4.0812 31.5786 2.1887 34.9299 -4.7376 -1.6598
Cyclist -1 -1 -7.8475 230.9976 179.6361 238.5718 209.0906 1.6053 0.3647 1.6305 -21.0978 1.9934 40.5073 -8.3253 -1.8505
Car -1 -1 -6.3638 1148.1735 177.3802 1241.0000 206.3747 1.5249 1.6345 3.9202 32.4946 1.7884 40.2764 -5.6889 -1.8653
