Car -1 -1 -7.8398 574.4006 171.1892 599.5952 194.2460 1.4667 1.6025 3.8351 -1.5320 1.3605 47.8294 -7.8720 1.9129
Car -1 -1 -7.8113 546.0719 169.2712 568.5685 189.8015 1.5907 1.6472 3.5185 -4.2109 1.3128 57.6876 -7.8841 0.3680
Pedestrian -1 -1 -7.9554 126.1109 181.8656 146.3738 229.5555 1.6185 0.5153 0.7853 -16.5496 1.9379 25.1309 -8.5331 -0.3372
Car -1 -1 -5.0513 130.6819 185.9452 193.9863 218.8041 1.4901 1.5632 3.6194 -22.3081 2.1719 35.8535 -5.6048 -0.4914
Car -1 -1 -3.2839 484.0719 174.0809 536.2250 193.5087 1.5177 1.6390 3.9500 -8.0437 1.6180 57.8675 -3.4217 -0.7296
Car -1 -1 -7.5503 367.3069 174.4987 411.1108 200.1247 1.5602 1.5980 3.8390 -14.0837 1.6694 46.1037 -7.8455 -0.7338
Car -1 -1 -3.2505 521.5107 172.4190 581.8453 195.2862 1.5279 1.6740 3.9576 -4.0442 1.4985 49.4057 -3.3321 -1.2318
Car -1 -1 -4.8533 390.3954 178.9500 420.8035 201.7018 1.4461 1.5000 3.4991 -13.8792 1.8740 48.7831 -5.1294 -1.3661
Car -1 -1 -7.8775 664.5030 166.7438 688.4838 191.3158 1.7987 1.7089 4.3253 5.0061 1.3511 55.0318 -7.7876 -1.6494
Car -1 -1 -8.0984 316.9555 161.3537 350.0182 189.2869 2.3809 1.7844 4.1091 -24.4596 1.4003 63.6945 -8.4639 -1.6725
Pedestrian -1 -1 -5.5121 1031.1744 177.1510 1048.2555 204.7712 1.8614 0.7287 0.6868 29.2579 2.1565 49.1858 -4.9786 -1.7139
Car -1 -1 -2.5803 206.3763 181.5047 295.0237 211.7119 1.5483 1.6634 3.9718 -19.2225 2.0232 38.6018 -3.0399 -1.8260
Car -1 -1 -4.7327 156.2130 180.3553 212.5047 227.1016 1.4431 1.5716 4.1030 -14.8970 1.7264 25.1262 -5.2634 -1.8539
Car -1 -1 -4.3311 609.0753 175.9632 644.2468 194.7133 1.5010 1.5862 3.9900 1.4117 1.7711 60.6184 -4.3084 -2.0771
