Car -1 -1 -7.8602 584.2491 174.4290 605.5760 193.7067 1.5134 1.6844 3.9864 -1.2748 1.6462 58.9881 -7.8821 1.7952
Pedestrian -1 -1 -5.9275 394.2076 173.2681 412.2526 211.4698 1.7106 0.6650 0.5909 -9.4006 1.7292 32.6703 -6.2059 -0.3006
Pedestrian -1 -1 -5.6202 459.7127 172.8135 471.8440 196.8327 1.7547 0.6964 0.5682 -10.6518 1.7514 53.1497 -5.8173 -0.6207
Car -1 -1 -4.4008 351.2337 179.9208 401.5281 206.1363 1.4294 1.6572 4.0169 -13.7055 1.8644 42.4338 -4.7117 -0.9173
Car -1 -1 -4.5243 243.4647 186.2355 292.2988 218.2222 1.4635 1.5528 3.8207 -17.4030 2.1829 36.7656 -4.9639 -1.2532
Car -1 -1 -4.5323 1182.8674 189.9311 1230.6051 216.2134 1.4818 1.6273 3.9707 37.2548 2.5931 45.0616 -3.8452 -1.5200
Car -1 -1 -4.1807 422.3830 176.8353 462.3546 196.1679 1.5698 1.5787 3.8637 -14.2740 1.9205 61.5256 -4.4081 -1.8380
Car -1 -1 -4.6999 358.8188 178.0074 377.9198 195.3865 1.5117 1.6105 4.0861 -22.1796 2.0002 66.2528 -5.0220 -1.8556
Cyclist -1 -1 -2.3993 34.4455 183.4077 90.0361 231.3248 1.8012 0.7067 1.6654 -21.0971 2.2130 27.7444 -3.0450 -1.9043
Car -1 -1 -4.5786 654.3098 175.6267 682.8998 197.6100 1.5172 1.5662 3.9159 4.2605 1.7262 52.4004 -4.4983 -2.1417
