Car -1 -1 -4.0087 0.0000 193.7622 104.6851 374.0000 1.4627 1.6210 3.8644 -6.9424 1.7192 6.8795 -4.7792 4.1663
Car -1 -1 -7.7032 639.7858 175.4464 670.3192 197.8462 1.5910 1.7003 3.9842 3.3716 1.7919 53.8677 -7.6415 0.1304
Car -1 -1 -7.7662 582.3843 175.5871 603.9332 192.5800 1.4530 1.6031 3.6805 -1.4946 1.7030 64.1927 -7.7898 -0.1678
Car -1 -1 -7.5058 642.8931 175.2436 679.2293 196.4083 1.6180 1.6422 3.9976 4.1015 1.8163 57.8066 -7.4357 -0.3079
Car -1 -1 -7.5501 657.6620 181.5904 720.3101 219.0446 1.4133 1.6073 3.5746 3.3085 1.8012 30.1011 -7.4423 -1.0436
Car -1 -1 -7.5898 626.2267 174.6342 658.5174 194.9679 1.5754 1.6416 3.9449 2.6303 1.7245 58.4050 -7.5454 -1.4550
Pedestrian -1 -1 -7.1105 101.6132 182.2558 129.3194 233.9428 1.7364 0.5879 0.5143 -16.9341 2.0611 24.6445 -7.7077 -1.5925
Car -1 -1 -4.8109 624.2643 175.2655 661.6202 207.3822 1.5854 1.5591 4.0489 1.6444 1.7189 37.9921 -4.7686 -1.8331
Pedestrian -1 -1 -4.4333 656.1844 183.7617 669.7007 217.4999 1.3368 0.4402 0.4377 2.0885 1.7799 29.0519 -4.3629 -1.9188
Car -1 -1 -7.2837 0.0000 186.2263 165.1835 249.2588 1.4336 1.6496 4.1140 -14.0194 1.8315 19.3943 -7.9033 -1.9773
Pedestrian -1 -1 -7.9797 9.2241 170.0373 28.4858 212.1109 1.8655 0.5984 0.6183 -26.6054 1.7403 32.4223 -8.6629 -1.9875
