Car -1 -1 -7.8193 543.1698 166.9942 567.4318 190.2194 1.6289 1.6332 3.7706 -3.9796 1.2177 52.5235 -7.8948 3.1102
Car -1 -1 -7.8595 576.2007 169.8301 604.3727 195.2236 1.4552 1.6150 4.0278 -1.2358 1.2816 43.3888 -7.8882 2.2605
Car -1 -1 -4.7649 706.0778 176.5275 737.9481 203.7278 1.4723 1.5972 3.9489 6.3840 1.6944 41.6503 -4.6143 -0.2669
Car -1 -1 -4.7931 266.9285 172.6646 301.9586 199.5034 1.6175 1.6972 4.1170 -20.6867 1.6058 45.6976 -5.2162 -0.3363
Car -1 -1 -3.9773 333.8088 175.9762 384.9066 196.9573 1.5786 1.6155 3.8997 -19.7839 1.8341 57.0249 -4.3101 -0.4123
Car -1 -1 -8.4654 1112.8065 185.5885 1176.6514 210.4177 1.5136 1.6101 3.5840 35.1998 2.3862 47.6496 -7.8326 -0.8586
Car -1 -1 -4.7723 743.5086 179.5884 772.5748 203.9994 1.4402 1.5640 3.7560 9.2872 1.8842 45.6250 -4.5732 -1.5855
Car -1 -1 -4.4966 0.0000 183.2609 75.4788 230.0347 1.5151 1.5522 3.7019 -20.8807 1.9226 26.2678 -5.1634 -1.6718
Pedestrian -1 -1 -3.7148 1156.9122 180.4039 1178.2705 215.4719 1.8391 0.7411 0.5899 29.6323 2.2448 38.4026 -3.0619 -1.7156
Pedestrian -1 -1 -7.2383 1228.7302 177.3494 1241.0000 212.4169 1.7983 0.7435 0.5969 32.7823 2.0346 37.5438 -6.5248 -1.7939
