Car -1 -1 -7.7593 537.3269 178.5439 571.7540 205.4498 1.4306 1.6255 3.4545 -3.1357 1.7661 40.8430 -7.8359 6.3283
Car -1 -1 -7.8076 584.0875 178.3911 621.3224 211.4840 1.4417 1.5865 3.5809 -0.3384 1.7152 33.8599 -7.8181 3.7770
Car -1 -1 -7.3956 251.7529 181.5263 339.1168 217.8715 1.4347 1.7568 4.3804 -13.7683 1.8432 31.7805 -7.8016 -0.1927
Car -1 -1 -4.5530 823.8009 183.7693 874.4816 220.7344 1.4744 1.6060 3.4456 10.5376 1.9839 31.7998 -4.2364 -0.3138
Cyclist -1 -1 -6.8042 113.2845 176.8099 160.1756 217.1833 1.7550 0.4875 1.7513 -21.2923 1.9374 32.4303 -7.3816 -0.5715
Car -1 -1 -4.5767 306.7734 179.1526 334.2875 198.6508 1.5639 1.6448 3.9909 -24.6120 2.1182 61.3885 -4.9567 -0.8959
Car -1 -1 -8.0196 1074.0505 182.7413 1121.5200 212.0054 1.5440 1.6274 3.8833 28.0137 2.1425 41.5950 -7.4306 -1.4065
Pedestrian -1 -1 -6.7956 196.4979 183.4637 210.8643 209.4971 1.7588 0.6904 0.5983 -27.9270 2.4933 49.5372 -7.3069 -1.5615
Pedestrian -1 -1 -7.6799 1205.4158 179.7894 1229.7010 218.9711 1.7232 0.7151 0.7780 27.2757 2.0398 32.4434 -6.9858 -2.1362
Car -1 -1 -3.9131 205.6346 179.6495 288.5260 209.2897 1.5040 1.6057 4.1368 -19.9830 1.8999 39.8466 -4.3755 -2.1472
Car -1 -1 -4.9965 530.6995 171.7710 559.8771 188.6256 1.5355 1.6545 4.0800 -6.1458 1.4365 67.9355 -5.0867 -2.1779
