Car -1 -1 -7.8600 576.7430 172.2842 601.5641 194.7327 1.4664 1.6218 3.9128 -1.4661 1.4289 49.1166 -7.8901 2.7700
Car -1 -1 -7.8639 548.3589 170.2564 569.5173 189.7598 1.5507 1.6803 3.9786 -4.2526 1.3439 59.4210 -7.9354 1.1699
Pedestrian -1 -1 -5.4117 177.8591 173.7868 195.5158 218.7587 1.7439 0.5065 0.3253 -16.6372 1.7806 28.2855 -5.9395 0.3207
Pedestrian -1 -1 -5.6414 1004.3344 176.7632 1019.6887 202.0189 1.8127 0.5469 0.8073 29.1721 2.0990 52.4177 -5.1364 -0.3533
Car -1 -1 -6.9428 124.3898 180.3082 212.3303 213.2401 1.5677 1.5908 3.6632 -22.7509 1.9729 37.2473 -7.4882 -0.7513
Car -1 -1 -6.2411 228.0495 181.4981 301.7544 210.4415 1.5441 1.6207 3.6954 -19.4936 2.0506 40.8364 -6.6842 -0.8964
Pedestrian -1 -1 -6.1763 1061.9167 173.7687 1073.5868 200.4713 1.8744 0.6914 0.6306 32.4182 1.9395 51.1474 -5.6144 -0.9655
Car -1 -1 -4.8708 260.3179 179.7869 293.7353 202.8331 1.5771 1.6117 3.9796 -24.3976 2.1038 52.7430 -5.3024 -1.1689
Car -1 -1 -4.3042 317.3964 167.7636 381.1835 206.0219 1.9642 1.7402 4.1647 -14.1048 1.7025 39.1778 -4.6479 -1.2014
Car -1 -1 -2.7469 624.0238 173.8542 680.4349 194.2891 1.4877 1.6425 3.9047 3.1432 1.5648 54.2762 -2.6897 -1.2294
Car -1 -1 -5.3274 333.7060 176.3504 377.5812 196.4877 1.6023 1.6378 3.6191 -21.0912 1.8998 59.7240 -5.6657 -1.7036
Car -1 -1 -7.8686 298.1999 174.4751 319.8642 195.3651 1.6410 1.5820 3.5899 -24.6343 1.7776 58.9473 -8.2631 -1.9747
Car -1 -1 -4.6155 183.0197 181.3933 219.1071 207.8484 1.5223 1.5803 3.8948 -25.4731 2.0792 44.9768 -5.1285 -2.1241
Car -1 -1 -8.0658 461.7476 174.5441 503.6046 202.4595 1.5337 1.6420 3.7319 -7.4760 1.6364 41.9262 -8.2416 -2.1702
