Car -1 -1 -4.2489 122.0508 183.9679 310.1721 268.8937 1.4189 1.6560 4.0663 -7.7776 1.6756 14.6386 -4.7301 7.1497
Car -1 -1 -4.5996 482.9409 174.9338 514.2518 199.0456 1.5771 1.6834 4.0353 -7.6450 1.7256 49.5965 -4.7521 1.9351
Car -1 -1 -4.8997 253.9545 178.5939 288.3127 201.2890 1.5454 1.5771 3.7519 -24.5328 1.9755 52.1187 -5.3379 -0.4575
Car -1 -1 -4.8223 615.6932 175.4402 655.7809 207.9466 1.5109 1.5816 3.6142 1.1846 1.6452 35.6969 -4.7900 -0.4642
Car -1 -1 -4.4798 270.2422 179.6581 303.1223 200.3022 1.6520 1.6497 4.0844 -27.4545 2.2504 61.3241 -4.8994 -0.5053
Car -1 -1 -5.1202 748.3986 182.8959 794.5555 206.4441 1.5616 1.6601 4.3188 11.5594 2.3176 52.0679 -4.9034 -0.5428
Car -1 -1 -4.3094 192.1926 178.0314 244.4535 202.4663 1.5857 1.6474 4.2228 -27.0537 1.9593 49.9246 -4.8040 -1.0018
Car -1 -1 -7.4161 616.2778 175.8185 660.9753 198.1601 1.5707 1.6519 4.3073 2.1457 1.8002 53.6278 -7.3768 -1.0408
Car -1 -1 -4.4404 386.7473 176.5385 425.5277 199.0189 1.5365 1.6429 4.1220 -14.6829 1.8126 52.0562 -4.7143 -1.6476
Car -1 -1 -7.4252 235.4644 180.3591 314.1299 216.3278 1.4102 1.5798 3.9031 -14.3645 1.7532 31.0564 -7.8555 -1.7035
Car -1 -1 -4.3903 285.5568 179.6484 350.7339 210.7821 1.4049 1.7135 4.2753 -14.3806 1.7613 35.6965 -4.7710 -1.8377
