Car -1 -1 -4.5847 466.3484 176.8301 501.9940 205.3150 1.5949 1.6096 3.8550 -7.4702 1.8418 42.9077 -4.7565 4.6884
Car -1 -1 -3.9761 0.0000 194.4197 111.1551 374.0000 1.3989 1.6553 4.0314 -7.7120 1.6956 7.9033 -4.7324 4.3855
Car -1 -1 -7.7686 579.9822 176.3438 599.9514 192.3434 1.4612 1.5947 3.6493 -1.8998 1.8016 68.5781 -7.7965 0.5137
Pedestrian -1 -1 -4.6461 181.3651 179.4150 199.7092 222.8368 1.6789 0.5737 0.8005 -16.6244 1.9424 28.5300 -5.1699 -0.1876
Car -1 -1 -2.5337 149.0449 181.8609 268.5730 223.3807 1.4914 1.6085 3.7080 -15.1977 1.8448 27.3414 -3.0372 -1.2671
Car -1 -1 -4.6096 400.9016 175.4349 429.4007 198.0977 1.6303 1.6552 4.2367 -14.7385 1.8333 54.6336 -4.8722 -1.3626
Car -1 -1 -4.7892 628.1006 172.9389 658.5504 198.1754 1.6623 1.7692 4.1372 2.2177 1.6681 49.6368 -4.7452 -1.4886
Car -1 -1 -7.9085 655.2562 178.8595 701.5478 217.3208 1.4472 1.6629 4.1476 2.7239 1.7133 29.9071 -7.8192 -2.0662
Car -1 -1 -4.0654 146.1909 186.5704 215.1542 212.5135 1.5487 1.6848 4.2485 -28.2664 2.4954 47.6114 -4.5990 -2.0811
Cyclist -1 -1 -7.6454 632.3194 173.1461 641.9742 198.3721 1.6787 0.3450 1.5352 1.8092 1.6985 48.8218 -7.6090 -2.1194
