Car -1 -1 -4.5259 421.9018 179.1004 475.3381 214.3672 1.4856 1.6745 4.0176 -7.3808 1.7899 33.1494 -4.7438 5.8134
Pedestrian -1 -1 -5.2200 86.0830 183.5581 115.1155 235.0727 1.6343 0.5287 0.6361 -16.5832 1.9871 23.4242 -5.8308 0.7683
Car -1 -1 -7.7332 579.7119 175.2643 601.3365 191.6690 1.4821 1.6018 3.6414 -1.8203 1.7141 67.6320 -7.7603 -0.0221
Car -1 -1 -7.5277 353.0648 178.3190 400.0047 204.0526 1.4857 1.5930 3.8580 -14.3467 1.8366 44.4238 -7.8386 -0.2783
Car -1 -1 -4.2327 238.4688 188.3895 291.2680 212.4601 1.6121 1.6786 4.4058 -25.5096 2.8103 53.4352 -4.6765 -0.5967
Car -1 -1 -4.9646 619.4341 175.7319 662.4716 202.4761 1.5586 1.6355 4.3047 1.8302 1.7462 44.8170 -4.9245 -0.6432
Car -1 -1 -4.9925 624.9761 175.8387 654.1652 192.8340 1.5207 1.6155 4.2420 2.7120 1.8094 67.6046 -4.9529 -0.8806
Car -1 -1 -7.0706 795.7780 190.9628 866.6071 218.8398 1.4946 1.6805 3.9799 13.0187 2.6045 42.5532 -6.7763 -0.9451
Car -1 -1 -4.4445 617.5541 178.8378 650.0710 199.1266 1.4850 1.5678 3.8486 1.8599 1.9672 56.1041 -4.4120 -1.0425
Pedestrian -1 -1 -3.1769 128.9547 172.5605 156.6770 260.1411 1.7616 0.5478 0.4633 -9.6833 1.7554 14.8705 -3.7462 -1.3921
Car -1 -1 -4.6196 210.2686 191.3978 247.4694 221.0984 1.5203 1.5555 3.5078 -21.7751 2.6294 41.2471 -5.1030 -2.0464
