Car -1 -1 -4.4468 340.5587 181.7318 426.8405 231.8000 1.4325 1.6727 3.9377 -7.2510 1.7440 23.3467 -4.7452 6.1429
Car -1 -1 -7.8309 580.9280 175.2691 599.2387 192.0116 1.4877 1.6055 3.6493 -1.8332 1.7160 66.4706 -7.8587 0.5972
Car -1 -1 -7.8698 193.4893 178.8414 228.0405 209.9727 1.5791 1.5809 3.4432 -21.7543 1.9198 39.2119 -8.3737 0.4904
Car -1 -1 -4.7038 162.1034 181.5071 193.2674 211.2079 1.7744 1.6614 4.2036 -27.9446 2.3602 46.6416 -5.2413 0.4430
Car -1 -1 -4.3507 305.0362 179.3077 367.5409 208.8266 1.4196 1.6989 4.1052 -14.2336 1.7744 37.6525 -4.7101 0.2086
Car -1 -1 -7.5607 618.8481 174.9639 657.0778 197.9720 1.6729 1.7455 4.3455 2.1588 1.8409 55.2290 -7.5223 0.1565
Pedestrian -1 -1 -3.4343 354.9649 170.8810 379.4059 218.0484 1.8653 0.6399 0.7806 -9.8114 1.7870 29.0212 -3.7579 -0.4030
Car -1 -1 -7.5511 621.6536 176.6968 672.2018 206.1165 1.5075 1.6349 4.1051 2.0544 1.7307 39.7576 -7.5004 -0.4635
Cyclist -1 -1 -7.6491 30.6198 181.9257 46.3263 210.6222 1.5863 0.3786 1.6184 -32.6669 2.1142 41.2056 -8.3164 -1.0936
Car -1 -1 -8.0500 343.8393 173.2292 402.7483 216.9459 1.7393 1.6460 3.9933 -10.2306 1.7562 30.8872 -8.3676 -1.3511
Car -1 -1 -4.7467 616.9189 176.5694 644.5412 200.8979 1.4972 1.6479 4.3332 1.2826 1.7513 47.2405 -4.7202 -1.3946
Car -1 -1 -7.5979 12.9140 174.9073 66.5531 202.2433 1.6159 1.6433 4.0905 -35.6659 1.7505 45.1867 -8.2634 -1.8699
Car -1 -1 -4.7819 410.5992 175.4634 435.9354 197.7602 1.6553 1.6327 4.0448 -14.6151 1.8663 56.2529 -5.0353 -1.9830
