Car -1 -1 -7.8891 549.6815 170.3273 571.2568 190.0195 1.6531 1.7210 4.1376 -4.3585 1.4406 62.7163 -7.9585 1.2465
Car -1 -1 -7.8268 577.3362 172.8979 602.0630 194.0600 1.4655 1.6736 4.1783 -1.4594 1.4685 52.0650 -7.8550 1.0512
Car -1 -1 -4.9278 297.6127 177.4694 329.5160 197.2509 1.5404 1.6086 3.9906 -24.3999 1.9326 59.2636 -5.3171 0.2979
Car -1 -1 -3.4687 240.5805 182.9537 313.3797 206.5634 1.5065 1.6431 4.2682 -23.0051 2.2332 49.8703 -3.8992 0.2026
Pedestrian -1 -1 -6.3595 263.0528 176.9568 274.1190 212.0199 1.6826 0.5732 0.4445 -16.6352 1.8838 35.0682 -6.7997 -0.8659
Car -1 -1 -4.4941 328.7950 179.3283 378.3328 208.0932 1.4498 1.6703 4.2586 -14.0280 1.8245 39.5778 -4.8329 -0.9250
Car -1 -1 -4.4311 322.4308 168.7815 355.1115 190.7587 1.9009 1.6704 4.0602 -24.2198 1.5483 64.4961 -4.7892 -1.6122
Car -1 -1 -4.2953 380.8937 178.4994 428.9425 202.8845 1.5587 1.6289 4.1062 -13.9701 1.9606 49.2627 -4.5706 -1.8222
Car -1 -1 -4.0450 77.3433 188.4182 154.7760 218.5577 1.4552 1.5469 3.5423 -26.3307 2.3256 38.5411 -4.6413 -1.9048
Car -1 -1 -4.5083 694.3138 180.6406 750.6358 216.7490 1.4052 1.5886 4.2898 4.9118 1.7679 31.3523 -4.3549 -2.0687
Car -1 -1 -4.9628 959.6978 180.5075 989.0735 197.5093 1.5223 1.6246 3.6203 34.4284 2.2669 68.2922 -4.4979 -2.1472
