Car -1 -1 -7.8381 575.1076 174.7684 601.8481 198.3245 1.4020 1.6027 3.7151 -1.3526 1.5264 45.1166 -7.8684 3.2033
Car -1 -1 -7.8161 544.3340 174.2086 568.1526 194.2278 1.4555 1.6534 4.0549 -4.0771 1.5619 54.7942 -7.8903 1.9677
Car -1 -1 -7.1104 177.9488 181.3229 266.2282 216.1176 1.4637 1.5613 3.5836 -17.8094 1.8760 33.2235 -7.5994 -0.2781
Car -1 -1 -4.4628 246.5043 181.1397 292.9903 208.3757 1.5171 1.5961 3.9930 -20.5208 2.0415 43.5851 -4.9008 -0.3301
Car -1 -1 -4.4209 272.2322 179.1325 335.0172 212.9925 1.4144 1.5863 3.8407 -13.9139 1.7175 32.8735 -4.8187 -0.9599
Car -1 -1 -4.9442 1017.8882 168.9763 1053.8282 192.6189 1.8204 1.6060 3.8990 33.9490 1.5215 57.6545 -4.4145 -1.5260
Car -1 -1 -6.8863 120.0781 179.4666 219.4217 214.7920 1.5217 1.5788 3.7441 -20.6144 1.8505 33.8733 -7.4297 -1.5861
Pedestrian -1 -1 -7.7760 197.8295 177.3708 216.9620 216.5128 1.6976 0.6856 0.6796 -17.8082 1.8995 31.8496 -8.2826 -1.8762
Car -1 -1 -7.5410 287.0379 176.2746 333.8820 205.1844 1.8897 1.7391 4.3279 -20.6811 2.1366 49.9147 -7.9322 -2.0336
Car -1 -1 -4.4646 275.7692 177.1324 308.9506 196.0864 1.5597 1.6367 4.2619 -27.5401 1.9440 62.6213 -4.8776 -2.0971
