Car -1 -1 -7.8353 576.1472 176.7860 603.8256 202.7758 1.4987 1.6163 3.4749 -1.2218 1.7470 43.8805 -7.8635 4.0386
Car -1 -1 -7.7806 543.9727 176.1492 570.0583 197.7631 1.5198 1.6442 3.8513 -3.9050 1.7715 53.2484 -7.8539 2.8510
Car -1 -1 -4.2969 228.8124 181.5393 312.5232 219.0222 1.3777 1.6543 3.8583 -13.7424 1.7543 29.3670 -4.7314 0.2627
Cyclist -1 -1 -8.9910 1067.9918 181.0968 1105.3011 209.8996 1.7306 0.4887 1.9025 29.5587 2.2530 44.8246 -8.4116 -0.7349
Car -1 -1 -7.7597 1051.3372 168.5328 1083.1780 193.1435 1.7848 1.6575 4.1773 34.5269 1.4711 54.4880 -7.1976 -1.2235
Car -1 -1 -2.9567 148.8601 177.1351 225.6399 202.8913 1.4977 1.6380 3.7864 -25.6416 1.7658 43.8316 -3.4835 -1.3809
Pedestrian -1 -1 -5.7053 323.8539 177.4622 333.7647 207.0599 1.7516 0.4856 0.3412 -16.8149 2.0281 43.0587 -6.0759 -1.7635
Pedestrian -1 -1 -4.3254 1136.9050 186.0404 1156.6151 218.4572 1.7522 0.6808 0.6469 29.5929 2.4883 39.8333 -3.6905 -1.8636
Car -1 -1 -4.7520 279.3741 174.1926 310.0300 199.5446 1.6148 1.7261 4.0426 -21.2065 1.7083 48.3849 -5.1633 -1.8987
Car -1 -1 -4.3154 215.5664 186.1686 266.1386 210.5013 1.5813 1.6720 4.3106 -26.3113 2.5725 51.5196 -4.7858 -1.9482
Car -1 -1 -6.4726 1227.8547 175.5806 1241.0000 210.7023 1.5300 1.6988 4.3281 31.7080 1.6637 33.5948 -5.7208 -1.9714
Car -1 -1 -4.7064 375.8717 177.6144 393.7595 194.3855 1.4970 1.5570 3.7567 -21.0954 1.9558 67.5753 -5.0081 -2.1299
Pedestrian -1 -1 -5.9804 1214.7897 180.3334 1239.6351 214.3642 1.7763 0.6012 0.8669 32.8226 2.1797 38.4198 -5.2777 -2.1759
