Car -1 -1 -4.4229 375.5543 180.8647 446.7477 221.7047 1.4423 1.6325 3.8877 -7.7257 1.7770 28.2145 -4.6882 6.9719
Car -1 -1 -4.3680 508.2406 176.1199 540.6121 194.3734 1.5133 1.5838 3.8491 -7.4112 1.8057 62.6086 -4.4857 0.4292
Pedestrian -1 -1 -6.2217 88.1669 181.5202 118.0827 233.7855 1.6933 0.5632 0.7784 -16.8744 1.9862 23.9661 -6.8301 -0.0217
Car -1 -1 -6.7414 0.0000 181.5297 51.4261 218.7650 1.4612 1.5497 3.4719 -26.5158 1.8577 31.1018 -7.4433 -0.6101
Car -1 -1 -4.6873 641.4233 175.8623 673.9417 205.8545 1.5352 1.6795 4.4326 2.6320 1.7099 39.6751 -4.6221 -1.4767
Car -1 -1 -4.4279 758.3587 183.3668 791.2087 203.4001 1.5139 1.5919 3.8768 13.4297 2.4004 58.7895 -4.2049 -1.5945
Car -1 -1 -7.2487 200.1856 171.3000 247.7274 192.1723 1.8533 1.7131 4.2884 -35.4259 1.7151 66.2975 -7.7380 -1.7804
Car -1 -1 -4.6925 620.2864 175.9181 646.2020 201.3757 1.5550 1.5992 4.2241 1.5092 1.7623 46.7399 -4.6609 -1.8339
Car -1 -1 -2.3441 325.9643 183.7565 373.4128 203.6770 1.6458 1.6631 3.8723 -22.7376 2.6208 62.9500 -2.6897 -1.9854
Car -1 -1 -4.6832 652.1172 179.0255 690.3587 213.3452 1.4625 1.6648 4.1366 2.8679 1.7686 33.6694 -4.5996 -2.0249
Car -1 -1 -5.4671 193.6922 184.4689 260.2127 209.2587 1.4944 1.6141 3.7747 -24.5318 2.2593 46.1591 -5.9534 -2.1691
