Car -1 -1 -7.8188 576.8801 160.5757 607.1664 190.2874 1.6591 1.6419 3.7173 -1.0479 0.9732 42.1571 -7.8438 2.6626
Car -1 -1 -7.7699 542.3542 161.1747 570.9547 184.5870 1.5962 1.7033 3.8774 -3.7736 0.7996 51.1390 -7.8434 1.1624
Pedestrian -1 -1 -6.1685 1200.8407 174.4648 1225.2008 211.6345 1.8003 0.5612 0.8633 29.6231 1.8803 35.4959 -5.4776 -0.8150
Car -1 -1 -4.2968 276.5250 172.2308 344.9821 206.3288 1.4944 1.6160 3.5765 -13.8233 1.4668 33.4319 -4.6863 -0.8362
Pedestrian -1 -1 -6.8310 1180.9331 174.7704 1199.7911 204.2237 1.7459 0.7057 0.5983 34.7131 1.8614 43.2080 -6.1579 -1.0190
Car -1 -1 -4.4791 650.4688 164.2353 692.9642 192.5337 1.6049 1.6435 4.0404 3.6994 1.1158 43.0974 -4.3943 -1.2757
Car -1 -1 -8.2240 1159.4591 177.2894 1219.8882 204.3407 1.5695 1.6392 3.7750 35.6949 1.8559 44.5807 -7.5524 -1.3789
Car -1 -1 -7.4703 76.0555 173.8071 151.5560 208.6732 1.6847 1.7042 4.3303 -25.5601 1.7366 37.2854 -8.0681 -1.5789
Car -1 -1 -5.0913 704.3721 168.1144 744.4229 190.0472 1.6163 1.6426 4.0474 8.6942 1.2668 55.3293 -4.9366 -1.7773
Car -1 -1 -4.4001 351.8001 163.9742 402.1900 192.3039 1.6438 1.6973 4.2389 -14.1660 1.1282 43.9871 -4.7101 -2.1263
Car -1 -1 -7.6192 279.1439 168.5254 324.6006 197.2157 1.6569 1.6457 3.9944 -18.6634 1.4066 43.7761 -8.0203 -2.1928
