Car -1 -1 -7.7808 539.8148 175.6941 570.5319 201.2681 1.4868 1.6151 3.6440 -3.3532 1.6676 44.1770 -7.8565 4.1409
Car -1 -1 -7.8278 580.9225 177.1241 614.3468 206.5540 1.3951 1.6018 3.5534 -0.6245 1.6213 36.5040 -7.8453 2.7739
Car -1 -1 -4.6650 780.7272 178.7159 814.9789 208.8596 1.5276 1.6383 4.1389 10.3255 1.8674 39.6475 -4.4125 0.7875
Pedestrian -1 -1 -7.6853 132.7474 178.3311 160.4784 231.7334 1.6828 0.6508 0.6476 -14.9704 1.8622 23.2484 -8.2524 -1.6252
Pedestrian -1 -1 -6.5417 751.9990 174.7857 764.3135 200.0939 1.7369 0.5440 0.7172 10.2034 1.8709 49.8568 -6.3414 -1.7609
Car -1 -1 -2.2573 0.0000 193.3732 110.7846 237.7875 1.4796 1.6073 3.8277 -20.5804 2.2636 26.3695 -2.9152 -2.0330
Car -1 -1 -4.5797 0.0000 171.0264 21.4786 201.3940 1.6111 1.6309 4.1190 -34.3841 1.5138 40.4539 -5.2810 -2.0795
Car -1 -1 -7.4183 578.5436 176.4151 631.4782 204.2968 1.4248 1.5681 3.4612 -0.2639 1.6277 39.2580 -7.4255 -2.0879
Car -1 -1 -4.7565 527.2732 181.5941 547.4955 200.0932 1.4833 1.5535 3.6221 -6.2434 2.2518 61.5591 -4.8576 -2.0938
Pedestrian -1 -1 -5.3965 98.1113 179.1209 124.8959 234.1719 1.7504 0.5374 0.4694 -16.1698 1.9557 23.3404 -5.9972 -2.1233
Pedestrian -1 -1 -9.2534 1199.2242 180.3900 1217.5256 214.5200 1.7472 0.5929 0.6441 31.1150 2.1438 37.5674 -8.5660 -2.1258
