Car -1 -1 -4.0177 0.0000 191.2461 148.3477 358.7498 1.4988 1.6458 4.1686 -7.9559 1.7817 9.0121 -4.7264 3.9825
Car -1 -1 -4.6762 493.5060 179.0992 516.7962 200.3461 1.5295 1.6206 4.0962 -8.0319 2.0264 55.3135 -4.8201 1.3751
Car -1 -1 -4.2232 241.8947 179.8927 328.8697 220.0452 1.6420 1.7119 4.3679 -14.5505 1.9809 32.5314 -4.6411 0.4995
Car -1 -1 -2.7786 228.9726 187.1955 306.2042 216.7896 1.5065 1.5763 3.3879 -18.2775 2.2904 38.5368 -3.2191 -0.3268
Car -1 -1 -3.7456 192.2910 176.0972 255.8759 197.0768 1.5060 1.6294 4.0325 -29.1850 1.7610 54.6292 -4.2344 -0.4229
Car -1 -1 -2.3675 57.9976 185.0806 142.5348 217.1250 1.4677 1.6071 3.1030 -24.6552 2.0762 34.8870 -2.9793 -1.0677
Pedestrian -1 -1 -7.9835 280.9797 180.1156 296.6547 215.1237 1.8279 0.6926 0.5683 -17.0762 2.2171 38.2730 -8.4009 -1.4562
Car -1 -1 -4.7472 420.2590 177.0016 442.0254 196.7932 1.5426 1.5990 3.7447 -14.7007 1.8936 59.1034 -4.9903 -1.8093
Car -1 -1 -4.7993 718.6103 186.7351 742.4152 205.9697 1.5009 1.6383 4.0993 10.2040 2.7233 61.4492 -4.6361 -1.9043
Car -1 -1 -4.5509 298.2459 183.2036 326.3096 203.1392 1.5200 1.5672 3.5300 -24.2842 2.3914 58.8793 -4.9408 -2.1033
