Car -1 -1 -7.7646 536.0748 177.9906 570.7945 204.9414 1.4154 1.6216 3.6476 -3.1630 1.7159 40.4250 -7.8426 5.6275
Car -1 -1 -7.8122 584.7219 177.5795 622.2561 210.9743 1.4380 1.5930 3.5334 -0.2976 1.6679 33.3674 -7.8216 3.8365
Pedestrian -1 -1 -8.2121 743.5123 172.5544 776.9779 251.0723 1.7276 0.5882 0.5173 3.3117 1.7207 16.1784 -8.0147 -0.3834
Car -1 -1 -7.4387 0.0000 188.6660 89.1469 234.7270 1.5181 1.5768 3.6783 -21.3575 2.1553 27.1135 -8.1012 -0.8136
Car -1 -1 -7.7837 540.3907 167.6099 561.3462 186.3028 1.6784 1.6503 4.1455 -5.4711 1.2073 66.8684 -7.8653 -0.8768
Cyclist -1 -1 -6.6616 95.5324 179.3923 142.5300 218.5622 1.6347 0.4245 1.6377 -21.2373 1.9241 31.1741 -7.2559 -1.4217
Pedestrian -1 -1 -7.8895 199.0965 176.5180 219.5962 220.4065 1.7090 0.6916 0.5688 -15.9201 1.8560 28.5882 -8.3939 -1.6751
Car -1 -1 -7.1206 829.3604 184.4067 919.2365 223.0128 1.4838 1.6627 3.4426 11.0241 1.9918 30.2020 -6.7744 -1.7015
Car -1 -1 -5.7198 1121.9761 188.7949 1224.0254 221.9038 1.4750 1.5953 3.7519 28.0551 2.3182 36.1412 -5.0642 -1.8620
Car -1 -1 -3.8123 1099.6141 189.7598 1201.3674 221.1858 1.4287 1.6026 3.7211 25.8238 2.2593 34.5982 -3.1758 -1.8997
