Car -1 -1 -7.8560 581.1348 176.4266 613.3992 206.2800 1.4371 1.5729 3.5384 -0.6988 1.6286 36.9478 -7.8753 3.8048
Car -1 -1 -7.7706 539.8875 176.0143 570.8127 201.0115 1.4688 1.5965 3.9483 -3.3916 1.6737 44.8766 -7.8461 3.3043
Car -1 -1 -2.6705 733.3135 178.1665 794.3735 201.5512 1.5769 1.6682 3.9219 10.9019 1.9688 51.3903 -2.4631 0.1125
Car -1 -1 -5.2766 25.5304 194.7944 126.1547 237.5473 1.4771 1.5425 3.3671 -20.4910 2.3574 27.6278 -5.9103 -0.1247
Car -1 -1 -7.5545 0.0000 186.7798 51.8283 227.0474 1.6272 1.6326 3.9221 -27.0361 2.3000 32.7510 -8.2407 -0.1500
Car -1 -1 -4.5420 769.1725 176.8874 808.9437 205.4189 1.5094 1.6076 3.5358 10.0893 1.7473 40.6624 -4.3009 -0.1676
Car -1 -1 -5.0887 988.8047 177.6881 1040.4069 202.0461 1.5797 1.6899 4.1314 27.8215 1.9276 49.8087 -4.5822 -1.5516
Car -1 -1 -4.9365 1182.6469 185.7505 1241.0000 218.2666 1.4988 1.6210 3.8746 30.8546 2.1976 37.0157 -4.2460 -1.8295
Car -1 -1 -6.3879 220.5793 187.3893 297.4796 216.6584 1.5122 1.6235 3.7467 -19.7806 2.3640 40.6215 -6.8388 -1.8412
Pedestrian -1 -1 -5.0585 129.1431 184.0160 155.1344 230.4498 1.7476 0.6030 0.8166 -18.1223 2.1861 27.8784 -5.6307 -1.8873
