Car -1 -1 -6.9449 633.8669 175.3353 687.8199 196.5096 1.5800 1.6898 3.9880 3.9392 1.7788 56.0805 -6.8756 0.6541
Cyclist -1 -1 -2.5631 88.3296 169.1053 142.8366 216.2190 1.8758 0.6831 1.7206 -19.9612 1.7263 29.0857 -3.1605 -0.7714
Car -1 -1 -4.7509 620.0642 174.3811 644.4094 196.8516 1.5521 1.6036 3.6377 1.5389 1.6656 51.9147 -4.7218 -0.9446
Car -1 -1 -4.3730 364.5731 177.4939 402.2045 199.4648 1.6217 1.6284 3.7454 -17.5557 1.9935 55.9616 -4.6759 -1.4999
Car -1 -1 -7.2605 262.7885 166.8011 306.5872 191.0572 2.1649 1.7232 4.0249 -29.9611 1.6244 66.5291 -7.6823 -1.9341
Car -1 -1 -6.0551 256.1703 189.2312 321.5777 213.3313 1.5086 1.6474 3.6889 -21.2943 2.6215 47.8898 -6.4718 -1.9656
Car -1 -1 -4.5405 635.6365 174.4950 670.7154 200.4626 1.5527 1.5911 3.7428 2.7221 1.6602 45.3998 -4.4815 -2.0880
Car -1 -1 -4.2133 61.7871 198.7676 130.9373 229.9458 1.5508 1.6066 3.7380 -29.1858 3.0958 41.0781 -4.8282 -2.0909
Car -1 -1 -4.9611 644.2394 174.6632 680.5380 197.9900 1.6061 1.6360 4.1569 3.7127 1.7422 52.2094 -4.8909 -2.1303
Car -1 -1 -5.0837 628.3757 174.7237 663.7839 194.5207 1.5895 1.6323 3.9564 2.9588 1.7514 60.4692 -5.0354 -2.1522
