Car -1 -1 -7.7348 537.5552 178.2843 574.0222 204.9109 1.4336 1.6867 3.4449 -3.0991 1.7575 41.3234 -7.8097 4.7346
Car -1 -1 -7.7979 583.2469 177.5918 621.1296 211.1914 1.4880 1.6038 3.6542 -0.3660 1.7254 34.3397 -7.8090 4.1518
Pedestrian -1 -1 -6.8208 226.1929 177.2835 251.1559 216.2242 1.6424 0.5146 0.8044 -16.0022 1.8354 31.0175 -7.2938 0.3542
Car -1 -1 -6.7980 214.5641 180.4969 310.3226 216.6488 1.4897 1.5296 3.5920 -15.6047 1.8534 32.4502 -7.2433 0.3187
Cyclist -1 -1 -7.0417 140.0355 178.9719 176.7356 216.0443 1.6830 0.3684 1.6614 -21.2320 1.9772 33.8866 -7.5981 -0.2225
Car -1 -1 -7.1451 808.1126 183.2266 896.7554 218.9675 1.4953 1.6678 3.9580 11.0406 1.9933 32.9285 -6.8249 -1.0696
Car -1 -1 -4.3699 325.3933 181.2108 384.1830 209.4154 1.4166 1.6809 4.3446 -13.9945 1.9015 39.7079 -4.7069 -1.3229
Car -1 -1 -4.6042 260.8416 185.1443 296.8226 212.2805 1.4912 1.5713 3.7385 -19.9521 2.2664 43.5032 -5.0322 -1.4388
Car -1 -1 -4.8018 202.8385 180.2759 233.2600 206.4656 1.7720 1.6045 3.6723 -28.2519 2.3259 51.9103 -5.2983 -1.4768
Car -1 -1 -4.8322 308.0368 179.7888 333.5989 198.7774 1.5459 1.5948 3.9201 -25.0483 2.1653 62.3788 -5.2128 -1.5147
Car -1 -1 -4.7584 206.2178 185.7910 232.4384 208.5821 1.6616 1.6461 4.0737 -31.0414 2.7264 57.2363 -5.2536 -1.6820
Pedestrian -1 -1 -6.1602 208.0429 179.6544 225.4713 206.9071 1.8769 0.6007 1.0023 -27.4869 2.3559 50.3867 -6.6576 -1.8073
Pedestrian -1 -1 -3.5169 337.8983 174.9830 363.5029 237.6392 1.7451 0.5326 0.5263 -7.4155 1.8064 20.4953 -3.8604 -2.0593
Pedestrian -1 -1 -5.5732 513.9155 174.4462 528.2889 199.6584 1.7170 0.6461 0.7398 -6.1512 1.8274 49.6726 -5.6961 -2.1325
