Car -1 -1 -7.8122 576.0603 172.3584 602.5293 194.7124 1.4818 1.6663 3.9446 -1.4252 1.4487 49.8124 -7.8410 2.7952
Car -1 -1 -7.7260 546.5620 170.3661 572.7037 189.9516 1.5807 1.7072 3.7886 -4.1925 1.3796 60.1736 -7.7956 1.6043
Car -1 -1 -4.2212 328.4190 172.9321 388.8637 202.6665 1.6148 1.6211 3.8760 -14.3278 1.6192 41.2372 -4.5539 0.6459
Car -1 -1 -4.9098 202.7045 178.1112 249.2563 205.1989 1.5912 1.7825 4.3097 -24.2778 1.9386 45.4843 -5.3979 0.2271
Car -1 -1 -7.8993 727.9263 182.7592 783.6069 234.1066 1.4091 1.5019 3.6622 4.4153 1.7435 22.4622 -7.7085 -0.7134
Car -1 -1 -3.9464 207.8928 192.0400 283.3638 220.3327 1.4197 1.5808 3.8919 -20.7266 2.5690 41.1381 -4.4109 -0.9109
Car -1 -1 -7.8743 723.5638 178.5325 770.7121 222.9794 1.4866 1.5913 3.8772 4.9699 1.7125 26.6956 -7.6929 -0.9245
Car -1 -1 -4.5281 316.5286 171.9428 345.0268 192.9448 1.8605 1.6898 4.2149 -25.5745 1.7795 66.1443 -4.8959 -1.8424
Pedestrian -1 -1 -8.2360 993.9197 175.2604 1007.2270 200.4817 1.8736 0.6810 0.6516 29.2150 2.0547 54.0313 -7.7430 -1.9122
Car -1 -1 -7.7478 657.8240 167.6796 683.7971 190.3945 1.8152 1.7202 4.1663 5.0539 1.4014 59.8680 -7.6643 -2.0184
Car -1 -1 -4.7067 374.8148 176.3456 402.2424 201.7863 1.5872 1.6665 4.0293 -14.6818 1.8286 47.7810 -5.0036 -2.0811
Pedestrian -1 -1 -6.0047 197.4368 175.8197 221.0648 217.5921 1.7075 0.5157 0.7417 -16.6315 1.8314 29.8754 -6.5092 -2.1168
