Car -1 -1 -8.1971 663.9844 174.2762 708.5643 198.4205 1.5280 1.7109 3.9514 4.9923 1.6266 48.0372 -8.0946 1.5226
Car -1 -1 -7.9244 558.1397 170.9964 578.7095 187.5839 1.5217 1.6560 4.0846 -3.9847 1.3510 68.3255 -7.9827 0.3980
Car -1 -1 -8.0731 660.0519 175.2924 709.7227 207.6490 1.5131 1.6346 3.9572 3.6438 1.6418 36.1138 -7.9739 -0.4307
Car -1 -1 -4.5386 670.4748 173.8832 708.6440 201.3922 1.5884 1.6100 4.2765 4.8769 1.6542 44.1099 -4.4297 -0.4948
Car -1 -1 -6.2986 572.9781 173.3809 623.5496 193.3714 1.5227 1.6460 3.8598 -0.9490 1.5639 55.8923 -6.3159 -0.5271
Car -1 -1 -4.7863 370.5445 176.3705 392.1927 193.6606 1.5080 1.5969 3.9595 -20.9372 1.8394 65.9336 -5.0929 -1.3462
Car -1 -1 -4.7362 338.4268 176.5574 359.9894 195.8780 1.5557 1.6213 4.0958 -22.1492 1.8805 61.1451 -5.0826 -1.4758
Car -1 -1 -4.2730 320.9810 184.3944 367.5160 206.4135 1.5148 1.6427 4.1883 -19.8744 2.4136 54.0579 -4.6241 -1.8779
Car -1 -1 -4.5221 352.3616 175.1412 378.9085 192.8669 1.5872 1.6174 3.9791 -22.7497 1.8065 67.2238 -4.8475 -2.1175
Car -1 -1 -4.2730 13.0256 191.9062 112.3151 236.7968 1.5506 1.6163 3.9442 -21.7438 2.3660 28.7957 -4.9155 -2.1968
