Car -1 -1 -7.8086 541.4301 169.9439 568.3669 193.1756 1.4850 1.6147 3.9733 -3.6708 1.2986 48.1306 -7.8846 3.2171
Car -1 -1 -7.8615 578.5153 168.7158 609.5668 197.0669 1.4878 1.6303 3.5909 -0.9326 1.2703 39.6841 -7.8852 2.8871
Car -1 -1 -4.2322 188.6306 181.8355 281.7917 222.1425 1.3346 1.6045 3.4389 -13.6398 1.6841 26.3835 -4.7055 0.8290
Car -1 -1 -7.4330 167.6166 181.6682 242.7068 215.4440 1.5443 1.7889 4.0067 -20.2123 2.0109 36.1449 -7.9400 0.0383
Car -1 -1 -2.8664 204.5229 178.4580 283.0449 205.4420 1.5640 1.6797 3.9134 -22.0565 1.9110 43.5150 -3.3333 -1.0909
Car -1 -1 -4.4474 740.8858 172.4336 779.1870 196.3152 1.5392 1.6220 3.6741 10.0882 1.5118 48.5089 -4.2440 -1.5895
Pedestrian -1 -1 -6.2612 756.4898 170.9187 765.6356 196.7702 1.6658 0.7611 0.5677 9.7937 1.5408 46.9293 -6.0571 -1.8250
Car -1 -1 -4.6728 616.6852 175.3737 638.4967 194.2951 1.4819 1.6294 4.1833 1.4485 1.6958 59.2177 -4.6488 -1.8573
Cyclist -1 -1 -7.8919 1232.7294 174.0537 1241.0000 212.5896 1.7607 0.4466 1.8455 29.5410 1.8182 33.8811 -7.1796 -1.8940
Car -1 -1 -4.3729 134.2959 176.9654 187.9516 205.4287 1.6578 1.6196 3.8628 -27.7531 1.9238 44.6781 -4.9263 -1.9681
Car -1 -1 -4.7883 473.6454 175.7687 496.4470 195.1387 1.5075 1.5505 3.6792 -10.2208 1.7524 58.7219 -4.9602 -1.9683
Car -1 -1 -7.7221 91.0442 175.8746 136.5127 205.4509 1.5832 1.6276 3.9080 -28.2809 1.7640 41.1651 -8.3212 -2.1222
Car -1 -1 -8.9993 1143.3290 177.6115 1241.0000 208.2624 1.5064 1.6557 3.9415 30.8903 1.7724 38.2544 -8.3242 -2.1805
