Car -1 -1 -5.2812 626.3563 174.8540 669.3475 195.2613 1.5795 1.5901 3.9491 2.9961 1.7468 58.3673 -5.2306 1.0052
Car -1 -1 -7.8188 580.8318 174.2139 600.8319 191.6904 1.4823 1.6291 3.7054 -1.6808 1.6049 63.3475 -7.8456 -0.0157
Car -1 -1 -7.3151 138.2940 183.6160 264.0365 229.6203 1.3837 1.7150 4.4819 -14.0369 1.7906 25.0306 -7.8220 -0.5983
Car -1 -1 -4.7033 649.3816 177.2900 680.7857 206.0646 1.4475 1.6068 4.1773 2.9598 1.7008 39.1070 -4.6289 -0.6769
Car -1 -1 -4.5410 414.0068 177.3213 445.2637 198.1872 1.5559 1.6707 4.3861 -14.2306 1.9225 57.0138 -4.7848 -0.9418
Car -1 -1 -7.6188 213.1747 184.3757 262.6111 214.0225 1.5971 1.6574 4.2523 -22.0768 2.3177 42.8886 -8.0919 -1.1095
Car -1 -1 -4.3561 283.7490 179.9343 354.9258 211.3277 1.3978 1.8295 4.3087 -14.1465 1.7651 35.2826 -4.7351 -1.5610
Car -1 -1 -4.8020 657.2949 176.0910 704.4742 212.8370 1.4908 1.6738 4.2043 3.0074 1.6423 31.7480 -4.7091 -1.6336
Pedestrian -1 -1 -5.4210 20.8329 180.9705 54.9141 241.2013 1.7452 0.5441 0.5785 -16.9472 1.9884 21.3173 -6.0867 -1.8913
Car -1 -1 -4.2485 220.9633 181.6872 315.4874 219.8699 1.4138 1.7479 4.4010 -14.0973 1.8077 29.9698 -4.6850 -2.0110
Pedestrian -1 -1 -7.8529 85.6397 174.5569 108.6114 223.8208 1.8418 0.7063 0.5989 -19.5559 1.9074 27.4550 -8.4674 -2.0941
Car -1 -1 -2.8395 578.5773 175.2655 652.2081 201.9434 1.5213 1.6647 4.0575 0.2930 1.6687 42.8081 -2.8332 -2.1262
Car -1 -1 -4.8526 387.7652 172.3590 412.5874 189.9717 1.5930 1.6630 4.1652 -19.6771 1.5479 67.5011 -5.1354 -2.1664
