Car -1 -1 -7.8176 573.2965 167.3366 601.4448 194.3899 1.6726 1.6781 3.8660 -1.4560 1.3312 46.5475 -7.8490 1.5287
Car -1 -1 -7.7795 544.7532 165.7651 569.9025 187.1071 1.6054 1.6733 3.8542 -4.0972 1.0718 56.2040 -7.8522 1.0508
Car -1 -1 -7.9378 1059.4392 175.9880 1086.7484 195.3796 1.5819 1.6378 3.7665 39.4532 1.8579 61.5700 -7.3704 -0.1580
Car -1 -1 -7.3260 336.5281 168.8537 383.0960 191.9064 1.6610 1.6179 3.7563 -18.6951 1.3725 53.9891 -7.6581 -0.7546
Cyclist -1 -1 -7.2432 229.0741 172.8640 262.3271 209.9548 1.7480 0.5711 1.6836 -17.6330 1.7482 34.8794 -7.7085 -0.7663
Pedestrian -1 -1 -4.4991 60.9397 167.3808 86.7838 226.2303 1.7762 0.5598 0.4099 -16.4490 1.6107 22.0789 -5.1338 -1.1654
Car -1 -1 -4.6003 1046.9366 178.5491 1084.6375 206.3592 1.7190 1.6653 4.1369 30.0723 2.1114 47.6130 -4.0402 -1.3008
Car -1 -1 -4.7795 911.7939 177.9248 934.4902 196.8590 1.6389 1.6207 3.9814 28.4792 2.1157 65.7499 -4.3728 -1.4062
Car -1 -1 -4.8135 605.8307 174.0317 630.6624 194.0489 1.5189 1.5734 3.8385 0.5921 1.6148 56.9667 -4.8035 -1.5530
Car -1 -1 -4.5074 153.4025 179.1185 208.9402 212.4941 1.4868 1.5550 3.8364 -20.7535 1.8082 34.9846 -5.0397 -1.6801
Pedestrian -1 -1 -7.3505 0.0000 180.7964 25.5573 238.3386 1.7535 0.6433 0.5360 -18.7202 2.0033 22.4000 -8.0409 -1.7629
Car -1 -1 -4.8078 602.2354 172.0050 623.2534 188.6256 1.5162 1.6011 3.9537 0.2098 1.4385 67.8642 -4.8051 -2.0533
Car -1 -1 -2.6048 78.8916 180.5356 185.9407 214.3652 1.4696 1.6031 3.7470 -21.5734 1.8261 32.6285 -3.1854 -2.1837
