Car -1 -1 -4.3256 225.7227 184.0804 367.9943 258.7582 1.4670 1.6484 3.8722 -7.1093 1.7568 16.7032 -4.7228 7.0470
Pedestrian -1 -1 -7.3368 324.9904 176.8476 351.9730 225.2566 1.6949 0.6629 0.6537 -9.7121 1.8389 25.6990 -7.6951 1.0597
Car -1 -1 -7.8671 581.6621 174.8304 599.9046 191.4304 1.4570 1.6053 3.6768 -1.7932 1.6416 65.6431 -7.8947 -0.0120
Car -1 -1 -7.3229 149.8506 184.2497 277.8577 229.5883 1.4050 1.8453 4.7950 -14.1179 1.8539 26.0115 -7.8162 -0.5951
Car -1 -1 -5.0379 117.7635 188.4492 176.4594 216.9605 1.5445 1.6931 4.2609 -27.8174 2.5224 43.2626 -5.6068 -1.2015
Car -1 -1 -3.4739 847.6148 191.0849 939.6020 225.4240 1.5080 1.6435 3.6359 13.0746 2.3768 33.5134 -3.1056 -1.3983
Car -1 -1 -4.3698 314.9305 180.9317 373.1007 209.8813 1.4225 1.6268 4.1266 -14.2133 1.8784 38.6784 -4.7201 -1.4622
Car -1 -1 -6.7453 646.7905 180.8490 730.5947 212.5705 1.4208 1.6251 3.6303 3.7049 1.8173 34.4157 -6.6396 -1.8143
Car -1 -1 -4.4771 627.3421 176.1891 653.0396 192.3925 1.5168 1.6185 4.0390 2.9655 1.8528 70.5959 -4.4356 -1.8706
Car -1 -1 -4.3853 297.7994 182.9193 360.6299 217.0013 1.4384 1.5494 3.8912 -13.0289 1.9343 33.5946 -4.7529 -2.0244
