Car -1 -1 -7.7184 545.8649 165.2695 572.6408 185.6235 1.5525 1.6416 3.5524 -3.9948 0.9737 56.8624 -7.7885 2.2017
Car -1 -1 -7.7826 574.8679 166.2964 604.2433 192.0935 1.6174 1.6670 3.5764 -1.3312 1.2059 47.0596 -7.8111 1.7676
Car -1 -1 -4.6183 167.1318 182.5087 211.8489 215.3283 1.4947 1.5658 3.9337 -21.0831 2.0074 36.2194 -5.1425 -0.7407
Car -1 -1 -6.6975 505.2357 171.9384 558.9891 193.5169 1.4991 1.5877 3.4839 -5.6029 1.4352 51.6835 -6.8053 -0.8813
Car -1 -1 -1.9438 319.4472 166.5715 361.1737 189.2763 1.6500 1.6934 3.7610 -20.3862 1.1931 54.4000 -2.3009 -1.3806
Car -1 -1 -1.8569 122.7059 182.2357 191.1772 216.9213 1.5213 1.7135 4.0812 -21.8760 1.9984 34.7204 -2.4158 -1.5382
Car -1 -1 -4.8331 246.1620 168.1058 281.7012 196.6520 1.8415 1.6652 4.2871 -23.4720 1.5349 48.8007 -5.2794 -1.8584
Pedestrian -1 -1 -6.0666 1113.5038 175.2274 1128.7538 205.3751 1.9091 0.7183 0.6610 32.7314 2.0625 46.2533 -5.4542 -1.8586
Car -1 -1 -5.2509 675.4835 174.9661 716.2868 193.3940 1.4731 1.5802 3.9423 7.1091 1.6555 60.2884 -5.1345 -2.0032
Car -1 -1 -4.7219 909.1563 178.8486 928.2270 195.8667 1.5077 1.5904 3.7435 28.7842 2.0842 67.3922 -4.3202 -2.1070
