Car -1 -1 -4.5160 439.2277 177.5289 486.8675 210.3228 1.5394 1.6142 3.9382 -7.3892 1.7878 36.4046 -4.7152 4.2914
Pedestrian -1 -1 -1.9246 121.4619 183.7743 147.1533 232.7933 1.6691 0.5728 0.6121 -16.6359 2.0559 25.1639 -2.5041 -0.1344
Car -1 -1 -4.4671 302.6598 191.9263 336.0179 213.8314 1.4907 1.5180 3.4814 -21.7851 2.9690 54.1119 -4.8485 -0.2213
Car -1 -1 -4.8037 645.8546 177.2625 690.4642 212.0637 1.5042 1.6797 4.3606 2.6269 1.7246 33.9346 -4.7276 -0.3407
Car -1 -1 -7.8306 580.2181 174.9045 598.0951 191.1788 1.4794 1.5981 3.8116 -1.9609 1.6778 67.9846 -7.8597 -0.3799
Car -1 -1 -4.9050 804.1904 189.9064 844.0647 217.6355 1.5505 1.6737 3.6753 13.1468 2.6492 44.5956 -4.6208 -0.5720
Car -1 -1 -7.9220 653.7446 177.0154 702.4018 215.3282 1.4700 1.7197 4.3878 2.7477 1.6577 30.3763 -7.8333 -1.4049
Car -1 -1 -5.1070 619.0432 177.2551 651.2451 193.8323 1.5107 1.5968 4.1742 2.3534 1.9459 69.1737 -5.0735 -1.5994
Car -1 -1 -7.3956 618.4824 175.0200 669.9758 201.0382 1.5843 1.6690 4.1166 2.2223 1.7302 46.5071 -7.3486 -2.0225
Car -1 -1 -4.8100 620.2400 177.6908 646.0421 197.9666 1.5389 1.6494 4.3461 1.7972 1.9426 58.0469 -4.7796 -2.0363
