Car -1 -1 -7.8181 541.0994 179.2575 568.5361 203.3962 1.4554 1.6299 3.5774 -3.5394 1.8821 46.2894 -7.8944 4.9403
Car -1 -1 -7.8436 579.7961 179.1802 611.6138 208.1958 1.4353 1.6090 3.6192 -0.7817 1.7868 38.3032 -7.8645 4.5456
Car -1 -1 -4.7590 756.0380 181.4588 787.0485 207.4014 1.4802 1.6697 4.1779 9.9543 2.0407 44.8277 -4.5424 1.2189
Car -1 -1 -4.4905 118.1904 189.3377 184.9232 228.4465 1.5317 1.6771 3.9148 -20.3874 2.3150 32.1753 -5.0518 0.8960
Car -1 -1 -2.6261 729.6729 180.1853 782.7818 201.6002 1.5411 1.6024 3.6466 11.0868 2.1174 54.9540 -2.4285 0.4904
Car -1 -1 -7.3863 307.9076 180.6719 365.7370 208.5505 1.5795 1.6652 4.0325 -16.6735 2.0803 44.1489 -7.7457 0.4703
Car -1 -1 -4.6312 212.3001 186.9196 249.6253 216.8921 1.5184 1.5560 3.5560 -21.1656 2.3418 40.3150 -5.1122 0.1861
Car -1 -1 -4.7720 87.7359 172.4926 122.7615 198.7152 1.6563 1.6644 4.0303 -33.4072 1.6331 47.6711 -5.3808 -0.7607
Car -1 -1 -4.3805 34.8845 188.2364 103.8770 223.7257 1.4726 1.5396 3.3312 -24.9340 2.2219 33.3385 -5.0190 -1.5675
Cyclist -1 -1 -4.4785 118.3985 183.8346 147.9171 232.8892 1.7193 0.5516 1.5683 -17.5372 2.1349 26.4927 -5.0589 -1.5719
Pedestrian -1 -1 -7.6099 193.2911 188.1780 213.7847 227.9062 1.6959 0.6305 0.6949 -17.8053 2.3744 31.5418 -8.1205 -1.6222
Pedestrian -1 -1 -7.8665 1104.6792 164.3993 1121.9490 201.5661 1.8734 0.7108 0.7191 25.6708 1.4470 36.8663 -7.2622 -1.8254
Pedestrian -1 -1 -2.1681 321.1899 179.6531 338.1561 209.7645 1.7375 0.7279 0.5790 -16.4718 2.1402 42.3075 -2.5376 -1.8666
Car -1 -1 -3.5529 0.0000 189.3112 132.2181 232.7799 1.5359 1.6360 4.0211 -22.0232 2.2524 29.2747 -4.1936 -2.0765
