Car -1 -1 -4.3584 290.3560 182.0763 400.5849 236.7116 1.4105 1.7066 4.1820 -7.7491 1.7110 21.4365 -4.7018 7.3754
Car -1 -1 -4.8359 490.2787 175.8644 517.7505 195.6183 1.4584 1.6100 4.1651 -8.3126 1.7017 56.1694 -4.9825 0.6060
Pedestrian -1 -1 -8.1391 261.9479 179.4456 279.2802 216.4120 1.7849 0.6249 0.6081 -16.7049 2.1122 35.4280 -8.5772 0.5265
Car -1 -1 -4.7708 255.0792 183.8772 284.6724 207.3935 1.5773 1.7134 4.3182 -24.9801 2.4199 52.8646 -5.2106 0.0883
Pedestrian -1 -1 -7.4286 337.6865 171.6820 362.3470 219.5975 1.7616 0.6724 0.6084 -9.7184 1.7182 26.8577 -7.7730 -0.0911
Pedestrian -1 -1 -2.9287 3.0520 174.9523 28.3954 238.4957 1.7809 0.5044 0.4599 -16.9879 1.8413 20.5725 -3.6127 -0.8203
Car -1 -1 -7.8938 653.3236 179.8619 692.6884 215.2528 1.4285 1.5630 3.5265 2.6701 1.7528 31.6295 -7.8110 -1.5523
Pedestrian -1 -1 -6.7798 636.7291 165.8998 681.1893 251.8580 1.7769 0.6514 0.7194 0.9852 1.6328 15.3623 -6.7181 -1.8966
Car -1 -1 -4.8357 393.6880 176.2409 422.8321 197.6054 1.4977 1.6035 3.9275 -14.9836 1.7579 53.3758 -5.1084 -1.9842
Cyclist -1 -1 -4.5764 378.5594 179.2768 387.3624 198.8741 1.7762 0.5568 1.6693 -21.0470 2.3786 66.8372 -4.8807 -1.9926
