Car -1 -1 -7.7587 517.5992 177.8585 559.2367 210.8498 1.4828 1.6648 3.5623 -3.4374 1.7359 34.7549 -7.8571 6.7962
Car -1 -1 -7.8572 577.8860 180.2520 623.5778 220.0968 1.3959 1.6435 3.5288 -0.4120 1.6980 27.7181 -7.8726 6.1930
Car -1 -1 -4.4695 362.1537 179.0812 412.4320 208.9672 1.5048 1.6758 4.0882 -12.0911 1.8615 39.2852 -4.7665 4.5464
Car -1 -1 -4.5998 126.0498 180.7592 170.0260 211.8814 1.5724 1.5924 3.9408 -25.3601 2.0297 39.6516 -5.1660 1.1132
Pedestrian -1 -1 -7.8829 984.3141 168.1046 999.6382 204.6772 1.8404 0.6674 0.6676 19.4135 1.6011 36.7552 -7.4006 -0.0431
Car -1 -1 -4.5573 450.9749 177.0810 475.9138 194.7556 1.5073 1.5998 3.9054 -13.0833 1.8963 64.4698 -4.7571 -0.4222
Car -1 -1 -6.4138 329.1801 175.8310 374.5496 194.5820 1.5934 1.6155 3.5706 -22.6779 1.8607 63.3318 -6.7565 -0.8288
Cyclist -1 -1 -7.8144 113.2512 184.7921 124.4370 220.2518 1.6866 0.3907 1.5867 -24.2803 2.2884 35.6187 -8.4095 -0.9398
Car -1 -1 -7.8870 508.0693 172.9558 535.0602 199.2066 1.6839 1.6578 4.1132 -6.0077 1.6907 48.4607 -8.0100 -1.8341
Car -1 -1 -2.8494 130.8568 182.1123 212.9323 209.9085 1.5670 1.6491 3.8497 -25.9519 2.1323 42.8016 -3.3919 -2.1025
