Car -1 -1 -7.8555 580.3271 177.1029 613.6941 207.5936 1.4827 1.6467 3.6235 -0.7193 1.7135 37.4243 -7.8751 4.2715
Car -1 -1 -7.8199 540.9537 177.2581 569.1887 202.1187 1.4727 1.6447 3.6291 -3.4427 1.7598 45.2438 -7.8958 3.8493
Car -1 -1 -5.8096 736.5656 181.2324 796.7534 202.7609 1.4611 1.6236 3.9579 11.3021 2.0901 52.3139 -5.5984 0.1341
Cyclist -1 -1 -8.4377 1143.8602 184.3020 1170.1620 214.0103 1.6176 0.3850 1.5504 30.7865 2.2751 40.6772 -7.7938 -0.9336
Car -1 -1 -4.9639 840.8039 186.9071 886.9344 213.5472 1.4700 1.6432 4.2633 15.4881 2.3756 44.3185 -4.6304 -1.3054
Pedestrian -1 -1 -4.8234 135.1585 181.8137 156.3423 230.0277 1.6839 0.5775 0.5732 -16.6185 2.0085 25.7554 -5.3919 -1.3630
Pedestrian -1 -1 -7.8765 994.7154 178.3024 1007.6285 206.1213 1.7171 0.6935 0.6256 24.4357 2.0610 45.1439 -7.3836 -1.3714
Car -1 -1 -4.5586 14.0059 177.2253 68.1550 211.8822 1.6307 1.5696 3.8489 -28.7686 1.8642 36.5337 -5.2223 -1.5366
Car -1 -1 -4.4585 768.1129 181.6335 813.7570 209.2689 1.4758 1.6094 4.1231 10.5714 2.0147 42.1221 -4.2148 -1.5981
Car -1 -1 -7.7914 48.7191 173.8389 86.3693 201.8327 1.6859 1.6485 4.0490 -34.3737 1.7510 45.7505 -8.4331 -1.7753
Car -1 -1 -4.3563 289.5027 184.3672 352.9929 216.8652 1.4083 1.5804 3.8283 -13.7888 1.9903 34.5653 -4.7336 -2.0286
