Car -1 -1 -7.8566 582.8547 173.1273 601.7533 191.6676 1.5532 1.5847 3.6651 -1.5604 1.5772 62.3534 -7.8819 1.2432
Car -1 -1 -4.7213 636.7422 174.6015 665.3143 202.2778 1.5778 1.6379 4.0060 2.4095 1.6876 43.4297 -4.6668 -0.2715
Car -1 -1 -4.3642 347.2054 177.3645 400.0815 204.3491 1.5115 1.7221 4.0497 -14.0996 1.7939 43.1563 -4.6785 -0.4539
Car -1 -1 -2.8010 643.3821 177.1145 698.0548 197.6059 1.4652 1.5820 3.7414 4.4878 1.7908 53.7004 -2.7185 -0.5615
Pedestrian -1 -1 -2.9511 89.8789 174.8083 124.2798 265.1482 1.6892 0.4858 0.4545 -9.6780 1.7272 13.8186 -3.5532 -0.8229
Car -1 -1 -4.3698 206.2145 187.7556 261.5713 216.4538 1.5454 1.6594 4.0715 -22.4690 2.4811 43.1934 -4.8472 -1.5307
Pedestrian -1 -1 -4.8305 236.3245 174.1986 252.7690 212.0778 1.7042 0.5832 0.7867 -16.7508 1.7663 32.9855 -5.2974 -2.0266
Car -1 -1 -7.8459 380.7347 176.8922 401.1623 198.0878 1.7985 1.6881 4.1091 -19.5145 2.1702 64.2736 -8.1399 -2.0485
Car -1 -1 -4.9189 644.0527 175.7245 669.1489 192.4696 1.4871 1.5728 3.7533 4.2575 1.7600 66.7219 -4.8558 -2.1576
Car -1 -1 -4.3542 657.7319 176.2361 687.8090 192.2103 1.4916 1.6058 4.0697 6.1436 1.8320 70.4825 -4.2680 -2.1607
