Car -1 -1 -7.8618 540.8809 173.6588 567.5705 197.8813 1.5051 1.6613 3.9738 -3.6857 1.5595 47.0211 -7.9400 3.5450
Car -1 -1 -7.8520 579.1834 172.9533 611.2045 203.0524 1.5387 1.6379 3.9628 -0.8361 1.5440 38.8951 -7.8739 3.4083
Car -1 -1 -7.5336 184.7724 183.8453 252.1110 219.6163 1.5400 1.6250 4.0546 -18.6713 2.0981 34.5142 -8.0266 0.8864
Pedestrian -1 -1 -6.6038 267.2632 176.9207 281.6106 205.0306 1.7880 0.6751 0.6599 -21.6610 2.0524 46.5031 -7.0378 -0.2010
Car -1 -1 -3.9809 239.6404 172.8474 310.0139 204.5925 2.0361 1.8618 4.3613 -22.5378 2.0354 48.6380 -4.4130 -0.4409
Car -1 -1 -3.6627 748.7273 176.1193 814.4579 201.1882 1.5142 1.6376 3.6835 10.7112 1.7245 45.2346 -3.4321 -0.7875
Car -1 -1 -4.4696 131.2159 185.7641 193.9311 222.5364 1.5153 1.5665 3.8389 -20.5701 2.1468 33.2495 -5.0203 -0.8633
Pedestrian -1 -1 -6.9906 107.2887 177.5356 130.3818 212.8314 1.8661 0.6321 0.8085 -26.4091 2.1202 38.7465 -7.5859 -1.3581
Car -1 -1 -8.0528 785.7896 178.6332 864.8569 231.2105 1.5276 1.6328 4.2365 6.8815 1.7339 23.6193 -7.7733 -1.8552
Car -1 -1 -7.4072 183.6431 180.0042 281.6860 223.4883 1.4259 1.6134 3.9232 -13.6634 1.7059 26.2967 -7.8826 -2.0084
