Car -1 -1 -7.7793 530.8318 179.1460 568.1468 209.8172 1.4941 1.6823 3.5419 -3.1511 1.8376 37.6557 -7.8627 5.7073
Car -1 -1 -7.8690 583.3505 180.2547 624.5970 216.7954 1.4391 1.6665 3.4604 -0.3329 1.7735 30.8777 -7.8804 5.1682
Car -1 -1 -4.7700 454.2567 177.4278 475.7433 196.5934 1.5462 1.5659 3.8612 -12.3609 1.9473 61.2626 -4.9686 0.5032
Car -1 -1 -4.1654 71.5315 182.5169 146.7832 213.6160 1.6538 1.6348 4.1902 -28.9651 2.2424 41.8363 -4.7682 0.0482
Pedestrian -1 -1 -5.5237 491.1538 174.4831 509.5167 206.8291 1.7609 0.6121 0.7999 -6.0880 1.8516 39.8085 -5.6749 -0.3567
Car -1 -1 -7.9760 529.5967 173.9416 554.8461 193.6931 1.5597 1.6123 3.7593 -5.6168 1.6517 59.2070 -8.0705 -1.2082
Car -1 -1 -4.7619 132.3226 187.8368 166.7277 214.5524 1.4995 1.6156 3.9804 -28.7388 2.4757 44.9344 -5.3285 -1.5216
Cyclist -1 -1 -4.6589 58.1222 186.7123 79.2074 233.7097 1.7317 0.5660 1.5135 -20.9191 2.2812 27.8379 -5.2989 -1.7047
Car -1 -1 -4.5050 159.7484 189.7370 217.7988 225.2787 1.4635 1.5803 3.8115 -19.6458 2.3004 33.7227 -5.0293 -1.9050
Car -1 -1 -3.8464 178.5909 188.0374 281.4468 223.8278 1.4756 1.6257 4.2296 -17.7952 2.2371 33.9359 -4.3264 -1.9521
Car -1 -1 -4.6968 629.6599 178.3338 648.5393 196.6456 1.5035 1.5752 3.7537 2.5127 1.9910 62.3074 -4.6571 -1.9809
Car -1 -1 -5.6570 997.4528 182.3461 1096.4840 215.5506 1.4895 1.6372 3.9854 21.5085 1.9879 35.7528 -5.1195 -2.0390
Car -1 -1 -4.5902 253.8390 184.1066 284.3673 206.6453 1.5161 1.5824 3.5171 -24.7308 2.3624 52.3670 -5.0297 -2.0630
