Car -1 -1 -7.7939 526.4852 176.1012 563.1123 206.2852 1.4390 1.6416 3.5071 -3.2982 1.6112 36.5574 -7.8837 6.4992
Car -1 -1 -7.8290 583.0513 177.1793 624.3976 214.8723 1.4338 1.6005 4.0142 -0.2566 1.6250 29.9296 -7.8381 4.2791
Car -1 -1 -4.6630 435.5430 176.1269 459.7828 197.2808 1.5043 1.5774 3.9356 -12.1491 1.7584 54.0240 -4.8834 1.1438
Pedestrian -1 -1 -5.3688 1017.3292 173.7003 1107.6936 342.4176 1.6414 0.5463 0.5613 4.5269 1.6501 7.3347 -4.8347 0.3666
Car -1 -1 -7.5953 298.3736 178.9996 347.0419 207.2764 1.4533 1.5865 3.7525 -15.8554 1.8095 39.8917 -7.9716 0.0880
Pedestrian -1 -1 -7.7857 59.9008 183.8338 79.6305 218.7959 1.7339 0.7367 1.0034 -27.5801 2.3029 36.7944 -8.4257 -0.0580
Pedestrian -1 -1 -4.7185 0.0000 175.7122 12.3202 215.4480 1.7892 0.6179 0.7106 -27.8054 1.9216 33.0268 -5.4144 -0.9840
Car -1 -1 -1.6656 0.0000 181.3236 62.1564 227.2722 1.6323 1.6407 3.8607 -22.8542 1.9873 28.3113 -2.3402 -1.1733
Car -1 -1 -5.3886 186.3721 181.4114 255.1645 212.1269 1.6594 1.6445 3.4820 -22.2686 2.1650 41.2185 -5.8815 -1.5169
Car -1 -1 -4.1767 43.9204 189.7721 117.9570 218.3593 1.5469 1.6804 4.2600 -32.0714 2.6262 43.8448 -4.8055 -2.0093
Car -1 -1 -4.5679 399.3719 176.4150 429.2094 196.9742 1.5101 1.6440 4.1896 -15.1537 1.7966 55.9310 -4.8316 -2.0778
