Car -1 -1 -7.8129 579.7481 181.3222 613.9788 210.1170 1.3952 1.6525 3.5066 -0.6857 1.8590 37.7737 -7.8315 3.5258
Car -1 -1 -7.7852 540.6962 179.8083 570.3504 204.7976 1.4869 1.6296 3.6923 -3.4552 1.9460 45.8146 -7.8605 3.2513
Car -1 -1 -4.5320 756.9458 181.8990 796.3654 209.5114 1.5260 1.6447 3.9007 10.0236 2.0960 43.3783 -4.3070 0.9487
Car -1 -1 -3.9944 0.0000 187.3941 102.9112 226.2202 1.5471 1.6373 4.0507 -25.1214 2.2409 32.3749 -4.6505 -0.0469
Car -1 -1 -2.6686 732.4013 181.6574 789.2866 202.8680 1.4792 1.6286 3.8175 11.1684 2.1560 53.6686 -2.4650 -0.2047
Car -1 -1 -7.6750 153.9068 191.4953 213.8692 230.8459 1.5129 1.6107 3.7829 -18.7017 2.3857 31.7397 -8.2041 -0.5365
Car -1 -1 -4.3080 400.5575 178.2193 444.3055 203.3291 1.6913 1.5996 3.9465 -13.3774 2.0897 51.5554 -4.5609 -0.6091
Car -1 -1 -4.8383 828.8625 186.0013 863.9909 212.7663 1.5168 1.5908 3.8415 14.6361 2.3721 44.9242 -4.5259 -0.6981
Cyclist -1 -1 -4.2012 64.6580 182.8949 97.3408 218.5278 1.7053 0.6010 1.5987 -26.2884 2.2151 35.8271 -4.8308 -0.7840
Pedestrian -1 -1 -7.7515 90.8749 180.3927 115.5049 229.2758 1.7983 0.7040 0.5349 -19.0553 2.0851 27.0735 -8.3604 -0.9522
Pedestrian -1 -1 -9.1078 1181.8024 184.3020 1203.6223 222.9740 1.7186 0.6478 0.6009 26.4047 2.2447 32.7490 -8.4342 -1.0797
Car -1 -1 -4.7007 65.8590 173.9769 98.8254 203.0709 1.7824 1.6545 3.9463 -33.9602 1.8577 46.4540 -5.3293 -1.2105
Pedestrian -1 -1 -2.8933 322.1243 176.8357 347.8765 241.2420 1.7469 0.5308 0.5497 -7.6300 1.8581 19.9019 -3.2554 -1.3784
Car -1 -1 -4.4229 366.7357 182.1490 412.4271 207.6205 1.5149 1.6822 4.2179 -14.1925 2.1417 46.5677 -4.7176 -1.4743
Pedestrian -1 -1 -6.0775 197.5276 179.7964 220.4048 240.3109 1.7397 0.5916 0.4748 -11.8135 1.9465 21.1763 -6.5813 -1.7606
Cyclist -1 -1 -2.4603 172.5741 180.6968 212.0611 217.9161 1.8842 0.7061 1.6983 -21.5756 2.2936 37.2135 -2.9828 -1.9856
