Car -1 -1 -7.8663 580.2268 173.2107 603.8174 194.3229 1.5004 1.6796 4.1586 -1.3907 1.5275 53.4588 -7.8926 2.4986
Car -1 -1 -7.7468 554.0407 169.9984 578.1118 189.0827 1.6481 1.7301 3.9634 -3.9066 1.4012 64.3298 -7.8075 1.3377
Car -1 -1 -3.9454 277.3914 182.1985 338.7897 206.2328 1.5096 1.5868 3.9004 -20.4957 2.1719 49.0613 -4.3395 0.7294
Pedestrian -1 -1 -4.2218 107.7138 191.1835 129.6749 229.0706 1.2293 0.4294 0.4722 -16.3292 1.8431 23.9172 -4.8159 -0.6324
Car -1 -1 -6.9894 225.4615 184.0759 307.0761 214.2633 1.4706 1.5737 3.8595 -18.4326 2.1059 38.7823 -7.4307 -0.9960
Pedestrian -1 -1 -5.8022 498.7387 172.5695 510.4113 197.2597 1.7070 0.5939 0.5979 -7.3742 1.6871 50.2646 -5.9475 -1.2422
Car -1 -1 -4.8216 299.7480 175.5815 326.3580 195.2779 1.5117 1.5714 3.8242 -23.9218 1.7385 58.0032 -5.2114 -1.4804
Car -1 -1 -4.2891 672.0935 178.2958 735.5565 210.8962 1.4656 1.5761 4.0019 4.6015 1.7472 35.2626 -4.1610 -1.9045
Cyclist -1 -1 -4.1868 0.0000 160.0226 27.6350 200.5459 1.9510 0.6475 1.6966 -29.6943 1.3329 35.6288 -4.8780 -1.9244
Car -1 -1 -2.5922 667.0802 178.5886 769.3589 217.8130 1.5034 1.6410 3.9379 4.4260 1.7574 30.0979 -2.4483 -1.9700
