Car -1 -1 -4.4213 339.2629 180.9545 423.5266 227.5941 1.4302 1.7001 3.8769 -7.7746 1.7296 24.7490 -4.7230 7.3152
Car -1 -1 -4.5544 501.4090 175.9240 527.9070 194.6337 1.4748 1.5797 3.8499 -7.8478 1.7358 59.4603 -4.6854 0.0626
Pedestrian -1 -1 -6.0604 45.5031 176.6616 77.9671 234.8126 1.7615 0.5959 0.6834 -17.0015 1.8812 22.3230 -6.7057 -0.1122
Car -1 -1 -7.4661 418.3143 175.2014 458.2820 195.8158 1.5948 1.6725 4.2447 -13.9055 1.7922 58.5529 -7.6985 -1.1709
Car -1 -1 -4.5121 410.7099 175.1568 446.2166 198.1515 1.5753 1.6543 4.3282 -13.0767 1.7482 52.0692 -4.7573 -1.3404
Car -1 -1 -4.6535 757.0724 181.9226 780.6741 202.8251 1.5437 1.6057 3.9930 12.6138 2.2903 57.2835 -4.4383 -1.4455
Cyclist -1 -1 -7.7685 356.5045 172.4943 370.5798 217.7089 1.7416 0.3888 1.6417 -9.8176 1.7274 28.6356 -8.0964 -1.6864
Car -1 -1 -4.5667 617.1717 176.2546 651.5097 202.2495 1.5002 1.5977 3.5662 1.4886 1.7164 44.0341 -4.5336 -1.8527
Car -1 -1 -4.8667 614.7689 173.1021 643.9855 194.7982 1.7063 1.7454 4.2649 1.5185 1.7271 59.0245 -4.8415 -1.9238
Car -1 -1 -7.9613 352.8618 171.5835 402.6775 215.5271 1.7223 1.5998 3.7105 -9.8432 1.6722 30.3001 -8.2732 -1.9654
