Car -1 -1 -7.9147 573.0727 172.7706 600.3747 194.8291 1.4821 1.6608 4.0697 -1.6999 1.4762 50.5837 -7.9484 3.2423
Car -1 -1 -7.7597 547.5636 170.1117 571.6906 189.0565 1.5502 1.6856 3.7919 -4.2491 1.3255 60.9561 -7.8292 1.7297
Pedestrian -1 -1 -5.6762 220.5573 177.0790 244.0707 216.6417 1.7104 0.5525 0.7267 -16.5712 1.8970 31.5831 -6.1562 -0.1251
Car -1 -1 -5.3069 115.1834 181.2989 191.4984 211.1421 1.5461 1.6620 3.9011 -25.2289 2.0297 39.8007 -5.8690 -0.2672
Car -1 -1 -4.5997 209.7412 180.4894 245.2772 205.2349 1.4770 1.5873 3.8981 -24.6161 1.9907 46.4703 -5.0847 -0.9671
Car -1 -1 -4.7478 239.5342 180.9928 270.6739 207.2454 1.5393 1.6348 4.0102 -22.5897 2.0799 45.7968 -5.2040 -0.9834
Car -1 -1 -4.6556 238.4774 182.9438 272.3222 211.0079 1.5331 1.5884 3.8087 -21.1019 2.1624 42.9633 -5.1100 -1.1623
Pedestrian -1 -1 -5.5277 484.2312 171.1346 497.9798 196.2757 1.7696 0.8440 0.5300 -8.4796 1.6483 51.2846 -5.6911 -1.4100
Car -1 -1 -4.2873 62.0900 182.9685 134.5029 213.4070 1.4510 1.5957 3.9700 -26.8038 2.0112 37.8886 -4.8998 -1.8486
Pedestrian -1 -1 -6.0233 983.2418 175.5046 994.3447 199.7110 1.8488 0.6662 0.6091 29.1925 2.0547 55.6600 -5.5428 -1.9753
Car -1 -1 -4.4237 381.2516 174.0627 412.9289 192.2608 1.5472 1.6224 3.9344 -18.7402 1.6567 63.5764 -4.7094 -2.0908
Car -1 -1 -9.2004 1106.3435 188.8723 1192.2246 216.4076 1.4586 1.6193 3.7865 31.6508 2.4446 42.4682 -8.5638 -2.1488
