Car -1 -1 -7.8436 576.4931 172.8526 601.0972 194.5679 1.4827 1.6799 3.8895 -1.5181 1.4823 51.2269 -7.8735 2.6630
Car -1 -1 -7.6592 548.8411 170.5443 576.8354 189.8469 1.6005 1.6833 3.8454 -4.0316 1.4086 61.8407 -7.7243 2.0541
Car -1 -1 -7.5087 328.7225 173.5628 390.0579 204.2751 1.6233 1.8176 4.5363 -14.0161 1.6650 40.5225 -7.8400 -0.9643
Pedestrian -1 -1 -5.2917 240.1916 178.0109 259.5770 214.8180 1.6694 0.5308 0.6488 -16.6253 1.9094 33.2287 -5.7527 -1.1175
Car -1 -1 -6.7899 704.5417 178.9530 797.2225 215.1369 1.4781 1.6097 3.6141 6.0462 1.7532 31.2522 -6.6012 -1.4369
Car -1 -1 -4.6275 254.3800 184.7865 287.3850 210.9698 1.4878 1.5428 3.6856 -21.0516 2.2616 44.8143 -5.0647 -1.4932
Car -1 -1 -4.4663 106.6651 182.2504 164.3970 211.5333 1.4688 1.6614 4.3082 -26.2352 2.0192 39.9796 -5.0442 -1.4956
Car -1 -1 -7.1856 356.8439 174.0479 400.5266 192.7880 1.6507 1.6727 4.0211 -21.1356 1.7632 66.0097 -7.4946 -1.6611
Car -1 -1 -4.5131 235.8544 178.4329 273.0308 202.1643 1.5075 1.5723 3.5474 -23.9570 1.8982 48.6505 -4.9687 -1.6947
Car -1 -1 -7.9211 716.2223 178.9042 778.2816 231.0810 1.4792 1.6424 4.0560 4.2462 1.6899 23.0518 -7.7419 -1.9480
