Car -1 -1 -4.1631 1078.0186 196.2206 1198.9655 243.6204 1.5124 1.6963 4.0306 19.0866 2.4086 26.1221 -3.5382 5.5903
Car -1 -1 -3.8796 926.0806 190.9985 1049.7418 239.6711 1.4738 1.5750 3.5000 12.4820 2.1070 23.9722 -3.4053 4.9488
Car -1 -1 -7.7866 507.3429 178.5165 540.1328 205.4504 1.4534 1.6420 3.4612 -4.9522 1.7923 41.4508 -7.9052 4.6255
Car -1 -1 -7.8884 555.4059 179.1017 599.2527 216.3228 1.3961 1.6570 3.6678 -1.4377 1.6685 29.5974 -7.9371 3.8332
Pedestrian -1 -1 -5.3612 30.1817 175.6322 58.8853 219.7898 1.7678 0.5450 0.8016 -23.0027 1.8818 29.2991 -6.0226 0.5748
Pedestrian -1 -1 -7.4495 1187.4653 185.1206 1232.5774 254.8627 1.7093 0.7119 0.5777 15.1544 2.0276 18.2916 -6.7663 0.2155
Car -1 -1 -5.0042 931.2368 169.7198 966.7234 189.8592 1.5313 1.5329 3.6393 26.5979 1.2927 56.7736 -4.5683 -0.5219
Pedestrian -1 -1 -6.0055 994.2095 169.3289 1012.4443 202.5725 1.8210 0.6911 0.7285 21.7812 1.6276 40.0259 -5.5106 -1.0944
Car -1 -1 -4.8416 878.0468 169.5948 905.1676 189.1606 1.5615 1.6129 3.6790 23.1836 1.3011 59.5628 -4.4724 -1.3562
Car -1 -1 -4.3521 242.6624 177.0060 297.7821 205.1545 1.6302 1.6822 4.2607 -20.9638 1.8992 44.6212 -4.7893 -1.8070
Car -1 -1 -5.0936 1067.4181 177.4308 1125.7378 202.8271 1.5062 1.6264 4.1354 30.7441 1.8101 45.7718 -4.5055 -1.8264
Pedestrian -1 -1 -6.1265 961.4452 167.8375 973.7597 195.1996 1.8344 0.7298 0.6433 24.1832 1.4978 48.8578 -5.6696 -1.9354
