Car -1 -1 -7.7239 508.0535 176.8982 554.4449 210.4919 1.4139 1.6200 3.7232 -3.5519 1.6074 32.7002 -7.8317 6.7511
Car -1 -1 -7.8317 567.7509 179.3885 622.9514 226.4544 1.3904 1.6688 3.5776 -0.4900 1.6201 23.6020 -7.8530 6.4737
Car -1 -1 -4.0065 0.0000 191.9758 52.7627 296.8428 1.3777 1.6474 4.4215 -12.1896 1.7698 12.5529 -4.7666 1.7483
Car -1 -1 -4.7619 587.7706 174.9625 614.1625 197.3937 1.4792 1.6254 3.9657 -0.6928 1.6309 49.9930 -4.7761 0.5497
Pedestrian -1 -1 -4.3090 178.7904 174.6964 200.6254 213.8994 1.8240 0.5815 0.9067 -19.8979 1.9120 34.1013 -4.8341 0.4757
Car -1 -1 -4.6965 412.8513 174.9434 432.2513 192.3162 1.4905 1.6158 4.0018 -16.7638 1.6833 64.5512 -4.9499 0.2315
Car -1 -1 -4.3785 6.6793 185.8727 84.5728 224.3639 1.5071 1.5525 3.6789 -24.6431 2.1126 31.5882 -5.0370 0.0572
Car -1 -1 -4.2826 366.7986 174.4952 416.3245 200.9405 1.6665 1.6406 3.9485 -14.4390 1.7796 47.7942 -4.5747 -0.3464
Car -1 -1 -3.8888 95.5108 184.6520 194.8920 218.9659 1.5405 1.6254 4.1943 -23.2112 2.1681 36.1649 -4.4563 -0.5650
Cyclist -1 -1 -4.3872 194.2701 178.7200 211.3997 204.1873 1.6758 0.4712 1.7555 -27.5616 2.0797 48.8036 -4.8992 -0.7837
Car -1 -1 -4.4197 282.6331 176.4460 334.8714 204.6803 1.5837 1.7353 4.2232 -18.0003 1.8095 43.2176 -4.8124 -1.3541
Car -1 -1 -3.0621 838.9120 184.5099 910.2951 211.9464 1.4795 1.5929 3.7626 15.2499 2.1770 41.6919 -2.7143 -1.4214
Pedestrian -1 -1 -5.8498 0.0000 172.6795 26.7399 220.6400 1.8029 0.5569 0.6849 -22.8075 1.7961 27.4798 -6.5379 -1.5805
