Car -1 -1 -7.7164 507.2670 178.5776 554.0193 212.9988 1.4420 1.6280 3.5616 -3.5741 1.7148 32.6300 -7.8251 7.4613
Car -1 -1 -7.7910 566.5703 181.6215 622.9199 227.1951 1.3593 1.6578 3.4429 -0.4881 1.6713 23.9507 -7.8119 6.1563
Car -1 -1 -4.3640 223.3682 183.9250 308.3606 225.5078 1.3601 1.5903 3.8831 -12.6502 1.7999 26.6747 -4.8033 4.1897
Car -1 -1 -4.4913 412.1177 174.2819 442.5147 193.6154 1.5790 1.6402 4.1143 -15.5045 1.7041 61.3125 -4.7382 0.8059
Car -1 -1 -3.9283 741.5053 180.1723 790.6190 200.2266 1.6380 1.7320 4.1215 13.4278 2.2867 62.1318 -3.7169 -0.8241
Cyclist -1 -1 -3.5598 0.0000 178.1064 45.5480 220.7670 1.7278 0.4672 1.7855 -24.9362 1.9550 30.3477 -4.2434 -1.2838
Car -1 -1 -4.0927 452.7223 179.0213 499.4217 199.9941 1.4919 1.6003 3.7341 -10.1105 1.9752 54.5506 -4.2755 -1.4334
Car -1 -1 -3.9987 135.4409 187.1875 221.0461 218.1690 1.5314 1.6484 4.3116 -23.8755 2.3715 40.0328 -4.5337 -1.6324
Car -1 -1 -4.4525 261.6315 182.1498 316.7862 211.0668 1.3816 1.6208 4.2259 -16.8972 1.9008 38.1087 -4.8676 -1.9372
Car -1 -1 -4.4564 222.2890 180.8280 265.7544 206.8429 1.5319 1.5738 3.6447 -23.1185 2.0573 45.6269 -4.9232 -2.0115
