Car -1 -1 -7.8839 563.5698 182.4615 603.8765 216.9573 1.3817 1.6524 3.3917 -1.2402 1.8258 31.6248 -7.9234 6.5780
Car -1 -1 -7.8112 518.9875 180.6889 549.5291 207.2969 1.4930 1.6751 3.7920 -4.5687 1.9870 43.5758 -7.9155 4.1177
Car -1 -1 -7.4458 192.1543 185.4243 266.0904 217.1461 1.5034 1.7751 4.6453 -20.2211 2.2147 38.4648 -7.9272 0.4333
Car -1 -1 -4.3871 271.3659 183.7970 320.4228 210.7622 1.6227 1.6575 4.3201 -20.6112 2.3756 47.4436 -4.7952 -0.4432
Car -1 -1 -7.2757 0.0000 194.8889 64.0242 248.0514 1.4141 1.6422 3.9493 -19.5536 2.1778 22.9590 -7.9756 -1.0424
Pedestrian -1 -1 -4.7340 98.3027 180.9393 114.4049 222.7574 1.8346 0.5751 0.9691 -22.6834 2.2040 32.4327 -5.3406 -1.5844
Car -1 -1 -4.7106 897.0294 174.9835 931.2047 204.7687 1.5350 1.6504 4.1461 16.6954 1.6585 39.7341 -4.3159 -1.6983
Car -1 -1 -3.3106 1117.0673 179.9285 1235.3143 219.1006 1.4453 1.5322 3.4760 22.3153 1.7405 28.6506 -2.6543 -1.6995
Cyclist -1 -1 -8.5452 874.1376 156.7754 904.4362 193.3540 1.8899 0.5241 1.7039 14.7208 1.0589 38.1707 -8.1799 -1.9115
Car -1 -1 -7.5909 555.4326 180.0213 611.2372 215.1594 1.5400 1.6537 4.1911 -1.2538 1.9071 34.7602 -7.6273 -2.0023
