Car -1 -1 -4.3527 227.6452 181.8443 295.4962 218.0218 1.4707 1.5629 3.5333 -15.4425 1.8928 32.0685 -4.7986 6.1812
Car -1 -1 -7.8536 553.5488 178.9645 606.8676 223.7385 1.3632 1.6596 3.4068 -1.0488 1.5823 24.1793 -7.8972 5.5123
Car -1 -1 -7.8100 500.4519 177.0061 538.5140 209.7653 1.4645 1.6543 3.5389 -4.3273 1.6736 34.5512 -7.9341 4.8961
Car -1 -1 -4.0731 0.0000 180.5832 69.7485 276.5443 1.6860 1.6954 4.1716 -13.6895 1.8713 15.1746 -4.7984 4.8785
Car -1 -1 -7.1171 832.1069 181.3799 885.5323 201.0758 1.5162 1.6855 4.2800 20.2786 2.2322 58.8491 -6.7873 0.0497
Car -1 -1 -4.8355 600.9794 177.3935 628.1312 197.0855 1.4644 1.6333 4.1374 0.2943 1.8350 56.8005 -4.8307 -0.8090
Pedestrian -1 -1 -7.6195 460.2435 173.3000 474.1446 206.4441 1.7967 0.5711 0.8284 -7.8621 1.8212 39.5512 -7.8148 -0.9910
Car -1 -1 -4.1631 722.7457 176.0878 769.3588 196.3314 1.4824 1.5964 4.1592 10.4844 1.7405 55.5800 -3.9780 -1.1669
Cyclist -1 -1 -4.4362 0.0000 175.7853 16.6368 209.1588 1.8386 0.6434 1.7427 -34.3235 2.0080 40.8409 -5.1320 -1.3531
Car -1 -1 -4.5539 567.1063 176.7375 598.7950 199.4523 1.4767 1.5657 4.0486 -1.8541 1.7554 49.7318 -4.5914 -1.7406
Pedestrian -1 -1 -2.5758 293.6341 175.8235 304.3563 198.8260 1.8449 0.6683 0.5187 -25.1701 2.0863 58.3387 -2.9817 -2.1672
