Car -1 -1 -7.7512 506.7133 177.5725 550.3151 210.8871 1.4324 1.6494 3.4755 -3.7456 1.6610 33.2627 -7.8630 6.2846
Car -1 -1 -4.3987 244.9287 177.2144 319.2240 220.2505 1.7210 1.7219 4.2118 -14.2389 1.9241 31.4833 -4.8206 5.7514
Car -1 -1 -7.8313 562.1180 178.7204 616.5874 225.9322 1.4004 1.6474 3.3591 -0.6847 1.6049 23.5056 -7.8608 4.8998
Car -1 -1 -4.2414 829.5078 178.8414 867.6671 196.4336 1.5599 1.6764 4.1855 22.3086 2.1366 67.4588 -3.9237 1.3033
Car -1 -1 -4.5369 349.4603 178.4879 384.4633 202.7525 1.5304 1.5814 3.8196 -16.3023 1.9241 48.4463 -4.8602 1.0930
Pedestrian -1 -1 -3.8881 35.3892 176.4186 78.6109 228.9956 1.8531 0.6580 1.0811 -20.0357 1.9846 26.1002 -4.5380 0.1791
Car -1 -1 -4.5437 717.3290 175.0716 743.8626 193.6534 1.5592 1.6395 4.0746 10.5805 1.7601 63.2626 -4.3791 -0.7090
Pedestrian -1 -1 -5.6010 489.0451 173.1052 505.0393 200.8533 1.8013 0.5575 0.8820 -7.4396 1.8176 47.3108 -5.7565 -1.0691
Car -1 -1 -7.9101 565.5266 176.2516 618.0600 220.6741 1.5016 1.7061 4.0109 -0.7916 1.6372 26.7789 -7.9400 -1.3075
Car -1 -1 -3.8983 0.0000 195.9113 112.2066 239.4845 1.5025 1.5905 4.0707 -22.6491 2.5060 29.2764 -4.5526 -1.9799
Car -1 -1 -7.7164 835.6713 180.8587 877.7771 212.8482 1.4649 1.5467 3.3206 12.2308 1.8820 35.7894 -7.3902 -2.0054
