Car -1 -1 -7.8002 499.2125 182.4393 534.0074 212.4236 1.4958 1.6751 3.6944 -5.0554 2.0405 39.1176 -7.9284 5.4095
Car -1 -1 -7.8863 550.4973 185.4524 596.5379 224.4686 1.3265 1.6261 3.4881 -1.4893 1.8380 27.5065 -7.9406 5.3568
Car -1 -1 -4.0209 924.6209 191.8252 1004.4044 224.7829 1.5998 1.6529 3.9976 18.8437 2.6512 38.4227 -3.5687 4.8746
Car -1 -1 -3.7702 805.6838 189.0764 886.3480 221.3285 1.4857 1.5427 3.5897 11.6699 2.3200 35.8295 -3.4584 4.3696
Car -1 -1 -5.0618 90.7559 182.6707 150.4242 212.6077 1.5274 1.5683 3.6334 -26.9363 2.0894 39.6300 -5.6558 -0.2821
Car -1 -1 -6.2938 943.8680 183.9947 1054.4745 223.9733 1.5254 1.6920 3.9613 16.1111 2.0157 30.1148 -5.8072 -1.1527
Cyclist -1 -1 -8.0949 648.4695 179.6702 666.6771 222.7014 1.6168 0.3368 1.5786 1.8031 1.8903 28.1725 -8.0324 -1.2828
Pedestrian -1 -1 -7.4049 354.6690 181.3860 385.3712 240.4981 1.6933 0.6496 0.6158 -7.0670 1.9468 21.1166 -7.7246 -1.4465
Car -1 -1 -5.0708 947.1959 180.4190 987.6364 200.4080 1.5133 1.5976 4.0423 28.7929 2.1462 58.2978 -4.6145 -1.8042
Car -1 -1 -4.8712 958.8329 176.0265 986.5467 194.9483 1.6558 1.6325 4.0573 33.1376 1.9555 66.0509 -4.4083 -2.0746
Pedestrian -1 -1 -2.0720 170.0998 183.9531 187.0121 215.1724 1.7108 0.6174 0.5589 -24.0964 2.3357 40.2378 -2.6089 -2.1308
Pedestrian -1 -1 -4.7361 33.5616 182.7907 52.7897 227.3237 1.7466 0.5933 0.6353 -22.7691 2.1506 28.9262 -5.3986 -2.1342
