Car -1 -1 -7.7733 490.9876 178.2968 529.1815 208.2840 1.4352 1.6541 3.6727 -5.1267 1.7290 37.0964 -7.9101 5.9490
Car -1 -1 -7.8852 544.0059 179.1089 593.6123 223.5348 1.4631 1.6677 3.6251 -1.5998 1.7060 26.1738 -7.9463 5.5634
Car -1 -1 -3.9748 864.8044 185.2266 930.3344 210.9207 1.5603 1.6931 4.0500 18.7292 2.3953 47.0618 -3.5988 5.3010
Car -1 -1 -3.4330 757.2987 181.8874 824.8748 207.3056 1.4821 1.6245 3.6459 10.8760 2.0390 43.6116 -3.1907 1.1233
Car -1 -1 -7.3915 130.9046 182.2513 220.9617 215.8138 1.4170 1.7448 4.6593 -20.4594 1.8931 34.1882 -7.9276 0.2655
Pedestrian -1 -1 -7.7644 408.6020 172.5791 425.8570 216.7637 1.7308 0.5985 0.7456 -7.7027 1.7198 28.6827 -8.0249 -0.0407
Car -1 -1 -5.9451 857.3586 181.6975 942.4221 213.0923 1.5208 1.6321 3.8186 15.1399 2.0076 37.8736 -5.5681 -0.8856
Car -1 -1 -6.7595 811.3748 185.4196 874.0836 209.7221 1.5299 1.6033 3.6075 15.3131 2.3784 47.6441 -6.4509 -1.3039
Car -1 -1 -7.6836 606.6400 174.9707 649.7298 207.3208 1.5710 1.6237 3.7081 0.9496 1.6859 37.2746 -7.6589 -1.3597
Pedestrian -1 -1 -3.4507 1047.2727 182.3612 1061.7377 219.3794 1.8162 0.5829 0.4547 22.0789 2.2935 35.9101 -2.9038 -1.4621
Car -1 -1 -3.9097 655.8469 178.7273 708.0079 199.6344 1.5304 1.6738 3.9639 5.5516 1.9994 55.7641 -3.8115 -1.4632
Pedestrian -1 -1 -7.1387 857.7802 178.0743 875.5356 210.9056 1.7207 0.6314 0.6303 13.6129 2.0012 38.3827 -6.8009 -1.7724
Car -1 -1 -7.3200 535.9188 176.3700 583.5904 197.6199 1.5280 1.6424 4.3402 -3.8035 1.8067 54.9540 -7.3891 -1.9655
Pedestrian -1 -1 -2.9072 624.1422 172.5337 639.9393 207.3263 1.6927 0.5753 0.6616 1.0450 1.6768 35.4676 -2.8786 -2.1810
Pedestrian -1 -1 -4.8654 131.9626 179.4100 147.1645 215.0877 1.7493 0.5147 0.8474 -23.5419 2.0809 36.0438 -5.4408 -2.1916
