Car -1 -1 -4.3239 161.7904 186.4891 247.6053 230.4338 1.4774 1.5808 3.5705 -15.2592 2.0279 27.2817 -4.8300 6.6280
Car -1 -1 -7.8414 550.3956 181.3823 601.8331 226.6976 1.3912 1.6245 3.2932 -1.1773 1.6998 24.4566 -7.8897 6.0948
Car -1 -1 -7.7729 495.4374 179.3314 536.8771 211.6563 1.4514 1.7033 3.6455 -4.5401 1.7821 35.0051 -7.9014 5.9158
Car -1 -1 -3.9336 835.1270 184.1516 888.2989 204.7106 1.5124 1.6429 3.9336 19.6714 2.4212 56.4534 -3.6005 0.9279
Car -1 -1 -4.4970 729.5101 180.0655 763.9231 203.0428 1.5869 1.6594 4.1741 10.1431 2.1436 53.4859 -4.3110 0.3325
Car -1 -1 -4.5229 563.6101 177.7820 597.1309 200.3153 1.4621 1.5886 4.0109 -2.0349 1.8165 49.8363 -4.5640 0.0293
Car -1 -1 -7.8338 935.0549 187.9506 972.4319 221.6759 1.5299 1.6324 3.7201 17.4081 2.3373 36.5770 -7.3934 0.0225
Car -1 -1 -2.3392 581.3298 176.0329 643.7195 202.6766 1.6033 1.6576 3.9905 0.0893 1.8142 45.9115 -2.3378 -0.7810
Pedestrian -1 -1 -8.3020 450.3873 175.2226 467.1034 209.3833 1.7461 0.5832 0.7449 -7.8851 1.8702 37.4204 -8.5087 -0.8180
Car -1 -1 -7.3520 71.8533 186.5672 187.3946 229.6467 1.4796 1.7960 4.6253 -18.9420 2.0694 28.6700 -7.9318 -2.1139
