Car -1 -1 -7.9114 552.5857 184.0234 599.0170 224.6348 1.4429 1.6182 3.4273 -1.4434 1.9101 28.4119 -7.9624 5.8025
Car -1 -1 -7.8106 503.7300 183.0479 536.7909 211.5876 1.4678 1.6789 3.5505 -5.0024 2.0622 40.2575 -7.9339 5.1916
Car -1 -1 -4.0818 984.2657 198.3367 1082.9530 238.2239 1.5786 1.7207 4.1148 18.8877 2.7740 32.2390 -3.5567 4.8507
Car -1 -1 -3.7961 854.1446 194.5014 950.3538 233.8902 1.4988 1.5519 3.4923 12.0978 2.4359 30.0212 -3.4173 4.6448
Cyclist -1 -1 -5.1528 810.1523 182.2411 826.7206 205.4138 1.6893 0.5806 1.5571 15.5839 2.4031 54.0757 -4.8742 1.3830
Car -1 -1 -4.3102 229.0578 184.5842 289.6559 211.5475 1.4709 1.7202 4.3251 -21.0715 2.2132 43.4769 -4.7593 0.7980
Car -1 -1 -6.2405 1044.0011 190.1241 1192.5497 243.2657 1.5296 1.6260 3.8927 16.6093 2.1418 23.7721 -5.6372 0.0643
Car -1 -1 -4.8664 893.4703 176.6224 920.2526 194.3785 1.4774 1.5831 3.8031 25.8299 1.8164 62.9304 -4.4790 0.0011
Pedestrian -1 -1 -4.4766 114.5394 182.7664 132.2072 219.1949 1.7186 0.5236 0.8381 -23.4974 2.2029 34.7884 -5.0673 -0.1146
Car -1 -1 -4.6099 880.7432 178.4152 911.8197 203.2185 1.5611 1.5670 3.8048 19.1926 1.9495 48.3827 -4.2348 -0.7547
Car -1 -1 -4.5695 215.9048 192.8642 247.4144 215.1521 1.5169 1.5926 3.7946 -28.7436 3.0946 54.8481 -5.0505 -1.0173
Car -1 -1 -4.6969 951.1644 181.8423 975.2993 202.9421 1.5062 1.6122 3.9243 27.1254 2.2227 55.4237 -4.2444 -2.0491
