Car -1 -1 -7.8794 543.2081 184.0288 594.0499 227.5894 1.3591 1.6546 3.4740 -1.5434 1.7776 25.2393 -7.9405 5.6960
Car -1 -1 -4.1577 0.0000 189.6472 93.2386 257.5532 1.4429 1.5656 3.4225 -14.8008 1.9037 18.0157 -4.8383 5.5278
Car -1 -1 -7.7948 490.4981 181.4531 528.3118 211.7012 1.3889 1.6635 3.4589 -5.0037 1.8382 35.9378 -7.9326 5.4848
Car -1 -1 -3.9652 843.8124 187.7270 903.7287 210.7535 1.5303 1.6216 4.2041 18.9204 2.6327 51.8122 -3.6175 1.9619
Car -1 -1 -3.6597 735.5065 184.0272 795.9770 207.7630 1.5082 1.6015 3.6523 10.4063 2.2778 48.4032 -3.4497 1.3945
Pedestrian -1 -1 -8.2927 986.3931 159.6194 1017.2070 213.7120 1.8420 0.7378 0.6227 13.4672 1.3910 24.9006 -7.8022 0.2723
Pedestrian -1 -1 -6.1239 621.3693 175.5504 633.2263 206.8277 1.7110 0.7803 0.5414 0.9234 1.8617 39.9782 -6.1016 -0.9948
Car -1 -1 -4.2654 9.3765 187.1387 123.6607 233.2574 1.4257 1.6214 4.1291 -19.3344 1.9800 25.8364 -4.9030 -1.4704
Pedestrian -1 -1 -8.9847 975.6571 175.2831 998.2779 217.1310 1.7748 0.7110 0.6232 16.2144 1.8808 31.1189 -8.5088 -1.8521
Pedestrian -1 -1 -7.8428 1228.4751 179.7203 1241.0000 256.6404 1.6759 0.5479 0.5088 14.1635 1.8329 16.1589 -7.1327 -2.0200
Car -1 -1 -7.8281 828.0250 179.2905 858.3773 207.2709 1.5984 1.6855 4.0935 14.3645 2.0143 44.4453 -7.5180 -2.0680
