Car -1 -1 -7.8698 567.9838 190.9125 605.1938 224.9873 1.3650 1.5932 3.6195 -1.1373 2.2297 32.7112 -7.9050 5.3527
Car -1 -1 -7.8408 522.3135 188.6381 550.3310 214.9067 1.4570 1.6365 3.6403 -4.5217 2.4643 44.1726 -7.9428 3.1427
Car -1 -1 -7.3237 78.9409 189.4046 188.0869 230.1619 1.4652 1.7778 4.4250 -19.6971 2.2051 30.0186 -7.9005 2.2214
Car -1 -1 -7.8848 577.2106 175.4730 601.3845 202.9187 2.0429 1.7486 4.1051 -1.6740 2.2542 56.2096 -7.9149 1.2830
Car -1 -1 -7.1129 0.0000 192.4631 96.7414 241.6670 1.4119 1.6466 3.9599 -19.6888 2.1286 24.3531 -7.7876 0.1984
Pedestrian -1 -1 -7.9464 1057.4797 163.4808 1082.3312 218.9273 1.8086 0.6458 0.5162 15.1871 1.5025 23.9115 -7.3866 -0.1087
Car -1 -1 -4.8101 1079.2334 174.1921 1128.0308 208.2114 1.5589 1.5770 3.8439 24.0337 1.6279 35.2913 -4.2164 -0.3789
Car -1 -1 -4.4291 1120.0311 177.4138 1183.2026 210.0816 1.6362 1.6716 3.9613 28.9001 1.8911 38.5211 -3.7895 -1.2665
Pedestrian -1 -1 -5.1634 925.6564 166.6006 945.6658 206.6197 1.8265 0.5399 0.8125 15.0035 1.5408 33.3468 -4.7443 -1.3019
Cyclist -1 -1 -5.7343 908.7310 169.5397 945.5884 206.5529 1.8245 0.6347 1.6052 15.9504 1.6608 36.4055 -5.3247 -1.3379
Car -1 -1 -4.4562 33.4275 196.9302 94.2230 231.2061 1.5255 1.5769 3.7462 -27.9618 2.8277 37.0004 -5.1001 -1.5137
Car -1 -1 -4.3004 306.8861 185.3254 351.7837 207.9277 1.5518 1.6460 4.0226 -20.9104 2.5174 53.8393 -4.6696 -1.7035
Car -1 -1 -4.3516 0.0000 199.0692 64.2875 237.8296 1.5242 1.6377 4.1405 -27.2667 2.8254 33.6013 -5.0296 -1.7993
Car -1 -1 -4.5995 823.3088 187.3968 850.3652 207.7415 1.4900 1.6463 4.0162 18.2720 2.7048 58.1157 -4.2969 -1.8705
Pedestrian -1 -1 -4.6204 12.4416 183.4844 36.6784 232.5767 1.8358 0.6432 0.8835 -22.5636 2.2526 27.7646 -5.2983 -2.0089
Car -1 -1 -5.2838 1133.4366 184.6823 1225.2290 219.5824 1.4548 1.5847 3.6377 26.0624 2.0302 33.2346 -4.6235 -2.0969
