Car -1 -1 -7.8599 544.6713 180.3060 594.0374 223.3258 1.4196 1.6737 3.5777 -1.5408 1.7097 26.2856 -7.9185 4.7572
Car -1 -1 -7.8062 491.6377 179.0284 527.0359 209.5571 1.4694 1.6460 3.5098 -5.1967 1.8038 37.2873 -7.9442 4.7324
Car -1 -1 -3.9748 872.0901 185.3741 941.8744 212.5698 1.6071 1.7103 4.2285 18.8534 2.4320 45.8721 -3.5877 4.6028
Car -1 -1 -3.6735 760.2084 183.0637 826.3034 209.6896 1.4964 1.5228 3.5059 10.8025 2.1179 42.7175 -3.4280 3.1172
Car -1 -1 -4.3542 165.6493 186.1736 234.6925 216.1536 1.3499 1.7107 4.0695 -20.6884 2.0636 36.5338 -4.8666 2.0990
Pedestrian -1 -1 -7.8997 402.9838 175.2399 422.9892 221.6818 1.7529 0.7116 0.6575 -7.6114 1.8456 27.6997 -8.1659 0.0451
Pedestrian -1 -1 -3.2529 629.8116 174.2654 643.0228 209.9818 1.6818 0.5811 0.5653 1.2126 1.7492 34.3114 -3.2184 -0.1782
Pedestrian -1 -1 -7.7061 1048.0090 164.9171 1071.7239 214.1572 1.7604 0.6489 0.6367 16.3200 1.4764 26.2486 -7.1552 -1.2249
Car -1 -1 -4.3788 270.1281 181.5604 316.1898 206.0669 1.6053 1.6627 4.2954 -22.3716 2.2474 51.0363 -4.7903 -1.2520
Car -1 -1 -3.6146 112.5667 193.9797 182.1630 218.0935 1.5088 1.6486 3.7899 -32.5394 3.0557 50.7923 -4.1822 -1.3392
