Car -1 -1 -7.7049 506.1056 177.5570 553.9641 210.8119 1.3944 1.6184 3.7244 -3.6038 1.6195 32.6837 -7.8143 6.3175
Car -1 -1 -7.8366 567.8613 179.8392 620.5630 224.4419 1.3641 1.6510 3.4036 -0.5528 1.6156 24.3076 -7.8598 5.8112
Car -1 -1 -4.4102 279.3185 181.0337 347.7229 215.5320 1.3592 1.6349 3.9862 -12.8710 1.7388 31.4564 -4.7960 4.9018
Car -1 -1 -4.3838 427.6095 174.1707 458.8983 190.9815 1.4756 1.5926 3.9269 -15.1619 1.5989 65.6882 -4.6100 0.3113
Car -1 -1 -7.1455 737.7620 178.5425 782.6457 198.0154 1.6570 1.6991 4.0525 13.4068 2.1797 64.4272 -6.9417 -0.4355
Car -1 -1 -7.8856 570.3398 176.6769 618.0126 219.7369 1.4972 1.6708 3.6726 -0.7033 1.6516 27.3040 -7.9118 -1.2728
Car -1 -1 -4.5099 256.5764 175.9575 296.8029 199.9457 1.5086 1.6374 4.1055 -22.2044 1.7247 48.1282 -4.9403 -1.6614
Car -1 -1 -4.3729 40.3949 183.8734 108.0800 215.4481 1.4207 1.5421 3.7103 -26.5735 1.9986 35.8599 -5.0072 -1.8724
Car -1 -1 -4.0789 116.7064 189.1607 197.1058 219.9927 1.4851 1.6055 4.0196 -24.4240 2.4130 39.0057 -4.6355 -2.0642
Pedestrian -1 -1 -6.0681 189.6651 176.9341 224.7832 273.0094 1.6000 0.4424 0.4373 -6.9216 1.6709 12.3136 -6.5714 -2.0777
