Car -1 -1 -4.0058 912.2587 193.5451 995.4921 225.7068 1.5996 1.7372 4.3545 18.9100 2.7875 39.7450 -3.5654 5.3330
Car -1 -1 -7.8462 549.0200 185.3332 596.7245 227.6417 1.4292 1.6844 3.6522 -1.4404 1.9338 27.3343 -7.8991 5.0349
Car -1 -1 -7.8163 498.3021 183.8295 531.7571 214.3172 1.4942 1.6398 4.1313 -5.1261 2.1200 39.0300 -7.9466 4.4951
Car -1 -1 -3.7762 799.5225 191.2421 875.1132 223.1478 1.5124 1.5667 3.4425 11.6106 2.4884 37.0085 -3.4752 3.3502
Car -1 -1 -5.5137 922.2562 179.0856 975.4901 199.5043 1.5803 1.6245 3.9263 27.7501 2.1102 59.2628 -5.0781 -1.1918
Pedestrian -1 -1 -5.5882 180.2440 184.2160 196.5535 215.7582 1.7725 0.6159 0.5320 -24.0760 2.4256 41.1458 -6.1151 -1.3558
Car -1 -1 -4.7271 733.3243 174.4300 752.2989 193.7051 1.6878 1.6288 3.8771 12.0186 1.8352 65.5610 -4.5470 -1.6991
Pedestrian -1 -1 -4.4981 649.6472 187.2204 661.7236 220.7522 1.3120 0.3955 0.4450 1.7757 1.8890 28.7284 -4.4377 -1.7119
Car -1 -1 -8.0199 340.4001 184.4339 412.9809 239.4802 1.6007 1.6658 3.9108 -7.8731 2.0194 23.9917 -8.3343 -1.8919
Car -1 -1 -5.1774 830.9614 177.7314 876.1207 202.0402 1.7075 1.6587 3.7357 17.9534 2.0817 53.4385 -4.8554 -2.0342
Car -1 -1 -7.5028 532.5332 183.0524 599.8403 223.8590 1.5317 1.6443 3.6471 -1.7985 1.9843 30.0571 -7.5628 -2.1780
