Car -1 -1 -7.8691 549.0759 185.3030 596.5865 228.2214 1.4308 1.6566 3.6011 -1.4678 1.9280 26.9831 -7.9237 4.6372
Car -1 -1 -7.8192 495.7969 183.6179 530.1561 214.5639 1.4991 1.6764 3.7737 -5.1392 2.0991 38.2772 -7.9523 4.4891
Car -1 -1 -3.7158 782.8589 189.7194 854.2733 219.4207 1.5087 1.5218 3.4671 11.3070 2.4555 39.2867 -3.4383 3.6421
Car -1 -1 -4.0103 898.4016 192.6857 962.3279 221.3808 1.5304 1.5070 3.4848 18.5788 2.7218 41.9174 -3.5964 2.0051
Car -1 -1 -4.2898 169.5138 190.8682 239.8188 222.6037 1.4337 1.6381 3.9971 -20.7227 2.4085 36.9969 -4.7976 -0.6073
Pedestrian -1 -1 -7.5373 382.3600 180.7365 407.1378 233.7134 1.7579 0.6325 0.6456 -7.3129 2.0275 24.3728 -7.8264 -0.7084
Pedestrian -1 -1 -4.1288 1213.8689 167.6860 1241.0000 247.8536 1.7292 0.5216 0.4351 13.6740 1.6174 15.8749 -3.4274 -0.9405
Car -1 -1 -4.2384 109.1267 189.4875 202.2002 226.4272 1.4371 1.7342 4.3081 -20.2298 2.2323 32.2869 -4.7947 -1.3068
Car -1 -1 -4.7721 929.0111 174.6509 952.4351 193.9805 1.6192 1.6168 3.8506 28.7809 1.7808 62.9170 -4.3452 -1.6918
Car -1 -1 -8.0402 356.4102 182.7481 426.6300 234.3775 1.6581 1.6848 4.2491 -8.0871 2.0498 26.3160 -8.3361 -1.9028
Car -1 -1 -6.6215 896.8834 186.8514 997.0612 220.6521 1.5146 1.6776 3.9664 15.8561 2.1973 34.1912 -6.1912 -2.0183
Pedestrian -1 -1 -5.2327 80.1258 184.3983 101.4342 224.9480 1.7620 0.5164 0.6404 -23.0185 2.2785 31.9306 -5.8535 -2.0262
