Car -1 -1 -4.2888 134.9911 180.0469 248.3405 235.9850 1.6830 1.7224 4.2042 -14.0467 1.9480 24.4405 -4.8060 7.4273
Car -1 -1 -7.8747 559.4278 180.6335 613.0204 227.8383 1.4000 1.6358 3.4364 -0.8719 1.6747 23.7432 -7.9117 6.3167
Car -1 -1 -7.7519 503.9467 179.9933 547.3869 213.9641 1.4698 1.6656 3.5410 -3.9325 1.8210 33.7487 -7.8675 5.8926
Car -1 -1 -4.6065 310.5017 182.8455 348.3946 210.3210 1.4362 1.6043 4.0404 -16.0952 2.0397 41.4455 -4.9751 1.6123
Car -1 -1 -3.9946 830.7728 182.8196 880.7925 201.7366 1.5707 1.7188 4.3948 21.6893 2.4758 63.7043 -3.6683 1.4802
Pedestrian -1 -1 -7.5272 477.3422 175.4899 491.3084 205.7662 1.8235 0.6351 0.7382 -7.6862 1.9853 43.9433 -7.6998 -0.3055
Car -1 -1 -7.7453 0.0000 200.1154 29.9510 246.1210 1.4610 1.6246 4.0408 -23.4651 2.5827 27.5678 -8.4459 -0.5322
Car -1 -1 -4.3729 197.7017 185.3135 263.3713 217.1816 1.4207 1.6185 4.0861 -18.8621 2.0785 35.9740 -4.8530 -1.1215
Car -1 -1 -4.4074 262.2095 183.6264 315.8176 210.5102 1.5083 1.7595 4.4815 -19.8203 2.2096 44.6693 -4.8231 -1.2863
Pedestrian -1 -1 -2.5890 620.8226 172.6760 634.4680 197.8670 1.7570 0.6223 0.7446 1.2114 1.7443 50.7882 -2.5657 -1.3178
Car -1 -1 -4.1596 15.6955 188.6559 148.5154 238.9777 1.4487 1.6730 4.0927 -17.5528 2.0242 24.1909 -4.7823 -1.4980
Car -1 -1 -6.3845 478.3321 175.5152 543.2321 201.9837 1.5949 1.6388 3.8610 -6.2353 1.7651 44.9815 -6.5219 -1.5986
Pedestrian -1 -1 -4.6541 1161.3633 177.5927 1191.3673 236.8644 1.7690 0.6968 0.4831 17.2284 1.9160 22.0119 -3.9971 -2.1225
