Car -1 -1 -7.8495 571.4511 180.4432 606.5367 213.1021 1.4838 1.6368 3.7021 -1.0695 1.8769 35.5239 -7.8800 4.8819
Car -1 -1 -7.8341 526.6439 180.9127 553.5718 205.2610 1.4366 1.6269 3.6011 -4.4225 1.9670 45.6602 -7.9306 3.7143
Car -1 -1 -6.5122 953.5688 183.4739 1040.6145 215.4326 1.5023 1.5882 3.5475 19.1713 2.0490 35.9472 -6.0262 0.0659
Car -1 -1 -4.7738 866.6440 181.1823 895.3194 206.8602 1.6548 1.6076 3.8567 18.6776 2.2548 49.9269 -4.4182 -0.2103
Pedestrian -1 -1 -4.5666 1223.1680 172.9737 1241.0000 230.2813 1.8183 0.5930 0.5626 20.1952 1.8219 23.3036 -3.8593 -0.5192
Pedestrian -1 -1 -2.6766 205.7589 179.1498 224.9430 210.5905 1.7852 0.5222 0.8174 -22.6520 2.1481 41.3540 -3.1753 -1.1396
Car -1 -1 -1.9815 0.0000 187.4144 17.4372 239.8541 1.4619 1.6476 4.2523 -20.8193 1.9512 22.6393 -2.7193 -1.1450
Pedestrian -1 -1 -6.9125 5.8051 182.5778 34.1883 229.9153 1.7581 0.6116 0.5843 -22.3703 2.1307 27.3068 -7.5942 -1.3423
Pedestrian -1 -1 -5.4318 951.1511 178.8939 972.9856 213.8411 1.7977 0.5952 0.8780 18.3963 2.1180 37.7926 -4.9824 -1.7263
Car -1 -1 -4.4708 561.9989 181.9387 609.1331 211.9053 1.5034 1.6602 4.1021 -1.3223 2.0303 39.6978 -4.5045 -1.8342
Pedestrian -1 -1 -3.6016 1221.0009 122.8564 1241.0000 201.0885 1.8884 0.5137 0.3160 15.2757 0.6812 17.7044 -2.8978 -1.8857
