Car -1 -1 -7.7279 513.0870 177.8716 557.6192 210.7036 1.4397 1.6520 3.5586 -3.5034 1.6883 33.9882 -7.8303 6.3705
Car -1 -1 -7.8417 576.3273 180.1843 623.1891 221.3642 1.3894 1.6227 3.5778 -0.4077 1.6793 26.7744 -7.8575 6.0777
Car -1 -1 -4.3958 303.8173 179.1353 371.2281 214.4361 1.4195 1.5959 4.0169 -11.9484 1.7136 31.7791 -4.7530 5.0994
Cyclist -1 -1 -4.2772 35.8420 184.8918 71.3889 228.7752 1.6985 0.5639 1.4755 -22.4924 2.1973 29.1364 -4.9303 0.0157
Car -1 -1 -4.6824 66.4420 190.5298 117.5902 230.7869 1.4499 1.5869 3.8625 -21.3870 2.2305 29.8313 -5.3003 -0.6126
Car -1 -1 -4.9446 422.4928 176.9980 454.8160 196.9298 1.5060 1.6020 4.1293 -13.7477 1.8494 57.6381 -5.1781 -1.2091
Car -1 -1 -7.9403 491.1763 174.8423 523.4689 202.7987 1.6411 1.6416 3.9649 -6.4453 1.7700 44.7734 -8.0828 -1.4096
Pedestrian -1 -1 -5.8917 0.0000 169.3252 14.4689 222.0037 1.9020 0.5135 0.4094 -22.1719 1.7743 26.3576 -6.5862 -1.5358
Car -1 -1 -4.6523 276.9324 178.1858 314.8110 209.6614 1.4323 1.4946 3.3083 -15.3428 1.7059 35.2574 -5.0603 -1.6010
Car -1 -1 -4.4240 346.1167 178.9311 389.8644 203.2339 1.4870 1.6298 4.0348 -15.8073 1.9016 47.2139 -4.7457 -1.7776
Pedestrian -1 -1 -7.1095 971.9044 180.4737 1002.6774 246.4867 1.7301 0.5803 0.4478 10.0586 1.9377 19.3405 -6.6370 -2.0597
Cyclist -1 -1 -8.0862 1011.0518 167.3720 1026.9266 200.0255 1.6097 0.3473 1.5217 20.5551 1.3392 36.3490 -7.5753 -2.0810
