Car -1 -1 -7.8391 556.6692 181.1810 610.5394 227.4599 1.3802 1.6531 3.3914 -0.8975 1.6749 23.8500 -7.8770 6.8652
Car -1 -1 -4.2673 82.0285 179.8340 214.3332 242.3431 1.6802 1.7457 4.1891 -13.9693 1.9144 22.0616 -4.8266 6.8400
Car -1 -1 -7.7455 502.7083 180.3779 545.9365 213.3531 1.4325 1.6442 3.5532 -4.0185 1.8048 33.9431 -7.8630 5.9639
Car -1 -1 -4.6124 291.5102 181.0302 334.0607 212.6945 1.5729 1.7307 4.0695 -16.1101 2.0415 39.1742 -5.0005 3.9226
Car -1 -1 -4.4075 245.5084 182.9398 300.9450 210.7804 1.4784 1.7202 4.2853 -19.6333 2.0988 42.1703 -4.8411 1.1267
Car -1 -1 -4.7126 835.5286 183.2524 855.8726 202.2352 1.5379 1.6344 3.8546 20.4894 2.4731 62.8260 -4.3992 0.1293
Pedestrian -1 -1 -8.2066 474.9460 176.4386 489.1230 206.4669 1.7669 0.6462 0.6526 -7.6644 1.9825 43.0067 -8.3823 -0.0914
Cyclist -1 -1 -8.8478 1181.7573 186.9073 1241.0000 242.5288 1.7267 0.6297 1.6733 19.8756 2.2062 23.7428 -8.1576 -0.5326
Car -1 -1 -7.2835 0.0000 189.6542 137.0532 242.1144 1.4171 1.7333 4.5262 -17.5410 2.0131 23.2934 -7.9237 -0.8732
Car -1 -1 -4.2130 719.9514 179.6725 760.3681 199.0370 1.4852 1.5646 3.9071 10.6045 2.0593 58.7712 -4.0359 -1.2329
Cyclist -1 -1 -7.6348 898.2548 184.3252 913.3853 216.0915 1.6589 0.4248 1.6054 15.9672 2.2914 39.0254 -7.2497 -1.2650
Pedestrian -1 -1 -3.9874 997.5179 173.8241 1025.9843 223.5162 1.7433 0.5542 0.7124 14.2657 1.7781 25.7093 -3.4863 -1.3063
Car -1 -1 -2.7363 425.8559 176.5098 497.0591 204.5037 1.6447 1.6628 3.9058 -9.0551 1.8730 43.9138 -2.9388 -1.5652
Car -1 -1 -4.2755 160.4577 186.3840 242.2723 221.4965 1.4277 1.6092 4.2654 -18.7249 2.0910 33.2079 -4.7858 -1.8858
