Car -1 -1 -4.0120 1015.8851 196.9626 1168.3643 258.3770 1.4364 1.5340 3.4037 12.6607 2.1140 19.0620 -3.4336 5.7023
Car -1 -1 -7.8704 557.9857 181.8904 599.5894 217.6572 1.3716 1.6483 3.4045 -1.3867 1.7728 30.3054 -7.9163 5.3620
Car -1 -1 -7.7943 511.0346 179.8082 542.8879 206.5538 1.4652 1.6468 3.5589 -4.8638 1.8901 42.2964 -7.9086 5.0647
Car -1 -1 -4.0659 1190.4835 199.0701 1241.0000 254.7825 1.4521 1.5484 3.5312 19.0190 2.2528 20.9444 -3.3364 1.7940
Car -1 -1 -4.2214 75.3932 185.5682 176.7945 223.7218 1.3977 1.7748 4.0592 -19.9738 1.9620 29.9373 -4.8058 0.4820
Car -1 -1 -4.7313 1080.6248 176.2100 1116.1024 205.6358 1.6534 1.6597 4.1564 29.1770 1.8644 43.2405 -4.1413 -0.3892
Car -1 -1 -5.2597 899.1779 168.3943 947.4213 189.2312 1.5150 1.5798 3.8048 23.5573 1.1904 54.4560 -4.8537 -1.1680
Car -1 -1 -5.1157 974.5197 165.6566 1023.8248 193.2384 1.7528 1.6127 3.4907 25.6129 1.2951 47.6631 -4.6255 -1.9071
Pedestrian -1 -1 -5.0607 814.8994 185.1395 826.3083 209.8261 1.7939 0.5902 0.7356 15.4964 2.7060 53.2025 -4.7794 -1.9380
Pedestrian -1 -1 -7.5286 0.2934 178.0091 30.5560 226.1012 1.7315 0.6625 0.7180 -21.8970 1.9240 26.5285 -8.2138 -2.1387
Car -1 -1 -4.8907 1005.1437 167.7856 1045.4655 194.2748 1.6511 1.6147 3.7837 26.9764 1.3348 47.0257 -4.3729 -2.1749
Car -1 -1 -7.6148 857.8028 187.0714 901.7403 215.0696 1.4734 1.5777 3.6699 15.6716 2.3379 41.9256 -7.2600 -2.1966
