Car -1 -1 -4.1989 5.4402 188.3915 143.5486 248.0171 1.4480 1.5807 3.5103 -14.9500 1.9246 20.3130 -4.8273 7.1781
Car -1 -1 -7.8421 545.2419 184.1678 597.2869 226.9661 1.3299 1.6840 3.4105 -1.3750 1.7502 25.0813 -7.8970 6.1537
Car -1 -1 -7.8023 491.2379 181.1535 527.8246 212.3175 1.4225 1.6161 3.4300 -4.9606 1.8528 35.6596 -7.9401 5.7741
Car -1 -1 -7.2126 842.6566 188.5001 894.9602 210.5571 1.4942 1.6146 3.9064 19.0399 2.6839 53.1232 -6.8708 1.6256
Car -1 -1 -4.7544 734.4578 182.6092 761.0798 206.1024 1.5105 1.6385 4.0950 9.5361 2.2194 50.3151 -4.5687 -0.1092
Car -1 -1 -8.2265 936.1767 175.7088 1007.2859 212.8244 1.6288 1.6344 3.9885 16.9215 1.7713 34.0377 -7.7690 -1.4270
Car -1 -1 -4.6914 822.6570 179.1712 850.7407 204.8062 1.5036 1.6191 4.0501 14.3163 1.9214 45.5723 -4.3894 -1.4870
Car -1 -1 -7.4833 87.9994 186.6740 178.9028 225.2228 1.3877 1.6793 4.2991 -19.6366 2.0033 29.8822 -8.0608 -1.6570
Car -1 -1 -4.8077 547.5035 181.5286 575.6233 204.6153 1.4882 1.5815 3.8272 -3.4252 2.1137 50.0428 -4.8762 -1.7955
Car -1 -1 -7.7920 417.4093 175.2637 458.0138 213.0265 1.7529 1.6979 4.5014 -8.6069 1.8812 36.1559 -8.0245 -1.8347
