Car -1 -1 -7.8488 566.5878 177.7042 603.3732 211.6090 1.4649 1.6159 3.5434 -1.1963 1.7017 33.4839 -7.8848 4.7944
Car -1 -1 -7.8795 521.3266 176.7317 549.8358 201.5470 1.4471 1.6529 3.7810 -4.6777 1.6975 44.6767 -7.9836 3.4513
Car -1 -1 -5.0093 1004.4777 167.6327 1080.5994 209.3859 1.6747 1.6635 4.0829 18.4965 1.4649 31.1186 -4.4776 -0.1482
Car -1 -1 -5.6693 1131.1504 172.3698 1241.0000 205.3900 1.5119 1.6771 4.1340 28.0775 1.4895 35.2579 -5.0011 -0.8392
Car -1 -1 -4.5966 882.9547 184.1566 917.2220 209.4839 1.5756 1.6948 4.3147 19.8004 2.3827 49.2410 -4.2169 -0.9562
Pedestrian -1 -1 -7.9750 1175.0568 130.8628 1208.1569 202.3266 1.9119 0.6234 0.6699 15.8613 0.7882 19.7524 -7.3056 -1.4655
Car -1 -1 -5.9564 1047.2733 169.2810 1150.7295 205.2034 1.4670 1.5148 3.4084 21.0922 1.3208 31.2799 -5.3678 -1.6127
Car -1 -1 -4.7075 926.2858 184.3769 959.9432 214.4117 1.4488 1.5534 3.7559 17.6785 2.0940 38.3927 -4.2794 -1.6895
Car -1 -1 -4.0194 0.0000 180.0800 47.6864 232.6678 1.4133 1.5982 4.0055 -19.4925 1.6533 21.9714 -4.7391 -1.8313
Car -1 -1 -5.3085 317.5694 178.6095 363.7303 197.2616 1.5253 1.6636 4.1742 -23.2075 2.0351 62.0580 -5.6653 -1.9115
Pedestrian -1 -1 -5.8158 939.5544 165.1780 954.1481 195.7309 2.0454 0.7740 0.6123 22.7433 1.5313 48.7856 -5.3822 -1.9900
