Car -1 -1 -4.2086 14.4718 180.0666 176.6479 251.2185 1.6839 1.7214 4.2914 -13.8814 1.9033 19.7497 -4.8151 6.8740
Car -1 -1 -7.8571 557.4426 180.2078 610.4905 226.9152 1.4018 1.6341 3.4358 -0.9216 1.6635 23.9567 -7.8958 5.7470
Car -1 -1 -7.7775 502.9367 179.0933 543.6309 212.2135 1.4536 1.6437 3.6105 -4.0995 1.7649 34.1988 -7.8964 5.6130
Car -1 -1 -4.4255 271.4944 181.7242 330.5515 214.1988 1.5158 1.7067 3.9958 -15.7555 1.9948 36.8995 -4.8268 2.7721
Car -1 -1 -7.3925 222.1771 182.5192 290.4092 210.7117 1.4360 1.7519 4.1346 -19.6719 2.0027 40.2512 -7.8447 1.7083
Car -1 -1 -3.9664 832.6144 181.3854 882.8585 201.6738 1.6333 1.6946 4.1176 21.0178 2.3778 61.2629 -3.6379 1.6065
Pedestrian -1 -1 -8.3601 467.6696 176.1490 484.2801 208.3215 1.8309 0.6195 0.8280 -7.7811 2.0234 41.6850 -8.5440 -0.5285
Cyclist -1 -1 -7.8100 903.8549 184.5297 913.2415 214.2914 1.5913 0.4164 1.6618 16.5507 2.2532 40.0808 -7.4216 -0.5982
Car -1 -1 -7.6826 879.9796 184.8447 922.1443 213.1360 1.4764 1.6365 3.7760 16.7045 2.1982 41.4162 -7.3023 -1.2926
Car -1 -1 -4.5642 570.6603 177.5173 600.6462 200.0758 1.4614 1.5326 3.6595 -1.6641 1.7929 49.4363 -4.5981 -2.0594
