Car -1 -1 -4.1683 0.0000 179.4271 130.7982 261.9993 1.7021 1.7129 4.3866 -13.7916 1.8821 17.5136 -4.8282 7.3001
Car -1 -1 -7.7665 500.8449 177.6279 541.4948 210.3793 1.4526 1.6175 3.5071 -4.2139 1.6910 34.3008 -7.8883 6.3753
Car -1 -1 -7.8767 555.2339 179.5975 609.3873 224.3238 1.3483 1.6781 3.6131 -1.0226 1.5913 24.1688 -7.9192 4.7823
Car -1 -1 -4.4098 249.9144 180.8352 311.4302 215.5253 1.5206 1.6702 3.5651 -15.6439 1.9210 34.3593 -4.8344 4.5508
Car -1 -1 -3.9509 831.8882 180.5954 884.5416 200.6382 1.5799 1.6964 4.2210 20.6010 2.2411 59.9358 -3.6218 0.6713
Car -1 -1 -4.4721 567.3715 175.9244 601.5869 198.5069 1.4727 1.5395 3.5802 -1.7443 1.6911 49.4830 -4.5076 0.3083
Car -1 -1 -4.1614 720.9830 177.6013 767.9933 197.6561 1.4880 1.6402 4.2745 10.5717 1.8747 56.6842 -3.9783 0.0905
Cyclist -1 -1 -7.9802 620.3099 173.8854 628.3531 198.9701 1.6350 0.3399 1.5374 0.9139 1.7043 47.8774 -7.9617 -1.5296
Car -1 -1 -8.0051 454.1313 172.6234 492.8463 202.4953 1.6738 1.6577 3.9904 -8.1362 1.6605 42.5857 -8.1931 -1.5498
Pedestrian -1 -1 -7.9176 904.0848 164.3926 921.6408 208.2793 1.9421 0.6810 0.6728 13.5349 1.5674 32.3588 -7.5251 -1.6650
Car -1 -1 -4.8491 602.2288 176.6574 628.7486 196.3264 1.4965 1.5909 3.9531 0.3784 1.8115 57.7575 -4.8430 -1.9852
Car -1 -1 -7.4535 64.8166 186.1715 169.9567 229.3620 1.3958 1.6798 4.3083 -18.3106 1.9358 26.9956 -8.0451 -1.9958
Car -1 -1 -7.3986 194.0602 181.3112 271.1092 211.6541 1.4249 1.7519 4.4356 -19.4649 1.8887 37.3657 -7.8762 -2.0171
Car -1 -1 -7.8614 557.6174 178.1324 605.8503 220.0770 1.4464 1.6973 3.7786 -1.1334 1.6598 27.2947 -7.9031 -2.0559
