Car -1 -1 -7.8831 555.4223 181.5763 598.6562 220.2015 1.4143 1.6254 3.7680 -1.4343 1.7909 29.2385 -7.9324 5.4302
Car -1 -1 -4.1133 1035.4484 197.2483 1148.6766 242.0629 1.5715 1.6820 4.1808 19.0543 2.5908 28.5850 -3.5309 5.3464
Car -1 -1 -7.8311 506.4307 180.0991 536.9221 208.2479 1.4895 1.6395 3.5948 -5.0179 1.9198 41.0121 -7.9525 4.7906
Car -1 -1 -3.8563 900.1087 194.6933 1001.7817 238.6191 1.4635 1.4539 3.1859 12.3690 2.2941 26.3124 -3.4220 4.1208
Car -1 -1 -4.3736 258.0869 177.4076 307.1106 204.7148 1.6712 1.6260 4.1134 -21.2805 1.9808 46.9834 -4.7970 0.5228
Car -1 -1 -5.0187 915.8501 175.2044 951.3030 194.5755 1.5193 1.5995 3.6700 26.3708 1.7173 58.9669 -4.6004 -1.0040
Pedestrian -1 -1 -4.0446 195.0446 178.7808 246.0242 276.9887 1.5999 0.5254 0.5491 -6.5832 1.7016 12.1094 -4.5338 -1.3842
Car -1 -1 -4.6648 1116.4772 187.0390 1189.0283 245.2489 1.5252 1.6052 4.0782 16.5602 1.9985 22.0084 -4.0268 -1.7967
Pedestrian -1 -1 -7.6134 1114.0142 182.4907 1149.1466 245.9329 1.7678 0.7000 0.5906 14.9136 2.0501 20.7020 -6.9966 -1.9018
Car -1 -1 -4.5811 821.1396 183.9050 854.1503 208.9339 1.5903 1.6616 4.1858 15.8037 2.3914 50.0787 -4.2776 -2.0816
