Car -1 -1 -7.8479 546.1508 183.3787 597.1855 226.8887 1.3469 1.6385 3.3194 -1.3597 1.7339 24.8553 -7.9027 6.6953
Car -1 -1 -4.2579 71.7198 187.0211 185.8555 240.4624 1.4648 1.5491 3.5726 -14.9976 1.9456 22.6368 -4.8379 6.6106
Car -1 -1 -7.8014 492.2573 180.4880 529.8774 212.5795 1.4585 1.6512 3.4351 -4.8506 1.8518 35.4191 -7.9370 4.0735
Car -1 -1 -3.8951 837.4075 187.0560 898.7286 208.8209 1.5211 1.7216 4.3444 19.3792 2.6214 54.2541 -3.5543 1.1095
Pedestrian -1 -1 -8.2719 956.0270 166.3903 980.3823 215.8085 1.8345 0.6476 0.5539 13.3899 1.5942 27.0732 -7.8174 0.9803
Car -1 -1 -3.7899 729.7686 183.7044 787.8898 206.1995 1.4814 1.6311 3.7716 10.4014 2.2648 50.5629 -3.5888 0.7092
Car -1 -1 -4.8396 808.2122 179.5175 843.0079 205.4472 1.5672 1.6482 4.0289 13.9059 2.0189 46.8195 -4.5531 -0.0710
Car -1 -1 -8.0481 427.0607 175.1951 475.7032 211.9307 1.7622 1.6752 4.1117 -8.2505 1.8895 37.1136 -8.2658 -0.2913
Cyclist -1 -1 -8.6543 929.1639 167.9575 969.9753 209.5350 1.8962 0.7289 1.6995 15.8609 1.6726 33.8303 -8.2197 -0.4612
Car -1 -1 -2.3569 579.5424 178.0455 643.4006 206.6300 1.6255 1.6589 3.7985 0.0201 1.9533 43.6620 -2.3570 -0.4920
Pedestrian -1 -1 -7.6415 439.9744 174.5052 455.6790 211.7444 1.7928 0.5998 0.7615 -7.9376 1.8738 35.1534 -7.8624 -1.5750
Car -1 -1 -4.8975 593.7913 184.9447 625.4332 206.5947 1.4318 1.5890 3.8702 -0.0968 2.3382 52.0576 -4.8999 -2.0249
