Car -1 -1 -7.8705 564.0242 178.4597 618.5240 224.1790 1.3501 1.6445 3.4180 -0.6916 1.5458 23.4809 -7.9003 5.6159
Car -1 -1 -7.7417 507.7191 176.1382 552.2203 210.1771 1.4664 1.6434 3.6064 -3.6730 1.6257 33.2386 -7.8514 5.6023
Car -1 -1 -4.4116 269.6300 176.0921 337.0276 213.8733 1.6393 1.7207 4.2431 -14.3377 1.8008 33.8773 -4.8095 5.4927
Car -1 -1 -4.5259 359.5128 177.2969 395.7123 200.2224 1.5145 1.6890 4.0656 -16.2782 1.8389 50.6103 -4.8359 1.7118
Pedestrian -1 -1 -7.0280 493.1140 170.8887 508.2049 197.6700 1.7789 0.5562 0.8497 -7.3703 1.6481 48.4326 -7.1786 -0.4875
Car -1 -1 -4.6976 580.0399 175.1723 604.2693 197.6246 1.4662 1.5963 4.0542 -1.2298 1.6317 49.5741 -4.7227 -0.7701
Pedestrian -1 -1 -4.0478 65.7834 177.0374 98.3999 225.7670 1.8011 0.5430 0.9153 -19.9483 1.9613 27.2166 -4.6758 -0.9316
Cyclist -1 -1 -7.8354 868.4286 172.8425 877.8273 207.3115 1.7181 0.4263 1.7402 13.4052 1.7173 36.8546 -7.4896 -1.2830
Car -1 -1 -4.3311 204.1819 179.6013 275.7138 213.2426 1.5100 1.6507 4.2563 -18.1175 1.8618 35.4590 -4.8007 -1.3696
Car -1 -1 -4.9895 828.0784 175.9488 856.7635 193.2106 1.5775 1.6472 3.6418 21.9906 1.8786 68.4456 -4.6803 -1.4861
Car -1 -1 -4.5401 610.3239 174.2147 635.7990 191.2120 1.4831 1.6296 4.1422 1.1967 1.6105 65.4981 -4.5223 -1.5130
