Car -1 -1 -7.8063 489.3559 179.5148 524.7960 209.6456 1.4225 1.6181 3.5549 -5.2332 1.7783 36.7256 -7.9473 6.3620
Car -1 -1 -7.8844 542.7951 180.2442 593.0648 223.6584 1.4086 1.6767 3.5448 -1.6141 1.6922 25.8800 -7.9467 5.0905
Car -1 -1 -3.9591 857.6729 186.1586 921.7930 210.9476 1.5414 1.6933 4.0501 18.6884 2.4616 48.2749 -3.5923 2.8432
Car -1 -1 -3.7103 749.5683 182.5284 811.3012 207.6679 1.4896 1.5159 3.4843 10.5995 2.1106 45.0441 -3.4812 1.1443
Car -1 -1 -4.7952 548.9360 178.4583 575.9995 200.4587 1.4464 1.5623 3.9732 -3.3979 1.8551 50.5789 -4.8623 -0.0011
Pedestrian -1 -1 -7.6754 412.3639 173.5160 430.1759 216.8198 1.7598 0.5800 0.7873 -7.8204 1.7872 29.7496 -7.9308 -0.4312
Car -1 -1 -7.4008 850.0409 180.0313 911.5976 209.8170 1.5471 1.6956 3.9069 15.1514 1.9680 40.3841 -7.0448 -1.1467
Car -1 -1 -4.4184 263.6606 183.0058 309.6091 206.3014 1.4737 1.6892 4.4131 -22.3390 2.2083 49.9384 -4.8373 -1.5775
Car -1 -1 -4.7101 603.7999 181.8632 629.3577 206.0362 1.4494 1.5855 3.9872 0.3932 2.0579 46.7558 -4.7023 -1.7718
Pedestrian -1 -1 -5.6918 620.6800 173.5759 637.5984 208.3468 1.7337 0.6196 0.6128 0.9271 1.7703 36.4243 -5.6671 -1.8246
Car -1 -1 -7.3441 0.0000 188.2832 45.7991 243.0605 1.4049 1.6049 3.9804 -19.1326 1.9161 21.8071 -8.0583 -2.0690
Car -1 -1 -4.4971 301.1933 178.2191 334.0872 200.2547 1.6605 1.6200 3.9414 -23.2629 2.1029 57.4625 -4.8804 -2.1271
