Car -1 -1 -7.8070 505.1130 181.4514 537.8810 210.1125 1.4911 1.6583 3.7011 -4.9729 1.9972 40.5906 -7.9286 5.1803
Car -1 -1 -7.8266 554.9767 182.9592 599.5778 222.8010 1.4336 1.6617 3.6057 -1.2979 1.8608 28.7030 -7.8721 5.1464
Car -1 -1 -4.0919 1003.1426 197.9397 1103.3424 238.4679 1.5471 1.6209 4.0664 19.0074 2.6786 31.0053 -3.5470 4.1648
Car -1 -1 -3.8245 871.7297 193.2491 969.0270 233.7001 1.4766 1.5196 3.3615 12.3032 2.3227 28.7458 -3.4246 3.0666
Car -1 -1 -4.3955 288.1538 180.2548 328.3604 203.4580 1.5697 1.5583 3.8195 -21.7336 2.1232 52.0284 -4.7897 0.9777
Car -1 -1 -5.1782 955.5104 184.6708 1006.8149 206.9664 1.5136 1.6735 4.1338 27.2883 2.4193 53.2490 -4.7074 -0.4397
Car -1 -1 -4.8050 903.5159 174.7255 928.6439 193.2660 1.5170 1.6222 3.7057 26.0098 1.6813 61.4549 -4.4067 -1.1489
Pedestrian -1 -1 -4.0803 255.2980 182.5315 299.9284 262.8396 1.5441 0.4565 0.7424 -6.6686 1.7422 14.3814 -4.5080 -1.3626
Car -1 -1 -4.9306 808.4929 174.7090 842.3078 197.6059 1.6596 1.6242 3.9499 16.2395 1.8051 54.6536 -4.6437 -1.6622
Car -1 -1 -7.6230 1064.5587 189.7540 1149.8092 240.2017 1.4661 1.5858 3.5216 16.4799 2.0679 23.9333 -7.0264 -1.7515
Car -1 -1 -5.0267 541.3349 181.4395 576.0883 202.0698 1.5151 1.5973 3.9028 -4.1051 2.2164 56.8551 -5.0989 -2.0433
Car -1 -1 -4.7379 896.9952 168.9606 917.6683 187.8503 1.6428 1.6067 3.9073 26.6753 1.3039 64.8613 -4.3496 -2.0866
