Car -1 -1 -7.8704 569.6694 184.7240 605.9183 217.7112 1.4471 1.6585 3.6145 -1.1472 2.0501 34.8267 -7.9038 4.9802
Car -1 -1 -7.8023 524.5311 183.9089 553.7441 209.5603 1.4871 1.6377 3.8491 -4.4613 2.2137 45.4801 -7.9000 4.2404
Car -1 -1 -8.3545 869.8290 181.8169 926.3688 207.3360 1.5293 1.6684 4.0180 18.5832 2.1365 46.8106 -7.9792 0.9466
Car -1 -1 -8.1360 931.2801 181.0059 981.0524 210.3176 1.6084 1.6563 3.7566 20.3736 2.1128 42.6841 -7.6938 -0.1337
Pedestrian -1 -1 -5.2618 238.4530 183.3180 254.1126 212.3309 1.7896 0.5094 0.8492 -22.8523 2.4522 45.2654 -5.7273 -0.4101
Car -1 -1 -7.3528 127.5393 189.3440 221.4192 226.1666 1.4753 1.7590 4.4532 -19.9272 2.2851 33.1877 -7.8903 -0.7508
Car -1 -1 -4.3566 235.9818 188.9348 293.9113 216.5026 1.4427 1.6941 4.2578 -20.2791 2.4388 42.5139 -4.7996 -0.8264
Pedestrian -1 -1 -8.2516 1060.4197 164.4832 1089.3812 215.7271 1.7466 0.6584 0.5994 16.0174 1.4610 24.9432 -7.6865 -0.9183
Pedestrian -1 -1 -5.6056 464.9596 180.3434 475.5731 201.4655 1.8202 0.6785 0.6209 -12.2118 2.4779 62.9407 -5.7969 -1.4728
Car -1 -1 -5.0887 831.7491 182.8334 873.4217 205.3333 1.5643 1.6209 3.8943 18.0434 2.3372 53.9177 -4.7680 -1.6922
Cyclist -1 -1 -8.0724 1015.1385 182.1044 1032.3716 215.1429 1.6166 0.3886 1.7149 20.9800 2.0978 36.6741 -7.5567 -1.7773
Pedestrian -1 -1 -5.7228 484.3223 179.8210 494.5748 201.4608 1.7340 0.6153 0.5816 -9.7939 2.3021 58.4683 -5.8884 -2.0305
Car -1 -1 -5.0365 1022.2504 174.7096 1082.3022 204.1910 1.5641 1.6321 4.1548 24.8580 1.6743 40.7643 -4.4925 -2.1045
Pedestrian -1 -1 -8.1801 1198.6698 166.3497 1234.2527 224.1035 1.7846 0.6864 0.6361 19.0337 1.5833 22.7152 -7.4894 -2.1687
