Car -1 -1 -7.8490 552.9770 179.6180 597.6541 219.0869 1.3976 1.6201 3.4840 -1.3819 1.6758 27.9344 -7.8986 5.4212
Car -1 -1 -7.8020 500.5008 178.4094 533.7746 205.9289 1.4095 1.6259 3.5558 -5.0835 1.7277 39.5318 -7.9294 5.1988
Car -1 -1 -4.0364 946.0275 189.5110 1031.1549 224.4787 1.5971 1.6536 3.9655 18.8509 2.4638 35.9984 -3.5581 4.6795
Car -1 -1 -3.7955 822.8433 186.9051 905.6698 219.3416 1.4040 1.4489 3.4691 11.7665 2.0807 33.5328 -3.4614 2.2284
Pedestrian -1 -1 -7.4472 331.8175 176.4827 364.7740 241.0126 1.6599 0.6295 0.5901 -6.9027 1.7563 18.9089 -7.7932 0.8054
Car -1 -1 -4.6609 308.0868 179.7779 332.6935 200.3579 1.5151 1.5981 3.6314 -22.6421 2.0752 56.4258 -5.0411 -0.7276
Car -1 -1 -4.3746 538.6017 179.7092 574.3654 199.5360 1.4697 1.5649 4.0747 -4.2230 2.0331 57.1581 -4.4484 -1.4481
Pedestrian -1 -1 -5.0866 149.4789 176.4458 166.7380 209.8158 1.7282 0.5376 0.7358 -23.7737 1.9187 37.8973 -5.6439 -1.8967
Car -1 -1 -7.7227 976.6551 182.7554 1035.7872 224.5239 1.5140 1.6268 3.8048 15.9942 1.9411 29.1280 -7.2254 -1.9972
Car -1 -1 -7.8391 994.7849 167.3286 1017.9922 187.1153 1.6750 1.7335 4.0499 34.7552 1.2069 63.2683 -7.3390 -2.0936
