Car -1 -1 -7.7586 508.2132 175.5075 551.3268 209.0490 1.4405 1.6280 3.6179 -3.6676 1.5686 33.0958 -7.8686 6.1870
Car -1 -1 -7.8783 564.4875 178.9370 620.2469 223.9784 1.3227 1.6776 3.4049 -0.6682 1.5344 23.4049 -7.9072 6.0107
Car -1 -1 -4.4193 290.2741 174.2027 351.5754 210.8664 1.7182 1.6996 4.1984 -14.4257 1.7895 36.1361 -4.7969 5.9007
Car -1 -1 -4.8090 607.9796 176.9621 630.0009 193.6257 1.4608 1.6305 4.1103 0.7757 1.8506 66.4120 -4.7978 0.3268
Car -1 -1 -4.4764 370.2785 176.5002 404.9911 198.2711 1.5241 1.5954 3.7985 -16.3502 1.8020 53.1089 -4.7739 -0.0393
Car -1 -1 -4.3400 78.4755 187.7734 158.8652 225.4428 1.5426 1.6746 4.1542 -22.7361 2.2809 33.5085 -4.9327 -0.8925
Car -1 -1 -4.2339 712.3657 174.7769 748.7537 191.7018 1.4771 1.5696 4.0634 10.9582 1.6570 65.5418 -4.0693 -1.2902
Car -1 -1 -6.1856 870.4805 182.9743 946.2360 214.4809 1.4707 1.5403 3.3731 14.8782 1.9972 36.0911 -5.7981 -1.6237
Car -1 -1 -7.6716 483.3172 169.2281 516.5662 192.6220 1.6020 1.6385 4.0356 -7.8330 1.3534 51.4519 -7.8222 -1.7828
Pedestrian -1 -1 -4.8262 987.1979 173.5133 1006.1110 220.4011 1.7529 0.5745 0.5047 14.5918 1.7778 27.3230 -4.3407 -2.0388
