Car -1 -1 -7.7252 505.6277 179.8106 551.5488 213.6161 1.4501 1.6759 3.5364 -3.7619 1.7896 33.4661 -7.8368 6.7892
Car -1 -1 -4.3481 211.6458 180.1395 300.9399 226.2107 1.6742 1.7973 4.3327 -14.2016 1.9909 29.1618 -4.7980 6.2804
Car -1 -1 -7.8628 561.9001 180.2496 616.6369 227.8243 1.4014 1.6556 3.4298 -0.7448 1.6603 23.5443 -7.8948 5.7463
Car -1 -1 -4.4784 336.1171 181.0104 377.9500 207.4326 1.5650 1.6365 3.9894 -16.1299 2.1090 46.0814 -4.8137 1.6573
Car -1 -1 -3.9574 830.0845 181.2847 874.8240 198.9241 1.5330 1.6505 3.9070 22.1420 2.3225 65.9407 -3.6352 0.6138
Car -1 -1 -7.7408 577.8104 177.6926 606.3232 200.5850 1.4817 1.5601 3.5493 -1.2241 1.8244 49.3126 -7.7659 0.2089
Pedestrian -1 -1 -6.4410 486.3274 174.3987 500.8601 202.5904 1.7910 0.5331 0.8465 -7.4993 1.8906 46.2665 -6.6012 -0.2287
Cyclist -1 -1 -7.5480 0.0000 183.6689 21.2163 225.7022 1.7303 0.3834 1.7958 -25.9746 2.2093 31.0717 -8.2402 -1.0842
Car -1 -1 -4.3247 714.1352 180.3017 749.7134 198.7148 1.4983 1.5939 4.1718 10.6011 2.1676 62.6803 -4.1584 -1.5715
Car -1 -1 -4.9160 862.7338 181.3591 902.7707 207.7653 1.5407 1.5968 3.8391 17.0781 2.0995 45.4175 -4.5589 -1.8533
Car -1 -1 -9.0583 975.1895 179.8035 1089.7882 220.5341 1.4939 1.5753 3.6582 16.8826 1.7917 29.0335 -8.5365 -2.0986
Car -1 -1 -4.5591 611.3953 178.5164 636.2870 196.2576 1.4714 1.5922 4.0195 1.2228 1.9846 63.3097 -4.5403 -2.1965
