Car -1 -1 -7.7351 508.8252 177.1750 554.0411 211.5871 1.4473 1.6065 3.7080 -3.5425 1.6538 32.6766 -7.8427 7.2863
Car -1 -1 -7.8174 567.4203 180.0416 620.5554 226.4887 1.3685 1.6070 3.4769 -0.5081 1.6202 23.5505 -7.8395 6.1139
Car -1 -1 -4.1365 0.0000 193.1323 126.5804 273.2858 1.3329 1.5934 4.0629 -12.2141 1.8175 15.1567 -4.8063 5.6287
Car -1 -1 -4.1970 172.0759 175.7859 231.4242 207.3829 2.0752 1.7556 4.1281 -28.1467 2.2859 49.8399 -4.7090 -0.5944
Car -1 -1 -4.5535 416.8474 173.5786 442.1032 190.5531 1.5189 1.6455 4.0711 -16.7075 1.5878 66.8396 -4.7978 -0.7910
Car -1 -1 -4.4181 171.6549 183.9583 226.3988 214.1636 1.5267 1.5912 3.8117 -22.7425 2.1732 39.9977 -4.9325 -1.7112
Car -1 -1 -2.4956 308.9282 175.4327 370.2246 198.7815 1.6409 1.6810 3.9527 -19.6512 1.8327 52.3799 -2.8531 -1.8460
Car -1 -1 -7.9109 837.3682 184.9286 869.1857 211.5366 1.4923 1.6279 3.5755 14.8132 2.2636 44.1657 -7.5899 -1.8769
Car -1 -1 -4.5334 314.0343 179.5211 353.1302 202.9678 1.4429 1.6704 4.3833 -18.3681 1.9077 48.0239 -4.8971 -1.9319
Car -1 -1 -7.0098 366.6108 176.7725 425.0444 200.8201 1.5665 1.6173 3.7206 -14.7268 1.8469 49.6639 -7.2969 -2.0166
Pedestrian -1 -1 -4.4403 193.7433 176.5668 212.3400 213.1272 1.7593 0.5948 0.8119 -19.9325 1.9429 35.2790 -4.9516 -2.0441
