Car -1 -1 -7.7188 507.9132 183.0004 553.7467 217.7766 1.4557 1.6218 3.5619 -3.6131 1.9455 33.0555 -7.8274 7.0334
Car -1 -1 -4.2032 8.4891 189.7505 185.8656 264.6254 1.4324 1.6054 3.9339 -11.7099 1.8721 16.7544 -4.8059 6.9922
Car -1 -1 -7.8110 569.9028 185.6996 621.8283 230.4526 1.3947 1.6705 3.4195 -0.4798 1.8739 25.2074 -7.8306 4.8753
Car -1 -1 -4.4578 368.9815 184.6581 414.1765 209.9828 1.3749 1.5876 4.1792 -13.0668 2.1171 43.2661 -4.7497 2.2183
Car -1 -1 -7.3538 89.0596 189.0452 212.9430 238.6162 1.4090 1.6593 4.1765 -15.1537 1.9959 24.0344 -7.9116 1.3103
Car -1 -1 -4.4618 327.2221 184.8812 371.3285 209.9335 1.4529 1.6496 4.2283 -16.6342 2.2579 46.1244 -4.8065 0.6231
Car -1 -1 -4.3243 63.2469 171.7516 127.9582 203.8772 1.6540 1.5641 3.7010 -27.8441 1.5969 39.1273 -4.9397 -0.6078
Pedestrian -1 -1 -7.7180 467.7026 178.7531 485.8913 214.3255 1.7404 0.8229 0.5111 -6.6214 2.0339 35.6670 -7.9008 -1.5966
Pedestrian -1 -1 -6.7791 0.0000 174.7797 55.5371 333.5848 1.7285 0.5588 0.4437 -6.7556 1.7508 8.1741 -7.4540 -1.7559
Car -1 -1 -4.0361 239.1871 185.3943 306.1768 212.2985 1.5114 1.6117 3.9845 -20.8252 2.3240 44.6443 -4.4706 -1.7666
Car -1 -1 -2.6853 204.4722 181.4510 271.9836 204.5037 1.5845 1.6825 3.9124 -26.3310 2.2038 51.1228 -3.1591 -1.8229
Car -1 -1 -4.5512 296.7802 183.8638 328.2988 205.7094 1.5132 1.5810 3.8738 -22.2977 2.3703 54.1255 -4.9405 -1.8627
Pedestrian -1 -1 -4.5203 1182.5559 189.4211 1239.6506 297.5129 1.7352 0.6648 0.4658 10.0305 2.0222 12.1109 -3.8415 -1.9267
Car -1 -1 -4.4032 0.0000 189.2864 111.7534 253.9608 1.4707 1.4983 3.3835 -14.7191 1.9495 19.1899 -5.0509 -2.0183
