Car -1 -1 -7.8837 553.0732 183.5428 598.6711 224.3571 1.4440 1.6680 3.5189 -1.4369 1.8900 28.3031 -7.9346 5.4254
Car -1 -1 -7.8209 503.5781 182.5763 536.2009 211.6485 1.4883 1.6795 3.4988 -4.9885 2.0511 39.9714 -7.9448 5.0921
Car -1 -1 -3.8079 845.0937 193.9351 935.7134 232.1928 1.5148 1.5421 3.4384 12.0636 2.4622 31.1896 -3.4429 2.9765
Car -1 -1 -4.0356 971.2957 195.7310 1067.5337 234.0573 1.5995 1.6753 4.1418 18.9754 2.7110 33.5153 -3.5250 2.8844
Car -1 -1 -7.3084 955.6881 183.1864 1004.0106 203.4762 1.4602 1.6069 3.7156 28.3178 2.2754 55.2812 -6.8376 -0.7165
Pedestrian -1 -1 -5.1682 130.1590 179.9707 146.5975 217.1834 1.8233 0.5562 0.4187 -23.4596 2.1798 35.8316 -5.7447 -1.4059
Car -1 -1 -7.7239 1015.8348 186.7447 1080.8771 233.4301 1.5211 1.5963 3.8052 16.2068 2.0727 26.6783 -7.1836 -1.5049
Cyclist -1 -1 -5.0830 867.8328 180.6554 886.4710 205.7729 1.6468 0.6288 1.6205 17.9629 2.1812 48.6308 -4.7316 -1.7241
Car -1 -1 -8.0687 902.0880 176.7064 941.5919 200.4727 1.5658 1.7087 3.9570 21.6600 1.8454 50.3231 -7.6648 -1.9258
Car -1 -1 -4.0621 43.9927 171.8621 138.6705 210.3513 1.8099 1.6815 4.1113 -25.7926 1.7629 36.0102 -4.6803 -1.9907
Car -1 -1 -5.1701 748.0668 184.9673 784.0442 202.9513 1.5376 1.6675 3.9473 14.3536 2.6920 66.6616 -4.9594 -2.1940
