Car -1 -1 -7.8607 566.9786 188.8453 605.6524 224.3195 1.4078 1.6272 3.7169 -1.1175 2.1637 32.2300 -7.8958 4.0637
Car -1 -1 -7.8287 520.8689 187.4431 548.9618 212.7148 1.4023 1.6092 3.1218 -4.5334 2.3148 43.5258 -7.9324 2.3378
Car -1 -1 -7.3263 91.9754 192.9518 198.5510 233.1645 1.4659 1.7879 4.5136 -19.7637 2.3895 30.8799 -7.8920 0.6629
Car -1 -1 -4.1906 182.4102 188.9003 259.9657 221.5109 1.5093 1.7150 4.1255 -20.1579 2.3902 37.5381 -4.6808 0.0876
Car -1 -1 -4.7181 951.2261 184.0148 987.2007 215.7258 1.4767 1.5789 3.7755 18.3881 2.0815 37.0805 -4.2614 -0.4539
Car -1 -1 -4.3800 0.0000 196.1057 39.7917 249.8967 1.4255 1.5786 3.8143 -19.8654 2.2319 22.9692 -5.0875 -0.8898
Car -1 -1 -5.0657 1115.3842 165.3566 1176.9423 194.2678 1.5849 1.6034 3.8340 30.8005 1.1736 41.6174 -4.4322 -0.9591
Cyclist -1 -1 -6.8493 906.7515 167.0179 946.4315 203.7527 1.8027 0.5613 1.7832 15.6748 1.5160 35.8246 -6.4403 -1.6200
Car -1 -1 -4.3038 869.8533 187.6609 918.1885 213.8026 1.4672 1.5496 3.3797 17.3929 2.4101 44.2192 -3.9319 -1.8160
Car -1 -1 -4.6343 352.3243 187.6744 375.3121 207.2874 1.5696 1.5985 3.8933 -21.4776 2.9057 62.9768 -4.9620 -2.0607
Car -1 -1 -4.3248 228.4247 191.0258 289.6246 219.9822 1.4776 1.6646 4.3387 -20.2839 2.5863 41.8178 -4.7743 -2.1579
