Car -1 -1 -7.7369 512.7402 177.8254 556.6746 210.7848 1.4378 1.6377 3.6227 -3.5188 1.6833 33.8488 -7.8402 6.7578
Car -1 -1 -7.8572 575.0771 179.6774 622.9675 222.4066 1.4289 1.6406 3.5618 -0.4602 1.6962 26.5005 -7.8751 5.6595
Car -1 -1 -4.3584 276.0384 179.6334 352.2683 217.5240 1.3939 1.5930 3.8953 -11.9214 1.6867 29.2208 -4.7429 5.1802
Car -1 -1 -4.6240 422.0509 177.6751 448.0956 197.4919 1.4345 1.5949 3.9769 -13.4050 1.8179 55.3310 -4.8609 0.5039
Car -1 -1 -4.7293 63.0416 179.6235 104.4411 212.0969 1.5463 1.6573 4.0497 -27.3087 1.9163 37.3558 -5.3573 -0.7925
Car -1 -1 -4.4723 27.9088 186.4408 105.4383 229.0574 1.4849 1.5711 3.8009 -21.4014 2.0601 28.5083 -5.1119 -1.0440
Car -1 -1 -8.0180 115.5975 180.8224 162.1218 210.5188 1.5232 1.6014 3.5283 -26.0771 1.9832 39.8407 -8.5946 -1.4125
Pedestrian -1 -1 -3.8043 996.1778 182.3917 1025.7009 250.9650 1.6893 0.5281 0.4089 10.0301 1.9328 18.1506 -3.3072 -1.8083
Pedestrian -1 -1 -8.0253 994.9882 166.2243 1013.4044 203.9482 1.8096 0.6783 0.6646 19.0943 1.4913 35.0347 -7.5302 -2.0902
Car -1 -1 -7.9956 483.5494 175.1881 519.5513 203.4085 1.6060 1.6082 3.8799 -6.6138 1.7531 43.4962 -8.1460 -2.1332
Car -1 -1 -3.3168 79.2119 179.9906 218.3252 224.1358 1.4559 1.6016 4.0764 -16.8435 1.7361 26.3952 -3.8804 -2.1430
Car -1 -1 -4.9011 134.8046 179.5852 179.2468 207.6434 1.5243 1.5223 3.7287 -26.4221 1.9333 41.9876 -5.4601 -2.1971
