Car -1 -1 -7.8619 555.8720 180.4253 599.2604 217.9319 1.3944 1.6551 3.2741 -1.3726 1.7180 29.1834 -7.9091 5.4194
Car -1 -1 -7.7957 506.5230 178.8646 539.3015 205.7973 1.4390 1.6545 3.5448 -4.9665 1.7970 41.1844 -7.9154 5.3784
Car -1 -1 -4.1616 1054.2568 195.9221 1169.3809 241.4130 1.5200 1.7030 4.1091 18.9870 2.4459 27.3590 -3.5607 5.2680
Car -1 -1 -3.8654 912.0755 191.7014 1026.0366 238.0086 1.4778 1.4986 3.4361 12.4557 2.1657 25.1664 -3.4112 4.9803
Car -1 -1 -4.9535 1002.6351 182.2761 1043.6129 205.6738 1.4853 1.5872 3.6711 28.1859 2.1557 49.3820 -4.4378 -0.3231
Car -1 -1 -8.7070 901.4838 177.3487 969.8526 202.3171 1.5044 1.6041 3.9020 20.8142 1.8059 46.3405 -8.2877 -0.4089
Pedestrian -1 -1 -3.2914 703.0541 172.8240 728.2226 245.6370 1.7131 0.6700 0.4989 2.4775 1.7121 17.3137 -3.1526 -1.1579
Pedestrian -1 -1 -7.6877 1155.1798 185.7943 1186.5248 250.0242 1.6864 0.5995 0.4876 15.0942 2.0424 19.4848 -7.0366 -1.5127
Pedestrian -1 -1 -5.5296 55.8402 180.8607 71.1847 222.4224 1.7287 0.4406 0.2916 -23.0188 2.0677 30.3374 -6.1746 -1.5653
Car -1 -1 -4.7782 925.9351 168.3499 954.1509 191.7632 1.8116 1.7727 4.3028 26.5285 1.4628 58.1541 -4.3525 -2.0396
Car -1 -1 -8.0143 961.4496 174.0704 1002.9199 201.9709 1.6288 1.6523 3.8685 22.8072 1.7069 44.4000 -7.5429 -2.1599
