Car -1 -1 -7.6604 405.2799 181.6018 505.1555 251.1180 1.4842 1.6930 3.7632 -3.7327 1.7222 17.7715 -7.8651 7.4086
Car -1 -1 -4.0679 0.0000 184.8182 97.3875 242.0074 1.4014 1.5719 3.6439 -16.5094 1.7683 20.2997 -4.7443 6.1276
Car -1 -1 -7.8050 533.0385 181.0469 559.3043 203.1894 1.4151 1.6143 3.6640 -4.3640 1.9963 49.3532 -7.8932 3.0406
Car -1 -1 -7.7371 403.5471 183.7216 454.3312 222.4547 1.4264 1.6006 3.5972 -7.3842 1.8991 29.5150 -7.9806 2.5757
Car -1 -1 -3.7291 92.5392 181.1266 197.2249 213.4725 1.4922 1.6256 4.2989 -23.6144 1.9397 36.7558 -4.2970 0.3396
Car -1 -1 -4.6983 700.5925 179.2814 724.9803 203.0943 1.5925 1.6582 4.1522 7.3440 2.0713 51.6069 -4.5583 -0.2623
Car -1 -1 -4.7601 681.2627 178.6679 707.4371 202.7189 1.6214 1.6571 4.1650 5.9870 2.0557 51.8051 -4.6462 -1.1618
Car -1 -1 -4.6404 313.6869 181.7981 359.3073 218.6789 1.4468 1.5786 3.6889 -11.8307 1.8587 31.2636 -4.9997 -1.1905
Car -1 -1 -7.1281 161.2353 180.7292 243.3562 210.4367 1.5091 1.6413 4.1125 -22.5331 1.9692 39.9959 -7.6386 -1.2171
Cyclist -1 -1 -7.9122 413.6291 180.1437 426.7363 217.7613 1.6354 0.4707 1.7644 -8.6341 1.9740 32.6331 -8.1694 -2.0483
