Car -1 -1 -7.5535 286.3275 183.5574 459.4486 293.5899 1.5037 1.6630 3.7849 -3.8116 1.7113 12.1225 -7.8527 7.4938
Car -1 -1 -4.3064 254.2337 180.3622 332.5999 221.2330 1.5858 1.6663 3.8031 -13.3660 1.9237 30.5996 -4.7154 7.0503
Car -1 -1 -7.7375 463.7847 180.3823 503.0271 210.2610 1.4649 1.6442 3.4835 -6.6681 1.8803 38.0605 -7.9102 5.6142
Car -1 -1 -7.8324 557.4717 177.4532 584.2728 201.9997 1.4706 1.6225 3.7447 -2.4845 1.7745 45.8360 -7.8867 2.1382
Car -1 -1 -6.9502 188.5558 180.3387 259.0930 203.2085 1.5573 1.7946 4.4066 -28.3515 2.1322 53.0680 -7.4390 0.4685
Car -1 -1 -4.4194 314.5362 178.4178 361.4966 204.5995 1.4783 1.5672 3.9898 -16.4227 1.8303 43.6494 -4.7775 -0.0339
Pedestrian -1 -1 -5.5186 8.5428 179.6306 29.9355 229.4128 1.7776 0.4967 0.3529 -21.4108 2.0249 26.0983 -6.2007 -0.1889
Car -1 -1 -5.0598 738.2305 181.8375 779.4830 204.9208 1.4852 1.6450 3.6179 10.1990 2.1290 49.8217 -4.8596 -1.2370
Cyclist -1 -1 -8.2134 956.0323 171.4599 987.5014 214.8537 1.7686 0.5859 1.7737 15.1381 1.7115 30.3194 -7.7547 -1.3633
Car -1 -1 -4.7518 1010.3909 176.3618 1065.3040 220.0846 1.4334 1.5246 3.4750 15.2101 1.5680 25.8506 -4.2254 -1.8050
Car -1 -1 -3.6801 66.4408 182.6545 150.6254 208.7991 1.5109 1.6448 4.1009 -31.6082 2.1593 45.5581 -4.2841 -2.1102
