Car -1 -1 -7.4710 156.1548 182.7368 420.8084 337.6573 1.4857 1.6441 3.7512 -3.7384 1.6348 9.0344 -7.8539 7.6393
Car -1 -1 -7.7835 482.7406 179.0518 517.1629 205.9060 1.4311 1.6911 3.6316 -6.2753 1.8008 41.1954 -7.9341 4.9871
Car -1 -1 -7.8746 569.9635 176.6158 598.5271 202.5295 1.4860 1.6494 4.0239 -1.6457 1.7260 44.0303 -7.9122 4.0893
Car -1 -1 -4.4685 419.4601 177.6077 451.2495 197.0496 1.4754 1.5989 3.7802 -13.9219 1.8669 57.5776 -4.7050 0.7540
Car -1 -1 -6.9740 211.3581 170.9031 277.5507 195.7040 1.6755 1.6654 4.0283 -25.7606 1.5434 50.9234 -7.4405 -0.5775
Car -1 -1 -4.7511 96.1857 175.7487 130.9039 203.3797 1.5959 1.6101 3.6618 -30.3556 1.7801 44.0324 -5.3520 -1.1452
Pedestrian -1 -1 -2.6128 244.5033 170.0919 257.7682 197.0180 1.8701 0.6775 0.5663 -25.1302 1.6780 50.4701 -3.0729 -1.3760
Car -1 -1 -4.7121 729.1320 179.0349 749.8043 198.5779 1.4960 1.6007 4.1945 10.5242 2.0186 58.8345 -4.5364 -1.5277
Pedestrian -1 -1 -3.1837 197.7348 179.0781 214.4914 211.3940 1.6941 0.5433 0.7574 -21.5455 2.0289 38.4208 -3.6920 -1.8464
Car -1 -1 -4.9196 1069.1536 178.0319 1142.1082 219.6902 1.4578 1.5470 3.7369 18.9310 1.6713 27.7743 -4.3267 -1.9189
Car -1 -1 -4.5176 707.3265 178.8791 735.9473 198.6746 1.5622 1.6222 4.0506 9.3597 2.0849 60.4486 -4.3652 -2.1972
