Car -1 -1 -7.3122 0.0000 194.2866 357.6747 374.0000 1.4912 1.6192 3.8975 -3.6153 1.7233 5.8681 -7.8451 5.8529
Car -1 -1 -7.8594 587.9739 182.8394 617.2518 208.9716 1.4076 1.6349 3.6683 -0.4817 2.0159 42.1256 -7.8714 4.3374
Car -1 -1 -7.8465 512.1387 180.8780 541.2307 208.0837 1.5263 1.6742 3.9938 -5.0756 2.0360 43.7804 -7.9617 4.3029
Pedestrian -1 -1 -7.6911 881.4852 168.3038 898.8928 205.7138 1.7957 0.6952 0.6505 13.5868 1.5770 35.0902 -7.3249 -0.0216
Car -1 -1 -4.1908 222.1746 183.7218 291.9303 211.8707 1.3946 1.7117 3.8506 -19.1513 2.0154 39.2572 -4.6423 -0.3776
Car -1 -1 -4.4061 0.0000 179.9602 39.0377 207.5692 1.5784 1.5953 3.8357 -36.8311 2.0358 44.3965 -5.0958 -0.3848
Car -1 -1 -3.9156 69.9250 183.0274 155.4894 214.0369 1.4749 1.5476 3.6009 -25.7853 2.0303 37.4945 -4.5149 -1.0686
Car -1 -1 -4.5782 689.4133 185.8739 716.4189 206.1973 1.5195 1.6579 4.1349 7.6038 2.6236 58.9907 -4.4512 -1.2110
Car -1 -1 -4.3347 274.1234 182.4803 327.8146 208.0160 1.4467 1.5955 4.2381 -19.0692 2.0703 44.6278 -4.7366 -1.5979
Pedestrian -1 -1 -7.9867 998.9080 171.1948 1027.0305 226.0561 1.7052 0.6974 0.6154 12.6992 1.6533 22.8393 -7.4852 -1.6326
Car -1 -1 -4.0857 713.3788 183.5697 755.5213 201.3303 1.4971 1.6367 4.1566 11.2689 2.4971 65.3170 -3.9161 -1.8387
Car -1 -1 -2.3595 0.0000 184.7886 16.5481 236.1824 1.4686 1.6343 3.8486 -20.6362 1.8452 21.9066 -3.1090 -2.1360
