Car -1 -1 -7.5037 200.2722 185.0726 433.3444 326.9641 1.4943 1.6418 3.8396 -3.7495 1.6934 9.8539 -7.8592 7.4030
Car -1 -1 -7.7660 478.5833 180.4204 512.9816 208.5646 1.4672 1.5927 3.6412 -6.4026 1.9111 40.4916 -7.9223 5.2453
Car -1 -1 -7.8685 566.6614 179.5490 594.5123 204.8903 1.4579 1.6400 3.5336 -1.8690 1.8853 44.2790 -7.9109 3.2742
Car -1 -1 -4.5731 396.9368 178.2190 427.5307 201.8985 1.5807 1.5938 3.6170 -13.9473 1.9731 50.9190 -4.8394 3.1101
Car -1 -1 -5.1480 709.5751 181.3613 744.7363 200.9121 1.5248 1.5267 3.5230 9.6536 2.2525 59.8350 -4.9893 -0.2271
Pedestrian -1 -1 -7.6620 908.5526 164.1399 926.5846 210.1369 1.7962 0.5824 0.4505 12.1147 1.4556 28.5247 -7.2645 -0.5605
Car -1 -1 -5.4475 742.7740 179.0477 796.0740 201.4478 1.5431 1.6109 3.9036 11.6236 2.0154 52.9584 -5.2330 -0.7641
Car -1 -1 -4.5530 412.8235 177.5872 438.0738 195.4173 1.5634 1.6228 4.1064 -16.9955 2.0132 66.5075 -4.8025 -0.9531
Car -1 -1 -4.9306 564.4636 176.9960 590.3050 194.2549 1.4874 1.5512 3.7497 -2.9966 1.8727 65.1607 -4.9767 -1.3810
Pedestrian -1 -1 -5.9849 162.5658 179.4617 178.0613 215.7365 1.7514 0.5177 0.5169 -21.5274 2.0770 35.2659 -6.5298 -1.5255
Car -1 -1 -5.8221 0.0000 186.9107 21.8917 239.1556 1.4458 1.5838 3.8077 -20.6095 1.8986 21.9628 -6.5697 -1.8101
