Car -1 -1 -7.4988 288.5662 178.7596 405.2818 243.1889 1.4219 1.5783 3.5676 -6.4880 1.5840 18.0474 -7.8397 8.0488
Car -1 -1 -7.7210 468.1879 177.3763 539.4160 228.6489 1.4458 1.7183 3.6906 -3.2726 1.5984 22.5278 -7.8642 7.2499
Car -1 -1 -7.8044 545.9817 173.3522 570.6792 194.5438 1.4819 1.6089 3.7426 -3.7525 1.5191 52.4326 -7.8759 2.0225
Car -1 -1 -7.7062 520.8805 172.2682 544.7838 189.7313 1.5258 1.6089 3.7295 -6.9375 1.4743 64.9400 -7.8125 0.9576
Pedestrian -1 -1 -7.8511 691.1966 172.5862 704.2369 204.4352 1.8101 0.7364 0.4917 4.9829 1.7945 41.2954 -7.7324 0.8510
Car -1 -1 -7.8493 845.8643 181.8393 913.8629 243.0977 1.4834 1.6157 3.4377 7.3788 1.7548 19.9202 -7.5001 0.2414
Car -1 -1 -8.1553 819.3323 178.0350 892.0651 222.6530 1.5135 1.5474 3.5000 8.9396 1.7172 26.6486 -7.8356 -0.4136
Car -1 -1 -5.0810 836.3228 182.8567 891.4400 210.7487 1.4877 1.6377 4.1207 14.6894 2.0996 42.0716 -4.7478 -0.8776
Pedestrian -1 -1 -6.4367 671.4877 174.4065 684.1354 201.2952 1.6828 0.6627 0.7004 4.2438 1.7813 45.5497 -6.3449 -0.9649
Pedestrian -1 -1 -7.3826 850.8622 177.9786 868.7222 214.1630 1.7343 0.5697 0.6966 12.1311 1.9869 35.1574 -7.0535 -1.7176
