Car -1 -1 -7.5894 326.4733 189.7036 473.4390 288.3821 1.5075 1.6754 3.8164 -3.8147 1.8692 13.5883 -7.8589 8.0938
Car -1 -1 -7.7413 451.2371 185.1478 492.8048 217.3374 1.4739 1.6583 3.6039 -6.9311 2.1240 36.3160 -7.9290 7.1780
Car -1 -1 -4.0887 0.0000 188.9502 142.5806 271.1909 1.6294 1.6891 3.9240 -13.1767 2.0539 17.0561 -4.7391 6.4589
Car -1 -1 -4.2349 164.6012 190.1264 261.6572 231.7547 1.4812 1.6248 4.4603 -16.2745 2.2476 29.7828 -4.7316 4.1086
Car -1 -1 -7.8698 548.3450 183.6944 574.6276 207.9675 1.4508 1.6336 3.7841 -3.2148 2.1833 46.8248 -7.9385 3.9404
Pedestrian -1 -1 -7.9939 32.6178 177.5263 57.1282 218.8790 1.7894 0.7706 0.6457 -24.9779 1.9986 31.8376 -8.6552 0.6233
Car -1 -1 -4.2071 381.0741 185.7064 424.2490 205.4708 1.5174 1.6303 4.2470 -17.3757 2.6362 60.5760 -4.4857 0.5703
Car -1 -1 -4.5625 637.5352 180.2378 666.8674 202.1060 1.5527 1.6484 4.0115 3.2131 2.1350 54.8035 -4.5048 -0.0611
Car -1 -1 -2.9711 0.0000 174.6340 62.2165 213.0656 1.5707 1.6993 4.4780 -26.8964 1.6528 31.5306 -3.6733 -0.2879
Cyclist -1 -1 -6.5731 1034.5717 178.5044 1105.1947 229.9968 1.6806 0.8161 1.8493 15.4281 1.8759 24.3293 -6.0140 -0.3340
Car -1 -1 -3.8638 267.1429 185.8887 327.3979 206.8113 1.4730 1.6989 4.2085 -24.1861 2.5232 55.8865 -4.2708 -0.5485
Car -1 -1 -3.7359 106.8362 192.9182 186.7808 220.3163 1.5137 1.6564 3.9604 -28.9382 2.8287 45.1530 -4.3034 -1.6892
Car -1 -1 -4.7464 740.0463 187.6596 767.6588 212.3825 1.5097 1.6780 4.2514 9.6876 2.5600 48.9671 -4.5528 -1.7226
