Car -1 -1 -7.5378 246.2372 186.3679 444.6770 314.4584 1.5319 1.6452 3.8565 -3.8132 1.7735 10.9760 -7.8656 8.2674
Car -1 -1 -7.7426 472.1483 185.8802 509.4128 215.0501 1.4520 1.6190 3.5683 -6.4960 2.1954 39.3693 -7.9055 6.4513
Car -1 -1 -7.9236 560.9720 183.9955 588.4465 208.6306 1.4313 1.5131 2.5669 -2.2350 2.1395 44.5198 -7.9740 4.8783
Car -1 -1 -4.4299 343.6770 183.3157 395.3923 212.4345 1.5135 1.7592 3.8993 -13.5994 2.1351 40.9076 -4.7493 4.1543
Pedestrian -1 -1 -5.5072 93.0477 182.5338 118.8606 223.7124 1.7258 0.4720 0.7986 -21.4725 2.1411 30.6798 -6.1140 -0.2785
Car -1 -1 -4.7037 745.7584 187.4209 771.4294 210.4783 1.4686 1.7025 4.0521 10.4488 2.5383 50.8430 -4.5027 -0.3281
Car -1 -1 -3.5220 743.5552 186.5264 815.0725 210.8511 1.5129 1.7059 4.2385 11.0531 2.4320 47.3548 -3.2947 -0.7190
Car -1 -1 -4.5633 722.9766 187.1399 751.4927 209.1264 1.5380 1.5859 4.0130 9.7779 2.6777 55.4253 -4.3901 -0.8094
Car -1 -1 -3.6895 114.8095 183.3928 189.3580 209.5481 1.6700 1.6768 4.0913 -31.7214 2.4330 50.0524 -4.2522 -1.0692
Car -1 -1 -4.3975 0.0000 187.7360 33.1643 221.6540 1.5229 1.5929 3.6827 -30.6016 2.3099 36.1628 -5.0963 -1.5250
Cyclist -1 -1 -1.8753 0.0000 185.6392 10.8141 221.8319 1.7090 0.3957 1.6822 -29.7908 2.3421 35.1268 -2.5751 -1.8092
Car -1 -1 -7.1850 752.5668 187.8284 807.3593 212.3300 1.4197 1.5463 3.4824 10.7168 2.4001 45.5641 -6.9561 -2.1741
