Car -1 -1 -7.4471 77.0735 180.5374 399.6984 363.1121 1.4841 1.6406 3.8463 -3.7270 1.5893 7.9665 -7.8728 7.2998
Car -1 -1 -7.8012 493.3985 175.6580 524.1967 201.5669 1.4315 1.5974 3.4588 -5.8956 1.6016 42.0457 -7.9400 5.2847
Car -1 -1 -3.9987 0.0000 164.5179 85.4373 216.6829 1.5461 1.7365 4.1410 -19.5236 1.2987 23.4767 -4.6870 1.8840
Car -1 -1 -7.8585 576.5618 175.3995 603.8787 201.1696 1.4636 1.5646 3.3401 -1.2254 1.6211 43.0108 -7.8873 1.5644
Car -1 -1 -7.6510 448.3494 172.3513 474.4250 189.4255 1.5668 1.6646 3.8780 -14.0226 1.5204 68.1523 -7.8534 0.7609
Car -1 -1 -4.3844 720.9675 179.0736 758.6213 200.6976 1.5925 1.6541 4.1900 10.2014 2.0998 56.6558 -4.2076 -0.7296
Car -1 -1 -4.8831 714.5046 180.4527 741.2134 198.9362 1.5238 1.6418 3.9942 10.2529 2.2095 63.1385 -4.7233 -0.7639
Pedestrian -1 -1 -5.1550 280.1955 165.6254 292.1788 190.1772 1.8635 0.6437 0.5957 -24.8018 1.3145 55.2022 -5.5756 -1.2030
Car -1 -1 -4.4853 748.9411 178.5638 779.1402 197.3702 1.4961 1.6146 4.1239 13.0199 1.9957 60.9532 -4.2763 -1.2951
Car -1 -1 -4.4882 713.0446 180.1193 739.6558 197.4011 1.5049 1.6173 3.8517 10.7577 2.1970 66.6761 -4.3294 -1.4116
Car -1 -1 -3.4533 36.0106 171.7802 118.3211 196.6853 1.5197 1.6183 3.9246 -34.0075 1.4538 46.0915 -4.0864 -1.5152
