Car -1 -1 -7.6787 430.3995 184.4128 518.9861 248.6317 1.4851 1.6782 3.7595 -3.5443 1.8233 19.2484 -7.8591 7.3462
Car -1 -1 -7.6534 383.7340 184.4986 450.3336 229.0783 1.4472 1.6767 3.3823 -6.9375 1.8956 26.0673 -7.9115 5.5485
Car -1 -1 -7.6978 536.5585 183.2011 566.9336 204.9537 1.4139 1.6208 3.2600 -4.0508 2.1576 50.1913 -7.7784 1.9994
Car -1 -1 -4.7545 729.6590 180.1244 760.8520 209.5279 1.6352 1.6523 4.1523 8.0476 2.0938 43.3714 -4.5728 1.8767
Car -1 -1 -6.8978 21.1168 184.0074 143.9957 223.5743 1.4962 1.6139 4.0160 -22.3202 2.0034 30.6651 -7.5230 -0.4135
Car -1 -1 -7.7187 666.6058 182.0275 715.6670 218.1279 1.5204 1.7189 4.4217 3.8407 1.9815 33.9386 -7.6077 -0.6722
Car -1 -1 -5.1546 741.9260 183.4586 787.2687 206.9089 1.5025 1.5931 3.8033 10.6515 2.2685 50.1044 -4.9469 -0.9015
Pedestrian -1 -1 -3.1579 286.1286 174.5441 297.7126 197.3408 1.9044 0.4846 0.8850 -26.8021 2.0473 60.7409 -3.5721 -0.9726
Cyclist -1 -1 -6.8044 257.3409 179.1387 313.8965 235.8745 1.6706 0.4744 1.5558 -10.0027 1.8702 22.1840 -7.2239 -1.8453
Car -1 -1 -4.1835 158.0993 185.0690 283.0121 242.7895 1.4629 1.5345 3.6568 -11.1927 1.8484 20.9333 -4.6695 -2.0694
Car -1 -1 -4.6062 632.6824 182.0217 654.2716 200.1940 1.5440 1.5685 3.7210 3.0302 2.3974 65.2365 -4.5604 -2.1007
