Car -1 -1 -4.2875 239.6783 179.5180 305.5783 210.3856 1.3680 1.5064 3.5875 -16.1158 1.7035 34.5548 -4.7212 4.7394
Car -1 -1 -7.8468 584.5098 181.1021 617.2208 210.9465 1.4505 1.6364 3.6942 -0.5093 1.9051 37.9443 -7.8607 4.5510
Car -1 -1 -7.8049 531.8422 180.4613 560.3896 205.2432 1.4807 1.6410 3.6999 -4.0824 1.9867 46.1454 -7.8931 4.4525
Car -1 -1 -4.1501 167.4844 178.7920 249.4227 210.7687 1.4402 1.6417 3.9412 -19.5558 1.7467 35.2625 -4.6534 0.7426
Car -1 -1 -7.5064 327.6854 175.7937 373.7256 198.8108 1.6523 1.7952 4.6801 -19.6253 1.8846 54.7386 -7.8494 -1.1542
Car -1 -1 -4.3628 271.2063 179.4629 323.8272 205.1367 1.4949 1.6342 4.3632 -19.6077 1.9307 45.3827 -4.7687 -1.1986
Car -1 -1 -4.6622 219.5267 178.7769 246.4738 199.9086 1.4671 1.5663 3.9419 -27.8912 1.9226 53.4000 -5.1417 -1.3868
Car -1 -1 -4.6787 886.0784 182.0393 920.6819 214.4500 1.5177 1.5303 3.2444 14.8689 2.0061 36.5972 -4.2961 -1.5007
Car -1 -1 -8.3800 790.7618 180.6406 840.2771 203.8456 1.5250 1.6515 3.8186 14.3975 2.0957 50.8538 -8.1061 -1.6122
Car -1 -1 -4.0823 121.1280 183.6480 194.4620 212.5563 1.5023 1.5593 3.8347 -25.5994 2.1439 40.9374 -4.6384 -1.8078
