Car -1 -1 -7.5093 230.5450 186.4571 440.8252 314.2200 1.4653 1.6265 3.7776 -3.8008 1.7000 10.5727 -7.8473 7.8332
Car -1 -1 -7.7249 472.9261 182.3303 513.0939 212.0100 1.5134 1.7334 3.6346 -6.4416 2.0601 39.8113 -7.8847 5.3828
Car -1 -1 -4.4463 362.3003 179.3050 408.7147 207.3197 1.6045 1.7758 3.7765 -13.7018 2.0158 44.1237 -4.7460 4.0127
Car -1 -1 -7.9478 561.9396 180.7987 590.1599 205.8875 1.4617 1.5111 2.2596 -2.1272 1.9598 44.0394 -7.9963 1.9135
Car -1 -1 -2.2070 0.0000 184.8182 58.8144 216.3898 1.5386 1.6274 3.7492 -30.8449 2.1784 37.3572 -2.8939 0.4437
Car -1 -1 -5.0454 769.8858 181.3309 811.5253 205.5008 1.5631 1.6116 3.8753 12.4546 2.1745 50.0697 -4.8035 0.3241
Car -1 -1 -5.1637 716.9720 183.5048 761.5459 205.7489 1.5910 1.6913 4.3078 9.9680 2.4530 56.1153 -4.9894 0.0621
Car -1 -1 -2.1014 145.9861 182.1990 199.0768 203.3439 1.4707 1.6149 3.8767 -32.3298 2.1813 53.2612 -2.6449 -0.0458
Car -1 -1 -4.8148 711.9064 185.0344 736.7571 205.6429 1.5768 1.6187 3.9855 9.3897 2.6176 59.6412 -4.6599 -1.1567
Pedestrian -1 -1 -4.9108 119.0438 181.8245 137.9249 220.7134 1.6929 0.5675 0.7274 -21.4505 2.0971 32.0780 -5.4966 -1.4159
Car -1 -1 -4.7258 803.3815 187.0842 834.5152 216.1462 1.4554 1.5907 3.8825 11.5780 2.2901 40.2543 -4.4483 -1.5548
Car -1 -1 -4.8051 745.1945 184.3192 776.3680 208.5065 1.4725 1.6350 4.2761 10.0007 2.2740 48.2423 -4.6024 -1.5905
Car -1 -1 -7.1081 0.0000 187.4937 127.3214 234.1821 1.4740 1.6842 3.8587 -19.7280 2.0428 26.0430 -7.7517 -2.0873
