Car -1 -1 -7.5661 296.9174 185.2264 462.3586 291.8479 1.5014 1.6706 3.7968 -3.8285 1.7481 12.5036 -7.8581 7.4383
Car -1 -1 -4.3082 210.1838 181.0037 299.9022 229.3834 1.6489 1.6158 3.9171 -13.3310 1.9790 27.2580 -4.7595 6.9210
Car -1 -1 -7.7442 461.6449 181.8442 501.6100 212.4340 1.4729 1.6643 3.6718 -6.7010 1.9663 37.7375 -7.9192 6.8797
Car -1 -1 -7.8876 554.2711 179.6027 581.9515 202.8276 1.3826 1.6292 3.8077 -2.7435 1.8316 46.0700 -7.9472 4.1140
Car -1 -1 -4.3263 279.1144 181.9485 342.1680 213.1850 1.5766 1.6866 4.3770 -16.4903 2.1066 39.8860 -4.7163 3.9158
Car -1 -1 -5.0206 734.0786 183.4875 775.5323 207.0673 1.4870 1.6573 3.9215 9.8262 2.2447 49.3871 -4.8259 -0.1391
Cyclist -1 -1 -8.0397 976.5479 173.4090 1000.8007 217.0065 1.6942 0.5523 1.6677 15.1287 1.7168 28.9395 -7.5626 -0.5528
Car -1 -1 -8.4746 788.5583 182.9058 852.9777 211.2243 1.5298 1.6460 3.9596 12.3485 2.1534 42.6404 -8.1951 -0.8104
Car -1 -1 -4.2514 626.4912 177.0495 663.4968 196.6877 1.6267 1.6374 3.9413 3.0555 2.0038 62.7929 -4.2034 -2.0941
Pedestrian -1 -1 -1.9029 113.5852 177.4963 132.7749 214.8176 1.8671 0.6194 0.6867 -24.7760 2.1056 36.6635 -2.4940 -2.1825
