Car -1 -1 -7.3767 96.3640 183.7966 315.6354 290.6475 1.4013 1.5553 3.5865 -6.2943 1.6047 11.6318 -7.8636 7.2990
Car -1 -1 -7.7177 493.3381 176.3138 556.6179 223.4218 1.5104 1.7096 3.7106 -2.9453 1.6403 25.2822 -7.8331 6.7542
Car -1 -1 -7.8171 556.2460 173.9237 579.3651 194.1308 1.4555 1.5945 3.7645 -3.1607 1.5382 54.0712 -7.8756 1.9954
Car -1 -1 -4.9833 810.7221 173.5181 854.7032 201.4516 1.7264 1.6451 4.2010 14.3515 1.7711 46.8136 -4.6880 0.6965
Car -1 -1 -5.4989 912.3799 180.5021 982.9849 206.4937 1.5364 1.6607 4.1086 21.4926 2.0489 46.1680 -5.0661 -0.3539
Car -1 -1 -7.7122 509.4393 169.8057 538.8098 193.8867 1.6811 1.5916 3.8154 -6.2161 1.4680 52.2977 -7.8303 -0.8673
Car -1 -1 -4.7854 233.2067 177.9107 303.8461 235.7690 1.4765 1.5677 3.8113 -9.9627 1.6364 20.8152 -5.2272 -1.8151
Pedestrian -1 -1 -5.7859 728.4595 177.7777 740.1025 197.6745 1.7772 0.5984 0.8550 11.2069 2.2252 65.1950 -5.6169 -1.9433
Cyclist -1 -1 -7.9478 1011.3368 175.5764 1033.4196 231.9872 1.6379 0.4132 1.6564 12.4386 1.7233 21.8718 -7.4371 -2.0107
Pedestrian -1 -1 -5.4059 498.7103 169.8323 514.5069 198.4417 1.8090 0.6438 0.7892 -6.6439 1.6176 46.1269 -5.5485 -2.1289
Pedestrian -1 -1 -4.6031 712.3693 178.7145 724.5878 212.5700 1.5061 0.4914 0.5309 4.8495 1.7725 32.5267 -4.4570 -2.1944
