Car -1 -1 -7.5779 332.2681 186.8502 475.3629 280.0544 1.4796 1.6404 3.8263 -3.8521 1.7872 13.9533 -7.8433 7.5832
Car -1 -1 -7.7219 446.5114 182.5455 489.6922 215.5689 1.5041 1.6321 3.6884 -7.0366 2.0109 35.8630 -7.9148 5.5624
Car -1 -1 -4.2080 103.7442 188.3394 216.5741 233.7796 1.4267 1.5901 4.3067 -16.2921 2.0385 26.3326 -4.7577 3.9997
Car -1 -1 -4.0129 0.0000 187.9251 45.6419 288.1743 1.5063 1.6367 4.1196 -13.0178 1.8334 13.5750 -4.7676 2.8966
Car -1 -1 -7.7967 545.1749 180.9826 573.8632 205.5072 1.4955 1.6657 3.5110 -3.2822 2.0439 46.9364 -7.8666 1.8672
Car -1 -1 -4.3445 368.7456 181.2602 406.4533 201.2726 1.4814 1.5422 3.9248 -17.5820 2.1700 57.1143 -4.6422 0.8215
Car -1 -1 -4.8072 623.0389 177.8415 650.8230 200.6712 1.5916 1.6656 4.0287 1.9206 1.9737 53.2623 -4.7719 0.6762
Car -1 -1 -3.8361 239.2924 181.0291 300.4430 204.3140 1.5864 1.5796 3.9475 -24.8445 2.2080 52.7709 -4.2744 0.0079
Car -1 -1 -3.5566 0.0000 187.4122 86.8680 217.9906 1.4627 1.6925 4.2662 -31.1166 2.2948 38.9696 -4.2272 -0.5396
Pedestrian -1 -1 -6.5560 1219.5538 152.2445 1241.0000 225.4299 1.8622 0.5344 0.3730 16.0596 1.3375 18.6802 -5.8539 -1.1647
Car -1 -1 -3.8897 195.8480 182.5180 263.2961 206.6360 1.5355 1.6256 4.1200 -26.2759 2.2335 49.9241 -4.3722 -1.5652
Car -1 -1 -6.2507 734.6515 185.5369 796.4997 213.1052 1.5190 1.6131 3.4594 9.0379 2.2790 42.0566 -6.0411 -1.5849
