Car -1 -1 -7.5703 307.1653 188.3660 466.6486 292.3867 1.4970 1.6702 3.7933 -3.8166 1.8136 12.8463 -7.8544 8.2810
Car -1 -1 -4.2404 148.9150 184.4272 261.8877 241.1408 1.6541 1.6386 3.9051 -13.2544 2.0677 23.8283 -4.7436 7.4944
Car -1 -1 -7.7245 457.5173 184.0077 498.5554 215.7193 1.4990 1.6283 3.6314 -6.8023 2.1034 37.2658 -7.9043 5.8052
Car -1 -1 -4.3127 248.4221 186.8322 318.9714 220.5794 1.5134 1.6399 4.4324 -16.4104 2.2623 36.4407 -4.7335 3.2576
Car -1 -1 -7.8940 552.3235 181.6720 580.4789 206.3869 1.4691 1.6420 3.9339 -2.8733 2.0607 46.3872 -7.9560 2.9586
Car -1 -1 -4.6262 638.1246 179.9334 662.3660 201.4755 1.6302 1.6168 3.9664 3.2420 2.2199 58.0465 -4.5712 0.3635
Car -1 -1 -4.2756 403.1379 182.6994 438.9318 200.1150 1.5102 1.6253 4.1422 -17.5787 2.4569 67.2201 -4.5307 0.1701
Car -1 -1 -5.1507 805.2102 183.7445 861.3362 212.0613 1.4739 1.5795 3.7847 12.6032 2.1235 41.0701 -4.8555 -0.2393
Car -1 -1 -4.9655 735.4841 184.4319 776.1137 209.7094 1.5409 1.6174 4.3046 9.6459 2.3491 48.1911 -4.7697 -0.5970
Cyclist -1 -1 -6.7037 989.4058 167.0532 1042.5233 216.6414 1.8621 0.6502 1.6413 15.4063 1.6440 27.4886 -6.1979 -1.4730
