Car -1 -1 -7.5443 261.3275 186.1173 451.5885 309.3122 1.5404 1.6649 3.8677 -3.7980 1.7850 11.3788 -7.8604 8.3540
Car -1 -1 -7.7550 469.0138 185.8559 506.7304 214.8839 1.4256 1.6585 3.6067 -6.5833 2.1607 38.9540 -7.9218 5.5486
Car -1 -1 -4.4196 321.9318 184.6789 375.9950 214.7920 1.4217 1.6257 3.7325 -13.5228 2.0667 37.4674 -4.7640 4.1402
Car -1 -1 -7.8784 559.6060 183.7123 587.5387 208.1411 1.4071 1.6487 3.8257 -2.3564 2.1179 45.2832 -7.9307 3.8941
Pedestrian -1 -1 -5.0661 70.0785 183.6226 92.0096 226.1755 1.6830 0.4771 0.7766 -21.4221 2.1241 29.1606 -5.6955 -0.5132
Pedestrian -1 -1 -3.9045 1220.4858 165.3871 1241.0000 268.6537 1.8071 0.4792 0.3067 11.2009 1.6761 12.8746 -3.2004 -0.6143
Car -1 -1 -4.8689 724.9658 186.9120 753.6058 208.9020 1.5093 1.5502 3.5381 9.5366 2.5877 53.5849 -4.6943 -1.0655
Car -1 -1 -4.7414 755.1485 186.5276 781.3555 211.2307 1.4444 1.5217 3.6323 10.0733 2.3568 46.2423 -4.5288 -1.0745
Car -1 -1 -3.8212 173.8064 185.6526 239.0496 208.2123 1.5202 1.6299 4.0911 -29.7815 2.5048 53.3214 -4.3287 -1.1428
Car -1 -1 -5.0593 779.3422 183.8298 826.0241 209.6458 1.5435 1.6384 4.0682 12.4611 2.2905 47.0248 -4.8024 -1.4498
