Car -1 -1 -7.6347 384.9678 182.3224 495.6344 257.3613 1.5016 1.7056 3.7701 -3.8591 1.7466 16.8035 -7.8578 7.0190
Car -1 -1 -4.2227 161.5186 180.8157 247.9773 218.5302 1.4381 1.5598 3.7577 -16.8940 1.7919 30.2032 -4.7292 5.9382
Car -1 -1 -7.6743 412.7374 183.4715 464.5645 219.9395 1.4279 1.5436 3.6857 -7.3912 1.9148 31.2264 -7.9053 2.8035
Car -1 -1 -7.8677 530.5911 180.4124 556.6565 204.3228 1.5106 1.6887 3.8341 -4.5537 2.0428 48.8418 -7.9607 2.2709
Car -1 -1 -3.7113 88.1974 179.5512 183.6822 210.6141 1.5342 1.6585 4.0255 -25.3993 1.9138 38.7506 -4.2886 -0.2756
Car -1 -1 -7.9674 632.0067 179.0954 665.5289 205.3466 1.5902 1.6994 4.1786 2.4372 2.0138 46.8634 -7.9163 -0.5422
Car -1 -1 -4.6709 671.1642 179.1816 694.1539 200.7233 1.5910 1.6323 4.2494 5.7252 2.1084 56.8123 -4.5714 -0.7149
Car -1 -1 -2.4482 639.0020 179.8837 693.4914 201.7374 1.5198 1.6733 3.8285 4.1020 2.0581 53.3544 -2.3723 -1.7677
Car -1 -1 -3.6749 12.2245 180.8497 122.7194 214.3810 1.5106 1.6551 4.1058 -26.8186 1.9312 35.7740 -4.3148 -2.1098
Car -1 -1 -3.8521 0.0000 177.1809 47.0996 214.8736 1.5437 1.6445 4.1689 -27.8292 1.7498 32.2366 -4.5603 -2.1613
