Car -1 -1 -7.5651 314.0818 188.8501 469.9323 292.6259 1.5367 1.6672 3.8006 -3.8324 1.8710 13.1819 -7.8436 8.0030
Car -1 -1 -4.1753 65.8089 188.8029 210.6296 254.5635 1.5960 1.6596 3.8713 -13.2069 2.0905 20.4235 -4.7437 7.6882
Car -1 -1 -4.2962 211.9296 189.5295 290.8769 226.3045 1.4771 1.6365 4.2967 -16.3912 2.2929 33.1365 -4.7527 4.9952
Car -1 -1 -7.7152 454.7753 185.6009 496.1082 219.2250 1.5677 1.5996 3.5172 -6.8496 2.2490 36.7920 -7.8986 4.9252
Car -1 -1 -7.8650 551.0093 183.2829 577.6145 209.2188 1.5475 1.6454 3.8507 -3.0102 2.2498 46.6278 -7.9297 2.7878
Car -1 -1 -4.3965 394.0846 186.4430 427.0550 204.7621 1.4893 1.6161 4.1033 -17.6231 2.7307 63.8428 -4.6652 0.9362
Car -1 -1 -3.9521 280.2308 186.0684 334.0205 209.0146 1.6777 1.6752 3.9602 -24.0552 2.7677 57.3797 -4.3478 -0.4062
Car -1 -1 -6.1885 1018.4142 178.6093 1159.0238 225.9807 1.5167 1.6695 4.0057 16.7902 1.7347 25.4640 -5.6114 -0.8221
Pedestrian -1 -1 -7.7055 1024.0338 174.1237 1049.8406 222.9537 1.7189 0.7005 0.7429 15.3010 1.7652 25.9354 -7.1780 -0.9857
Car -1 -1 -4.5501 788.4827 188.2814 831.8054 218.3566 1.4260 1.6070 4.0981 10.7319 2.2994 38.6634 -4.2820 -1.4132
Car -1 -1 -4.2940 0.0000 190.9579 26.4282 223.4628 1.4873 1.5829 3.8390 -32.1536 2.4767 37.3801 -5.0010 -1.7438
Car -1 -1 -5.8276 730.5091 188.5824 796.7836 213.4571 1.4773 1.6612 3.8911 9.9597 2.5429 47.0454 -5.6209 -1.8603
