Car -1 -1 -4.2476 201.0931 181.4317 278.2175 216.6457 1.4003 1.5222 3.5992 -16.0499 1.7944 31.3738 -4.7173 5.8931
Car -1 -1 -7.8609 585.6748 181.3023 619.1679 212.6011 1.5220 1.6782 3.8562 -0.4569 1.9903 38.0801 -7.8734 4.8176
Car -1 -1 -7.8030 532.1465 180.6250 560.9748 205.4729 1.4768 1.6387 3.9767 -4.0524 1.9954 46.1621 -7.8906 4.4399
Car -1 -1 -4.6116 275.9964 177.7474 311.7334 203.9818 1.5439 1.6411 4.2615 -19.9539 1.8683 45.5926 -5.0222 0.8837
Car -1 -1 -7.8409 478.8166 178.3535 508.6820 206.8000 1.5980 1.6918 3.6023 -6.9660 1.9413 43.1742 -8.0004 -0.8693
Car -1 -1 -4.1538 117.9091 181.4417 215.3740 217.2386 1.4210 1.6774 4.1880 -19.4163 1.8238 31.7581 -4.6991 -0.8751
Pedestrian -1 -1 -2.3275 443.2235 175.1348 457.5887 201.8507 1.7604 0.6510 0.6721 -10.6666 1.9135 48.0798 -2.5450 -1.5860
Car -1 -1 -4.8773 298.5961 179.9564 325.2231 198.8129 1.5449 1.5596 3.6257 -25.8802 2.1793 62.5354 -5.2685 -1.9010
Car -1 -1 -4.6706 819.8636 176.8014 846.7112 200.0048 1.4952 1.5988 4.0648 15.2924 1.7772 49.4206 -4.3726 -2.0135
Car -1 -1 -4.2977 246.0682 182.6920 304.5479 208.3823 1.3789 1.6273 4.0030 -19.5695 1.9827 42.2862 -4.7290 -2.1315
