Car -1 -1 -7.7691 524.8893 180.9347 557.9131 206.7264 1.5124 1.7373 4.1569 -4.3318 2.0473 45.7045 -7.8635 4.0021
Car -1 -1 -7.8451 586.0426 183.5191 616.9238 212.3680 1.4430 1.6099 4.1141 -0.4914 2.0595 39.6735 -7.8580 3.5390
Car -1 -1 -4.2685 0.0000 185.0422 56.2014 221.1885 1.4828 1.5934 3.8034 -27.2582 2.0746 33.0113 -4.9549 0.8951
Pedestrian -1 -1 -7.7292 207.7389 174.9643 236.5794 239.8793 1.7406 0.6229 0.6154 -10.6698 1.7993 19.7717 -8.2188 0.2106
Cyclist -1 -1 -8.0343 956.2679 173.3492 970.2014 202.0709 1.7156 0.4032 2.0118 21.5728 1.7463 44.1580 -7.5829 -0.0215
Car -1 -1 -7.2678 103.0528 182.1962 210.1304 219.2394 1.4482 1.7995 4.4386 -19.7304 1.8860 31.5885 -7.8225 -1.4102
Car -1 -1 -4.4800 198.6700 177.2889 230.3795 195.1247 1.5759 1.6568 4.2123 -36.7608 2.0020 67.1210 -4.9796 -1.8506
Pedestrian -1 -1 -2.9654 942.9473 165.9953 959.9475 200.6997 1.8863 0.6314 0.7482 18.7458 1.5132 39.6921 -2.5274 -1.8944
Pedestrian -1 -1 -5.6863 100.0078 176.5631 123.7633 216.1526 1.6911 0.5500 0.6466 -21.5423 1.8523 31.1489 -6.2875 -2.1294
Pedestrian -1 -1 -8.3813 1143.8777 159.6264 1192.6913 233.5861 1.8205 0.6991 0.7241 13.9878 1.4946 18.1617 -7.7332 -2.1691
