Car -1 -1 -7.5042 213.4834 185.3187 435.8611 319.4963 1.4769 1.6316 3.8311 -3.8002 1.6862 10.2146 -7.8528 7.7085
Car -1 -1 -7.7317 475.1073 181.2867 513.6245 210.2850 1.4940 1.6790 3.6708 -6.4180 1.9844 40.1229 -7.8898 5.5587
Car -1 -1 -7.8411 565.3786 179.8795 592.7734 204.9828 1.4503 1.6207 3.5708 -1.9211 1.9010 44.5072 -7.8845 4.1484
Car -1 -1 -4.4607 379.8611 179.1170 419.9626 204.7915 1.5868 1.6393 3.7788 -13.7935 2.0149 47.4416 -4.7425 3.2692
Car -1 -1 -5.6628 720.4092 183.5873 779.3318 208.6727 1.5081 1.5679 3.4789 8.9931 2.2295 46.7164 -5.4744 -0.2275
Car -1 -1 -5.0783 713.6871 182.5844 748.6737 202.0168 1.4675 1.5409 3.7701 9.7564 2.2830 58.4935 -4.9143 -0.8324
Car -1 -1 -4.0205 26.6075 184.9128 110.8654 215.2252 1.5142 1.6263 3.8168 -29.5909 2.2073 39.5409 -4.6598 -0.8990
Pedestrian -1 -1 -5.9807 143.5138 177.4339 158.0787 215.4197 1.7541 0.4858 0.4487 -21.4742 1.9694 33.6813 -6.5450 -0.9894
Car -1 -1 -5.7044 0.0000 189.7321 108.0076 232.7084 1.4275 1.6377 4.2623 -20.7316 2.0540 25.7784 -6.3768 -1.2827
Car -1 -1 -6.2272 374.1298 182.6380 431.7500 205.6706 1.5136 1.6079 3.7247 -14.2254 2.2024 49.6260 -6.5054 -2.0735
Pedestrian -1 -1 -2.3338 173.5149 176.8012 190.6961 206.3996 1.7998 0.6858 0.5987 -26.3595 2.0446 44.3946 -2.8672 -2.0754
Car -1 -1 -1.9607 134.1371 180.4811 184.5717 203.6284 1.6039 1.6899 4.1911 -33.2536 2.1858 53.1653 -2.5175 -2.1281
