Car -1 -1 -7.6243 369.3387 185.7071 488.4638 268.0159 1.5131 1.6733 3.8104 -3.8535 1.8278 15.7722 -7.8609 7.4174
Car -1 -1 -7.7017 425.1034 183.8075 472.6917 219.0374 1.4540 1.5472 3.9003 -7.3483 1.9853 33.0181 -7.9195 2.8245
Car -1 -1 -4.3566 272.3847 182.1981 328.1139 210.6948 1.4651 1.6109 3.8697 -17.2872 2.0130 40.3590 -4.7593 2.6460
Car -1 -1 -7.8861 533.7804 181.2756 560.1035 205.8065 1.5305 1.6311 3.4103 -4.2601 2.1118 48.0370 -7.9745 1.7084
Car -1 -1 -5.2092 438.1869 192.8982 484.4298 216.5548 1.5071 1.6018 3.7912 -10.6251 2.9855 51.2643 -5.4131 -0.6929
Car -1 -1 -3.6451 4.7696 184.0869 110.9605 216.5799 1.5065 1.6114 4.0687 -28.3559 2.1186 37.1516 -4.2938 -0.9095
Car -1 -1 -6.8854 164.0886 180.5322 247.9896 207.6449 1.5446 1.7240 4.3209 -24.9908 2.0450 44.7364 -7.3925 -0.9344
Pedestrian -1 -1 -4.9085 1212.2601 191.8034 1241.0000 297.3967 1.7173 0.5782 0.6570 10.6759 2.0517 12.3154 -4.2070 -1.3026
Car -1 -1 -6.1931 646.4956 183.0707 711.9773 208.9645 1.4974 1.6177 3.8271 4.1853 2.1332 43.7759 -6.0990 -1.6106
Car -1 -1 -4.4858 654.6706 180.6315 684.6625 200.9396 1.5391 1.5721 3.9798 4.8417 2.1919 58.4531 -4.4040 -1.7714
