Car -1 -1 -7.5953 352.7579 182.5240 483.4572 268.2358 1.5079 1.6819 3.8038 -3.8798 1.7347 15.0344 -7.8444 7.6546
Car -1 -1 -7.6887 433.3849 179.6824 480.9460 213.1161 1.4629 1.6025 3.8149 -7.2431 1.8056 34.3022 -7.8957 5.0086
Car -1 -1 -7.8911 537.1169 179.3528 564.8252 203.1842 1.4756 1.6810 3.7189 -3.9677 1.9223 47.6854 -7.9741 3.8231
Car -1 -1 -4.4919 318.7308 177.1697 361.0411 201.8006 1.5125 1.7143 4.1957 -17.6652 1.8081 47.2708 -4.8479 1.6999
Car -1 -1 -3.6195 0.0000 180.4578 100.4226 211.4689 1.4764 1.7365 4.3490 -29.5960 1.8994 37.8356 -4.2800 -0.2869
Cyclist -1 -1 -7.1799 0.0000 179.2334 58.7625 243.7546 1.6123 0.5442 1.6380 -15.4714 1.7874 19.0123 -7.8562 -1.2025
Car -1 -1 -4.4446 644.6321 178.3193 679.4789 200.9011 1.6166 1.6010 4.1915 3.9795 2.0498 54.9833 -4.3732 -1.2309
Car -1 -1 -6.9489 174.4313 178.8402 246.1183 203.0950 1.4587 1.5897 3.8913 -25.7386 1.8619 46.5321 -7.4519 -1.3728
Car -1 -1 -3.9632 242.5940 176.9262 303.1633 199.7786 1.5178 1.5901 3.9610 -23.7032 1.8163 50.8121 -4.3979 -1.7308
Car -1 -1 -4.6599 0.0000 185.5643 12.6940 247.4240 1.4074 1.5913 3.8124 -17.0580 1.7808 19.2244 -5.3789 -2.1624
Car -1 -1 -4.7310 625.5328 180.3084 650.4312 204.0210 1.4898 1.5906 3.8803 1.8152 2.0109 48.5156 -4.6943 -2.1971
