Car -1 -1 -7.6014 348.6423 182.7054 481.1340 269.9797 1.4965 1.6766 3.7911 -3.8531 1.7227 14.6960 -7.8542 7.2036
Car -1 -1 -7.7250 439.2668 178.9009 482.4267 212.4343 1.5000 1.5950 3.5008 -7.1662 1.8058 34.7297 -7.9274 6.0069
Car -1 -1 -4.0698 0.0000 184.8192 97.3939 244.4073 1.3876 1.6616 4.0696 -16.2591 1.7482 19.6990 -4.7533 5.1181
Car -1 -1 -7.8731 539.8616 178.4447 566.6485 202.0180 1.4592 1.6809 3.8226 -3.8096 1.8430 47.5903 -7.9530 2.5991
Car -1 -1 -4.4683 338.0392 176.4653 378.6387 199.5656 1.5307 1.6809 4.3949 -17.6800 1.7959 50.7838 -4.8019 1.3383
Car -1 -1 -4.7544 143.6040 183.9729 174.1390 207.8758 1.4605 1.5667 3.8483 -30.0719 2.2312 48.0058 -5.3117 -0.2940
Car -1 -1 -4.5140 642.3206 176.5387 670.9326 196.6253 1.6343 1.6518 4.2083 4.0037 1.9610 61.7770 -4.4500 -0.6225
Car -1 -1 -6.7209 9.2271 176.0591 110.0142 206.7916 1.5542 1.6801 4.0099 -29.7724 1.7373 39.1074 -7.3685 -0.7664
Car -1 -1 -2.6550 756.8224 187.2617 867.7525 225.6923 1.5185 1.7422 4.4837 8.9457 2.2066 32.3063 -2.3879 -1.0300
Car -1 -1 -4.5634 474.6917 175.7965 499.7590 195.4977 1.6925 1.6275 4.0772 -10.9883 1.9643 64.6541 -4.7314 -1.5487
Car -1 -1 -6.5896 794.0497 187.3417 874.3046 217.0832 1.4783 1.6182 3.6623 11.5669 2.2475 37.4972 -6.2933 -1.5839
Car -1 -1 -4.0034 218.7470 174.6889 279.0605 199.3245 1.6105 1.6064 3.8081 -24.7437 1.7413 49.5164 -4.4649 -1.7243
Car -1 -1 -4.3682 655.3359 177.4595 690.5284 196.7468 1.5516 1.6500 4.2511 5.3700 1.9578 61.4074 -4.2818 -1.7844
