Car -1 -1 -7.8903 587.0801 181.8580 617.8344 208.9721 1.4184 1.5986 3.6680 -0.5025 1.9513 40.8589 -7.9031 4.5767
Car -1 -1 -7.7984 522.0387 179.5470 552.1366 204.6446 1.4603 1.6619 3.6584 -4.5271 1.8932 44.8406 -7.8989 3.8553
Car -1 -1 -7.0617 0.0000 203.6554 214.6482 374.0000 1.4557 1.5892 3.7435 -3.6653 1.6757 3.2817 -7.8623 3.3803
Car -1 -1 -4.6167 0.0000 182.2795 27.0778 207.1819 1.5312 1.6375 3.9846 -40.1268 2.1864 48.0707 -5.3096 -0.5323
Cyclist -1 -1 -7.9385 899.0611 176.0700 908.2469 203.1681 1.6143 0.3792 1.5922 17.8645 1.8137 43.9943 -7.5556 -0.8108
Car -1 -1 -4.6388 115.8400 176.7021 144.9991 197.7253 1.5223 1.5737 3.7534 -36.5501 1.8262 55.0088 -5.2232 -0.8675
Car -1 -1 -7.4938 1035.0084 168.7553 1109.1204 205.4204 1.5507 1.6368 3.6108 20.6363 1.3770 32.2563 -6.9291 -1.0531
Cyclist -1 -1 -8.3090 788.5253 177.9591 807.6465 206.0820 1.7379 0.4179 1.8094 11.9074 2.0686 45.8533 -8.0570 -1.0577
Pedestrian -1 -1 -7.9154 917.2027 170.1175 931.6328 206.4099 1.7417 0.5997 0.6602 15.2240 1.6101 35.0396 -7.5090 -1.4564
Cyclist -1 -1 -8.4517 1027.0593 170.1146 1059.7584 209.7562 1.6829 0.3425 1.6555 18.8411 1.5663 31.4689 -7.9167 -1.6109
Car -1 -1 -4.0196 14.3262 181.1303 116.3405 215.8095 1.4985 1.6184 4.0875 -25.7577 1.9150 34.2547 -4.6608 -1.7735
Pedestrian -1 -1 -4.1144 1209.7479 142.6355 1241.0000 217.8682 1.7415 0.5670 0.4439 14.5753 1.0417 17.0349 -3.4153 -1.8039
Pedestrian -1 -1 -3.0552 226.8277 173.0583 247.3593 234.3542 1.7196 0.5046 0.4770 -10.6750 1.7252 20.5681 -3.5290 -2.1697
