Car -1 -1 -7.2947 0.0000 195.6614 344.7469 374.0000 1.4762 1.6277 3.8989 -3.6162 1.7119 5.5160 -7.8538 5.7706
Car -1 -1 -7.8482 587.7611 182.4437 617.4176 208.4919 1.4021 1.6483 3.4172 -0.4592 1.9803 41.8129 -7.8597 4.9557
Car -1 -1 -7.8278 515.1132 180.7405 544.3701 207.8697 1.5328 1.6715 3.9653 -4.8883 2.0358 44.0026 -7.9383 4.2308
Cyclist -1 -1 -7.7051 382.6647 174.9922 403.2328 213.7687 1.8411 0.7137 1.7276 -10.6356 1.9480 35.2635 -7.9963 -0.4337
Car -1 -1 -4.3416 19.5172 179.9523 100.3803 214.6531 1.4932 1.6255 4.1906 -25.9890 1.8514 34.2017 -4.9878 -1.3601
Pedestrian -1 -1 -8.0190 923.2330 178.7625 941.3575 216.3648 1.7528 0.6819 0.6567 15.2135 2.0356 34.1631 -7.6038 -1.4562
Car -1 -1 -3.9409 20.1955 179.4863 95.6702 205.6699 1.5811 1.6225 3.8813 -35.6097 2.0280 46.6218 -4.5906 -1.7692
Pedestrian -1 -1 -2.7585 343.2062 177.9413 351.9512 198.1577 1.8399 0.6870 0.5361 -24.0958 2.3088 66.1982 -3.1065 -1.8405
Pedestrian -1 -1 -7.0950 920.2697 182.2639 940.5832 221.3636 1.7594 0.5857 0.6181 14.6306 2.1951 33.0446 -6.6821 -1.9798
Pedestrian -1 -1 -6.9333 976.5919 171.7500 1007.3037 223.3586 1.7122 0.7044 0.6124 12.8294 1.6753 24.3373 -6.4537 -2.1035
Car -1 -1 -4.8017 298.0676 183.2177 330.5368 208.2869 1.5079 1.6323 3.7966 -19.3918 2.2146 47.1649 -5.1901 -2.1870
