Car -1 -1 -7.5455 271.3546 184.6106 454.4801 299.5612 1.5013 1.6699 3.8413 -3.8307 1.7235 11.7381 -7.8552 7.5883
Car -1 -1 -7.7289 466.1625 182.3465 506.5726 212.5119 1.4909 1.7057 3.4902 -6.5961 2.0213 38.5617 -7.8977 6.4337
Car -1 -1 -4.3740 289.7142 181.0290 357.1369 217.9194 1.5917 1.7338 3.9461 -13.4605 1.9995 34.0222 -4.7484 6.0954
Car -1 -1 -7.8053 558.5321 179.2865 587.1061 204.0468 1.4674 1.6266 3.7247 -2.3469 1.8902 45.5944 -7.8569 3.2580
Car -1 -1 -5.6184 766.4738 179.5398 835.4402 205.7591 1.5316 1.5903 4.0658 11.9045 1.9706 45.3169 -5.3636 2.6035
Car -1 -1 -4.7147 766.6556 181.6653 795.1008 208.0366 1.4977 1.6309 3.7862 10.4555 2.0639 44.3617 -4.4853 0.0884
Pedestrian -1 -1 -4.8822 42.0009 184.0245 61.2759 228.5324 1.6653 0.4819 0.6505 -21.3998 2.0984 27.5943 -5.5373 -0.5549
Pedestrian -1 -1 -6.2197 110.2678 178.3918 124.4730 214.9761 1.9112 0.7399 0.5757 -26.1828 2.2084 38.2990 -6.8164 -0.7995
Car -1 -1 -3.7632 109.1500 184.4617 187.1922 210.4608 1.5912 1.6709 4.2319 -30.9640 2.4072 48.4652 -4.3294 -0.8158
Car -1 -1 -4.4558 333.3308 180.2498 374.4010 205.6924 1.5393 1.5730 3.8838 -16.5961 2.0394 46.8176 -4.7950 -0.8563
Car -1 -1 -4.1388 350.6770 184.0323 404.5828 207.9554 1.5153 1.6103 4.0395 -16.0308 2.3212 49.8809 -4.4485 -0.9855
Car -1 -1 -3.7095 890.2592 175.8433 996.7566 210.7840 1.5375 1.6772 4.1904 15.2029 1.6789 33.0676 -3.2824 -0.9994
Car -1 -1 -2.3531 242.4679 182.2983 298.2966 202.6244 1.5765 1.7086 4.1308 -27.7346 2.3666 58.8759 -2.7919 -1.0987
Car -1 -1 -7.6176 806.1168 181.3650 855.9196 212.5627 1.4985 1.6310 3.9653 11.6269 1.9708 37.9386 -7.3229 -1.1681
Pedestrian -1 -1 -8.0267 972.7038 175.9075 992.2127 215.8861 1.7788 0.6712 0.6894 16.7785 1.9182 32.5970 -7.5556 -1.9843
