Car -1 -1 -7.5994 340.1174 183.5031 477.6841 273.9922 1.5012 1.6940 3.7801 -3.8613 1.7401 14.3103 -7.8591 7.1312
Car -1 -1 -7.6869 441.2466 179.0111 488.1182 212.6682 1.5317 1.6713 3.6044 -7.0971 1.8485 35.3321 -7.8842 6.6047
Car -1 -1 -4.1307 16.8841 184.7972 167.8409 237.4441 1.4430 1.7441 4.4245 -16.3354 1.8609 23.0292 -4.7424 5.4508
Car -1 -1 -7.8617 542.3559 179.4668 567.6917 202.4598 1.4098 1.5910 3.8047 -3.6563 1.8612 47.3314 -7.9388 3.0085
Car -1 -1 -3.7768 174.8278 177.4738 249.2857 203.7545 1.6400 1.6970 4.1410 -26.4538 1.9617 48.0479 -4.2780 1.1252
Car -1 -1 -4.6019 353.8917 177.5648 384.4831 199.4080 1.5370 1.7048 4.3128 -18.0175 1.9044 54.0430 -4.9225 0.7453
Car -1 -1 -4.3021 776.6718 184.6807 835.2294 213.2238 1.4357 1.6268 4.1758 10.9269 2.1295 40.2058 -4.0392 -0.4754
Car -1 -1 -5.0458 25.4014 181.0164 86.7513 210.0688 1.5089 1.5952 3.6769 -30.8370 1.9813 40.0996 -5.6983 -0.5868
Car -1 -1 -4.8347 741.0280 183.2130 776.3880 208.9796 1.5027 1.6748 4.3789 9.4192 2.1970 46.1344 -4.6351 -1.6497
Car -1 -1 -4.9316 626.2946 179.2773 664.6910 205.6373 1.4978 1.5560 3.6966 2.0795 1.9057 43.9053 -4.8852 -2.1488
