Car -1 -1 -7.6285 361.5201 183.8700 482.5338 266.9737 1.4954 1.6609 3.8109 -3.9073 1.7598 15.4142 -7.8734 7.6665
Car -1 -1 -7.7181 431.3833 181.9978 476.6224 214.7790 1.4005 1.5904 3.5976 -7.2726 1.8510 33.7145 -7.9295 5.5195
Car -1 -1 -7.8024 535.1146 180.8441 562.8124 204.1327 1.4457 1.6478 3.7024 -4.0537 1.9973 47.9575 -7.8867 2.8032
Car -1 -1 -4.3538 297.3650 178.7107 347.8077 205.3938 1.5144 1.5565 3.9381 -17.4150 1.8858 43.8047 -4.7304 2.5692
Car -1 -1 -3.6596 0.0000 179.8455 95.4340 212.0173 1.4860 1.7169 4.6229 -29.2897 1.8668 36.8642 -4.3276 0.7287
Car -1 -1 -3.6971 62.9363 178.8444 159.5584 208.2235 1.5117 1.6483 4.1998 -27.7877 1.8647 40.2996 -4.2978 -1.3436
Car -1 -1 -4.5440 632.5066 179.9221 663.9836 202.0662 1.5266 1.6244 4.3893 2.8513 2.0735 53.5415 -4.4916 -1.7208
Car -1 -1 -5.0645 743.4573 185.9230 797.8182 215.7911 1.5373 1.6543 4.2489 9.0818 2.3251 41.2956 -4.8502 -1.7385
Car -1 -1 -4.2218 453.0862 189.4683 497.9259 211.9448 1.4879 1.6019 3.8638 -9.8462 2.7544 52.9295 -4.4053 -1.7999
Car -1 -1 -7.1613 635.2915 179.8255 698.6095 206.5832 1.6107 1.6942 4.3625 3.6961 2.0826 46.7123 -7.0834 -1.9162
Car -1 -1 -3.7819 130.6157 177.4312 210.6729 205.3138 1.5658 1.6039 3.9238 -26.3385 1.8538 43.3341 -4.3255 -1.9671
Car -1 -1 -6.2150 810.1034 187.1288 899.7405 221.4912 1.4820 1.6189 3.8861 11.4473 2.1807 33.8444 -5.8922 -2.1103
