Car -1 -1 2.0969 20.8840 199.0488 252.6024 309.4019 1.5230 1.6190 4.1001 -8.2617 2.0718 13.0233 1.5316 12.0176
Car -1 -1 1.8298 354.3876 180.8493 426.4887 230.4578 1.7627 1.7075 4.1434 -8.5839 2.1011 28.4113 1.5364 8.8055
Car -1 -1 1.7307 481.4380 183.8850 508.5037 203.1128 1.4577 1.5930 3.8122 -9.3618 2.3861 58.7945 1.5728 5.7505
Car -1 -1 1.7896 447.3931 185.1330 486.3908 211.3814 1.5309 1.6213 3.9286 -9.0870 2.3465 45.9179 1.5942 4.8551
Car -1 -1 -1.5453 611.0566 179.8437 628.5033 195.9096 1.4372 1.5547 3.3899 0.9202 2.1107 67.7657 -1.5318 2.7032
Car -1 -1 1.7329 487.9002 181.2767 526.9611 209.0052 1.4543 1.6052 3.7737 -5.7988 1.9543 40.9000 1.5921 0.5326
Car -1 -1 -1.6942 672.1574 181.6657 697.5781 200.4317 1.4671 1.6256 4.0249 6.2032 2.2292 60.3406 -1.5917 -0.1113
Car -1 -1 -1.6730 665.8568 160.4404 687.8475 177.3053 1.4796 1.5857 3.9014 5.9971 0.3909 65.2592 -1.5813 -0.3051
Car -1 -1 2.2518 0.0000 203.4147 114.3530 260.4843 1.4841 1.6420 4.0629 -18.0787 2.5450 22.9928 1.5854 -0.3997
Car -1 -1 -0.9803 1162.3446 152.2660 1241.0000 374.0000 1.6237 1.6441 4.1098 6.1091 1.5193 4.6049 -0.0554 -1.0697
Car -1 -1 1.8783 416.2573 191.0269 443.9102 207.6665 1.4554 1.5680 3.5294 -17.1593 3.2361 68.8735 1.6341 -1.1500
Car -1 -1 1.7584 475.7859 182.5499 521.2696 214.8369 1.4677 1.5723 3.6717 -5.5087 1.9739 35.7770 1.6056 -1.2052
Car -1 -1 1.8775 418.6119 185.5599 447.2262 202.7832 1.5930 1.6289 4.0249 -17.6081 2.8947 71.8365 1.6371 -1.8943
Car -1 -1 1.7115 502.8596 180.3174 536.2866 205.1883 1.4773 1.5934 3.8165 -5.7443 1.9726 45.9292 1.5871 -2.1769
