Car -1 -1 1.9244 303.4725 185.1550 402.4949 237.1183 1.4171 1.5992 4.1276 -8.0040 1.8405 22.7335 1.5859 11.6704
Car -1 -1 1.7546 455.7259 179.9115 494.7480 205.4883 1.4894 1.6757 4.1475 -8.4251 1.9526 45.2340 1.5704 3.7256
Car -1 -1 1.4553 683.9591 195.6284 712.2675 217.9617 1.4916 1.6495 4.1301 6.5857 3.2768 54.4763 1.5756 2.1163
Car -1 -1 -1.6492 646.3640 179.2964 691.1055 217.2222 1.4789 1.5954 3.6617 2.3921 1.7687 30.5861 -1.5711 1.0064
Car -1 -1 2.0004 260.3242 184.9587 331.2908 219.0188 1.4597 1.6176 3.8855 -14.8687 2.0679 34.2712 1.5911 0.9491
Car -1 -1 1.1336 851.4961 193.0214 885.0408 209.8390 1.4777 1.5893 3.8421 25.0510 3.4944 70.1503 1.4766 0.4617
Car -1 -1 1.9065 318.7361 167.5014 349.5108 183.4137 1.4734 1.5590 3.8512 -26.2655 0.9781 68.7550 1.5416 0.3143
Car -1 -1 -1.6648 653.3288 183.1370 707.2364 227.4267 1.4665 1.6108 3.9218 2.4903 1.8763 26.7619 -1.5720 0.0405
Car -1 -1 2.0225 0.0000 212.7390 27.3358 259.8293 1.5011 1.6036 3.7792 -24.9568 3.1883 28.4788 1.3029 -0.3668
Car -1 -1 -1.5478 610.1452 177.8973 634.1975 200.0686 1.4738 1.6074 3.8244 0.8592 1.8428 50.7873 -1.5309 -0.6284
Car -1 -1 -1.6363 640.6402 180.6770 679.3083 213.4903 1.4858 1.6329 4.0424 2.3774 1.8946 35.6544 -1.5697 -1.4878
Car -1 -1 1.8662 370.9281 182.5515 412.8958 205.9405 1.4833 1.6371 4.0892 -14.9332 2.1766 49.5017 1.5732 -1.4914
Car -1 -1 2.1857 14.2685 204.9876 109.3416 242.7569 1.4884 1.5985 3.8674 -25.5347 3.0781 33.7244 1.5376 -2.0685
Car -1 -1 1.6773 678.0453 194.0978 702.1786 214.0300 1.4758 1.5961 3.7631 6.6349 3.2936 59.7146 1.7879 -2.1517
