Car -1 -1 1.8792 349.0662 184.9746 428.1054 229.5547 1.4325 1.6147 3.9796 -7.9975 1.9078 26.2697 1.5836 12.5327
Car -1 -1 1.7634 464.6296 178.8842 501.4451 202.8673 1.5222 1.6593 4.3903 -8.6170 1.9515 49.1147 1.5897 5.9742
Car -1 -1 2.2160 27.5157 198.8532 108.8844 229.5006 1.4716 1.6059 3.8375 -29.8324 2.9762 39.8229 1.5731 0.5441
Car -1 -1 1.7091 327.2805 170.0026 350.3262 185.5935 1.4733 1.5896 3.8207 -26.3785 1.2042 70.2207 1.3498 -0.2181
Car -1 -1 -1.6301 637.5711 182.1619 673.2281 212.7343 1.4865 1.6417 4.0943 2.3278 2.0084 38.3765 -1.5695 -0.3787
Car -1 -1 2.0287 236.3782 182.8123 314.2442 219.0678 1.4681 1.6084 3.8724 -14.8948 1.9405 32.2443 1.5960 -0.4595
Car -1 -1 2.2106 47.2676 206.1756 132.6256 241.4624 1.4919 1.5749 3.6367 -25.7307 3.2299 35.7922 1.5873 -1.2282
Car -1 -1 -1.5802 628.8371 179.7616 655.6787 205.3377 1.4832 1.5962 3.9439 1.9532 1.9327 44.9171 -1.5367 -1.3550
Car -1 -1 1.6828 676.0149 194.9144 699.6921 214.2872 1.4759 1.5966 3.8104 6.6557 3.4228 61.6308 1.7904 -1.4942
Car -1 -1 -1.6410 653.3756 179.1854 702.1071 221.2587 1.5160 1.6314 3.9772 2.5756 1.7849 28.6028 -1.5512 -1.9265
