Car -1 -1 1.8624 315.5901 183.8057 403.1189 239.8674 1.7286 1.7283 4.2856 -8.6916 2.1455 25.2700 1.5312 10.0758
Car -1 -1 1.7364 470.1254 184.8725 498.1788 204.9367 1.4328 1.5590 3.5695 -9.6643 2.3868 55.4572 1.5638 8.9758
Car -1 -1 2.2236 0.0000 199.2981 153.7298 344.0436 1.4290 1.5821 3.9833 -8.2871 1.8660 9.8856 1.5260 7.6760
Car -1 -1 1.9781 425.5280 185.4170 480.4250 213.1634 1.4822 1.7070 4.0450 -9.2442 2.2625 42.6379 1.7646 3.0408
Car -1 -1 1.7384 467.0586 180.9635 514.6004 214.5833 1.4814 1.6210 3.9504 -5.7094 1.8943 34.7250 1.5755 3.0186
Car -1 -1 2.1524 92.9406 202.3818 199.8296 246.8303 1.4712 1.6307 3.9897 -18.2410 2.7221 28.5491 1.5838 2.0574
Car -1 -1 1.7357 438.7599 182.5948 496.2513 223.5101 1.4570 1.6145 3.9124 -5.6147 1.8704 28.6125 1.5419 1.6004
Car -1 -1 -2.1517 894.9623 70.3724 1241.0000 369.0170 2.3164 1.9329 4.9905 5.1344 1.5219 8.1043 -1.5870 1.3706
Car -1 -1 -1.8228 751.9776 175.3574 814.9226 213.9455 1.5646 1.6720 4.2054 7.4766 1.6821 31.6462 -1.5908 1.2371
Car -1 -1 -1.6560 603.4514 179.8940 623.5964 196.2321 1.4548 1.5850 3.6083 0.2880 2.1341 67.7139 -1.6518 -0.2388
Car -1 -1 -1.4776 523.8591 178.3813 546.0840 196.4410 1.4754 1.5602 3.7266 -6.4365 1.9648 61.9618 -1.5811 -1.3529
