Car -1 -1 -1.5823 576.1748 171.1556 599.8465 193.0966 1.4794 1.5967 3.6636 -1.5921 1.3653 50.5136 -1.6138 4.1418
Car -1 -1 -1.4676 546.6417 170.6828 571.0149 188.7681 1.4735 1.6400 4.0883 -4.3047 1.2970 60.8556 -1.5382 2.8686
Car -1 -1 2.0695 219.9916 177.1503 275.0903 201.9755 1.5262 1.5855 3.7865 -23.5409 1.8175 46.9392 1.6047 1.4516
Car -1 -1 1.0285 1052.2822 188.4117 1108.1416 210.9189 1.4711 1.5638 3.9141 33.7058 2.6328 51.8795 1.6046 0.2909
Car -1 -1 -1.6129 655.5317 156.5323 677.9797 177.9878 1.7669 1.7219 4.3954 4.7923 0.4231 61.6440 -1.5353 -0.9135
Car -1 -1 2.0033 260.2187 173.2728 333.1695 209.6367 1.5337 1.6050 3.6731 -13.9868 1.5539 32.3276 1.5950 -1.4429
Car -1 -1 2.0777 284.1042 156.7489 332.5429 180.7972 1.7283 1.6477 3.9095 -22.4959 0.5712 53.8861 1.6822 -1.6253
Car -1 -1 1.4029 692.8744 177.1247 738.8057 208.8520 1.4716 1.6186 3.9429 5.1798 1.6968 35.9907 1.5458 -1.7652
Car -1 -1 2.1290 65.3139 180.0008 209.3213 237.0943 1.4903 1.6322 4.1179 -13.8758 1.7234 21.4226 1.5542 -1.8696
Car -1 -1 2.0204 202.6636 190.8961 267.8856 221.2077 1.4709 1.6175 3.9084 -20.3793 2.5045 39.3408 1.5424 -1.9081
