Car -1 -1 2.2997 0.0000 190.9148 148.7909 365.4882 1.5425 1.6628 4.3143 -8.0043 1.8216 8.9768 1.5715 9.9477
Car -1 -1 1.7442 493.5544 180.6276 523.2131 201.1232 1.4783 1.6116 3.9070 -7.8062 2.0982 55.5226 1.6045 2.1525
Car -1 -1 -1.4820 586.5181 176.3559 605.2216 191.4660 1.4462 1.5589 3.4515 -1.3977 1.8029 71.6527 -1.5015 1.9674
Car -1 -1 -1.6403 661.1446 179.2424 714.0440 225.6325 1.4814 1.5858 3.6045 2.6172 1.7226 25.3697 -1.5375 1.5080
Car -1 -1 -1.6379 655.4750 180.7163 700.2052 219.0963 1.4636 1.6002 3.7794 2.7393 1.8138 30.2015 -1.5474 -0.6179
Car -1 -1 -1.7221 676.0581 182.0666 756.8040 242.6896 1.4744 1.6201 3.9711 2.8143 1.7575 20.1479 -1.5834 -0.6951
Car -1 -1 1.7394 482.7625 170.8482 507.7833 187.5789 1.4789 1.6119 3.9623 -10.4428 1.3019 65.7650 1.5819 -1.2059
Car -1 -1 -2.6886 243.2410 189.0570 306.7102 213.0785 1.6212 1.5959 3.7185 -23.5135 2.7777 50.6481 -3.1233 -1.2293
Car -1 -1 2.0492 251.1674 184.0394 327.1791 219.4997 1.4560 1.5929 3.7790 -14.5192 1.9945 32.7788 1.6323 -1.3331
Car -1 -1 1.3949 714.7210 188.4515 741.5998 207.4937 1.4814 1.5895 3.9047 9.9821 2.8496 61.3100 1.5563 -1.5302
Car -1 -1 1.6130 617.4763 178.0242 644.3579 201.8724 1.4455 1.5798 3.5554 1.3443 1.7912 46.3553 1.6420 -2.1628
