Car -1 -1 -1.5079 531.7960 178.5761 566.0416 208.9655 1.4707 1.5529 3.4405 -3.1542 1.7807 37.3059 -1.5922 7.3226
Car -1 -1 -1.5434 583.5499 178.5768 624.2747 216.6787 1.4831 1.6183 3.7151 -0.2488 1.7404 30.5178 -1.5515 6.3263
Car -1 -1 1.7112 449.5215 178.3021 476.2818 198.1553 1.5380 1.6051 3.9888 -12.0254 1.9997 59.0524 1.5103 2.2410
Car -1 -1 1.8781 329.0468 178.9680 379.8239 207.0902 1.4587 1.5961 3.7804 -14.1969 1.8156 40.1701 1.5384 0.1819
Car -1 -1 -1.1699 109.0223 184.9957 171.0620 214.9384 1.5355 1.5985 3.7176 -26.3738 2.2517 40.5658 -1.7463 -0.0449
Car -1 -1 1.5320 559.6923 185.2740 585.1741 208.7990 1.4828 1.5935 3.8213 -2.6413 2.3699 49.5385 1.4788 -0.3766
Car -1 -1 0.3347 835.1427 178.1274 944.0675 216.9862 1.5795 1.6527 4.1703 12.2446 1.8270 31.8388 0.7019 -1.6773
Car -1 -1 -0.7920 0.0000 189.1683 53.9489 281.7244 1.4852 1.6203 4.1215 -13.5689 1.8579 14.3864 -1.5482 -1.7477
Car -1 -1 -1.1847 271.0094 181.5981 338.9420 216.4085 1.4660 1.5941 3.7200 -13.9853 1.8914 33.1942 -1.5835 -1.9357
Car -1 -1 -1.6109 468.4382 172.8010 502.3768 206.1727 1.7488 1.6832 3.9897 -6.9735 1.7464 39.9356 -1.7837 -2.0232
