Car -1 -1 -1.5417 575.3382 171.0338 603.0805 195.6442 1.4965 1.6486 4.0785 -1.3156 1.3862 45.9113 -1.5704 6.1718
Car -1 -1 -1.5155 545.3250 170.2454 568.8338 189.5475 1.4320 1.5989 3.7310 -4.0594 1.2388 55.4069 -1.5887 5.9989
Car -1 -1 1.9227 286.7378 170.0541 351.2226 202.8883 1.4901 1.6203 3.9355 -13.9599 1.3634 34.7336 1.5405 1.8846
Car -1 -1 1.1564 888.9231 185.5215 1241.0000 374.0000 1.4747 1.6271 4.0299 3.8442 1.6263 6.5139 1.6896 -0.0813
Car -1 -1 1.3601 806.2909 181.6773 949.2450 279.6548 1.4757 1.6178 3.9556 4.6810 1.6640 13.3014 1.6985 -1.1505
Car -1 -1 -1.7265 683.9606 177.0097 741.6444 217.2248 1.4832 1.6536 4.2401 4.0325 1.6640 29.1851 -1.5892 -1.1863
Car -1 -1 1.8772 317.8223 170.2725 373.1827 199.8757 1.4816 1.6223 3.9774 -13.9382 1.3528 38.1319 1.5267 -1.3385
Car -1 -1 1.8994 327.4301 177.6509 368.7993 201.4619 1.6338 1.6407 3.9209 -18.9467 1.9949 52.2776 1.5517 -1.4530
Car -1 -1 -1.8024 717.3292 177.5877 782.9261 217.9923 1.4815 1.6505 4.2376 5.5176 1.6870 29.1119 -1.6151 -1.8192
Car -1 -1 2.0872 160.3573 173.7291 268.4068 219.0656 1.4643 1.6029 3.9065 -13.7976 1.4978 25.3454 1.5886 -1.8532
