Car -1 -1 1.7989 438.9586 179.3133 486.1873 208.8488 1.4521 1.6236 3.8632 -7.7958 1.8126 38.2785 1.5980 8.0036
Car -1 -1 -1.4859 582.4684 177.6707 601.6468 193.4240 1.4494 1.5486 3.5459 -1.7182 1.9246 69.3090 -1.5107 5.4079
Car -1 -1 1.4262 735.8376 189.1510 766.2359 211.6760 1.4868 1.6066 4.0187 10.2168 2.7221 52.6279 1.6180 1.8815
Car -1 -1 1.3706 766.8749 188.8326 791.2284 205.0626 1.4694 1.5874 3.9228 16.6358 3.0908 71.2139 1.6001 1.2922
Car -1 -1 1.5480 963.1549 214.1220 1016.1856 264.8239 1.4727 1.6078 3.8700 13.8042 3.1056 26.4499 2.0290 -0.2220
Car -1 -1 1.1215 922.1200 205.9692 984.5533 237.2541 1.4862 1.6015 3.9296 19.1135 3.4321 40.4171 1.5633 -0.3932
Car -1 -1 1.3469 874.1310 201.7592 916.5121 230.0284 1.4763 1.5644 3.8896 17.2637 3.3167 43.8897 1.7217 -0.9499
Car -1 -1 -1.6321 650.2679 172.6150 693.9488 212.1677 1.6321 1.6615 3.9818 2.6345 1.6226 31.7793 -1.5494 -1.2339
Car -1 -1 -1.6879 655.4057 179.2581 709.2054 220.5765 1.4774 1.6337 4.0361 2.7355 1.7485 28.4627 -1.5921 -2.1272
Car -1 -1 -2.3674 733.4063 190.2983 775.0916 208.4856 1.4564 1.5593 3.4846 12.5967 3.0315 63.2568 -2.1708 -2.1843
