Car -1 -1 2.1633 0.0000 187.3447 234.2947 305.4331 1.4350 1.6056 3.9613 -7.7256 1.7011 11.2413 1.5612 12.4174
Car -1 -1 1.7337 472.9585 176.8805 508.3633 201.6104 1.4958 1.6474 3.7544 -7.6156 1.7641 46.1288 1.5701 4.8984
Car -1 -1 -1.4116 832.2542 160.9334 868.9863 185.7515 1.5563 1.6504 4.1940 15.8433 0.8092 47.4858 -1.0895 0.3949
Car -1 -1 -1.5889 580.4162 178.1409 598.0598 194.6340 1.4566 1.5619 3.5704 -1.9601 1.9591 66.7086 -1.6183 -0.0042
Car -1 -1 -1.6562 775.0526 191.0384 803.3355 214.5202 1.4646 1.5815 3.7750 12.3665 2.7769 50.0666 -1.4141 -0.0667
Car -1 -1 -1.5627 613.7604 176.5077 637.0738 198.1973 1.4730 1.6057 3.9879 1.0904 1.7454 51.6960 -1.5416 -1.0371
Car -1 -1 1.5378 650.4499 181.8692 667.6738 197.6909 1.4846 1.5797 4.0206 4.8597 2.4108 72.0583 1.6051 -1.0969
Car -1 -1 -1.6519 645.7339 178.6065 686.8946 212.2320 1.4838 1.6326 3.9883 2.5988 1.7753 34.5192 -1.5768 -1.3725
Car -1 -1 2.0899 197.1984 178.6567 287.7918 219.0340 1.4537 1.5827 3.6193 -14.3737 1.6969 28.3522 1.6207 -1.3744
Car -1 -1 -1.5109 0.0000 212.8877 59.9852 268.5957 1.4818 1.6085 4.0295 -19.6772 2.9488 24.3243 -2.1911 -1.6311
Car -1 -1 -1.6543 655.0573 173.9997 708.8551 219.1280 1.5840 1.6757 4.2608 2.6272 1.6316 27.5723 -1.5593 -1.6661
