Car -1 -1 2.1347 13.7489 191.3406 259.4149 298.4297 1.4686 1.6248 4.0925 -8.0025 1.8455 12.6454 1.5704 12.3680
Car -1 -1 1.9873 277.1364 184.7925 345.7022 218.2226 1.4614 1.6178 3.9219 -14.4037 2.0726 34.9342 1.5962 2.1144
Car -1 -1 1.6652 498.0114 177.2736 522.3191 196.6327 1.5001 1.6084 3.8319 -8.1198 1.8722 58.7455 1.5278 1.1108
Car -1 -1 1.2843 782.5976 191.3245 813.6380 210.1255 1.4809 1.5754 3.8593 16.2651 3.1344 62.6231 1.5384 0.5007
Car -1 -1 1.3059 846.9434 202.7546 898.3733 235.9332 1.4521 1.5622 3.6228 13.2982 3.0556 36.8138 1.6526 -0.2047
Car -1 -1 -1.6383 653.4951 171.4689 705.9218 217.7639 1.6273 1.6830 4.3277 2.5388 1.5789 27.5428 -1.5464 -0.5388
Car -1 -1 2.1523 126.7753 154.7206 183.5014 176.0952 1.4632 1.5640 3.8357 -32.3091 0.2222 51.3219 1.5905 -0.6770
Car -1 -1 -1.6348 653.1265 177.6519 697.6952 215.6928 1.5310 1.6665 4.2583 2.7696 1.7566 31.7260 -1.5477 -2.0250
Car -1 -1 2.2487 0.0000 191.7486 93.5551 268.6189 1.4915 1.6263 4.0981 -14.5185 1.9935 17.0845 1.5443 -2.0567
Car -1 -1 2.0447 253.8549 194.6414 305.5720 220.0592 1.5146 1.6108 3.7384 -22.0108 3.0267 48.1585 1.6160 -2.1761
