Car -1 -1 -1.5567 577.8424 170.0876 607.9362 197.0455 1.4696 1.6406 3.9818 -0.9882 1.3191 41.3303 -1.5806 6.4886
Car -1 -1 -1.5057 542.7956 170.5282 569.5407 192.3600 1.4469 1.6019 3.6797 -3.7009 1.2932 49.6658 -1.5801 5.8996
Car -1 -1 1.9737 248.5098 175.4417 324.8840 212.1961 1.4660 1.6076 3.8574 -13.8259 1.5845 30.9916 1.5541 -0.5372
Car -1 -1 2.1493 79.5313 172.5589 216.9926 226.9282 1.4857 1.6135 3.8715 -13.7264 1.4780 21.6605 1.5845 -0.8394
Car -1 -1 1.8225 290.8019 173.2577 328.1597 193.8580 1.4928 1.6416 4.0789 -22.6722 1.5248 54.5016 1.4283 -1.0386
Car -1 -1 0.8737 1162.4276 187.0710 1241.0000 218.5012 1.4869 1.6248 4.0938 31.4785 2.2773 38.0394 1.5650 -1.5928
Car -1 -1 0.9155 1154.2693 186.8539 1221.5515 211.2972 1.4599 1.5523 3.5827 37.5044 2.4067 46.9666 1.5894 -1.7235
Car -1 -1 2.2714 0.0000 184.8343 119.8448 262.4833 1.4826 1.6336 4.0668 -13.4466 1.7902 16.4512 1.5861 -1.7598
Car -1 -1 2.0792 145.0632 184.2496 227.1826 219.1562 1.4841 1.6117 3.9518 -19.8825 2.0525 33.9684 1.5496 -2.0232
Car -1 -1 1.7980 405.3990 154.3844 433.9107 172.8920 1.6337 1.6513 4.0116 -17.3171 0.0037 65.7183 1.5403 -2.1069
