Car -1 -1 -1.4848 543.8011 163.4269 570.5004 184.1970 1.4375 1.6019 3.6939 -3.7881 0.7854 51.7935 -1.5578 6.3539
Car -1 -1 -1.5624 577.6091 162.7878 605.9533 188.0749 1.4294 1.6023 3.6669 -1.0967 0.8607 42.6297 -1.5881 5.4171
Car -1 -1 2.0475 177.5809 166.9132 279.0047 211.0930 1.4721 1.6065 3.9198 -13.6644 1.2745 26.0050 1.5637 1.3917
Car -1 -1 1.9799 241.6311 163.8468 322.1385 201.3605 1.4701 1.6271 3.9677 -13.6960 1.1175 30.2693 1.5550 0.7663
Car -1 -1 -0.9973 81.5880 167.1622 217.6464 221.0053 1.4669 1.6062 3.8194 -13.6331 1.3121 21.5716 -1.5609 0.1991
Car -1 -1 -2.1789 1118.7901 182.1330 1178.1441 203.5784 1.4495 1.5915 3.7411 38.9273 2.1469 52.3011 -1.5391 -0.9700
Car -1 -1 -2.5589 701.9567 167.7409 746.9631 184.3750 1.5011 1.6160 3.8780 10.5902 1.0401 67.0151 -2.4022 -1.0137
Car -1 -1 0.9268 954.5279 171.2865 1008.6504 192.5574 1.5194 1.6013 3.8074 27.4864 1.4078 53.5488 1.4011 -1.2277
Car -1 -1 1.5752 201.9332 156.6400 234.2545 186.9921 1.7726 1.6748 3.9257 -24.0579 0.8260 44.2611 1.0773 -1.3755
Car -1 -1 -1.6382 634.4653 166.3234 670.0301 195.4873 1.4753 1.6206 3.9482 2.1684 1.1453 38.4791 -1.5819 -2.0665
