Car -1 -1 -1.5012 527.3887 177.2074 563.3186 207.1639 1.4229 1.5713 3.5948 -3.2726 1.6551 36.6085 -1.5904 10.4332
Car -1 -1 -1.5607 583.1054 177.2658 624.0537 214.9083 1.4339 1.5843 3.6648 -0.2906 1.6274 29.7454 -1.5705 5.0396
Car -1 -1 -1.5674 607.8909 162.7953 632.7426 191.5957 2.1903 1.8904 5.1092 0.8027 1.4257 57.4420 -1.5534 0.8349
Car -1 -1 1.8476 372.2594 178.0439 411.3646 200.8000 1.4637 1.5930 3.7253 -14.8391 1.8310 49.1390 1.5543 -0.2888
Car -1 -1 -1.3619 432.5767 178.4212 464.2145 199.3243 1.4771 1.5587 3.7731 -12.0558 1.9079 53.8896 -1.5820 -0.3357
Car -1 -1 1.7291 395.2467 179.4371 427.7652 202.3066 1.4675 1.5761 3.7452 -13.5675 1.9361 49.3676 1.4609 -1.3516
Car -1 -1 2.0293 220.1010 178.8433 307.3050 218.2277 1.4686 1.6227 3.9676 -14.0837 1.7304 29.5030 1.5839 -1.4703
Car -1 -1 1.8460 386.6830 176.5676 423.2276 197.5778 1.4596 1.5995 3.7861 -14.9526 1.7408 52.6859 1.5694 -1.7638
Car -1 -1 1.9226 318.2097 178.7050 373.8406 207.7810 1.4743 1.6006 3.9013 -14.3475 1.8094 39.3214 1.5727 -1.8853
Car -1 -1 0.7933 1166.3874 196.0383 1241.0000 242.2666 1.5593 1.6313 4.0143 24.3594 2.5403 28.4590 1.5012 -2.1014
