Car -1 -1 1.8646 340.0150 180.9194 424.6618 227.6297 1.4267 1.6281 4.2022 -7.7695 1.7287 24.8717 1.5618 11.3069
Car -1 -1 1.7178 501.1337 175.0195 526.9224 193.6254 1.4707 1.5583 3.8612 -7.8938 1.6552 59.4251 1.5858 1.6754
Car -1 -1 1.3278 805.4556 188.2581 831.2816 204.3058 1.4764 1.6027 3.8118 20.7515 3.0559 72.0303 1.6083 1.4667
Car -1 -1 1.3462 844.1663 188.6758 870.3471 204.9377 1.4825 1.6065 4.0322 24.5964 3.1060 71.9309 1.6756 0.7659
Car -1 -1 1.9776 288.0723 193.9234 333.1056 217.3134 1.4866 1.5723 3.8170 -21.2303 3.0391 51.2330 1.5848 0.2256
Car -1 -1 2.0098 242.4148 184.7402 289.1976 207.7979 1.6211 1.6719 3.9836 -26.0945 2.5568 54.7799 1.5652 -0.3314
Car -1 -1 0.1225 800.8854 158.2055 856.6427 178.8307 1.4674 1.5587 3.7429 15.9804 0.4256 52.8012 0.4164 -0.9005
Car -1 -1 2.2086 45.7766 201.2197 140.5582 241.6676 1.4973 1.5637 3.4218 -22.0293 2.7784 30.8502 1.5885 -0.9501
Car -1 -1 1.8181 265.7119 186.2629 301.7414 208.6638 1.5572 1.6071 3.7793 -24.6467 2.6087 54.5540 1.3938 -1.7015
Car -1 -1 2.0122 234.3583 179.0659 317.0968 217.5537 1.5090 1.6362 4.0781 -14.2847 1.7938 30.9943 1.5803 -2.1338
