Car -1 -1 -1.5083 541.1734 178.4623 569.6754 202.2271 1.4349 1.5971 3.7254 -3.4983 1.8098 46.3191 -1.5837 6.6606
Car -1 -1 -1.5480 581.1288 179.4791 613.3240 208.9827 1.4488 1.6193 3.8123 -0.6704 1.8175 38.1977 -1.5655 6.1622
Car -1 -1 2.1117 89.9898 182.0530 229.6549 237.9862 1.4839 1.6510 4.2346 -13.5473 1.7915 21.9662 1.5590 3.1238
Car -1 -1 1.9564 280.1079 182.5210 350.2601 217.0025 1.4634 1.6264 4.0760 -13.7521 1.9440 33.8010 1.5700 1.3034
Car -1 -1 1.4851 753.0552 182.1875 784.6712 207.9141 1.4749 1.5882 3.8210 9.7902 2.0808 44.8093 1.7002 -0.2038
Car -1 -1 1.8909 347.0342 180.2543 396.5281 207.2164 1.4891 1.6273 3.9785 -14.1406 1.9503 42.9321 1.5727 -0.4872
Car -1 -1 -1.1866 744.9630 185.4948 784.7342 208.2782 1.6174 1.6550 3.9053 11.9405 2.6285 55.6084 -0.9751 -0.8139
Car -1 -1 -2.2212 981.3411 184.7884 1241.0000 374.0000 1.4964 1.6489 4.1341 5.9246 1.6621 7.9190 -1.5788 -1.0209
Car -1 -1 -0.9081 0.0000 179.9026 138.3679 256.2132 1.5658 1.6700 4.2812 -13.6143 1.7565 17.3411 -1.5737 -1.0286
Car -1 -1 2.0148 205.3403 187.4703 268.1385 221.1843 1.7174 1.6329 3.8332 -20.8404 2.5751 40.3784 1.5383 -1.6084
