Car -1 -1 -1.5559 571.1133 181.7698 620.5733 226.3818 1.3884 1.5889 3.5976 -0.5103 1.7197 24.9771 -1.5763 10.9662
Car -1 -1 2.1967 0.0000 185.9908 126.9350 281.5480 1.5444 1.6202 4.0822 -11.7205 1.8435 14.3184 1.5108 10.0372
Car -1 -1 -1.4347 507.4369 180.4212 552.0071 213.8904 1.4040 1.5545 3.5170 -3.6409 1.7675 32.8462 -1.5450 9.5228
Car -1 -1 1.8387 354.6391 180.4306 402.2039 208.4195 1.4688 1.6325 3.7253 -13.0628 1.9173 40.7834 1.5287 5.6372
Car -1 -1 1.9753 257.7527 180.5404 322.6881 212.0090 1.4829 1.6310 3.9057 -16.3120 1.8974 36.9180 1.5593 1.1985
Car -1 -1 -0.7827 729.9348 182.7648 773.6515 199.2279 1.4845 1.6529 4.1525 13.5795 2.4596 69.1169 -0.5887 0.3702
Car -1 -1 2.1743 14.3304 188.0076 164.4108 246.2074 1.4621 1.6187 3.9128 -15.0826 1.9474 21.1189 1.5542 0.2623
Car -1 -1 2.0519 265.0906 179.1979 312.1375 201.4462 1.4557 1.5486 3.4719 -22.2481 1.9114 50.0035 1.6332 -0.5702
Car -1 -1 -0.9733 64.2753 171.5403 143.7953 202.9340 1.5841 1.6169 3.7663 -26.7912 1.5182 38.3000 -1.5837 -1.2722
Car -1 -1 1.8235 507.2407 169.3955 541.1395 190.5925 1.5278 1.6109 3.8469 -6.4090 1.2789 54.0173 1.7054 -1.6076
