Car -1 -1 -1.5515 552.1921 179.7259 602.6678 226.0210 1.4144 1.5796 3.5588 -1.1123 1.6641 24.3752 -1.5971 10.9211
Car -1 -1 -1.4752 499.1782 178.2637 538.7178 210.6897 1.4539 1.5629 3.4813 -4.3695 1.7276 34.6996 -1.6005 9.6971
Car -1 -1 1.9641 194.6704 184.3213 274.0160 224.3936 1.4828 1.5984 3.7013 -15.4017 1.9856 29.7017 1.4857 8.1946
Car -1 -1 -0.9467 807.9026 182.5285 879.8439 212.1351 1.4662 1.6278 4.0381 12.5652 2.0116 38.7917 -0.6335 2.0735
Car -1 -1 -0.8561 844.6114 183.8834 897.1544 203.5535 1.4908 1.6585 4.1909 21.0975 2.4103 58.3846 -0.5094 1.4185
Car -1 -1 -1.6028 559.1990 161.8819 587.1997 190.6620 1.8953 1.7785 4.5477 -2.6148 1.1731 49.8557 -1.6552 0.8068
Car -1 -1 2.4841 972.5323 147.2426 1099.9208 195.8244 1.7674 1.6883 3.9489 16.0525 0.8360 27.3328 3.0151 0.7345
Car -1 -1 -0.5497 789.7325 187.1971 836.1754 204.4834 1.4710 1.6026 3.7270 18.1987 2.7850 64.7992 -0.2759 0.3541
Car -1 -1 1.9407 481.8611 180.7281 516.6708 199.4881 1.4695 1.5821 3.8790 -9.2383 2.1506 60.3147 1.7887 0.3373
Car -1 -1 0.1961 386.8217 184.5088 445.5567 204.3365 1.5011 1.6422 4.2203 -15.2193 2.4330 56.7084 -0.0661 -0.1690
Car -1 -1 1.5824 598.2699 171.5608 626.1169 198.8913 1.5848 1.6153 3.7585 0.1196 1.5102 43.7276 1.5851 -0.1771
Car -1 -1 1.9836 99.1375 184.5558 189.1113 225.7074 1.4765 1.6127 3.9110 -18.7136 1.9824 29.1141 1.4123 -2.0904
