Car -1 -1 1.9335 213.4123 180.7214 299.7073 225.8678 1.6398 1.7025 4.3439 -14.2253 1.9833 29.2254 1.4806 11.8379
Car -1 -1 -1.5448 562.3582 178.6599 615.8953 227.2525 1.4340 1.6131 3.7284 -0.6808 1.6393 23.6028 -1.5737 10.4362
Car -1 -1 -1.4576 507.9125 179.0914 550.9045 213.6102 1.4845 1.5878 3.5871 -3.7249 1.7897 33.4712 -1.5684 10.2179
Car -1 -1 1.8370 338.1114 182.3965 380.5837 207.2601 1.4772 1.6234 3.8479 -16.0776 2.1168 46.3555 1.5031 2.8994
Car -1 -1 -1.6050 574.0916 163.7024 604.1116 196.7337 2.1670 1.8936 5.0364 -1.5260 1.5670 49.9082 -1.6356 2.1048
Car -1 -1 2.0628 80.0907 186.6092 183.8242 232.0378 1.4696 1.5936 3.7248 -17.4196 2.0107 26.4328 1.4801 0.6070
Car -1 -1 -0.8879 781.2599 183.1542 839.6308 207.6177 1.4601 1.5914 3.7599 12.8389 2.1458 46.2629 -0.6171 0.5586
Car -1 -1 -1.6569 609.4921 178.2279 631.1469 195.8270 1.4629 1.5738 3.7097 0.8535 1.9470 63.0448 -1.6434 0.1636
Car -1 -1 -2.2979 1139.5335 201.2043 1241.0000 258.7095 1.4959 1.6072 3.7660 18.7404 2.4577 22.5581 -1.6047 -0.7546
Car -1 -1 -1.1410 830.6154 181.6053 866.1279 198.8924 1.4919 1.6244 3.8883 21.8879 2.3197 66.2446 -0.8219 -0.9735
Car -1 -1 1.7506 304.9123 184.2287 339.8533 207.4129 1.4747 1.5864 3.8389 -19.8843 2.2943 49.9306 1.3716 -0.9887
Car -1 -1 1.6808 543.7283 187.5070 576.8804 215.0654 1.4922 1.5541 4.0083 -2.9682 2.4125 43.2642 1.6123 -1.0513
