Car -1 -1 1.9764 203.5403 177.4164 303.4584 229.4449 1.5815 1.6032 3.8826 -11.8939 1.7478 24.2560 1.5205 11.6534
Car -1 -1 -1.5577 572.5800 178.7664 620.7703 224.0195 1.4866 1.6175 3.9107 -0.5042 1.7175 26.1733 -1.5769 9.3554
Car -1 -1 -1.4286 511.0500 177.4657 555.3786 210.8641 1.4425 1.5552 3.5729 -3.5481 1.6684 33.4747 -1.5342 9.2674
Car -1 -1 -1.6108 598.4571 162.4277 626.6067 192.4765 2.1052 1.8629 4.9776 0.1110 1.3751 53.0694 -1.6087 4.3395
Car -1 -1 1.9551 319.2696 177.0319 357.5542 196.3838 1.4729 1.5671 3.7624 -21.6702 1.8180 57.6351 1.5954 0.4943
Car -1 -1 1.8226 402.8421 179.6878 439.6723 202.1919 1.4750 1.5571 3.9564 -13.1821 1.9722 50.4729 1.5671 0.4379
Car -1 -1 -1.4483 479.7881 172.6705 516.1801 200.8760 1.5230 1.5886 3.7777 -6.3321 1.5135 40.8711 -1.6020 0.1494
Car -1 -1 2.0832 125.3887 176.2155 232.9428 222.1582 1.4717 1.5908 3.7642 -15.0042 1.5987 25.2883 1.5477 0.0997
Car -1 -1 1.4961 746.8674 185.7053 768.5841 203.4489 1.4847 1.6292 4.0560 13.3693 2.6902 65.5490 1.6973 -1.1882
Car -1 -1 -1.5028 382.8927 174.3992 404.6455 192.8850 1.7053 1.7051 4.4505 -20.7547 1.8592 69.3134 -1.7937 -1.3512
Car -1 -1 1.9188 328.5496 178.1619 377.0944 203.3070 1.4708 1.6138 3.9132 -16.0040 1.8166 44.9913 1.5771 -2.1961
