Car -1 -1 -1.5328 568.0407 178.2873 620.0414 226.4812 1.4303 1.5663 3.4787 -0.5044 1.6212 23.5575 -1.5542 11.1505
Car -1 -1 -1.4360 509.2141 175.1507 554.7986 210.2643 1.4899 1.5802 3.6312 -3.5170 1.6001 32.6893 -1.5432 10.9467
Car -1 -1 2.2775 0.0000 192.8733 56.3346 298.9452 1.4684 1.6246 3.9937 -12.1375 1.8802 12.7913 1.5183 3.9005
Car -1 -1 -1.6910 611.4162 177.8475 631.7158 193.3288 1.4706 1.5718 3.7907 1.1092 1.9813 71.7745 -1.6755 1.6021
Car -1 -1 -0.8281 760.7368 181.8098 810.6160 202.6385 1.5085 1.6083 3.7558 13.4858 2.2183 55.4397 -0.5895 -0.1844
Car -1 -1 1.7221 489.6338 178.4895 518.8392 199.9965 1.4683 1.5358 3.7987 -7.6356 1.8910 52.1593 1.5767 -0.2805
Car -1 -1 1.9131 286.2469 176.8665 336.7110 202.9516 1.4814 1.6018 3.8946 -17.9906 1.7351 43.5687 1.5215 -0.4650
Car -1 -1 -1.5787 587.5858 160.3035 614.1509 189.0322 1.9027 1.7601 4.2907 -0.6816 1.0719 49.9491 -1.5924 -0.5477
Car -1 -1 -0.9096 0.0000 182.1761 113.4405 243.3542 1.4852 1.6047 3.9075 -15.9944 1.7703 20.0750 -1.5823 -1.3791
Car -1 -1 -1.5087 544.9187 194.2705 578.3648 224.9646 1.4565 1.5648 3.6125 -2.5796 2.6555 38.5713 -1.5755 -1.6591
Car -1 -1 2.3136 102.0399 183.2587 187.1300 216.1753 1.4940 1.5729 3.5341 -23.0416 2.0378 35.8070 1.7418 -1.9292
