Car -1 -1 1.9754 176.8485 182.9242 276.9867 231.6420 1.5961 1.6925 4.3766 -14.1253 2.0021 26.8145 1.4906 12.4657
Car -1 -1 -1.4687 506.3388 179.7880 548.3126 214.1360 1.4809 1.5858 3.6192 -3.8435 1.8223 33.6598 -1.5824 9.6390
Car -1 -1 -1.5663 563.9312 180.9543 616.0578 228.6962 1.4070 1.5819 3.6229 -0.6982 1.6941 23.7128 -1.5957 9.6381
Car -1 -1 -1.2535 323.9029 183.7323 369.5732 209.4103 1.4370 1.5705 3.5484 -15.9216 2.1234 43.6997 -1.6029 3.2055
Car -1 -1 -1.5962 570.9935 163.1328 601.3752 197.2011 2.2318 1.9557 5.4823 -1.7380 1.5953 50.0597 -1.6309 1.7355
Car -1 -1 -0.9049 784.4790 184.2605 845.9819 209.4801 1.4601 1.6123 3.9517 12.8534 2.2041 45.2237 -0.6280 1.0810
Car -1 -1 -0.8113 832.0580 182.3536 877.5360 200.7707 1.5744 1.6198 3.9289 22.0372 2.4519 64.9927 -0.4844 0.2563
Car -1 -1 -3.5720 1048.7114 201.9998 1183.9683 246.0782 1.4693 1.5843 3.7693 18.5441 2.5905 26.6335 -2.9638 -0.8038
Car -1 -1 2.2216 0.0000 190.8873 102.4860 235.3213 1.5460 1.5687 3.8001 -22.2378 2.3080 28.5600 1.5600 -1.6723
Car -1 -1 -2.3385 727.3339 154.2705 791.7702 182.7837 1.5985 1.6190 3.6592 8.7107 0.5570 42.4264 -2.1360 -2.0806
