Car -1 -1 2.1398 0.0000 180.8052 134.4269 262.2496 1.6785 1.7103 4.3809 -13.7642 1.8974 17.5711 1.4753 11.9798
Car -1 -1 -1.5722 555.7241 175.9179 607.8278 224.2557 1.4771 1.6100 3.5415 -0.9933 1.5874 24.0785 -1.6135 10.8039
Car -1 -1 -1.4860 501.9107 177.0443 541.1038 210.2728 1.4786 1.5699 3.3401 -4.1914 1.6877 34.2312 -1.6079 10.0046
Car -1 -1 1.8983 251.1017 181.5332 313.7259 215.6476 1.4958 1.6097 3.7527 -15.6506 1.9354 34.5697 1.4731 6.0702
Car -1 -1 -0.9404 798.1194 181.8557 864.4101 209.5984 1.4582 1.6006 3.9046 12.5352 1.9915 40.9083 -0.6431 2.0584
Car -1 -1 2.1992 151.8786 197.3272 207.4196 220.7164 1.4524 1.5378 3.5656 -30.0901 3.2286 50.5085 1.6619 1.0316
Car -1 -1 -1.6109 562.2973 161.0563 590.1842 189.7091 1.8855 1.7429 4.1422 -2.3896 1.1095 49.6182 -1.6591 0.3663
Car -1 -1 2.3056 837.9993 181.1516 887.8293 199.8135 1.4767 1.6422 4.0437 21.1162 2.1897 60.2808 2.6425 -0.3002
Car -1 -1 0.1598 445.8464 185.4875 494.8183 203.2690 1.4774 1.6041 3.9298 -12.0018 2.5792 62.0376 -0.0313 -0.5418
Car -1 -1 2.0043 193.3373 179.7743 264.7161 211.4205 1.4868 1.6336 4.1602 -19.4395 1.8618 36.9422 1.5199 -0.5681
Car -1 -1 1.1506 868.4749 179.0886 935.3246 210.7866 1.5406 1.6551 4.2869 15.2783 1.8889 38.0951 1.5320 -0.6962
Car -1 -1 1.5617 605.1726 180.6434 626.3099 200.5692 1.4987 1.6360 4.0288 0.4149 2.1454 57.8575 1.5689 -1.7716
