Car -1 -1 2.1189 2.9319 189.2993 175.1589 259.7258 1.4082 1.5798 3.8066 -12.3022 1.8472 17.2909 1.5005 10.0919
Car -1 -1 -1.4313 508.1886 177.4570 554.5049 212.2072 1.4604 1.5914 3.6619 -3.5433 1.6811 32.6679 -1.5393 9.6634
Car -1 -1 -1.5670 569.7465 178.8615 623.5567 229.1519 1.4847 1.6227 3.7255 -0.4795 1.6973 23.6224 -1.5873 9.1550
Car -1 -1 1.8081 383.8577 173.0651 419.4898 194.2934 1.4728 1.6093 3.8573 -15.0105 1.4889 52.0566 1.5274 2.7891
Car -1 -1 2.2446 0.0000 188.6822 66.3179 259.7163 1.4678 1.5896 3.7906 -15.5444 1.8987 17.6970 1.5239 2.6137
Car -1 -1 -1.6065 586.3660 163.3638 615.5568 194.0859 2.0503 1.8619 5.0612 -0.7145 1.4173 50.7250 -1.6206 0.0695
Car -1 -1 -1.7219 690.3940 176.5384 727.4748 204.7442 1.5645 1.6010 3.7741 5.7343 1.7912 42.4164 -1.5875 -0.0334
Car -1 -1 1.9127 303.7966 177.8335 350.6621 202.3780 1.4781 1.5996 3.8365 -18.0677 1.8106 46.1804 1.5398 -1.1046
Car -1 -1 1.6686 491.7718 179.0899 517.0502 199.6654 1.4736 1.5451 3.6888 -7.9974 1.9629 54.6913 1.5234 -1.2837
Car -1 -1 1.7614 424.3921 173.7626 448.3330 189.5972 1.4664 1.5726 3.5831 -16.5571 1.5557 68.8510 1.5254 -1.6111
