Car -1 -1 -1.5662 555.6310 183.2778 598.7514 222.9385 1.4244 1.6076 3.6620 -1.3439 1.8671 28.7538 -1.6129 8.2086
Car -1 -1 2.2067 998.6625 198.4466 1099.2397 237.7803 1.5030 1.6256 4.0295 18.8561 2.6589 31.0583 2.7524 7.3048
Car -1 -1 -1.5187 504.9549 181.5989 537.4759 209.5252 1.4468 1.6204 3.7770 -4.9794 1.9620 40.5345 -1.6409 5.4589
Car -1 -1 2.3921 866.6413 193.4811 976.8046 235.0051 1.5028 1.6167 4.0484 12.4752 2.3730 28.9849 2.7985 1.2274
Car -1 -1 -1.6309 558.7076 170.2362 585.7101 196.1448 1.8243 1.7211 4.2617 -2.8423 1.6404 53.0188 -1.6845 1.0687
Car -1 -1 2.2119 0.0000 185.0422 88.0969 236.0068 1.4719 1.6209 3.9125 -19.4086 1.9076 23.7774 1.5274 -0.5670
Car -1 -1 2.0231 231.5112 188.3087 277.9267 211.2005 1.4521 1.5213 3.4525 -24.5128 2.5570 49.8333 1.5659 -1.8574
Car -1 -1 -0.6497 931.5472 206.2864 1010.5268 236.0597 1.4833 1.5622 3.6756 19.7286 3.3674 39.5431 -0.1869 -1.8762
Car -1 -1 1.0394 890.7332 177.9580 932.6628 196.2687 1.4829 1.5910 3.7943 25.6532 1.9325 61.5255 1.4344 -1.9319
Car -1 -1 2.0325 188.9185 179.9374 257.8790 210.9417 1.5323 1.6367 4.0105 -20.6295 1.9317 38.6126 1.5418 -2.1192
