Car -1 -1 -1.5728 548.1864 181.6594 598.0186 227.8954 1.4356 1.5952 3.4853 -1.3229 1.7612 24.8638 -1.6259 11.6626
Car -1 -1 2.0477 70.2142 185.9095 186.8908 240.3291 1.5034 1.5708 3.6012 -15.0466 1.9486 22.7056 1.4625 8.9423
Car -1 -1 -1.4906 491.9752 181.6964 530.2052 213.9345 1.4598 1.5871 3.4948 -4.8493 1.9164 35.4398 -1.6266 8.3351
Car -1 -1 1.9708 479.5964 183.3144 511.9665 199.7866 1.4758 1.6437 4.0270 -10.9847 2.5154 69.5282 1.8141 -0.1519
Car -1 -1 -1.4207 526.8097 189.8587 561.5611 216.7495 1.4921 1.5697 3.9318 -4.0534 2.5906 44.5835 -1.5114 -0.4454
Car -1 -1 -1.5560 598.7959 176.5980 627.0499 204.2048 1.5814 1.6403 3.9463 0.1721 1.8196 43.8558 -1.5520 -0.6028
Car -1 -1 -0.8184 838.6602 187.6073 896.2587 210.3901 1.5891 1.6709 4.1824 19.3322 2.7330 54.2270 -0.4759 -0.6069
Car -1 -1 0.8777 955.7117 184.0220 1057.2432 225.3262 1.6191 1.6560 4.0935 17.2066 2.1425 31.6213 1.3760 -1.1350
Car -1 -1 -1.6011 552.3891 162.7126 580.9440 193.4212 2.0316 1.8283 4.8322 -3.0914 1.3610 50.2215 -1.6626 -1.5386
Car -1 -1 -0.9574 822.8091 186.1608 901.5589 220.3580 1.5344 1.6372 4.0587 12.4533 2.2265 35.6564 -0.6214 -1.6918
