Car -1 -1 -1.4407 513.9352 176.7557 556.4719 211.0014 1.5105 1.5659 3.3733 -3.5065 1.7035 33.9191 -1.5437 10.0141
Car -1 -1 -1.5511 576.0402 178.9979 621.9669 221.7463 1.4434 1.5848 3.6878 -0.4165 1.6872 26.7382 -1.5667 9.8842
Car -1 -1 1.8691 304.3075 177.9716 371.3776 215.8858 1.5345 1.6365 4.0973 -11.9614 1.7757 31.8602 1.5099 7.4114
Car -1 -1 2.2343 0.0000 175.2718 126.0559 242.6974 1.5050 1.6403 4.0680 -14.4903 1.5735 18.2885 1.5643 1.5271
Car -1 -1 0.0131 974.7862 185.8760 1159.0635 265.0690 1.8232 1.7085 3.9394 11.8418 2.1983 18.9781 0.5709 0.1503
Car -1 -1 1.5063 666.5181 180.6330 685.9533 197.0012 1.4826 1.5995 3.9939 6.3161 2.2518 69.2886 1.5972 -0.7780
Car -1 -1 -1.5702 600.6016 165.1786 626.7502 195.4941 2.1712 1.8729 4.7775 0.2472 1.6219 54.0677 -1.5656 -0.8097
Car -1 -1 -1.1457 198.7410 178.1303 283.4537 217.7930 1.4636 1.6077 3.8124 -14.7974 1.6908 29.0800 -1.6164 -1.5319
Car -1 -1 1.6842 491.5114 167.9541 525.2120 197.1631 1.7300 1.6335 3.9513 -6.2871 1.4402 44.7302 1.5446 -1.9892
Car -1 -1 -1.0572 55.4171 183.2413 185.6617 239.0880 1.4588 1.5793 3.7131 -14.4401 1.7958 21.4697 -1.6493 -2.0682
