Car -1 -1 2.0063 135.6506 180.8223 250.5938 233.3770 1.5742 1.6880 4.3721 -14.0466 1.8705 24.5418 1.4864 10.9313
Car -1 -1 -1.4665 505.5358 178.6069 546.9932 213.4808 1.5194 1.5747 3.4715 -3.9065 1.8028 33.7529 -1.5817 10.1023
Car -1 -1 -1.6005 561.5575 178.3169 614.2626 228.1478 1.4867 1.6053 3.5091 -0.8307 1.6803 23.7217 -1.6355 8.9266
Car -1 -1 1.8780 308.1252 180.6588 358.6181 209.4502 1.5409 1.6069 3.9517 -15.9625 2.0145 41.7274 1.5126 4.0554
Car -1 -1 -1.6278 566.9052 163.8233 599.3696 198.3178 2.2610 1.9390 5.2824 -1.9484 1.6694 50.0127 -1.6667 2.5007
Car -1 -1 2.1400 12.9802 187.5851 146.5392 238.8485 1.4794 1.6468 4.0842 -17.5710 2.0147 24.1090 1.5102 1.8584
Car -1 -1 2.2025 0.0000 189.8501 86.8695 250.9176 1.4797 1.6391 4.0803 -17.2810 2.0177 20.7309 1.5076 1.5288
Car -1 -1 -0.8984 787.0681 185.6283 849.7181 211.6064 1.4635 1.5934 3.9184 12.7502 2.2778 44.1844 -0.6175 1.4641
Car -1 -1 2.0698 0.0000 195.4674 67.4566 241.6644 1.5212 1.5348 3.7718 -22.7778 2.4525 27.7069 1.3817 -0.1645
Car -1 -1 2.0104 226.9591 183.3095 289.7986 212.3377 1.4736 1.6159 3.9256 -19.4540 2.0826 40.0210 1.5579 -1.2745
Car -1 -1 -3.3031 1155.0283 175.7528 1241.0000 230.7253 1.7320 1.6800 4.1703 21.3391 1.8389 24.7273 -2.5911 -1.9066
Car -1 -1 1.9688 196.0119 184.5510 266.2518 218.6596 1.5283 1.6341 4.0869 -18.7751 2.1445 35.8764 1.4866 -2.0068
