Car -1 -1 2.0640 90.2431 187.4810 235.3038 249.8120 1.4073 1.5997 3.9430 -11.7766 1.8387 19.2461 1.5149 12.9089
Car -1 -1 -1.5585 572.0915 184.1501 619.9443 230.2698 1.4600 1.5699 3.3602 -0.5175 1.8837 25.3508 -1.5789 10.8288
Car -1 -1 -1.4387 508.8920 181.8607 553.3726 217.4072 1.4993 1.5727 3.6027 -3.6107 1.9364 33.1712 -1.5471 9.3410
Car -1 -1 1.8270 380.9881 182.2973 423.4685 207.5900 1.4775 1.6485 3.8845 -13.0976 2.0999 45.5710 1.5471 6.5265
Car -1 -1 1.8779 312.2323 179.6846 361.7097 207.7081 1.5588 1.6459 3.9639 -16.2902 1.9868 43.1423 1.5168 2.3157
Car -1 -1 1.5623 623.2320 186.4465 643.4779 206.7174 1.4788 1.5491 3.8126 1.8056 2.5918 57.1385 1.5939 1.9161
Car -1 -1 2.2251 0.0000 187.3811 90.7577 261.2051 1.4701 1.6322 4.0180 -14.6293 1.8584 17.2188 1.5208 1.6475
Car -1 -1 -1.5804 596.4990 166.4025 623.0090 197.6939 2.1776 1.8454 4.5909 -0.0712 1.7290 52.5154 -1.5817 1.0622
Car -1 -1 2.0618 154.8347 184.3312 251.5833 227.9523 1.4686 1.5929 3.7441 -15.2367 1.9312 27.1707 1.5507 0.0791
Car -1 -1 1.9076 304.9868 180.9663 343.4856 201.4986 1.4715 1.5529 3.8565 -21.8417 2.1146 55.2122 1.5309 -0.0213
Car -1 -1 1.1969 829.2319 203.5431 893.7311 239.2239 1.4851 1.6310 4.0405 12.2865 3.0876 35.6127 1.5291 -1.7115
