Car -1 -1 2.1219 3.8168 187.5686 191.4638 264.4299 1.4806 1.6142 4.1456 -11.7215 1.8672 16.8218 1.5133 11.7957
Car -1 -1 -1.5435 570.5795 185.7019 619.9098 231.3132 1.4205 1.6078 3.6701 -0.5136 1.9049 25.3454 -1.5638 9.7045
Car -1 -1 -1.4430 508.6837 182.0457 552.2742 217.5094 1.4948 1.5670 3.3513 -3.6242 1.9368 32.9762 -1.5524 9.1952
Car -1 -1 -0.1674 1168.7078 187.0322 1241.0000 310.3643 1.6537 1.5917 3.8607 11.6017 1.9211 11.8320 0.6082 2.0594
Car -1 -1 2.1293 81.0614 173.3942 157.3558 203.2135 1.5318 1.6077 3.8775 -26.5307 1.5629 39.1014 1.5331 2.0424
Car -1 -1 2.0915 89.7062 187.7395 215.1018 239.1262 1.4769 1.6536 4.2111 -15.1516 2.0188 24.1099 1.5304 1.9444
Car -1 -1 1.8437 367.7354 184.5771 412.1108 211.4096 1.4786 1.5999 3.7345 -13.1802 2.2130 43.2899 1.5482 1.3813
Car -1 -1 -1.6168 595.1392 169.6295 623.4170 199.2856 2.0486 1.8272 4.5776 -0.1241 1.8262 52.1703 -1.6192 1.1083
Car -1 -1 1.8476 328.0741 181.7930 371.9887 206.7017 1.4839 1.6334 3.9954 -16.7244 2.0858 46.5013 1.5024 0.1111
Car -1 -1 1.8640 484.5403 184.0175 521.9797 207.1412 1.4694 1.5515 3.6842 -7.3310 2.2680 49.6535 1.7174 -0.4458
