Car -1 -1 -1.5644 565.7823 174.8774 618.8567 224.2373 1.4708 1.5929 3.5204 -0.6115 1.5418 23.4179 -1.5905 10.6801
Car -1 -1 -1.4742 509.2296 174.3721 550.8052 208.7142 1.4829 1.5615 3.5493 -3.6571 1.5566 33.0954 -1.5842 9.3155
Car -1 -1 1.8675 291.1855 176.0221 350.5960 211.1720 1.6371 1.6603 3.9835 -14.3896 1.8046 36.0264 1.4875 8.1016
Car -1 -1 -1.6204 579.3879 156.2823 611.2524 191.3963 2.3042 1.9358 5.3645 -1.1060 1.2171 50.0905 -1.6425 2.1240
Car -1 -1 1.5249 611.6313 174.8475 631.5534 191.6749 1.4921 1.6421 4.2097 1.0224 1.6824 66.6113 1.5402 2.0268
Car -1 -1 1.9027 371.9243 177.4475 411.2521 198.5925 1.4790 1.5890 3.9306 -16.1179 1.8316 53.3277 1.6092 1.0099
Car -1 -1 1.8794 280.6309 158.5385 317.0705 177.6042 1.4799 1.6002 3.8393 -24.9839 0.3691 57.9933 1.4726 0.5157
Car -1 -1 1.6764 547.7965 180.4205 580.3639 206.9429 1.4763 1.5535 3.8260 -2.7414 1.9503 43.2137 1.6131 -0.2193
Car -1 -1 2.1853 24.3563 193.7345 126.6223 233.5421 1.4649 1.5970 3.7419 -22.4422 2.4002 30.4169 1.5496 -0.5965
Car -1 -1 1.0348 814.7256 178.8792 851.8602 194.9426 1.4841 1.6300 4.0277 21.7314 2.0905 70.4204 1.3342 -1.4557
