Car -1 -1 -1.5420 568.5409 182.0335 619.7734 229.3854 1.4002 1.5644 3.5348 -0.5179 1.7258 23.7927 -1.5638 10.2310
Car -1 -1 -1.4305 508.7713 177.4579 554.2839 213.7199 1.5230 1.5691 3.4750 -3.5221 1.7420 32.5105 -1.5384 9.2616
Car -1 -1 2.0043 142.9258 186.4145 256.4101 240.8461 1.4424 1.5518 3.8073 -12.4355 1.8941 22.0535 1.4908 9.0088
Car -1 -1 -1.5979 588.9282 162.6742 617.9058 194.6278 2.1385 1.8943 5.1481 -0.5441 1.4576 50.8947 -1.6086 1.6223
Car -1 -1 1.7924 398.9839 173.5327 430.2054 193.1753 1.4847 1.5726 3.7805 -15.3102 1.5401 56.5906 1.5282 1.3738
Car -1 -1 2.1270 20.9248 180.1195 161.1510 234.9458 1.4886 1.6194 4.0066 -15.8033 1.7330 22.1820 1.5080 -0.0068
Car -1 -1 -0.8735 748.6479 182.9552 792.9283 202.1815 1.4989 1.6067 3.6657 13.3278 2.3616 59.8443 -0.6543 -1.3137
Car -1 -1 1.3961 626.9510 181.1126 653.0258 198.3738 1.4969 1.6921 4.2871 2.7272 2.2891 66.9469 1.4368 -1.4417
Car -1 -1 -1.5132 544.6671 193.5963 579.1463 225.5573 1.4649 1.5717 3.6966 -2.4812 2.5919 37.3319 -1.5796 -1.7951
Car -1 -1 -1.5506 548.3388 186.1735 572.9662 210.5147 1.4898 1.5691 3.9073 -3.3015 2.4189 48.3233 -1.6188 -2.1525
