Car -1 -1 -1.5462 568.9030 179.8667 620.9770 228.3954 1.4526 1.5956 3.4935 -0.5016 1.7018 23.8508 -1.5672 10.4538
Car -1 -1 -1.4410 508.3898 179.2264 553.3466 213.7868 1.4399 1.5600 3.6415 -3.5564 1.7442 32.5737 -1.5498 8.9810
Car -1 -1 1.9688 183.4964 183.8611 286.3281 232.7068 1.4557 1.6408 4.0865 -12.6581 1.8627 24.5488 1.4927 7.3554
Car -1 -1 -0.8657 746.0936 182.8086 794.1456 202.4872 1.5632 1.6712 4.1759 13.5764 2.4343 61.1881 -0.6474 2.7384
Car -1 -1 1.8205 406.7888 173.5908 439.5959 192.4054 1.4800 1.6338 4.1028 -15.2456 1.5427 58.9713 1.5675 2.0770
Car -1 -1 1.4902 632.4098 180.8073 653.2065 197.4797 1.4842 1.6393 4.0455 3.0560 2.2594 68.2372 1.5349 0.3671
Car -1 -1 -1.6324 587.4103 162.0984 618.6065 194.5999 2.1844 1.8935 4.9723 -0.5754 1.4619 51.0390 -1.6437 -0.0042
Car -1 -1 1.9015 328.7865 178.3837 370.6513 200.9793 1.4684 1.5872 3.7316 -17.8986 1.8640 49.6842 1.5557 -1.1919
Car -1 -1 -2.4571 808.7387 183.9037 873.8956 208.9770 1.5531 1.6397 4.0670 15.5387 2.3328 48.7371 -2.1485 -1.7070
Car -1 -1 2.1099 93.4072 181.7115 209.3177 228.9492 1.4726 1.6223 3.9380 -15.9197 1.8070 25.2237 1.5469 -1.7912
Car -1 -1 1.6840 509.2330 168.9552 533.0487 186.6046 1.4897 1.6170 4.0399 -7.7377 1.1610 62.9254 1.5617 -2.1110
