Car -1 -1 -1.5539 546.2680 181.7262 595.7005 228.6168 1.4669 1.5934 3.5687 -1.3711 1.7979 25.0689 -1.6085 11.3357
Car -1 -1 2.1257 3.2277 188.0203 146.1928 247.2496 1.4357 1.5589 3.6009 -14.9213 1.9017 20.2942 1.4917 10.6760
Car -1 -1 -1.5093 491.4774 181.9475 527.7616 213.9129 1.4543 1.5674 3.4141 -4.9452 1.9254 35.5880 -1.6474 9.5381
Car -1 -1 2.3286 841.8557 187.9135 899.0779 210.5534 1.5473 1.6335 4.0415 19.1602 2.6909 53.1305 2.6747 4.0781
Car -1 -1 -0.9935 830.9089 190.0749 907.7308 224.2758 1.4619 1.5866 3.8948 12.3796 2.3282 34.4698 -0.6487 2.4231
Car -1 -1 1.5949 738.2054 183.6479 763.3628 206.8002 1.4792 1.6235 3.8880 9.7774 2.2602 50.1034 1.7876 0.3570
Car -1 -1 -1.6094 551.4411 165.3536 578.8133 192.4608 1.7964 1.7230 4.2563 -3.1787 1.2997 50.0191 -1.6728 0.3376
Car -1 -1 -1.1570 826.4057 178.7416 880.4826 207.0098 1.6456 1.6184 4.2652 15.1919 2.0305 45.0055 -0.8314 -0.5988
Car -1 -1 1.2999 470.6794 182.7273 497.9804 199.2210 1.4731 1.6069 3.8090 -12.0582 2.4457 68.9788 1.1268 -1.4892
Car -1 -1 2.2588 0.0000 192.1241 39.7239 253.2739 1.4795 1.5780 3.6684 -18.4332 2.0773 20.4995 1.5264 -1.5824
