Car -1 -1 -1.5640 568.4957 178.4238 620.7881 227.5744 1.4600 1.5822 3.4165 -0.5383 1.6554 23.5414 -1.5869 9.5678
Car -1 -1 -1.4395 508.7690 176.7561 553.8404 210.9249 1.4406 1.5736 3.5682 -3.5440 1.6272 32.6312 -1.5477 8.9342
Car -1 -1 2.1726 0.0000 189.6224 128.1425 272.0808 1.4199 1.6034 3.9192 -12.2372 1.8216 15.2544 1.4965 8.5927
Car -1 -1 -0.8819 756.8050 181.5073 804.7589 201.5413 1.4745 1.6144 3.7827 13.3493 2.1731 56.4337 -0.6496 2.0579
Car -1 -1 2.1258 71.9677 179.5662 191.8773 227.6007 1.4792 1.6188 3.8787 -16.2659 1.7278 24.7249 1.5439 0.9247
Car -1 -1 -0.2135 706.3566 176.0976 782.5015 205.4188 1.5885 1.6364 3.9063 7.4072 1.7733 40.1589 -0.0311 0.5296
Car -1 -1 -1.6116 586.5342 160.1373 615.8020 191.0391 2.0555 1.8421 4.7756 -0.6937 1.2100 50.4273 -1.6254 -0.2214
Car -1 -1 1.7895 311.8977 178.9207 353.0085 203.1683 1.4907 1.6569 4.2331 -18.3091 1.9106 47.6796 1.4229 -0.8527
Car -1 -1 1.5929 545.8887 184.3672 573.5603 210.5075 1.5158 1.6645 4.2534 -3.1892 2.2833 45.9070 1.5236 -1.6901
Car -1 -1 -1.8875 825.8137 177.9146 872.1885 205.2220 1.5853 1.6172 3.7504 14.6337 1.9106 44.4566 -1.5695 -2.1467
