Car -1 -1 2.0884 15.0288 181.3983 177.4201 251.7802 1.6572 1.6827 4.3341 -13.8727 1.9181 19.7662 1.4764 12.6431
Car -1 -1 -1.4756 504.0559 179.8979 544.5369 212.6312 1.4334 1.5726 3.5757 -4.0479 1.7850 34.1749 -1.5935 10.0803
Car -1 -1 -1.5261 558.3287 179.0806 609.6697 227.8591 1.4744 1.5532 3.2249 -0.8473 1.6945 23.8393 -1.5616 8.6320
Car -1 -1 1.9425 271.3666 181.3768 335.5781 213.6510 1.5122 1.6458 4.1152 -15.6580 1.9741 36.9848 1.5420 5.0160
Car -1 -1 -1.6025 564.6950 162.8754 594.9667 197.1546 2.2503 1.9220 5.1788 -2.1734 1.5956 50.0179 -1.6460 4.5682
Car -1 -1 -0.9295 798.9558 184.2986 862.7842 211.4905 1.4630 1.5909 3.8209 12.8693 2.1589 42.0797 -0.6327 2.2990
Car -1 -1 1.9760 228.7604 181.7766 286.5771 210.0533 1.4517 1.5737 3.6523 -19.5324 1.9707 40.0780 1.5225 1.3878
Car -1 -1 2.2778 0.0000 194.5043 36.9484 262.1671 1.4653 1.5941 3.8197 -17.2471 2.0879 18.7992 1.5354 -0.0718
Car -1 -1 1.3797 831.3687 181.9572 861.2511 201.0218 1.5190 1.6584 4.1911 20.1582 2.3260 61.7528 1.6952 -0.5205
Car -1 -1 -1.4117 643.2040 182.0204 665.1293 197.8896 1.4811 1.5782 3.9271 4.4081 2.4206 71.8393 -1.3504 -0.8375
Car -1 -1 1.2604 792.0458 187.4529 819.8586 204.0693 1.4654 1.5011 3.6855 18.6321 2.8957 68.7985 1.5249 -0.8813
Car -1 -1 -1.2332 781.1424 181.2230 820.1202 202.9215 1.4806 1.5981 3.7767 13.9516 2.1167 52.7945 -0.9749 -2.1102
