Car -1 -1 -1.3044 351.8969 184.6744 480.6753 271.4722 1.4711 1.5690 3.7454 -3.8106 1.7419 14.6205 -1.5594 12.7886
Car -1 -1 -1.4266 439.8573 179.8933 483.9310 212.3341 1.4436 1.5742 3.6469 -7.1213 1.8015 34.7801 -1.6286 8.0930
Car -1 -1 2.2314 0.0000 181.5804 96.4500 244.0489 1.4836 1.6320 3.9756 -16.2625 1.7466 19.7057 1.5414 7.2850
Car -1 -1 -1.5737 540.6471 178.9860 565.8136 202.0303 1.4236 1.5871 3.6437 -3.7714 1.8432 47.4529 -1.6530 5.8718
Car -1 -1 1.8703 336.0554 176.8154 378.2946 200.0069 1.5344 1.6734 4.0355 -17.6589 1.8232 50.4823 1.5338 4.2234
Car -1 -1 -1.5691 567.1812 166.1367 590.6277 193.9989 2.2992 1.9344 5.3168 -2.7014 1.7453 62.2361 -1.6125 2.9017
Car -1 -1 1.6200 141.7238 183.0967 173.6261 207.2655 1.4793 1.6090 3.9885 -30.1387 2.1928 48.1004 1.0603 -0.0142
Car -1 -1 -1.2789 818.7855 188.3589 879.7105 225.6698 1.4646 1.5493 3.7429 10.5973 2.1939 31.9404 -0.9585 -0.7473
Car -1 -1 1.8474 380.6493 183.0240 411.4181 201.4598 1.4702 1.5142 3.9025 -18.2661 2.3673 61.6603 1.5594 -0.8078
Car -1 -1 1.0888 1038.7355 196.0727 1085.2013 216.2333 1.4688 1.5893 3.9249 37.0131 3.4400 59.2277 1.6474 -1.2064
Car -1 -1 1.1342 941.6317 196.2006 983.5600 216.2114 1.4885 1.6119 3.9852 29.4139 3.5067 60.3549 1.5877 -1.8653
