Car -1 -1 -1.3065 335.7895 185.8284 472.8927 281.9668 1.5350 1.5987 3.7120 -3.8315 1.8184 13.8797 -1.5759 13.1710
Car -1 -1 -1.4209 446.5978 182.4983 490.5906 214.2951 1.4433 1.5959 3.8030 -7.0066 1.9488 35.8563 -1.6139 9.0513
Car -1 -1 2.1026 104.7082 187.8982 217.0227 233.2795 1.4427 1.6211 4.1073 -16.3047 2.0363 26.3796 1.5490 8.1426
Car -1 -1 2.2884 0.0000 188.0650 48.9910 291.7386 1.5733 1.6609 4.1126 -13.0309 1.9056 13.6516 1.5263 6.2084
Car -1 -1 -1.5561 544.6584 181.2713 570.2684 205.0413 1.4392 1.5959 3.7027 -3.4211 2.0091 46.9215 -1.6289 4.5507
Car -1 -1 1.8964 370.7484 181.3497 407.4343 201.3838 1.4878 1.5758 4.0551 -17.5387 2.1878 57.3679 1.5997 1.5731
Car -1 -1 -1.5967 569.8478 173.4137 592.6866 198.0244 2.0325 1.8358 4.7063 -2.5314 2.0829 62.1061 -1.6375 1.0116
Car -1 -1 1.3113 746.0495 192.3644 773.1311 209.2854 1.4747 1.6119 3.8485 14.3322 3.4044 69.3814 1.5150 -0.4360
Car -1 -1 2.0348 213.0921 190.3863 253.3946 208.2657 1.4843 1.6233 4.0540 -34.3945 3.1365 65.9387 1.5540 -0.4891
Car -1 -1 -0.9753 820.3386 190.6751 907.9972 229.4539 1.4644 1.5956 3.9218 10.8109 2.2681 30.7137 -0.6368 -1.4118
