Car -1 -1 -1.2373 237.5278 184.3034 439.6274 312.0550 1.4894 1.6049 3.7171 -3.7841 1.6878 10.6096 -1.5799 12.6608
Car -1 -1 1.8660 362.3669 180.0450 408.4524 207.4953 1.5655 1.6345 3.8720 -13.7002 2.0248 44.1050 1.5648 9.4024
Car -1 -1 1.7088 472.6866 177.8358 513.2547 211.2754 1.7247 1.6759 4.0105 -6.4405 2.0141 39.8375 1.5485 5.2395
Car -1 -1 -1.5723 562.0806 180.5472 588.7690 205.6511 1.4538 1.5867 3.5840 -2.1806 1.9506 44.7320 -1.6210 5.1146
Car -1 -1 1.3336 772.2611 182.5002 809.3178 205.8526 1.5085 1.6122 3.9465 12.5039 2.2067 50.2199 1.5776 0.5271
Car -1 -1 -0.6858 730.7623 185.3400 783.9074 205.7531 1.4693 1.5955 3.8713 11.3159 2.4580 55.5060 -0.4847 0.1605
Car -1 -1 2.2883 0.0000 189.7716 51.3966 244.7598 1.4596 1.5953 3.7215 -19.4375 2.0233 22.1590 1.5683 0.1230
Car -1 -1 -2.2422 0.0000 189.1124 67.9290 220.5713 1.5181 1.6614 4.2659 -30.6550 2.3893 37.3819 -2.9291 0.0395
Car -1 -1 2.2290 0.0000 189.3470 119.9841 236.8637 1.4691 1.6156 3.8967 -19.5788 2.0997 25.6141 1.5763 -1.6610
Car -1 -1 2.0799 171.5982 182.3264 221.9559 203.7905 1.5049 1.6033 3.8692 -31.0250 2.2429 54.2425 1.5604 -2.0788
