Car -1 -1 -1.2277 290.1947 179.2674 405.1450 243.5918 1.4230 1.5714 3.6447 -6.5020 1.6009 18.1463 -1.5717 13.2278
Car -1 -1 -1.4289 469.3051 175.1120 537.7949 229.3791 1.5415 1.6132 3.5824 -3.2714 1.6177 22.4359 -1.5737 11.0942
Car -1 -1 -1.5838 587.2683 161.7707 611.6783 190.6838 2.3891 2.0180 5.7077 -0.9748 1.4736 62.4994 -1.5994 4.5713
Car -1 -1 -1.5027 546.6688 171.3724 572.2392 192.2869 1.4578 1.5973 3.6999 -3.6480 1.3548 52.1406 -1.5726 1.1516
Car -1 -1 2.1771 324.9896 174.6202 363.5675 190.1010 1.4763 1.6279 3.9411 -26.2660 1.6566 71.3993 1.8246 1.0946
Car -1 -1 1.6489 521.6567 170.4627 543.1331 187.6984 1.4996 1.6155 3.9505 -6.9576 1.2919 64.7736 1.5419 0.8902
Car -1 -1 -1.9246 856.4146 184.7286 1063.4534 304.6742 1.5059 1.6244 3.9321 5.2245 1.7284 11.4765 -1.4974 -0.1303
Car -1 -1 1.4080 744.6687 173.1077 767.8313 188.6013 1.4858 1.6041 4.0463 14.4054 1.5120 71.3103 1.6073 -1.1411
Car -1 -1 -1.8476 757.0158 177.4986 789.2877 196.5536 1.5018 1.6035 3.8834 13.4597 1.8999 59.8131 -1.6263 -1.1563
Car -1 -1 -1.8196 781.2004 178.5988 852.7005 222.7296 1.4850 1.6191 3.9044 7.5357 1.7142 26.7631 -1.5452 -1.5255
Car -1 -1 -1.7091 666.2453 176.3177 698.9860 200.2212 1.4753 1.6013 3.8496 4.6616 1.7110 47.0526 -1.6103 -1.9940
