Car -1 -1 -1.3408 367.9297 186.7390 486.5718 267.0354 1.4643 1.6377 4.0023 -3.9027 1.8086 15.8606 -1.5821 11.2487
Car -1 -1 -1.5674 534.2720 183.4208 558.8328 206.3853 1.4195 1.5708 3.4747 -4.2509 2.1499 48.0498 -1.6556 4.8767
Car -1 -1 1.9336 273.9044 180.9798 328.7709 210.7089 1.5496 1.6289 3.6896 -17.2938 2.0273 40.5085 1.5301 4.8220
Car -1 -1 1.7094 422.7811 180.6460 471.6158 217.9536 1.5582 1.6421 4.0296 -7.4329 1.9382 33.0754 1.4884 2.7557
Car -1 -1 -0.2851 769.0954 197.3724 853.8376 226.7351 1.4664 1.6292 4.0341 10.6083 2.7965 38.2859 -0.0148 0.8653
Car -1 -1 -1.5754 564.7712 173.7773 587.4661 199.8160 2.1535 1.8819 4.8068 -2.9601 2.2367 62.2926 -1.6229 -0.1723
Car -1 -1 1.3378 861.9775 202.0373 930.6489 247.1598 1.4740 1.6159 3.9743 11.1050 2.7049 28.3397 1.7112 -0.8750
Car -1 -1 -0.7121 639.8815 186.6664 706.9719 212.2794 1.4861 1.6443 4.1852 4.0196 2.3993 45.7922 -0.6245 -1.1203
Car -1 -1 1.1489 889.8369 201.7003 952.0434 234.4638 1.4617 1.5670 3.7068 15.9768 3.0296 37.3414 1.5532 -1.7487
Car -1 -1 2.1494 111.5986 192.0725 163.0980 212.5819 1.4799 1.5747 3.8843 -37.7187 3.0675 57.6458 1.5700 -1.8778
