Car -1 -1 -1.4515 492.8906 174.5207 552.7797 221.8589 1.5022 1.6123 3.7849 -2.9768 1.5645 24.9197 -1.5704 13.1836
Car -1 -1 -1.1102 137.1201 185.0939 333.5180 283.3965 1.3881 1.5229 3.6388 -6.2776 1.6308 12.4636 -1.5767 12.6783
Car -1 -1 1.6503 512.3078 162.5401 538.5939 183.1145 1.4746 1.6324 4.0245 -6.2888 0.7357 53.7519 1.5338 2.7708
Car -1 -1 1.6339 552.8879 170.1875 579.0004 193.4710 1.6685 1.6870 4.1289 -3.2729 1.4778 53.7693 1.5731 2.2884
Car -1 -1 1.9986 216.6101 184.9863 256.1692 203.8896 1.4810 1.5358 3.7852 -31.5215 2.5384 60.9318 1.5212 -0.2010
Car -1 -1 1.0197 956.5494 172.8909 1169.4328 258.9767 1.5554 1.6823 4.4473 9.2085 1.5566 15.2662 1.5625 -0.4145
Car -1 -1 1.2248 902.0163 172.9451 1066.6602 259.6197 1.5785 1.6831 4.3636 7.6860 1.5811 15.4073 1.6875 -0.6119
Car -1 -1 -0.5991 945.7509 182.5841 1018.3124 206.9612 1.5261 1.6375 3.9772 24.2121 2.1755 47.0711 -0.1241 -1.4169
Car -1 -1 1.2315 1120.8187 176.1950 1241.0000 344.9259 1.4855 1.6219 3.9495 7.5420 1.5355 8.5691 1.9532 -1.6711
Car -1 -1 -2.0183 948.8784 182.3781 985.0164 199.0563 1.4699 1.5747 3.7223 33.3750 2.3872 67.5941 -1.5597 -2.1779
