Car -1 -1 -1.0822 98.7348 185.0055 314.1878 291.5244 1.3926 1.5154 3.5261 -6.2793 1.6182 11.6026 -1.5782 12.3511
Car -1 -1 -1.4440 494.7407 176.4248 554.5837 222.5192 1.4770 1.6208 3.7409 -2.9583 1.6118 25.2877 -1.5605 10.9695
Car -1 -1 -1.5228 556.6313 174.0426 580.3411 194.3295 1.4614 1.5919 3.9586 -3.1123 1.5543 54.1930 -1.5802 2.6892
Car -1 -1 -1.5666 598.9963 163.4032 622.3126 190.3230 2.2462 1.9456 5.4692 0.0449 1.4579 62.9408 -1.5659 2.6861
Car -1 -1 -0.1524 710.1183 176.0439 802.0791 208.9287 1.4593 1.5801 3.9325 6.5998 1.6097 33.0635 0.0446 2.4501
Car -1 -1 1.8526 507.7167 162.0402 544.0350 183.1541 1.4747 1.5818 3.9771 -6.1015 0.7198 52.4866 1.7369 1.5142
Car -1 -1 1.2623 811.1596 176.3154 858.6722 202.0650 1.5741 1.6723 4.4365 14.5255 1.8103 46.9292 1.5625 0.2999
Car -1 -1 -2.1835 467.6139 169.2150 522.1368 194.1359 1.5796 1.6264 3.8675 -7.6703 1.3493 47.6843 -2.3430 -0.3296
Car -1 -1 -1.8850 748.5426 162.5500 777.4816 178.3367 1.4861 1.6119 3.9047 14.7793 0.5165 69.9463 -1.6768 -0.4165
Car -1 -1 2.1677 921.7470 183.2124 983.6338 209.1439 1.4960 1.6064 3.7853 21.1592 2.1603 44.5929 2.6107 -1.1246
Car -1 -1 1.0398 1018.4817 175.7107 1241.0000 273.9344 1.5328 1.6258 3.9990 9.3748 1.5945 13.4336 1.6491 -1.5751
