Car -1 -1 -1.0560 46.1723 185.6152 299.8585 306.5760 1.4329 1.5764 3.7315 -6.2750 1.6577 10.8145 -1.5818 13.4758
Car -1 -1 -1.4620 495.9481 174.6766 553.9086 223.4806 1.5926 1.6327 3.8584 -2.9878 1.6626 25.6223 -1.5781 9.6074
Car -1 -1 -1.5294 557.0237 175.2414 580.2796 195.4224 1.4481 1.5904 3.6996 -3.0957 1.6335 54.0730 -1.5866 2.9747
Car -1 -1 1.3987 704.2151 175.5208 755.7560 212.5201 1.5531 1.6218 3.9905 5.3068 1.6812 32.5766 1.5602 -0.5008
Car -1 -1 1.1221 1055.1244 192.0663 1147.7011 233.2497 1.4691 1.6004 3.9053 20.0524 2.3147 29.6942 1.7161 -1.0668
Car -1 -1 0.8287 1038.4402 176.2968 1241.0000 290.7811 1.5227 1.7012 4.6816 9.5317 1.5924 12.1372 1.4944 -1.2902
Car -1 -1 0.8646 1171.5555 192.0800 1241.0000 218.5477 1.4943 1.6111 3.9337 37.8027 2.7620 45.5839 1.5570 -1.7638
Car -1 -1 -2.1414 861.8657 165.8465 912.2586 186.5801 1.4946 1.6290 3.9855 20.6963 0.9898 54.1277 -1.7762 -1.7971
Car -1 -1 -1.5992 597.5784 165.7261 621.5188 193.5015 2.3219 1.9328 5.2155 -0.1035 1.7264 62.9490 -1.6009 -1.8231
Car -1 -1 0.8852 1173.3657 172.0126 1241.0000 343.7483 1.5469 1.6477 4.1186 8.9426 1.5396 8.6378 1.6880 -1.9839
Car -1 -1 -1.9149 820.5544 180.7595 868.2449 206.4619 1.4823 1.6081 3.8262 14.4397 1.9940 44.7382 -1.6027 -2.1448
