Car -1 -1 -1.2725 298.0749 186.6365 460.6164 291.5420 1.4599 1.5854 3.8132 -3.8173 1.7345 12.4467 -1.5701 14.6089
Car -1 -1 1.9944 209.2913 181.6266 301.5955 229.2350 1.6182 1.6521 3.9362 -13.3067 1.9741 27.2483 1.5401 12.7145
Car -1 -1 -1.4259 461.4942 181.4796 502.7123 211.7791 1.4623 1.6042 3.7336 -6.6811 1.9370 37.7860 -1.6009 9.9287
Car -1 -1 -1.5786 554.8365 179.0618 581.5127 203.4687 1.4617 1.6342 3.8515 -2.7265 1.8765 46.1906 -1.6375 6.5836
Car -1 -1 1.9472 279.4529 184.1969 338.3315 213.5118 1.4663 1.6217 4.0248 -16.5139 2.1223 39.6820 1.5529 2.9186
Car -1 -1 -1.5877 575.0839 167.1919 599.1915 194.7601 2.2670 1.9726 5.5696 -2.0372 1.8018 62.1616 -1.6205 2.7719
Car -1 -1 1.0136 955.6535 177.5406 1051.5039 217.8973 1.4785 1.5856 3.7886 15.5582 1.6787 28.8214 1.5086 0.2393
Car -1 -1 0.8538 788.9853 182.1128 856.4208 209.8757 1.4884 1.6059 3.9060 12.3386 2.0573 42.1960 1.1383 -1.1265
Car -1 -1 2.1923 36.0098 189.2046 111.2291 217.3555 1.4769 1.5835 3.8261 -31.1700 2.4731 42.0161 1.5540 -1.1531
Car -1 -1 -2.3995 784.9273 189.0910 868.3479 223.1464 1.4948 1.6093 3.8855 10.6187 2.3461 35.7320 -2.1106 -1.5660
Car -1 -1 1.6587 536.6964 185.9748 561.4593 207.1109 1.4636 1.5322 3.7326 -4.5671 2.4827 54.1500 1.5745 -1.8855
